-0.300000,9.986620
-0.299670,9.986620
-0.299340,9.986620
-0.299010,9.986620
-0.298680,9.986620
-0.298350,9.986620
-0.298020,9.986620
-0.297690,9.986620
-0.297360,9.986620
-0.297030,9.986620
-0.296700,9.986620
-0.296370,9.986620
-0.296040,9.986620
-0.295710,9.986620
-0.295380,9.986620
-0.295050,9.986620
-0.294719,9.986620
-0.294389,9.986620
-0.294059,9.986620
-0.293729,9.986620
-0.293399,9.986620
-0.293069,9.986620
-0.292739,9.986620
-0.292409,9.986620
-0.292079,9.986620
-0.291749,9.986620
-0.291419,9.986620
-0.291089,9.986620
-0.290759,9.986620
-0.290429,9.986620
-0.290099,9.986620
-0.289769,9.986620
-0.289439,9.986620
-0.289109,9.986620
-0.288779,9.986620
-0.288449,9.986620
-0.288119,9.986620
-0.287789,9.986620
-0.287459,9.986620
-0.287129,9.986620
-0.286799,9.986620
-0.286469,9.986620
-0.286139,9.986620
-0.285809,9.986620
-0.285479,9.986620
-0.285149,9.986620
-0.284818,9.986620
-0.284488,9.986620
-0.284158,9.986620
-0.283828,9.986620
-0.283498,9.986620
-0.283168,9.986620
-0.282838,9.986620
-0.282508,9.986620
-0.282178,9.986620
-0.281848,9.986620
-0.281518,9.986620
-0.281188,9.986620
-0.280858,9.986620
-0.280528,9.986620
-0.280198,9.986620
-0.279868,9.986620
-0.279538,9.986620
-0.279208,9.986620
-0.278878,9.986620
-0.278548,9.986620
-0.278218,9.986620
-0.277888,9.986620
-0.277558,9.986620
-0.277228,9.986620
-0.276898,9.986620
-0.276568,9.986620
-0.276238,9.986620
-0.275908,9.986620
-0.275578,9.986620
-0.275248,9.986620
-0.274917,9.986620
-0.274587,9.986620
-0.274257,9.986620
-0.273927,9.986620
-0.273597,9.986620
-0.273267,9.986620
-0.272937,9.986620
-0.272607,9.986620
-0.272277,9.986620
-0.271947,9.986620
-0.271617,9.986620
-0.271287,9.986620
-0.270957,9.986620
-0.270627,9.986620
-0.270297,9.986620
-0.269967,9.986620
-0.269637,9.986620
-0.269307,9.986620
-0.268977,9.986620
-0.268647,9.986620
-0.268317,9.986620
-0.267987,9.986620
-0.267657,9.986620
-0.267327,9.986620
-0.266997,9.986620
-0.266667,9.986620
-0.266337,9.986620
-0.266007,9.986620
-0.265677,9.986620
-0.265347,9.986620
-0.265017,9.986620
-0.264686,9.986620
-0.264356,9.986620
-0.264026,9.986620
-0.263696,9.986620
-0.263366,9.986620
-0.263036,9.986620
-0.262706,9.986620
-0.262376,9.986620
-0.262046,9.986620
-0.261716,9.986620
-0.261386,9.986620
-0.261056,9.986620
-0.260726,9.986620
-0.260396,9.986620
-0.260066,9.986620
-0.259736,9.986620
-0.259406,9.986620
-0.259076,9.986620
-0.258746,9.986620
-0.258416,9.986620
-0.258086,9.986620
-0.257756,9.986620
-0.257426,9.986620
-0.257096,9.986620
-0.256766,9.986620
-0.256436,9.986620
-0.256106,9.986620
-0.255776,9.986620
-0.255446,9.986620
-0.255116,9.986620
-0.254785,9.986620
-0.254455,9.986620
-0.254125,9.986620
-0.253795,9.986620
-0.253465,9.986620
-0.253135,9.986620
-0.252805,9.986620
-0.252475,9.986620
-0.252145,9.986620
-0.251815,9.986620
-0.251485,9.986620
-0.251155,9.986620
-0.250825,9.986620
-0.250495,9.986620
-0.250165,9.986620
-0.249835,9.986620
-0.249505,9.986620
-0.249175,9.986620
-0.248845,9.986620
-0.248515,9.986620
-0.248185,9.986620
-0.247855,9.986620
-0.247525,9.986620
-0.247195,9.986620
-0.246865,9.986620
-0.246535,9.986620
-0.246205,9.986620
-0.245875,9.986620
-0.245545,9.986620
-0.245215,9.986620
-0.244884,9.986620
-0.244554,9.986620
-0.244224,9.986620
-0.243894,9.986620
-0.243564,9.986620
-0.243234,9.986620
-0.242904,9.986620
-0.242574,9.986620
-0.242244,9.986620
-0.241914,9.986620
-0.241584,9.986620
-0.241254,9.986620
-0.240924,9.986620
-0.240594,9.986620
-0.240264,9.986620
-0.239934,9.986620
-0.239604,9.986620
-0.239274,9.986620
-0.238944,9.986620
-0.238614,9.986620
-0.238284,9.986620
-0.237954,9.986620
-0.237624,9.986620
-0.237294,9.986620
-0.236964,9.986620
-0.236634,9.986620
-0.236304,9.986620
-0.235974,9.986620
-0.235644,9.986620
-0.235314,9.986620
-0.234983,9.986620
-0.234653,9.986620
-0.234323,9.986620
-0.233993,9.986620
-0.233663,9.986620
-0.233333,9.986620
-0.233003,9.986620
-0.232673,9.986620
-0.232343,9.986620
-0.232013,9.986620
-0.231683,9.986620
-0.231353,9.986620
-0.231023,9.986620
-0.230693,9.986620
-0.230363,9.986620
-0.230033,9.986620
-0.229703,9.986620
-0.229373,9.986620
-0.229043,9.986620
-0.228713,9.986620
-0.228383,9.986620
-0.228053,9.986620
-0.227723,9.986620
-0.227393,9.986620
-0.227063,9.986620
-0.226733,9.986620
-0.226403,9.986620
-0.226073,9.986620
-0.225743,9.986620
-0.225413,9.986620
-0.225083,9.986620
-0.224752,9.986620
-0.224422,9.986620
-0.224092,9.986620
-0.223762,9.986620
-0.223432,9.986620
-0.223102,9.986620
-0.222772,9.986620
-0.222442,9.986620
-0.222112,9.986620
-0.221782,9.986620
-0.221452,9.986620
-0.221122,9.986620
-0.220792,9.986620
-0.220462,9.986620
-0.220132,9.986620
-0.219802,9.986620
-0.219472,9.986620
-0.219142,9.986620
-0.218812,9.986620
-0.218482,9.986620
-0.218152,9.986620
-0.217822,9.986620
-0.217492,9.986620
-0.217162,9.986620
-0.216832,9.986620
-0.216502,9.986620
-0.216172,9.986620
-0.215842,9.986620
-0.215512,9.986620
-0.215182,9.986620
-0.214851,9.986620
-0.214521,9.986620
-0.214191,9.986620
-0.213861,9.986620
-0.213531,9.986620
-0.213201,9.986620
-0.212871,9.986620
-0.212541,9.986620
-0.212211,9.986620
-0.211881,9.986620
-0.211551,9.986620
-0.211221,9.986620
-0.210891,9.986620
-0.210561,9.986620
-0.210231,9.986620
-0.209901,9.986620
-0.209571,9.986620
-0.209241,9.986620
-0.208911,9.986620
-0.208581,9.986620
-0.208251,9.986620
-0.207921,9.986620
-0.207591,9.986620
-0.207261,9.986620
-0.206931,9.986620
-0.206601,9.986620
-0.206271,9.986620
-0.205941,9.986620
-0.205611,9.986620
-0.205281,9.986620
-0.204950,9.986620
-0.204620,9.986620
-0.204290,9.986620
-0.203960,9.986620
-0.203630,9.986620
-0.203300,9.986620
-0.202970,9.986620
-0.202640,9.986620
-0.202310,9.986620
-0.201980,9.986620
-0.201650,9.986620
-0.201320,9.986620
-0.200990,9.986620
-0.200660,9.986620
-0.200330,9.986620
-0.200000,9.986620
-0.199670,9.986620
-0.199340,9.986620
-0.199010,9.986620
-0.198680,9.986620
-0.198350,9.986620
-0.198020,9.986620
-0.197690,9.986620
-0.197360,9.986620
-0.197030,9.986620
-0.196700,9.986620
-0.196370,9.986620
-0.196040,9.986620
-0.195710,9.986620
-0.195380,9.986620
-0.195050,9.986620
-0.194719,9.986620
-0.194389,9.986620
-0.194059,9.986620
-0.193729,9.986620
-0.193399,9.986620
-0.193069,9.986620
-0.192739,9.986620
-0.192409,9.986620
-0.192079,9.986620
-0.191749,9.986620
-0.191419,9.986620
-0.191089,9.986620
-0.190759,9.986620
-0.190429,9.986620
-0.190099,9.986620
-0.189769,9.986620
-0.189439,9.986620
-0.189109,9.986620
-0.188779,9.986620
-0.188449,9.986620
-0.188119,9.986620
-0.187789,9.986620
-0.187459,9.986620
-0.187129,9.986620
-0.186799,9.986620
-0.186469,9.986620
-0.186139,9.986620
-0.185809,9.986620
-0.185479,9.986620
-0.185149,9.986620
-0.184818,9.986620
-0.184488,9.986620
-0.184158,9.986620
-0.183828,9.986620
-0.183498,9.986620
-0.183168,9.986620
-0.182838,9.986620
-0.182508,9.986620
-0.182178,9.986620
-0.181848,9.986620
-0.181518,9.986620
-0.181188,9.986620
-0.180858,9.986620
-0.180528,9.986620
-0.180198,9.986620
-0.179868,9.986620
-0.179538,9.986620
-0.179208,9.986620
-0.178878,9.986620
-0.178548,9.986620
-0.178218,9.986620
-0.177888,9.986620
-0.177558,9.986620
-0.177228,9.986620
-0.176898,9.986620
-0.176568,9.986620
-0.176238,9.986620
-0.175908,9.986620
-0.175578,9.986620
-0.175248,9.986620
-0.174917,9.986620
-0.174587,9.986620
-0.174257,9.986620
-0.173927,9.986620
-0.173597,9.986620
-0.173267,9.986620
-0.172937,9.986620
-0.172607,9.986620
-0.172277,9.986620
-0.171947,9.986620
-0.171617,9.986620
-0.171287,9.986620
-0.170957,9.986620
-0.170627,9.986620
-0.170297,9.986620
-0.169967,9.986620
-0.169637,9.986620
-0.169307,9.986620
-0.168977,9.986620
-0.168647,9.986620
-0.168317,9.986620
-0.167987,9.986620
-0.167657,9.986620
-0.167327,9.986620
-0.166997,9.986620
-0.166667,9.986620
-0.166337,9.986620
-0.166007,9.986620
-0.165677,9.986620
-0.165347,9.986620
-0.165017,9.986620
-0.164686,9.986620
-0.164356,9.986620
-0.164026,9.986620
-0.163696,9.986620
-0.163366,9.986620
-0.163036,9.986620
-0.162706,9.986620
-0.162376,9.986620
-0.162046,9.986620
-0.161716,9.986620
-0.161386,9.986620
-0.161056,9.986620
-0.160726,9.986620
-0.160396,9.986620
-0.160066,9.986620
-0.159736,9.986620
-0.159406,9.986620
-0.159076,9.986620
-0.158746,9.986620
-0.158416,9.986620
-0.158086,9.986620
-0.157756,9.986620
-0.157426,9.986620
-0.157096,9.986620
-0.156766,9.986620
-0.156436,9.986620
-0.156106,9.986620
-0.155776,9.986620
-0.155446,9.986620
-0.155116,9.986620
-0.154785,9.986620
-0.154455,9.986620
-0.154125,9.986620
-0.153795,9.986620
-0.153465,9.986620
-0.153135,9.986620
-0.152805,9.986620
-0.152475,9.986620
-0.152145,9.986620
-0.151815,9.986620
-0.151485,9.986620
-0.151155,9.986620
-0.150825,9.986620
-0.150495,9.986620
-0.150165,9.986620
-0.149835,9.986620
-0.149505,9.986620
-0.149175,9.986620
-0.148845,9.986620
-0.148515,9.986620
-0.148185,9.986620
-0.147855,9.986620
-0.147525,9.986620
-0.147195,9.986620
-0.146865,9.986620
-0.146535,9.986620
-0.146205,9.986620
-0.145875,9.986620
-0.145545,9.986620
-0.145215,9.986620
-0.144884,9.986620
-0.144554,9.986620
-0.144224,9.986620
-0.143894,9.986620
-0.143564,9.986620
-0.143234,9.986620
-0.142904,9.986620
-0.142574,9.986620
-0.142244,9.986620
-0.141914,9.986620
-0.141584,9.986620
-0.141254,9.986620
-0.140924,9.986620
-0.140594,9.986620
-0.140264,9.986620
-0.139934,9.986620
-0.139604,9.986620
-0.139274,9.986620
-0.138944,9.986620
-0.138614,9.986620
-0.138284,9.986620
-0.137954,9.986620
-0.137624,9.986620
-0.137294,9.986620
-0.136964,9.986620
-0.136634,9.986620
-0.136304,9.986620
-0.135974,9.986620
-0.135644,9.986620
-0.135314,9.986620
-0.134983,9.986620
-0.134653,9.986620
-0.134323,9.986620
-0.133993,9.986620
-0.133663,9.986620
-0.133333,9.986620
-0.133003,9.986620
-0.132673,9.986620
-0.132343,9.986620
-0.132013,9.986620
-0.131683,9.986620
-0.131353,9.986620
-0.131023,9.986620
-0.130693,9.986620
-0.130363,9.986620
-0.130033,9.986620
-0.129703,9.986620
-0.129373,9.986620
-0.129043,9.986620
-0.128713,9.986620
-0.128383,9.986620
-0.128053,9.986620
-0.127723,9.986620
-0.127393,9.986620
-0.127063,9.986620
-0.126733,9.986620
-0.126403,9.986620
-0.126073,9.986620
-0.125743,9.986620
-0.125413,9.986620
-0.125083,9.986620
-0.124752,9.986620
-0.124422,9.986620
-0.124092,9.986620
-0.123762,9.986620
-0.123432,9.986620
-0.123102,9.986620
-0.122772,9.986620
-0.122442,9.986620
-0.122112,9.986620
-0.121782,9.986620
-0.121452,9.986620
-0.121122,9.986620
-0.120792,9.986620
-0.120462,9.986620
-0.120132,9.986620
-0.119802,9.986620
-0.119472,9.986620
-0.119142,9.986620
-0.118812,9.986620
-0.118482,9.986620
-0.118152,9.986620
-0.117822,9.986620
-0.117492,9.986620
-0.117162,9.986620
-0.116832,9.986620
-0.116502,9.986620
-0.116172,9.986620
-0.115842,9.986620
-0.115512,9.986620
-0.115182,9.986620
-0.114851,9.986620
-0.114521,9.986620
-0.114191,9.986620
-0.113861,9.986620
-0.113531,9.986620
-0.113201,9.986620
-0.112871,9.986620
-0.112541,9.986620
-0.112211,9.986620
-0.111881,9.986620
-0.111551,9.986620
-0.111221,9.986620
-0.110891,9.986620
-0.110561,9.986620
-0.110231,9.986620
-0.109901,9.986620
-0.109571,9.986620
-0.109241,9.986620
-0.108911,9.986620
-0.108581,9.986620
-0.108251,9.986620
-0.107921,9.986620
-0.107591,9.986620
-0.107261,9.986620
-0.106931,9.986620
-0.106601,9.986620
-0.106271,9.986620
-0.105941,9.986620
-0.105611,9.986620
-0.105281,9.986620
-0.104950,9.986620
-0.104620,9.986620
-0.104290,9.986620
-0.103960,9.986620
-0.103630,9.986620
-0.103300,9.986620
-0.102970,9.986620
-0.102640,9.986620
-0.102310,9.986620
-0.101980,9.986620
-0.101650,9.986620
-0.101320,9.986620
-0.100990,9.986620
-0.100660,9.986620
-0.100330,9.986620
-0.100000,9.986620
-0.099670,9.986620
-0.099340,9.986620
-0.099010,9.986620
-0.098680,9.986620
-0.098350,9.986620
-0.098020,9.986620
-0.097690,9.986620
-0.097360,9.986620
-0.097030,9.986620
-0.096700,9.986620
-0.096370,9.986620
-0.096040,9.986620
-0.095710,9.986620
-0.095380,9.986620
-0.095050,9.986620
-0.094719,9.986620
-0.094389,9.986620
-0.094059,9.986620
-0.093729,9.986620
-0.093399,9.986620
-0.093069,9.986620
-0.092739,9.986620
-0.092409,9.986620
-0.092079,9.986620
-0.091749,9.986620
-0.091419,9.986620
-0.091089,9.986620
-0.090759,9.986620
-0.090429,9.986620
-0.090099,9.986620
-0.089769,9.986620
-0.089439,9.986620
-0.089109,9.986620
-0.088779,9.986620
-0.088449,9.986620
-0.088119,9.986620
-0.087789,9.986620
-0.087459,9.986620
-0.087129,9.986620
-0.086799,9.986620
-0.086469,9.986620
-0.086139,9.986620
-0.085809,9.986620
-0.085479,9.986620
-0.085149,9.986620
-0.084818,9.986620
-0.084488,9.986620
-0.084158,9.986620
-0.083828,9.986620
-0.083498,9.986620
-0.083168,9.986620
-0.082838,9.986620
-0.082508,9.986620
-0.082178,9.986620
-0.081848,9.986620
-0.081518,9.986620
-0.081188,9.986620
-0.080858,9.986620
-0.080528,9.986620
-0.080198,9.986620
-0.079868,9.986620
-0.079538,9.986620
-0.079208,9.986620
-0.078878,9.986620
-0.078548,9.986620
-0.078218,9.986620
-0.077888,9.986620
-0.077558,9.986620
-0.077228,9.986620
-0.076898,9.986620
-0.076568,9.986620
-0.076238,9.986620
-0.075908,9.986620
-0.075578,9.986620
-0.075248,9.986620
-0.074917,9.986620
-0.074587,9.986620
-0.074257,9.986620
-0.073927,9.986620
-0.073597,9.986620
-0.073267,9.986620
-0.072937,9.986620
-0.072607,9.986620
-0.072277,9.986620
-0.071947,9.986620
-0.071617,9.986620
-0.071287,9.986620
-0.070957,9.986620
-0.070627,9.986620
-0.070297,9.986620
-0.069967,9.986620
-0.069637,9.986620
-0.069307,9.986620
-0.068977,9.986620
-0.068647,9.986620
-0.068317,9.986620
-0.067987,9.986620
-0.067657,9.986620
-0.067327,9.986620
-0.066997,9.986620
-0.066667,9.986620
-0.066337,9.986620
-0.066007,9.986620
-0.065677,9.986620
-0.065347,9.986620
-0.065017,9.986620
-0.064686,9.986620
-0.064356,9.986620
-0.064026,9.986620
-0.063696,9.986620
-0.063366,9.986620
-0.063036,9.986620
-0.062706,9.986620
-0.062376,9.986620
-0.062046,9.986620
-0.061716,9.986620
-0.061386,9.986620
-0.061056,9.986620
-0.060726,9.986620
-0.060396,9.986620
-0.060066,9.986620
-0.059736,9.986620
-0.059406,9.986620
-0.059076,9.986620
-0.058746,9.986620
-0.058416,9.986620
-0.058086,9.986620
-0.057756,9.986620
-0.057426,9.986620
-0.057096,9.986620
-0.056766,9.986620
-0.056436,9.986620
-0.056106,9.986620
-0.055776,9.986620
-0.055446,9.986620
-0.055116,9.986620
-0.054785,9.986620
-0.054455,9.986620
-0.054125,9.986620
-0.053795,9.986620
-0.053465,9.986620
-0.053135,9.986620
-0.052805,9.986620
-0.052475,9.986620
-0.052145,9.986620
-0.051815,9.986620
-0.051485,9.986620
-0.051155,9.986620
-0.050825,9.986620
-0.050495,9.986620
-0.050165,9.986620
-0.049835,9.986620
-0.049505,9.986620
-0.049175,9.986620
-0.048845,9.986620
-0.048515,9.986620
-0.048185,9.986620
-0.047855,9.986620
-0.047525,9.986620
-0.047195,9.986620
-0.046865,9.986620
-0.046535,9.986620
-0.046205,9.986620
-0.045875,9.986620
-0.045545,9.986620
-0.045215,9.986620
-0.044884,9.986620
-0.044554,9.986620
-0.044224,9.986620
-0.043894,9.986620
-0.043564,9.986620
-0.043234,9.986620
-0.042904,9.986620
-0.042574,9.986620
-0.042244,9.986620
-0.041914,9.986620
-0.041584,9.986620
-0.041254,9.986620
-0.040924,9.986620
-0.040594,9.986620
-0.040264,9.986620
-0.039934,9.986620
-0.039604,9.986620
-0.039274,9.986620
-0.038944,9.986620
-0.038614,9.986620
-0.038284,9.986620
-0.037954,9.986620
-0.037624,9.986620
-0.037294,9.986620
-0.036964,9.986620
-0.036634,9.986620
-0.036304,9.986620
-0.035974,9.986620
-0.035644,9.986620
-0.035314,9.986620
-0.034983,9.986620
-0.034653,9.986620
-0.034323,9.986620
-0.033993,9.986620
-0.033663,9.986620
-0.033333,9.986620
-0.033003,9.986620
-0.032673,9.986620
-0.032343,9.986620
-0.032013,9.986620
-0.031683,9.986620
-0.031353,9.986620
-0.031023,9.986620
-0.030693,9.986620
-0.030363,9.986620
-0.030033,9.986620
-0.029703,9.986620
-0.029373,9.986620
-0.029043,9.986620
-0.028713,9.986620
-0.028383,9.986620
-0.028053,9.986620
-0.027723,9.986620
-0.027393,9.986620
-0.027063,9.986620
-0.026733,9.986620
-0.026403,9.986620
-0.026073,9.986620
-0.025743,9.986620
-0.025413,9.986620
-0.025083,9.986620
-0.024752,9.986620
-0.024422,9.986620
-0.024092,9.986620
-0.023762,9.986620
-0.023432,9.986620
-0.023102,9.986620
-0.022772,9.986620
-0.022442,9.986620
-0.022112,9.986620
-0.021782,9.986620
-0.021452,9.986620
-0.021122,9.986620
-0.020792,9.986620
-0.020462,9.986620
-0.020132,9.986620
-0.019802,9.986620
-0.019472,9.986620
-0.019142,9.986620
-0.018812,9.986620
-0.018482,9.986620
-0.018152,9.986620
-0.017822,9.986620
-0.017492,9.986620
-0.017162,9.986620
-0.016832,9.986620
-0.016502,9.986620
-0.016172,9.986620
-0.015842,9.986620
-0.015512,9.986620
-0.015182,9.986620
-0.014851,9.986620
-0.014521,9.986620
-0.014191,9.986620
-0.013861,9.986620
-0.013531,9.986620
-0.013201,9.986620
-0.012871,9.986620
-0.012541,9.986620
-0.012211,9.986620
-0.011881,9.986620
-0.011551,9.986620
-0.011221,9.986620
-0.010891,9.986620
-0.010561,9.986620
-0.010231,9.986620
-0.009901,9.986620
-0.009571,9.986620
-0.009241,9.986620
-0.008911,9.986620
-0.008581,9.986620
-0.008251,9.986620
-0.007921,9.986620
-0.007591,9.986620
-0.007261,9.986620
-0.006931,9.986620
-0.006601,9.986620
-0.006271,9.986620
-0.005941,9.986620
-0.005611,9.986620
-0.005281,9.986620
-0.004950,9.986620
-0.004620,9.986620
-0.004290,9.986620
-0.003960,9.986620
-0.003630,9.986620
-0.003300,9.986620
-0.002970,9.986620
-0.002640,9.986620
-0.002310,9.986620
-0.001980,9.986620
-0.001650,9.986620
-0.001320,9.986620
-0.000990,9.986620
-0.000660,9.986620
-0.000330,9.986620
0.000000,9.986620
0.000330,9.986620
0.000660,9.986620
0.000990,9.986620
0.001320,9.986620
0.001650,9.986620
0.001980,9.986620
0.002310,9.986620
0.002640,9.986620
0.002970,9.986620
0.003300,9.986620
0.003630,9.986620
0.003960,9.986620
0.004290,9.986620
0.004620,9.986620
0.004950,9.986620
0.005281,9.986620
0.005611,9.986620
0.005941,9.986620
0.006271,9.986620
0.006601,9.986620
0.006931,9.986620
0.007261,9.986620
0.007591,9.986620
0.007921,9.986620
0.008251,9.986620
0.008581,9.986620
0.008911,9.986620
0.009241,9.986620
0.009571,9.986620
0.009901,9.986620
0.010231,9.986620
0.010561,9.986620
0.010891,9.986620
0.011221,9.986620
0.011551,9.986620
0.011881,9.986620
0.012211,9.986620
0.012541,9.986620
0.012871,9.986620
0.013201,9.986620
0.013531,9.986620
0.013861,9.986620
0.014191,9.986620
0.014521,9.986620
0.014851,9.986620
0.015182,9.986620
0.015512,9.986620
0.015842,9.986620
0.016172,9.986620
0.016502,9.986620
0.016832,9.986620
0.017162,9.986620
0.017492,9.986620
0.017822,9.986620
0.018152,9.986620
0.018482,9.986620
0.018812,9.986620
0.019142,9.986620
0.019472,9.986620
0.019802,9.986620
0.020132,9.986620
0.020462,9.986620
0.020792,9.986620
0.021122,9.986620
0.021452,9.986620
0.021782,9.986620
0.022112,9.986620
0.022442,9.986620
0.022772,9.986620
0.023102,9.986620
0.023432,9.986620
0.023762,9.986620
0.024092,9.986620
0.024422,9.986620
0.024752,9.986620
0.025083,9.986620
0.025413,9.986620
0.025743,9.986620
0.026073,9.986620
0.026403,9.986620
0.026733,9.986620
0.027063,9.986620
0.027393,9.986620
0.027723,9.986620
0.028053,9.986620
0.028383,9.986620
0.028713,9.986620
0.029043,9.986620
0.029373,9.986620
0.029703,9.986620
0.030033,9.986620
0.030363,9.986620
0.030693,9.986620
0.031023,9.986620
0.031353,9.986620
0.031683,9.986620
0.032013,9.986620
0.032343,9.986620
0.032673,9.986620
0.033003,9.986620
0.033333,9.986620
0.033663,9.986620
0.033993,9.986620
0.034323,9.986620
0.034653,9.986620
0.034983,9.986620
0.035314,9.986620
0.035644,9.986620
0.035974,9.986620
0.036304,9.986620
0.036634,9.986620
0.036964,9.986620
0.037294,9.986620
0.037624,9.986620
0.037954,9.986620
0.038284,9.986620
0.038614,9.986620
0.038944,9.986620
0.039274,9.986620
0.039604,9.986620
0.039934,9.986620
0.040264,9.986620
0.040594,9.986620
0.040924,9.986620
0.041254,9.986620
0.041584,9.986620
0.041914,9.986620
0.042244,9.986620
0.042574,9.986620
0.042904,9.986620
0.043234,9.986620
0.043564,9.986620
0.043894,9.986620
0.044224,9.986620
0.044554,9.986620
0.044884,9.986620
0.045215,9.986620
0.045545,9.986620
0.045875,9.986620
0.046205,9.986620
0.046535,9.986620
0.046865,9.986620
0.047195,9.986620
0.047525,9.986620
0.047855,9.986620
0.048185,9.986620
0.048515,9.986620
0.048845,9.986620
0.049175,9.986620
0.049505,9.986620
0.049835,9.986620
0.050165,9.986620
0.050495,9.986620
0.050825,9.986620
0.051155,9.986620
0.051485,9.986620
0.051815,9.986620
0.052145,9.986620
0.052475,9.986620
0.052805,9.986620
0.053135,9.986620
0.053465,9.986620
0.053795,9.986620
0.054125,9.986620
0.054455,9.986620
0.054785,9.986620
0.055116,9.986620
0.055446,9.986620
0.055776,9.986620
0.056106,9.986620
0.056436,9.986620
0.056766,9.986620
0.057096,9.986620
0.057426,9.986620
0.057756,9.986620
0.058086,9.986620
0.058416,9.986620
0.058746,9.986620
0.059076,9.986620
0.059406,9.986620
0.059736,9.986620
0.060066,9.986620
0.060396,9.986620
0.060726,9.986620
0.061056,9.986620
0.061386,9.986620
0.061716,9.986620
0.062046,9.986620
0.062376,9.986620
0.062706,9.986620
0.063036,9.986620
0.063366,9.986620
0.063696,9.986620
0.064026,9.986620
0.064356,9.986620
0.064686,9.986620
0.065017,9.986620
0.065347,9.986620
0.065677,9.986620
0.066007,9.986620
0.066337,9.986620
0.066667,9.986620
0.066997,9.986620
0.067327,9.986620
0.067657,9.986620
0.067987,9.986620
0.068317,9.986620
0.068647,9.986620
0.068977,9.986620
0.069307,9.986620
0.069637,9.986620
0.069967,9.986620
0.070297,9.986620
0.070627,9.986620
0.070957,9.986620
0.071287,9.986620
0.071617,9.986620
0.071947,9.986620
0.072277,9.986620
0.072607,9.986620
0.072937,9.986620
0.073267,9.986620
0.073597,9.986620
0.073927,9.986620
0.074257,9.986620
0.074587,9.986620
0.074917,9.986620
0.075248,9.986620
0.075578,9.986620
0.075908,9.986620
0.076238,9.986620
0.076568,9.986620
0.076898,9.986620
0.077228,9.986620
0.077558,9.986620
0.077888,9.986620
0.078218,9.986620
0.078548,9.986620
0.078878,9.986620
0.079208,9.986620
0.079538,9.986620
0.079868,9.986620
0.080198,9.986620
0.080528,9.986620
0.080858,9.986620
0.081188,9.986620
0.081518,9.986620
0.081848,9.986620
0.082178,9.986620
0.082508,9.986620
0.082838,9.986620
0.083168,9.986620
0.083498,9.986620
0.083828,9.986620
0.084158,9.986620
0.084488,9.986620
0.084818,9.986620
0.085149,9.986620
0.085479,9.986620
0.085809,9.986620
0.086139,9.986620
0.086469,9.986620
0.086799,9.986620
0.087129,9.986620
0.087459,9.986620
0.087789,9.986620
0.088119,9.986620
0.088449,9.986620
0.088779,9.986620
0.089109,9.986620
0.089439,9.986620
0.089769,9.986620
0.090099,9.986620
0.090429,9.986620
0.090759,9.986620
0.091089,9.986620
0.091419,9.986620
0.091749,9.986620
0.092079,9.986620
0.092409,9.986620
0.092739,9.986620
0.093069,9.986620
0.093399,9.986620
0.093729,9.986620
0.094059,9.986620
0.094389,9.986620
0.094719,9.986620
0.095050,9.986620
0.095380,9.986620
0.095710,9.986620
0.096040,9.986620
0.096370,9.986620
0.096700,9.986620
0.097030,9.986620
0.097360,9.986620
0.097690,9.986620
0.098020,9.986620
0.098350,9.986620
0.098680,9.986620
0.099010,9.986620
0.099340,9.986620
0.099670,9.986620
0.100000,9.986620
0.100330,9.986620
0.100660,9.986620
0.100990,9.986620
0.101320,9.986620
0.101650,9.986620
0.101980,9.986620
0.102310,9.986620
0.102640,9.986620
0.102970,9.986620
0.103300,9.986620
0.103630,9.986620
0.103960,9.986620
0.104290,9.986620
0.104620,9.986620
0.104950,9.986620
0.105281,9.986620
0.105611,9.986620
0.105941,9.986620
0.106271,9.986620
0.106601,9.986620
0.106931,9.986620
0.107261,9.986620
0.107591,9.986620
0.107921,9.986620
0.108251,9.986620
0.108581,9.986620
0.108911,9.986620
0.109241,9.986620
0.109571,9.986620
0.109901,9.986620
0.110231,9.986620
0.110561,9.986620
0.110891,9.986620
0.111221,9.986620
0.111551,9.986620
0.111881,9.986620
0.112211,9.986620
0.112541,9.986620
0.112871,9.986620
0.113201,9.986620
0.113531,9.986620
0.113861,9.986620
0.114191,9.986620
0.114521,9.986620
0.114851,9.986620
0.115182,9.986620
0.115512,9.986620
0.115842,9.986620
0.116172,9.986620
0.116502,9.986620
0.116832,9.986620
0.117162,9.986620
0.117492,9.986620
0.117822,9.986620
0.118152,9.986620
0.118482,9.986620
0.118812,9.986620
0.119142,9.986620
0.119472,9.986620
0.119802,9.986620
0.120132,9.986620
0.120462,9.986620
0.120792,9.986620
0.121122,9.986620
0.121452,9.986620
0.121782,9.986620
0.122112,9.986620
0.122442,9.986620
0.122772,9.986620
0.123102,9.986620
0.123432,9.986620
0.123762,9.986620
0.124092,9.986620
0.124422,9.986620
0.124752,9.986620
0.125083,9.986620
0.125413,9.986620
0.125743,9.986620
0.126073,9.986620
0.126403,9.986620
0.126733,9.986620
0.127063,9.986620
0.127393,9.986620
0.127723,9.986620
0.128053,9.986620
0.128383,9.986620
0.128713,9.986620
0.129043,9.986620
0.129373,9.986620
0.129703,9.986620
0.130033,9.986620
0.130363,9.986620
0.130693,9.986620
0.131023,9.986620
0.131353,9.986620
0.131683,9.986620
0.132013,9.986620
0.132343,9.986620
0.132673,9.986620
0.133003,9.986620
0.133333,9.986620
0.133663,9.986620
0.133993,9.986620
0.134323,9.986620
0.134653,9.986620
0.134983,9.986620
0.135314,9.986620
0.135644,9.986620
0.135974,9.986620
0.136304,9.986620
0.136634,9.986620
0.136964,9.986620
0.137294,9.986620
0.137624,9.986620
0.137954,9.986620
0.138284,9.986620
0.138614,9.986620
0.138944,9.986620
0.139274,9.986620
0.139604,9.986620
0.139934,9.986620
0.140264,9.986620
0.140594,9.986620
0.140924,9.986620
0.141254,9.986620
0.141584,9.986620
0.141914,9.986620
0.142244,9.986620
0.142574,9.986620
0.142904,9.986620
0.143234,9.986620
0.143564,9.986620
0.143894,9.986620
0.144224,9.986620
0.144554,9.986620
0.144884,9.986620
0.145215,9.986620
0.145545,9.986620
0.145875,9.986620
0.146205,9.986620
0.146535,9.986620
0.146865,9.986620
0.147195,9.986620
0.147525,9.986620
0.147855,9.986620
0.148185,9.986620
0.148515,9.986620
0.148845,9.986620
0.149175,9.986620
0.149505,9.986620
0.149835,9.986620
0.150165,9.986620
0.150495,9.986620
0.150825,9.986620
0.151155,9.986620
0.151485,9.986620
0.151815,9.986620
0.152145,9.986620
0.152475,9.986620
0.152805,9.986620
0.153135,9.986620
0.153465,9.986620
0.153795,9.986620
0.154125,9.986620
0.154455,9.986620
0.154785,9.986620
0.155116,9.986620
0.155446,9.986620
0.155776,9.986620
0.156106,9.986620
0.156436,9.986620
0.156766,9.986620
0.157096,9.986620
0.157426,9.986620
0.157756,9.986620
0.158086,9.986620
0.158416,9.986620
0.158746,9.986620
0.159076,9.986620
0.159406,9.986620
0.159736,9.986620
0.160066,9.986620
0.160396,9.986620
0.160726,9.986620
0.161056,9.986620
0.161386,9.986620
0.161716,9.986620
0.162046,9.986620
0.162376,9.986620
0.162706,9.986620
0.163036,9.986620
0.163366,9.986620
0.163696,9.986620
0.164026,9.986620
0.164356,9.986620
0.164686,9.986620
0.165017,9.986620
0.165347,9.986620
0.165677,9.986620
0.166007,9.986620
0.166337,9.986620
0.166667,9.986620
0.166997,9.986620
0.167327,9.986620
0.167657,9.986620
0.167987,9.986620
0.168317,9.986620
0.168647,9.986620
0.168977,9.986620
0.169307,9.986620
0.169637,9.986620
0.169967,9.986620
0.170297,9.986620
0.170627,9.986620
0.170957,9.986620
0.171287,9.986620
0.171617,9.986620
0.171947,9.986620
0.172277,9.986620
0.172607,9.986620
0.172937,9.986620
0.173267,9.986620
0.173597,9.986620
0.173927,9.986620
0.174257,9.986620
0.174587,9.986620
0.174917,9.986620
0.175248,9.986620
0.175578,9.986620
0.175908,9.986620
0.176238,9.986620
0.176568,9.986620
0.176898,9.986620
0.177228,9.986620
0.177558,9.986620
0.177888,9.986620
0.178218,9.986620
0.178548,9.986620
0.178878,9.986620
0.179208,9.986620
0.179538,9.986620
0.179868,9.986620
0.180198,9.986620
0.180528,9.986620
0.180858,9.986620
0.181188,9.986620
0.181518,9.986620
0.181848,9.986620
0.182178,9.986620
0.182508,9.986620
0.182838,9.986620
0.183168,9.986620
0.183498,9.986620
0.183828,9.986620
0.184158,9.986620
0.184488,9.986620
0.184818,9.986620
0.185149,9.986620
0.185479,9.986620
0.185809,9.986620
0.186139,9.986620
0.186469,9.986620
0.186799,9.986620
0.187129,9.986620
0.187459,9.986620
0.187789,9.986620
0.188119,9.986620
0.188449,9.986620
0.188779,9.986620
0.189109,9.986620
0.189439,9.986620
0.189769,9.986620
0.190099,9.986620
0.190429,9.986620
0.190759,9.986620
0.191089,9.986620
0.191419,9.986620
0.191749,9.986620
0.192079,9.986620
0.192409,9.986620
0.192739,9.986620
0.193069,9.986620
0.193399,9.986620
0.193729,9.986620
0.194059,9.986620
0.194389,9.986620
0.194719,9.986620
0.195050,9.986620
0.195380,9.986620
0.195710,9.986620
0.196040,9.986620
0.196370,9.986620
0.196700,9.986620
0.197030,9.986620
0.197360,9.986620
0.197690,9.986620
0.198020,9.986620
0.198350,9.986620
0.198680,9.986620
0.199010,9.986620
0.199340,9.986620
0.199670,9.986620
0.200000,9.986620
0.200330,9.986620
0.200660,9.986620
0.200990,9.986620
0.201320,9.986620
0.201650,9.986620
0.201980,9.986620
0.202310,9.986620
0.202640,9.986620
0.202970,9.986620
0.203300,9.986620
0.203630,9.986620
0.203960,9.986620
0.204290,9.986620
0.204620,9.986620
0.204950,9.986620
0.205281,9.986620
0.205611,9.986620
0.205941,9.986620
0.206271,9.986620
0.206601,9.986620
0.206931,9.986620
0.207261,9.986620
0.207591,9.986620
0.207921,9.986620
0.208251,9.986620
0.208581,9.986620
0.208911,9.986620
0.209241,9.986620
0.209571,9.986620
0.209901,9.986620
0.210231,9.986620
0.210561,9.986620
0.210891,9.986620
0.211221,9.986620
0.211551,9.986620
0.211881,9.986620
0.212211,9.986620
0.212541,9.986620
0.212871,9.986620
0.213201,9.986620
0.213531,9.986620
0.213861,9.986620
0.214191,9.986620
0.214521,9.986620
0.214851,9.986620
0.215182,9.986620
0.215512,9.986620
0.215842,9.986620
0.216172,9.986620
0.216502,9.986620
0.216832,9.986620
0.217162,9.986620
0.217492,9.986620
0.217822,9.986620
0.218152,9.986620
0.218482,9.986620
0.218812,9.986620
0.219142,9.986620
0.219472,9.986620
0.219802,9.986620
0.220132,9.986620
0.220462,9.986620
0.220792,9.986620
0.221122,9.986620
0.221452,9.986620
0.221782,9.986620
0.222112,9.986620
0.222442,9.986620
0.222772,9.986620
0.223102,9.986620
0.223432,9.986620
0.223762,9.986620
0.224092,9.986620
0.224422,9.986620
0.224752,9.986620
0.225083,9.986620
0.225413,9.986620
0.225743,9.986620
0.226073,9.986620
0.226403,9.986620
0.226733,9.986620
0.227063,9.986620
0.227393,9.986620
0.227723,9.986620
0.228053,9.986620
0.228383,9.986620
0.228713,9.986620
0.229043,9.986620
0.229373,9.986620
0.229703,9.986620
0.230033,9.986620
0.230363,9.986620
0.230693,9.986620
0.231023,9.986620
0.231353,9.986620
0.231683,9.986620
0.232013,9.986620
0.232343,9.986620
0.232673,9.986620
0.233003,9.986620
0.233333,9.986620
0.233663,9.986620
0.233993,9.986620
0.234323,9.986620
0.234653,9.986620
0.234983,9.986620
0.235314,9.986620
0.235644,9.986620
0.235974,9.986620
0.236304,9.986620
0.236634,9.986620
0.236964,9.986620
0.237294,9.986620
0.237624,9.986620
0.237954,9.986620
0.238284,9.986620
0.238614,9.986620
0.238944,9.986620
0.239274,9.986620
0.239604,9.986620
0.239934,9.986620
0.240264,9.986620
0.240594,9.986620
0.240924,9.986620
0.241254,9.986620
0.241584,9.986620
0.241914,9.986620
0.242244,9.986620
0.242574,9.986620
0.242904,9.986620
0.243234,9.986620
0.243564,9.986620
0.243894,9.986620
0.244224,9.986620
0.244554,9.986620
0.244884,9.986620
0.245215,9.986620
0.245545,9.986620
0.245875,9.986620
0.246205,9.986620
0.246535,9.986620
0.246865,9.986620
0.247195,9.986620
0.247525,9.986620
0.247855,9.986620
0.248185,9.986620
0.248515,9.986620
0.248845,9.986620
0.249175,9.986620
0.249505,9.986620
0.249835,9.986620
0.250165,9.986620
0.250495,9.986620
0.250825,9.986620
0.251155,9.986620
0.251485,9.986620
0.251815,9.986620
0.252145,9.986620
0.252475,9.986620
0.252805,9.986620
0.253135,9.986620
0.253465,9.986620
0.253795,9.986620
0.254125,9.986620
0.254455,9.986620
0.254785,9.986620
0.255116,9.986620
0.255446,9.986620
0.255776,9.986620
0.256106,9.986620
0.256436,9.986620
0.256766,9.986620
0.257096,9.986620
0.257426,9.986620
0.257756,9.986620
0.258086,9.986620
0.258416,9.986620
0.258746,9.986620
0.259076,9.986620
0.259406,9.986620
0.259736,9.986620
0.260066,9.986620
0.260396,9.986620
0.260726,9.986620
0.261056,9.986620
0.261386,9.986620
0.261716,9.986620
0.262046,9.986620
0.262376,9.986620
0.262706,9.986620
0.263036,9.986620
0.263366,9.986620
0.263696,9.986620
0.264026,9.986620
0.264356,9.986620
0.264686,9.986620
0.265017,9.986620
0.265347,9.986620
0.265677,9.986620
0.266007,9.986620
0.266337,9.986620
0.266667,9.986620
0.266997,9.986620
0.267327,9.986620
0.267657,9.986620
0.267987,9.986620
0.268317,9.986620
0.268647,9.986620
0.268977,9.986620
0.269307,9.986620
0.269637,9.986620
0.269967,9.986620
0.270297,9.986620
0.270627,9.986620
0.270957,9.986620
0.271287,9.986620
0.271617,9.986620
0.271947,9.986620
0.272277,9.986620
0.272607,9.986620
0.272937,9.986620
0.273267,9.986620
0.273597,9.986620
0.273927,9.986620
0.274257,9.986620
0.274587,9.986620
0.274917,9.986620
0.275248,9.986620
0.275578,9.986620
0.275908,9.986620
0.276238,9.986620
0.276568,9.986620
0.276898,9.986620
0.277228,9.986620
0.277558,9.986620
0.277888,9.986620
0.278218,9.986620
0.278548,9.986620
0.278878,9.986620
0.279208,9.986620
0.279538,9.986620
0.279868,9.986620
0.280198,9.986620
0.280528,9.986620
0.280858,9.986620
0.281188,9.986620
0.281518,9.986620
0.281848,9.986620
0.282178,9.986620
0.282508,9.986620
0.282838,9.986620
0.283168,9.986620
0.283498,9.986620
0.283828,9.986620
0.284158,9.986620
0.284488,9.986620
0.284818,9.986620
0.285149,9.986620
0.285479,9.986620
0.285809,9.986620
0.286139,9.986620
0.286469,9.986620
0.286799,9.986620
0.287129,9.986620
0.287459,9.986620
0.287789,9.986620
0.288119,9.986620
0.288449,9.986620
0.288779,9.986620
0.289109,9.986620
0.289439,9.986620
0.289769,9.986620
0.290099,9.986620
0.290429,9.986620
0.290759,9.986620
0.291089,9.986620
0.291419,9.986620
0.291749,9.986620
0.292079,9.986620
0.292409,9.986620
0.292739,9.986620
0.293069,9.986620
0.293399,9.986620
0.293729,9.986620
0.294059,9.986620
0.294389,9.986620
0.294719,9.986620
0.295050,9.986620
0.295380,9.986620
0.295710,9.986620
0.296040,9.986620
0.296370,9.986620
0.296700,9.986620
0.297030,9.986620
0.297360,9.986620
0.297690,9.986620
0.298020,9.986620
0.298350,9.986620
0.298680,9.986620
0.299010,9.986620
0.299340,9.986620
0.299670,9.986620
0.300000,9.986620
0.300330,9.986620
0.300660,9.986620
0.300990,9.986620
0.301320,9.986620
0.301650,9.986620
0.301980,9.986620
0.302310,9.986620
0.302640,9.986620
0.302970,9.986620
0.303300,9.986620
0.303630,9.986620
0.303960,9.986620
0.304290,9.986620
0.304620,9.986620
0.304950,9.986620
0.305281,9.986620
0.305611,9.986620
0.305941,9.986620
0.306271,9.986620
0.306601,9.986620
0.306931,9.986620
0.307261,9.986620
0.307591,9.986620
0.307921,9.986620
0.308251,9.986620
0.308581,9.986620
0.308911,9.986620
0.309241,9.986620
0.309571,9.986620
0.309901,9.986620
0.310231,9.986620
0.310561,9.986620
0.310891,9.986620
0.311221,9.986620
0.311551,9.986620
0.311881,9.986620
0.312211,9.986620
0.312541,9.986620
0.312871,9.986620
0.313201,9.986620
0.313531,9.986620
0.313861,9.986620
0.314191,9.986620
0.314521,9.986620
0.314851,9.986620
0.315182,9.986620
0.315512,9.986620
0.315842,9.986620
0.316172,9.986620
0.316502,9.986620
0.316832,9.986620
0.317162,9.986620
0.317492,9.986620
0.317822,9.986620
0.318152,9.986620
0.318482,9.986620
0.318812,9.986620
0.319142,9.986620
0.319472,9.986620
0.319802,9.986620
0.320132,9.986620
0.320462,9.986620
0.320792,9.986620
0.321122,9.986620
0.321452,9.986620
0.321782,9.986620
0.322112,9.986620
0.322442,9.986620
0.322772,9.986620
0.323102,9.986620
0.323432,9.986620
0.323762,9.986620
0.324092,9.986620
0.324422,9.986620
0.324752,9.986620
0.325083,9.986620
0.325413,9.986620
0.325743,9.986620
0.326073,9.986620
0.326403,9.986620
0.326733,9.986620
0.327063,9.986620
0.327393,9.986620
0.327723,9.986620
0.328053,9.986620
0.328383,9.986620
0.328713,9.986620
0.329043,9.986620
0.329373,9.986620
0.329703,9.986620
0.330033,9.986620
0.330363,9.986620
0.330693,9.986620
0.331023,9.986620
0.331353,9.986620
0.331683,9.986620
0.332013,9.986620
0.332343,9.986620
0.332673,9.986620
0.333003,9.986620
0.333333,9.986620
0.333663,9.986620
0.333993,9.986620
0.334323,9.986620
0.334653,9.986620
0.334983,9.986620
0.335314,9.986620
0.335644,9.986620
0.335974,9.986620
0.336304,9.986620
0.336634,9.986620
0.336964,9.986620
0.337294,9.986620
0.337624,9.986620
0.337954,9.986620
0.338284,9.986620
0.338614,9.986620
0.338944,9.986620
0.339274,9.986620
0.339604,9.986620
0.339934,9.986620
0.340264,9.986620
0.340594,9.986620
0.340924,9.986620
0.341254,9.986620
0.341584,9.986620
0.341914,9.986620
0.342244,9.986620
0.342574,9.986620
0.342904,9.986620
0.343234,9.986620
0.343564,9.986620
0.343894,9.986620
0.344224,9.986620
0.344554,9.986620
0.344884,9.986620
0.345215,9.986620
0.345545,9.986620
0.345875,9.986620
0.346205,9.986620
0.346535,9.986620
0.346865,9.986620
0.347195,9.986620
0.347525,9.986620
0.347855,9.986620
0.348185,9.986620
0.348515,9.986620
0.348845,9.986620
0.349175,9.986620
0.349505,9.986620
0.349835,9.986620
0.350165,9.986620
0.350495,9.986620
0.350825,9.986620
0.351155,9.986620
0.351485,9.986620
0.351815,9.986620
0.352145,9.986620
0.352475,9.986620
0.352805,9.986620
0.353135,9.986620
0.353465,9.986620
0.353795,9.986620
0.354125,9.986620
0.354455,9.986620
0.354785,9.986620
0.355116,9.986620
0.355446,9.986620
0.355776,9.986620
0.356106,9.986620
0.356436,9.986620
0.356766,9.986620
0.357096,9.986620
0.357426,9.986620
0.357756,9.986620
0.358086,9.986620
0.358416,9.986620
0.358746,9.986620
0.359076,9.986620
0.359406,9.986620
0.359736,9.986620
0.360066,9.986620
0.360396,9.986620
0.360726,9.986620
0.361056,9.986620
0.361386,9.986620
0.361716,9.986620
0.362046,9.986620
0.362376,9.986620
0.362706,9.986620
0.363036,9.986620
0.363366,9.986620
0.363696,9.986620
0.364026,9.986620
0.364356,9.986620
0.364686,9.986620
0.365017,9.986620
0.365347,9.986620
0.365677,9.986620
0.366007,9.986620
0.366337,9.986620
0.366667,9.986620
0.366997,9.986620
0.367327,9.986620
0.367657,9.986620
0.367987,9.986620
0.368317,9.986620
0.368647,9.986620
0.368977,9.986620
0.369307,9.986620
0.369637,9.986620
0.369967,9.986620
0.370297,9.986620
0.370627,9.986620
0.370957,9.986620
0.371287,9.986620
0.371617,9.986620
0.371947,9.986620
0.372277,9.986620
0.372607,9.986620
0.372937,9.986620
0.373267,9.986620
0.373597,9.986620
0.373927,9.986620
0.374257,9.986620
0.374587,9.986620
0.374917,9.986620
0.375248,9.986620
0.375578,9.986620
0.375908,9.986620
0.376238,9.986620
0.376568,9.986620
0.376898,9.986620
0.377228,9.986620
0.377558,9.986620
0.377888,9.986620
0.378218,9.986620
0.378548,9.986620
0.378878,9.986620
0.379208,9.986620
0.379538,9.986620
0.379868,9.986620
0.380198,9.986620
0.380528,9.986620
0.380858,9.986620
0.381188,9.986620
0.381518,9.986620
0.381848,9.986620
0.382178,9.986620
0.382508,9.986620
0.382838,9.986620
0.383168,9.986620
0.383498,9.986620
0.383828,9.986620
0.384158,9.986620
0.384488,9.986620
0.384818,9.986620
0.385149,9.986620
0.385479,9.986620
0.385809,9.986620
0.386139,9.986620
0.386469,9.986620
0.386799,9.986620
0.387129,9.986620
0.387459,9.986620
0.387789,9.986620
0.388119,9.986620
0.388449,9.986620
0.388779,9.986620
0.389109,9.986620
0.389439,9.986620
0.389769,9.986620
0.390099,9.986620
0.390429,9.986620
0.390759,9.986620
0.391089,9.986620
0.391419,9.986620
0.391749,9.986620
0.392079,9.986620
0.392409,9.986620
0.392739,9.986620
0.393069,9.986620
0.393399,9.986620
0.393729,9.986620
0.394059,9.986620
0.394389,9.986620
0.394719,9.986620
0.395050,9.986620
0.395380,9.986620
0.395710,9.986620
0.396040,9.986620
0.396370,9.986620
0.396700,9.986620
0.397030,9.986620
0.397360,9.986620
0.397690,9.986620
0.398020,9.986620
0.398350,9.986620
0.398680,9.986620
0.399010,9.986620
0.399340,9.986620
0.399670,9.986620
0.400000,9.986620
0.400330,9.986620
0.400660,9.986620
0.400990,9.986620
0.401320,9.986620
0.401650,9.986620
0.401980,9.986620
0.402310,9.986620
0.402640,9.986620
0.402970,9.986620
0.403300,9.986620
0.403630,9.986620
0.403960,9.986620
0.404290,9.986620
0.404620,9.986620
0.404950,9.986620
0.405281,9.986620
0.405611,9.986620
0.405941,9.986620
0.406271,9.986620
0.406601,9.986620
0.406931,9.986620
0.407261,9.986620
0.407591,9.986620
0.407921,9.986620
0.408251,9.986620
0.408581,9.986620
0.408911,9.986620
0.409241,9.986620
0.409571,9.986620
0.409901,9.986620
0.410231,9.986620
0.410561,9.986620
0.410891,9.986620
0.411221,9.986620
0.411551,9.986620
0.411881,9.986620
0.412211,9.986620
0.412541,9.986620
0.412871,9.986620
0.413201,9.986620
0.413531,9.986620
0.413861,9.986620
0.414191,9.986620
0.414521,9.986620
0.414851,9.986620
0.415182,9.986620
0.415512,9.986620
0.415842,9.986620
0.416172,9.986620
0.416502,9.986620
0.416832,9.986620
0.417162,9.986620
0.417492,9.986620
0.417822,9.986620
0.418152,9.986620
0.418482,9.986620
0.418812,9.986620
0.419142,9.986620
0.419472,9.986620
0.419802,9.986620
0.420132,9.986620
0.420462,9.986620
0.420792,9.986620
0.421122,9.986620
0.421452,9.986620
0.421782,9.986620
0.422112,9.986620
0.422442,9.986620
0.422772,9.986620
0.423102,9.986620
0.423432,9.986620
0.423762,9.986620
0.424092,9.986620
0.424422,9.986620
0.424752,9.986620
0.425083,9.986620
0.425413,9.986620
0.425743,9.986620
0.426073,9.986620
0.426403,9.986620
0.426733,9.986620
0.427063,9.986620
0.427393,9.986620
0.427723,9.986620
0.428053,9.986620
0.428383,9.986620
0.428713,9.986620
0.429043,9.986620
0.429373,9.986620
0.429703,9.986620
0.430033,9.986620
0.430363,9.986620
0.430693,9.986620
0.431023,9.986620
0.431353,9.986620
0.431683,9.986620
0.432013,9.986620
0.432343,9.986620
0.432673,9.986620
0.433003,9.986620
0.433333,9.986620
0.433663,9.986620
0.433993,9.986620
0.434323,9.986620
0.434653,9.986620
0.434983,9.986620
0.435314,9.986620
0.435644,9.986620
0.435974,9.986620
0.436304,9.986620
0.436634,9.986620
0.436964,9.986620
0.437294,9.986620
0.437624,9.986620
0.437954,9.986620
0.438284,9.986620
0.438614,9.986620
0.438944,9.986620
0.439274,9.986620
0.439604,9.986620
0.439934,9.986620
0.440264,9.986620
0.440594,9.986620
0.440924,9.986620
0.441254,9.986620
0.441584,9.986620
0.441914,9.986620
0.442244,9.986620
0.442574,9.986620
0.442904,9.986620
0.443234,9.986620
0.443564,9.986620
0.443894,9.986620
0.444224,9.986620
0.444554,9.986620
0.444884,9.986620
0.445215,9.986620
0.445545,9.986620
0.445875,9.986620
0.446205,9.986620
0.446535,9.986620
0.446865,9.986620
0.447195,9.986620
0.447525,9.986620
0.447855,9.986620
0.448185,9.986620
0.448515,9.986620
0.448845,9.986620
0.449175,9.986620
0.449505,9.986620
0.449835,9.986620
0.450165,9.986620
0.450495,9.986620
0.450825,9.986620
0.451155,9.986620
0.451485,9.986620
0.451815,9.986620
0.452145,9.986620
0.452475,9.986620
0.452805,9.986620
0.453135,9.986620
0.453465,9.986620
0.453795,9.986620
0.454125,9.986620
0.454455,9.986620
0.454785,9.986620
0.455116,9.986620
0.455446,9.986620
0.455776,9.986620
0.456106,9.986620
0.456436,9.986620
0.456766,9.986620
0.457096,9.986620
0.457426,9.986620
0.457756,9.986620
0.458086,9.986620
0.458416,9.986620
0.458746,9.986620
0.459076,9.986620
0.459406,9.986620
0.459736,9.986620
0.460066,9.986620
0.460396,9.986620
0.460726,9.986620
0.461056,9.986620
0.461386,9.986620
0.461716,9.986620
0.462046,9.986620
0.462376,9.986620
0.462706,9.986620
0.463036,9.986620
0.463366,9.986620
0.463696,9.986620
0.464026,9.986620
0.464356,9.986620
0.464686,9.986620
0.465017,9.986620
0.465347,9.986620
0.465677,9.986620
0.466007,9.986620
0.466337,9.986620
0.466667,9.986620
0.466997,9.986620
0.467327,9.986620
0.467657,9.986620
0.467987,9.986620
0.468317,9.986620
0.468647,9.986620
0.468977,9.986620
0.469307,9.986620
0.469637,9.986620
0.469967,9.986620
0.470297,9.986620
0.470627,9.986620
0.470957,9.986620
0.471287,9.986620
0.471617,9.986620
0.471947,9.986620
0.472277,9.986620
0.472607,9.986620
0.472937,9.986620
0.473267,9.986620
0.473597,9.986620
0.473927,9.986620
0.474257,9.986620
0.474587,9.986620
0.474917,9.986620
0.475248,9.986620
0.475578,9.986620
0.475908,9.986620
0.476238,9.986620
0.476568,9.986620
0.476898,9.986620
0.477228,9.986620
0.477558,9.986620
0.477888,9.986620
0.478218,9.986620
0.478548,9.986620
0.478878,9.986620
0.479208,9.986620
0.479538,9.986620
0.479868,9.986620
0.480198,9.986620
0.480528,9.986620
0.480858,9.986620
0.481188,9.986620
0.481518,9.986620
0.481848,9.986620
0.482178,9.986620
0.482508,9.986620
0.482838,9.986620
0.483168,9.986620
0.483498,9.986620
0.483828,9.986620
0.484158,9.986620
0.484488,9.986620
0.484818,9.986620
0.485149,9.986620
0.485479,9.986620
0.485809,9.986620
0.486139,9.986620
0.486469,9.986620
0.486799,9.986620
0.487129,9.986620
0.487459,9.986620
0.487789,9.986620
0.488119,9.986620
0.488449,9.986620
0.488779,9.986620
0.489109,9.986620
0.489439,9.986620
0.489769,9.986620
0.490099,9.986620
0.490429,9.986620
0.490759,9.986620
0.491089,9.986620
0.491419,9.986620
0.491749,9.986620
0.492079,9.986620
0.492409,9.986620
0.492739,9.986620
0.493069,9.986620
0.493399,9.986620
0.493729,9.986620
0.494059,9.986620
0.494389,9.986620
0.494719,9.986620
0.495050,9.986620
0.495380,9.986620
0.495710,9.986620
0.496040,9.986620
0.496370,9.986620
0.496700,9.986620
0.497030,9.986620
0.497360,9.986620
0.497690,9.986620
0.498020,9.986620
0.498350,9.986620
0.498680,9.986620
0.499010,9.986620
0.499340,9.986620
0.499670,9.986620
0.500000,9.986620
0.500330,9.986620
0.500660,9.986620
0.500990,9.986620
0.501320,9.986620
0.501650,9.986620
0.501980,9.986620
0.502310,9.986620
0.502640,9.986620
0.502970,9.986620
0.503300,9.986620
0.503630,9.986620
0.503960,9.986620
0.504290,9.986620
0.504620,9.986620
0.504950,9.986620
0.505281,9.986620
0.505611,9.986620
0.505941,9.986620
0.506271,9.986620
0.506601,9.986620
0.506931,9.986620
0.507261,9.986620
0.507591,9.986620
0.507921,9.986620
0.508251,9.986620
0.508581,9.986620
0.508911,9.986620
0.509241,9.986620
0.509571,9.986620
0.509901,9.986620
0.510231,9.986620
0.510561,9.986620
0.510891,9.986620
0.511221,9.986620
0.511551,9.986620
0.511881,9.986620
0.512211,9.986620
0.512541,9.986620
0.512871,9.986620
0.513201,9.986620
0.513531,9.986620
0.513861,9.986620
0.514191,9.986620
0.514521,9.986620
0.514851,9.986620
0.515182,9.986620
0.515512,9.986620
0.515842,9.986620
0.516172,9.986620
0.516502,9.986620
0.516832,9.986620
0.517162,9.986620
0.517492,9.986620
0.517822,9.986620
0.518152,9.986620
0.518482,9.986620
0.518812,9.986620
0.519142,9.986620
0.519472,9.986620
0.519802,9.986620
0.520132,9.986620
0.520462,9.986620
0.520792,9.986620
0.521122,9.986620
0.521452,9.986620
0.521782,9.986620
0.522112,9.986620
0.522442,9.986620
0.522772,9.986620
0.523102,9.986620
0.523432,9.986620
0.523762,9.986620
0.524092,9.986620
0.524422,9.986620
0.524752,9.986620
0.525083,9.986620
0.525413,9.986620
0.525743,9.986620
0.526073,9.986620
0.526403,9.986620
0.526733,9.986620
0.527063,9.986620
0.527393,9.986620
0.527723,9.986620
0.528053,9.986620
0.528383,9.986620
0.528713,9.986620
0.529043,9.986620
0.529373,9.986620
0.529703,9.986620
0.530033,9.986620
0.530363,9.986620
0.530693,9.986620
0.531023,9.986620
0.531353,9.986620
0.531683,9.986620
0.532013,9.986620
0.532343,9.986620
0.532673,9.986620
0.533003,9.986620
0.533333,9.986620
0.533663,9.986620
0.533993,9.986620
0.534323,9.986620
0.534653,9.986620
0.534983,9.986620
0.535314,9.986620
0.535644,9.986620
0.535974,9.986620
0.536304,9.986620
0.536634,9.986620
0.536964,9.986620
0.537294,9.986620
0.537624,9.986620
0.537954,9.986620
0.538284,9.986620
0.538614,9.986620
0.538944,9.986620
0.539274,9.986620
0.539604,9.986620
0.539934,9.986620
0.540264,9.986620
0.540594,9.986620
0.540924,9.986620
0.541254,9.986620
0.541584,9.986620
0.541914,9.986620
0.542244,9.986620
0.542574,9.986620
0.542904,9.986620
0.543234,9.986620
0.543564,9.986620
0.543894,9.986620
0.544224,9.986620
0.544554,9.986620
0.544884,9.986620
0.545215,9.986620
0.545545,9.986620
0.545875,9.986620
0.546205,9.986620
0.546535,9.986620
0.546865,9.986620
0.547195,9.986620
0.547525,9.986620
0.547855,9.986620
0.548185,9.986620
0.548515,9.986620
0.548845,9.986620
0.549175,9.986620
0.549505,9.986620
0.549835,9.986620
0.550165,9.986620
0.550495,9.986620
0.550825,9.986620
0.551155,9.986620
0.551485,9.986620
0.551815,9.986620
0.552145,9.986620
0.552475,9.986620
0.552805,9.986620
0.553135,9.986620
0.553465,9.986620
0.553795,9.986620
0.554125,9.986620
0.554455,9.986620
0.554785,9.986620
0.555116,9.986620
0.555446,9.986620
0.555776,9.986620
0.556106,9.986620
0.556436,9.986620
0.556766,9.986620
0.557096,9.986620
0.557426,9.986620
0.557756,9.986620
0.558086,9.986620
0.558416,9.986620
0.558746,9.986620
0.559076,9.986620
0.559406,9.986620
0.559736,9.986620
0.560066,9.986620
0.560396,9.986620
0.560726,9.986620
0.561056,9.986620
0.561386,9.986620
0.561716,9.986620
0.562046,9.986620
0.562376,9.986620
0.562706,9.986620
0.563036,9.986620
0.563366,9.986620
0.563696,9.986620
0.564026,9.986620
0.564356,9.986620
0.564686,9.986620
0.565017,9.986620
0.565347,9.986620
0.565677,9.986620
0.566007,9.986620
0.566337,9.986620
0.566667,9.986620
0.566997,9.986620
0.567327,9.986620
0.567657,9.986620
0.567987,9.986620
0.568317,9.986620
0.568647,9.986620
0.568977,9.986620
0.569307,9.986620
0.569637,9.986620
0.569967,9.986620
0.570297,9.986620
0.570627,9.986620
0.570957,9.986620
0.571287,9.986620
0.571617,9.986620
0.571947,9.986620
0.572277,9.986620
0.572607,9.986620
0.572937,9.986620
0.573267,9.986620
0.573597,9.986620
0.573927,9.986620
0.574257,9.986620
0.574587,9.986620
0.574917,9.986620
0.575248,9.986620
0.575578,9.986620
0.575908,9.986620
0.576238,9.986620
0.576568,9.986620
0.576898,9.986620
0.577228,9.986620
0.577558,9.986620
0.577888,9.986620
0.578218,9.986620
0.578548,9.986620
0.578878,9.986620
0.579208,9.986620
0.579538,9.986620
0.579868,9.986620
0.580198,9.986620
0.580528,9.986620
0.580858,9.986620
0.581188,9.986620
0.581518,9.986620
0.581848,9.986620
0.582178,9.986620
0.582508,9.986620
0.582838,9.986620
0.583168,9.986620
0.583498,9.986620
0.583828,9.986620
0.584158,9.986620
0.584488,9.986620
0.584818,9.986620
0.585149,9.986620
0.585479,9.986620
0.585809,9.986620
0.586139,9.986620
0.586469,9.986620
0.586799,9.986620
0.587129,9.986620
0.587459,9.986620
0.587789,9.986620
0.588119,9.986620
0.588449,9.986620
0.588779,9.986620
0.589109,9.986620
0.589439,9.986620
0.589769,9.986620
0.590099,9.986620
0.590429,9.986620
0.590759,9.986620
0.591089,9.986620
0.591419,9.986620
0.591749,9.986620
0.592079,9.986620
0.592409,9.986620
0.592739,9.986620
0.593069,9.986620
0.593399,9.986620
0.593729,9.986620
0.594059,9.986620
0.594389,9.986620
0.594719,9.986620
0.595050,9.986620
0.595380,9.986620
0.595710,9.986620
0.596040,9.986620
0.596370,9.986620
0.596700,9.986620
0.597030,9.986620
0.597360,9.986620
0.597690,9.986620
0.598020,9.986620
0.598350,9.986620
0.598680,9.986620
0.599010,9.986620
0.599340,9.986620
0.599670,9.986620
0.600000,9.986620
0.600330,9.986620
0.600660,9.986620
0.600990,9.986620
0.601320,9.986620
0.601650,9.986620
0.601980,9.986620
0.602310,9.986620
0.602640,9.986620
0.602970,9.986620
0.603300,9.986620
0.603630,9.986620
0.603960,9.986620
0.604290,9.986620
0.604620,9.986620
0.604950,9.986620
0.605281,9.986620
0.605611,9.986620
0.605941,9.986620
0.606271,9.986620
0.606601,9.986620
0.606931,9.986620
0.607261,9.986620
0.607591,9.986620
0.607921,9.986620
0.608251,9.986620
0.608581,9.986620
0.608911,9.986620
0.609241,9.986620
0.609571,9.986620
0.609901,9.986620
0.610231,9.986620
0.610561,9.986620
0.610891,9.986620
0.611221,9.986620
0.611551,9.986620
0.611881,9.986620
0.612211,9.986620
0.612541,9.986620
0.612871,9.986620
0.613201,9.986620
0.613531,9.986620
0.613861,9.986620
0.614191,9.986620
0.614521,9.986620
0.614851,9.986620
0.615182,9.986620
0.615512,9.986620
0.615842,9.986620
0.616172,9.986620
0.616502,9.986620
0.616832,9.986620
0.617162,9.986620
0.617492,9.986620
0.617822,9.986620
0.618152,9.986620
0.618482,9.986620
0.618812,9.986620
0.619142,9.986620
0.619472,9.986620
0.619802,9.986620
0.620132,9.986620
0.620462,9.986620
0.620792,9.986620
0.621122,9.986620
0.621452,9.986620
0.621782,9.986620
0.622112,9.986620
0.622442,9.986620
0.622772,9.986620
0.623102,9.986620
0.623432,9.986620
0.623762,9.986620
0.624092,9.986620
0.624422,9.986620
0.624752,9.986620
0.625083,9.986620
0.625413,9.986620
0.625743,9.986620
0.626073,9.986620
0.626403,9.986620
0.626733,9.986620
0.627063,9.986620
0.627393,9.986620
0.627723,9.986620
0.628053,9.986620
0.628383,9.986620
0.628713,9.986620
0.629043,9.986620
0.629373,9.986620
0.629703,9.986620
0.630033,9.986620
0.630363,9.986620
0.630693,9.986620
0.631023,9.986620
0.631353,9.986620
0.631683,9.986620
0.632013,9.986620
0.632343,9.986620
0.632673,9.986620
0.633003,9.986620
0.633333,9.986620
0.633663,9.986620
0.633993,9.986620
0.634323,9.986620
0.634653,9.986620
0.634983,9.986620
0.635314,9.986620
0.635644,9.986620
0.635974,9.986620
0.636304,9.986620
0.636634,9.986620
0.636964,9.986620
0.637294,9.986620
0.637624,9.986620
0.637954,9.986620
0.638284,9.986620
0.638614,9.986620
0.638944,9.986620
0.639274,9.986620
0.639604,9.986620
0.639934,9.986620
0.640264,9.986620
0.640594,9.986620
0.640924,9.986620
0.641254,9.986620
0.641584,9.986620
0.641914,9.986620
0.642244,9.986620
0.642574,9.986620
0.642904,9.986620
0.643234,9.986620
0.643564,9.986620
0.643894,9.986620
0.644224,9.986620
0.644554,9.986620
0.644884,9.986620
0.645215,9.986620
0.645545,9.986620
0.645875,9.986620
0.646205,9.986620
0.646535,9.986620
0.646865,9.986620
0.647195,9.986620
0.647525,9.986620
0.647855,9.986620
0.648185,9.986620
0.648515,9.986620
0.648845,9.986620
0.649175,9.986620
0.649505,9.986620
0.649835,9.986620
0.650165,9.986620
0.650495,9.986620
0.650825,9.986620
0.651155,9.986620
0.651485,9.986620
0.651815,9.986620
0.652145,9.986620
0.652475,9.986620
0.652805,9.986620
0.653135,9.986620
0.653465,9.986620
0.653795,9.986620
0.654125,9.986620
0.654455,9.986620
0.654785,9.986620
0.655116,9.986620
0.655446,9.986620
0.655776,9.986620
0.656106,9.986620
0.656436,9.986620
0.656766,9.986620
0.657096,9.986620
0.657426,9.986620
0.657756,9.986620
0.658086,9.986620
0.658416,9.986620
0.658746,9.986620
0.659076,9.986620
0.659406,9.986620
0.659736,9.986620
0.660066,9.986620
0.660396,9.986620
0.660726,9.986620
0.661056,9.986620
0.661386,9.986620
0.661716,9.986620
0.662046,9.986620
0.662376,9.986620
0.662706,9.986620
0.663036,9.986620
0.663366,9.986620
0.663696,9.986620
0.664026,9.986620
0.664356,9.986620
0.664686,9.986620
0.665017,9.986620
0.665347,9.986620
0.665677,9.986620
0.666007,9.986620
0.666337,9.986620
0.666667,9.986620
0.666997,9.986620
0.667327,9.986620
0.667657,9.986620
0.667987,9.986620
0.668317,9.986620
0.668647,9.986620
0.668977,9.986620
0.669307,9.986620
0.669637,9.986620
0.669967,9.986620
0.670297,9.986620
0.670627,9.986620
0.670957,9.986620
0.671287,9.986620
0.671617,9.986620
0.671947,9.986620
0.672277,9.986620
0.672607,9.986620
0.672937,9.986620
0.673267,9.986620
0.673597,9.986620
0.673927,9.986620
0.674257,9.986620
0.674587,9.986620
0.674917,9.986620
0.675248,9.986620
0.675578,9.986620
0.675908,9.986620
0.676238,9.986620
0.676568,9.986620
0.676898,9.986620
0.677228,9.986620
0.677558,9.986620
0.677888,9.986620
0.678218,9.986620
0.678548,9.986620
0.678878,9.986620
0.679208,9.986620
0.679538,9.986620
0.679868,9.986620
0.680198,9.986620
0.680528,9.986620
0.680858,9.986620
0.681188,9.986620
0.681518,9.986620
0.681848,9.986620
0.682178,9.986620
0.682508,9.986620
0.682838,9.986620
0.683168,9.986620
0.683498,9.986620
0.683828,9.986620
0.684158,9.986620
0.684488,9.986620
0.684818,9.986620
0.685149,9.986620
0.685479,9.986620
0.685809,9.986620
0.686139,9.986620
0.686469,9.986620
0.686799,9.986620
0.687129,9.986620
0.687459,9.986620
0.687789,9.986620
0.688119,9.986620
0.688449,9.986620
0.688779,9.986620
0.689109,9.986620
0.689439,9.986620
0.689769,9.986620
0.690099,9.986620
0.690429,9.986620
0.690759,9.986620
0.691089,9.986620
0.691419,9.986620
0.691749,9.986620
0.692079,9.986620
0.692409,9.986620
0.692739,9.986620
0.693069,9.986620
0.693399,9.986620
0.693729,9.986620
0.694059,9.986620
0.694389,9.986620
0.694719,9.986620
0.695050,9.986620
0.695380,9.986620
0.695710,9.986620
0.696040,9.986620
0.696370,9.986620
0.696700,9.986620
0.697030,9.986620
0.697360,9.986620
0.697690,9.986620
0.698020,9.986620
0.698350,9.986620
0.698680,9.986620
0.699010,9.986620
0.699340,9.986620
0.699670,9.986620
0.700000,9.986620
0.700330,9.986620
0.700660,9.986620
0.700990,9.986620
0.701320,9.986620
0.701650,9.986620
0.701980,9.986620
0.702310,9.986620
0.702640,9.986620
0.702970,9.986620
0.703300,9.986620
0.703630,9.986620
0.703960,9.986620
0.704290,9.986620
0.704620,9.986620
0.704950,9.986620
0.705281,9.986620
0.705611,9.986620
0.705941,9.986620
0.706271,9.986620
0.706601,9.986620
0.706931,9.986620
0.707261,9.986620
0.707591,9.986620
0.707921,9.986620
0.708251,9.986620
0.708581,9.986620
0.708911,9.986620
0.709241,9.986620
0.709571,9.986620
0.709901,9.986620
0.710231,9.986620
0.710561,9.986620
0.710891,9.986620
0.711221,9.986620
0.711551,9.986620
0.711881,9.986620
0.712211,9.986620
0.712541,9.986620
0.712871,9.986620
0.713201,9.986620
0.713531,9.986620
0.713861,9.986620
0.714191,9.986620
0.714521,9.986620
0.714851,9.986620
0.715182,9.986620
0.715512,9.986620
0.715842,9.986620
0.716172,9.986620
0.716502,9.986620
0.716832,9.986620
0.717162,9.986620
0.717492,9.986620
0.717822,9.986620
0.718152,9.986620
0.718482,9.986620
0.718812,9.986620
0.719142,9.986620
0.719472,9.986620
0.719802,9.986620
0.720132,9.986620
0.720462,9.986620
0.720792,9.986620
0.721122,9.986620
0.721452,9.986620
0.721782,9.986620
0.722112,9.986620
0.722442,9.986620
0.722772,9.986620
0.723102,9.986620
0.723432,9.986620
0.723762,9.986620
0.724092,9.986620
0.724422,9.986620
0.724752,9.986620
0.725083,9.986620
0.725413,9.986620
0.725743,9.986620
0.726073,9.986620
0.726403,9.986620
0.726733,9.986620
0.727063,9.986620
0.727393,9.986620
0.727723,9.986620
0.728053,9.986620
0.728383,9.986620
0.728713,9.986620
0.729043,9.986620
0.729373,9.986620
0.729703,9.986620
0.730033,9.986620
0.730363,9.986620
0.730693,9.986620
0.731023,9.986620
0.731353,9.986620
0.731683,9.986620
0.732013,9.986620
0.732343,9.986620
0.732673,9.986620
0.733003,9.986620
0.733333,9.986620
0.733663,9.986620
0.733993,9.986620
0.734323,9.986620
0.734653,9.986620
0.734983,9.986620
0.735314,9.986620
0.735644,9.986620
0.735974,9.986620
0.736304,9.986620
0.736634,9.986620
0.736964,9.986620
0.737294,9.986620
0.737624,9.986620
0.737954,9.986620
0.738284,9.986620
0.738614,9.986620
0.738944,9.986620
0.739274,9.986620
0.739604,9.986620
0.739934,9.986620
0.740264,9.986620
0.740594,9.986620
0.740924,9.986620
0.741254,9.986620
0.741584,9.986620
0.741914,9.986620
0.742244,9.986620
0.742574,9.986620
0.742904,9.986620
0.743234,9.986620
0.743564,9.986620
0.743894,9.986620
0.744224,9.986620
0.744554,9.986620
0.744884,9.986620
0.745215,9.986620
0.745545,9.986620
0.745875,9.986620
0.746205,9.986620
0.746535,9.986620
0.746865,9.986620
0.747195,9.986620
0.747525,9.986620
0.747855,9.986620
0.748185,9.986620
0.748515,9.986620
0.748845,9.986620
0.749175,9.986620
0.749505,9.986620
0.749835,9.986620
0.750165,9.986620
0.750495,9.986620
0.750825,9.986620
0.751155,9.986620
0.751485,9.986620
0.751815,9.986620
0.752145,9.986620
0.752475,9.986620
0.752805,9.986620
0.753135,9.986620
0.753465,9.986620
0.753795,9.986620
0.754125,9.986620
0.754455,9.986620
0.754785,9.986620
0.755116,9.986620
0.755446,9.986620
0.755776,9.986620
0.756106,9.986620
0.756436,9.986620
0.756766,9.986620
0.757096,9.986620
0.757426,9.986620
0.757756,9.986620
0.758086,9.986620
0.758416,9.986620
0.758746,9.986620
0.759076,9.986620
0.759406,9.986620
0.759736,9.986620
0.760066,9.986620
0.760396,9.986620
0.760726,9.986620
0.761056,9.986620
0.761386,9.986620
0.761716,9.986620
0.762046,9.986620
0.762376,9.986620
0.762706,9.986620
0.763036,9.986620
0.763366,9.986620
0.763696,9.986620
0.764026,9.986620
0.764356,9.986620
0.764686,9.986620
0.765017,9.986620
0.765347,9.986620
0.765677,9.986620
0.766007,9.986620
0.766337,9.986620
0.766667,9.986620
0.766997,9.986620
0.767327,9.986620
0.767657,9.986620
0.767987,9.986620
0.768317,9.986620
0.768647,9.986620
0.768977,9.986620
0.769307,9.986620
0.769637,9.986620
0.769967,9.986620
0.770297,9.986620
0.770627,9.986620
0.770957,9.986620
0.771287,9.986620
0.771617,9.986620
0.771947,9.986620
0.772277,9.986620
0.772607,9.986620
0.772937,9.986620
0.773267,9.986620
0.773597,9.986620
0.773927,9.986620
0.774257,9.986620
0.774587,9.986620
0.774917,9.986620
0.775248,9.986620
0.775578,9.986620
0.775908,9.986620
0.776238,9.986620
0.776568,9.986620
0.776898,9.986620
0.777228,9.986620
0.777558,9.986620
0.777888,9.986620
0.778218,9.986620
0.778548,9.986620
0.778878,9.986620
0.779208,9.986620
0.779538,9.986620
0.779868,9.986620
0.780198,9.986620
0.780528,9.986620
0.780858,9.986620
0.781188,9.986620
0.781518,9.986620
0.781848,9.986620
0.782178,9.986620
0.782508,9.986620
0.782838,9.986620
0.783168,9.986620
0.783498,9.986620
0.783828,9.986620
0.784158,9.986620
0.784488,9.986620
0.784818,9.986620
0.785149,9.986620
0.785479,9.986620
0.785809,9.986620
0.786139,9.986620
0.786469,9.986620
0.786799,9.986620
0.787129,9.986620
0.787459,9.986620
0.787789,9.986620
0.788119,9.986620
0.788449,9.986620
0.788779,9.986620
0.789109,9.986620
0.789439,9.986620
0.789769,9.986620
0.790099,9.986620
0.790429,9.986620
0.790759,9.986620
0.791089,9.986620
0.791419,9.986620
0.791749,9.986620
0.792079,9.986620
0.792409,9.986620
0.792739,9.986620
0.793069,9.986620
0.793399,9.986620
0.793729,9.986620
0.794059,9.986620
0.794389,9.986620
0.794719,9.986620
0.795050,9.986620
0.795380,9.986620
0.795710,9.986620
0.796040,9.986620
0.796370,9.986620
0.796700,9.986620
0.797030,9.986620
0.797360,9.986620
0.797690,9.986620
0.798020,9.986620
0.798350,9.986620
0.798680,9.986620
0.799010,9.986620
0.799340,9.986620
0.799670,9.986620
0.800000,9.986620
0.800330,9.986620
0.800660,9.986620
0.800990,9.986620
0.801320,9.986620
0.801650,9.986620
0.801980,9.986620
0.802310,9.986620
0.802640,9.986620
0.802970,9.986620
0.803300,9.986620
0.803630,9.986620
0.803960,9.986620
0.804290,9.986620
0.804620,9.986620
0.804950,9.986620
0.805281,9.986620
0.805611,9.986620
0.805941,9.986620
0.806271,9.986620
0.806601,9.986620
0.806931,9.986620
0.807261,9.986620
0.807591,9.986620
0.807921,9.986620
0.808251,9.986620
0.808581,9.986620
0.808911,9.986620
0.809241,9.986620
0.809571,9.986620
0.809901,9.986620
0.810231,9.986620
0.810561,9.986620
0.810891,9.986620
0.811221,9.986620
0.811551,9.986620
0.811881,9.986620
0.812211,9.986620
0.812541,9.986620
0.812871,9.986620
0.813201,9.986620
0.813531,9.986620
0.813861,9.986620
0.814191,9.986620
0.814521,9.986620
0.814851,9.986620
0.815182,9.986620
0.815512,9.986620
0.815842,9.986620
0.816172,9.986620
0.816502,9.986620
0.816832,9.986620
0.817162,9.986620
0.817492,9.986620
0.817822,9.986620
0.818152,9.986620
0.818482,9.986620
0.818812,9.986620
0.819142,9.986620
0.819472,9.986620
0.819802,9.986620
0.820132,9.986620
0.820462,9.986620
0.820792,9.986620
0.821122,9.986620
0.821452,9.986620
0.821782,9.986620
0.822112,9.986620
0.822442,9.986620
0.822772,9.986620
0.823102,9.986620
0.823432,9.986620
0.823762,9.986620
0.824092,9.986620
0.824422,9.986620
0.824752,9.986620
0.825083,9.986620
0.825413,9.986620
0.825743,9.986620
0.826073,9.986620
0.826403,9.986620
0.826733,9.986620
0.827063,9.986620
0.827393,9.986620
0.827723,9.986620
0.828053,9.986620
0.828383,9.986620
0.828713,9.986620
0.829043,9.986620
0.829373,9.986620
0.829703,9.986620
0.830033,9.986620
0.830363,9.986620
0.830693,9.986620
0.831023,9.986620
0.831353,9.986620
0.831683,9.986620
0.832013,9.986620
0.832343,9.986620
0.832673,9.986620
0.833003,9.986620
0.833333,9.986620
0.833663,9.986620
0.833993,9.986620
0.834323,9.986620
0.834653,9.986620
0.834983,9.986620
0.835314,9.986620
0.835644,9.986620
0.835974,9.986620
0.836304,9.986620
0.836634,9.986620
0.836964,9.986620
0.837294,9.986620
0.837624,9.986620
0.837954,9.986620
0.838284,9.986620
0.838614,9.986620
0.838944,9.986620
0.839274,9.986620
0.839604,9.986620
0.839934,9.986620
0.840264,9.986620
0.840594,9.986620
0.840924,9.986620
0.841254,9.986620
0.841584,9.986620
0.841914,9.986620
0.842244,9.986620
0.842574,9.986620
0.842904,9.986620
0.843234,9.986620
0.843564,9.986620
0.843894,9.986620
0.844224,9.986620
0.844554,9.986620
0.844884,9.986620
0.845215,9.986620
0.845545,9.986620
0.845875,9.986620
0.846205,9.986620
0.846535,9.986620
0.846865,9.986620
0.847195,9.986620
0.847525,9.986620
0.847855,9.986620
0.848185,9.986620
0.848515,9.986620
0.848845,9.986620
0.849175,9.986620
0.849505,9.986620
0.849835,9.986620
0.850165,9.986620
0.850495,9.986620
0.850825,9.986620
0.851155,9.986620
0.851485,9.986620
0.851815,9.986620
0.852145,9.986620
0.852475,9.986620
0.852805,9.986620
0.853135,9.986620
0.853465,9.986620
0.853795,9.986620
0.854125,9.986620
0.854455,9.986620
0.854785,9.986620
0.855116,9.986620
0.855446,9.986620
0.855776,9.986620
0.856106,9.986620
0.856436,9.986620
0.856766,9.986620
0.857096,9.986620
0.857426,9.986620
0.857756,9.986620
0.858086,9.986620
0.858416,9.986620
0.858746,9.986620
0.859076,9.986620
0.859406,9.986620
0.859736,9.986620
0.860066,9.986620
0.860396,9.986620
0.860726,9.986620
0.861056,9.986620
0.861386,9.986620
0.861716,9.986620
0.862046,9.986620
0.862376,9.986620
0.862706,9.986620
0.863036,9.986620
0.863366,9.986620
0.863696,9.986620
0.864026,9.986620
0.864356,9.986620
0.864686,9.986620
0.865017,9.986620
0.865347,9.986620
0.865677,9.986620
0.866007,9.986620
0.866337,9.986620
0.866667,9.986620
0.866997,9.986620
0.867327,9.986620
0.867657,9.986620
0.867987,9.986620
0.868317,9.986620
0.868647,9.986620
0.868977,9.986620
0.869307,9.986620
0.869637,9.986620
0.869967,9.986620
0.870297,9.986620
0.870627,9.986620
0.870957,9.986620
0.871287,9.986620
0.871617,9.986620
0.871947,9.986620
0.872277,9.986620
0.872607,9.986620
0.872937,9.986620
0.873267,9.986620
0.873597,9.986620
0.873927,9.986620
0.874257,9.986620
0.874587,9.986620
0.874917,9.986620
0.875248,9.986620
0.875578,9.986620
0.875908,9.986620
0.876238,9.986620
0.876568,9.986620
0.876898,9.986620
0.877228,9.986620
0.877558,9.986620
0.877888,9.986620
0.878218,9.986620
0.878548,9.986620
0.878878,9.986620
0.879208,9.986620
0.879538,9.986620
0.879868,9.986620
0.880198,9.986620
0.880528,9.986620
0.880858,9.986620
0.881188,9.986620
0.881518,9.986620
0.881848,9.986620
0.882178,9.986620
0.882508,9.986620
0.882838,9.986620
0.883168,9.986620
0.883498,9.986620
0.883828,9.986620
0.884158,9.986620
0.884488,9.986620
0.884818,9.986620
0.885149,9.986620
0.885479,9.986620
0.885809,9.986620
0.886139,9.986620
0.886469,9.986620
0.886799,9.986620
0.887129,9.986620
0.887459,9.986620
0.887789,9.986620
0.888119,9.986620
0.888449,9.986620
0.888779,9.986620
0.889109,9.986620
0.889439,9.986620
0.889769,9.986620
0.890099,9.986620
0.890429,9.986620
0.890759,9.986620
0.891089,9.986620
0.891419,9.986620
0.891749,9.986620
0.892079,9.986620
0.892409,9.986620
0.892739,9.986620
0.893069,9.986620
0.893399,9.986620
0.893729,9.986620
0.894059,9.986620
0.894389,9.986620
0.894719,9.986620
0.895050,9.986620
0.895380,9.986620
0.895710,9.986620
0.896040,9.986620
0.896370,9.986620
0.896700,9.986620
0.897030,9.986620
0.897360,9.986620
0.897690,9.986620
0.898020,9.986620
0.898350,9.986620
0.898680,9.986620
0.899010,9.986620
0.899340,9.986620
0.899670,9.986620
0.900000,9.986620
0.900330,9.986620
0.900660,9.986620
0.900990,9.986620
0.901320,9.986620
0.901650,9.986620
0.901980,9.986620
0.902310,9.986620
0.902640,9.986620
0.902970,9.986620
0.903300,9.986620
0.903630,9.986620
0.903960,9.986620
0.904290,9.986620
0.904620,9.986620
0.904950,9.986620
0.905281,9.986620
0.905611,9.986620
0.905941,9.986620
0.906271,9.986620
0.906601,9.986620
0.906931,9.986620
0.907261,9.986620
0.907591,9.986620
0.907921,9.986620
0.908251,9.986620
0.908581,9.986620
0.908911,9.986620
0.909241,9.986620
0.909571,9.986620
0.909901,9.986620
0.910231,9.986620
0.910561,9.986620
0.910891,9.986620
0.911221,9.986620
0.911551,9.986620
0.911881,9.986620
0.912211,9.986620
0.912541,9.986620
0.912871,9.986620
0.913201,9.986620
0.913531,9.986620
0.913861,9.986620
0.914191,9.986620
0.914521,9.986620
0.914851,9.986620
0.915182,9.986620
0.915512,9.986620
0.915842,9.986620
0.916172,9.986620
0.916502,9.986620
0.916832,9.986620
0.917162,9.986620
0.917492,9.986620
0.917822,9.986620
0.918152,9.986620
0.918482,9.986620
0.918812,9.986620
0.919142,9.986620
0.919472,9.986620
0.919802,9.986620
0.920132,9.986620
0.920462,9.986620
0.920792,9.986620
0.921122,9.986620
0.921452,9.986620
0.921782,9.986620
0.922112,9.986620
0.922442,9.986620
0.922772,9.986620
0.923102,9.986620
0.923432,9.986620
0.923762,9.986620
0.924092,9.986620
0.924422,9.986620
0.924752,9.986620
0.925083,9.986620
0.925413,9.986620
0.925743,9.986620
0.926073,9.986620
0.926403,9.986620
0.926733,9.986620
0.927063,9.986620
0.927393,9.986620
0.927723,9.986620
0.928053,9.986620
0.928383,9.986620
0.928713,9.986620
0.929043,9.986620
0.929373,9.986620
0.929703,9.986620
0.930033,9.986620
0.930363,9.986620
0.930693,9.986620
0.931023,9.986620
0.931353,9.986620
0.931683,9.986620
0.932013,9.986620
0.932343,9.986620
0.932673,9.986620
0.933003,9.986620
0.933333,9.986620
0.933663,9.986620
0.933993,9.986620
0.934323,9.986620
0.934653,9.986620
0.934983,9.986620
0.935314,9.986620
0.935644,9.986620
0.935974,9.986620
0.936304,9.986620
0.936634,9.986620
0.936964,9.986620
0.937294,9.986620
0.937624,9.986620
0.937954,9.986620
0.938284,9.986620
0.938614,9.986620
0.938944,9.986620
0.939274,9.986620
0.939604,9.986620
0.939934,9.986620
0.940264,9.986620
0.940594,9.986620
0.940924,9.986620
0.941254,9.986620
0.941584,9.986620
0.941914,9.986620
0.942244,9.986620
0.942574,9.986620
0.942904,9.986620
0.943234,9.986620
0.943564,9.986620
0.943894,9.986620
0.944224,9.986620
0.944554,9.986620
0.944884,9.986620
0.945215,9.986620
0.945545,9.986620
0.945875,9.986620
0.946205,9.986620
0.946535,9.986620
0.946865,9.986620
0.947195,9.986620
0.947525,9.986620
0.947855,9.986620
0.948185,9.986620
0.948515,9.986620
0.948845,9.986620
0.949175,9.986620
0.949505,9.986620
0.949835,9.986620
0.950165,9.986620
0.950495,9.986620
0.950825,9.986620
0.951155,9.986620
0.951485,9.986620
0.951815,9.986620
0.952145,9.986620
0.952475,9.986620
0.952805,9.986620
0.953135,9.986620
0.953465,9.986620
0.953795,9.986620
0.954125,9.986620
0.954455,9.986620
0.954785,9.986620
0.955116,9.986620
0.955446,9.986620
0.955776,9.986620
0.956106,9.986620
0.956436,9.986620
0.956766,9.986620
0.957096,9.986620
0.957426,9.986620
0.957756,9.986620
0.958086,9.986620
0.958416,9.986620
0.958746,9.986620
0.959076,9.986620
0.959406,9.986620
0.959736,9.986620
0.960066,9.986620
0.960396,9.986620
0.960726,9.986620
0.961056,9.986620
0.961386,9.986620
0.961716,9.986620
0.962046,9.986620
0.962376,9.986620
0.962706,9.986620
0.963036,9.986620
0.963366,9.986620
0.963696,9.986620
0.964026,9.986620
0.964356,9.986620
0.964686,9.986620
0.965017,9.986620
0.965347,9.986620
0.965677,9.986620
0.966007,9.986620
0.966337,9.986620
0.966667,9.986620
0.966997,9.986620
0.967327,9.986620
0.967657,9.986620
0.967987,9.986620
0.968317,9.986620
0.968647,9.986620
0.968977,9.986620
0.969307,9.986620
0.969637,9.986620
0.969967,9.986620
0.970297,9.986620
0.970627,9.986620
0.970957,9.986620
0.971287,9.986620
0.971617,9.986620
0.971947,9.986620
0.972277,9.986620
0.972607,9.986620
0.972937,9.986620
0.973267,9.986620
0.973597,9.986620
0.973927,9.986620
0.974257,9.986620
0.974587,9.986620
0.974917,9.986620
0.975248,9.986620
0.975578,9.986620
0.975908,9.986620
0.976238,9.986620
0.976568,9.986620
0.976898,9.986620
0.977228,9.986620
0.977558,9.986620
0.977888,9.986620
0.978218,9.986620
0.978548,9.986620
0.978878,9.986620
0.979208,9.986620
0.979538,9.986620
0.979868,9.986620
0.980198,9.986620
0.980528,9.986620
0.980858,9.986620
0.981188,9.986620
0.981518,9.986620
0.981848,9.986620
0.982178,9.986620
0.982508,9.986620
0.982838,9.986620
0.983168,9.986620
0.983498,9.986620
0.983828,9.986620
0.984158,9.986620
0.984488,9.986620
0.984818,9.986620
0.985149,9.986620
0.985479,9.986620
0.985809,9.986620
0.986139,9.986620
0.986469,9.986620
0.986799,9.986620
0.987129,9.986620
0.987459,9.986620
0.987789,9.986620
0.988119,9.986620
0.988449,9.986620
0.988779,9.986620
0.989109,9.986620
0.989439,9.986620
0.989769,9.986620
0.990099,9.986620
0.990429,9.986620
0.990759,9.986620
0.991089,9.986620
0.991419,9.986620
0.991749,9.986620
0.992079,9.986620
0.992409,9.986620
0.992739,9.986620
0.993069,9.986620
0.993399,9.986620
0.993729,9.986620
0.994059,9.986620
0.994389,9.986620
0.994719,9.986620
0.995050,9.986620
0.995380,9.986620
0.995710,9.986620
0.996040,9.986620
0.996370,9.986620
0.996700,9.986620
0.997030,9.986620
0.997360,9.986620
0.997690,9.986620
0.998020,9.986620
0.998350,9.986620
0.998680,9.986620
0.999010,9.986620
0.999340,9.986620
0.999670,9.986620
1.000000,9.986620
1.000330,9.986620
1.000660,9.986620
1.000990,9.986620
1.001320,9.986620
1.001650,9.986620
1.001980,9.986620
1.002310,9.986620
1.002640,9.986620
1.002970,9.986620
1.003300,9.986620
1.003630,9.986620
1.003960,9.986620
1.004290,9.986620
1.004620,9.986620
1.004950,9.986620
1.005281,9.986620
1.005611,9.986620
1.005941,9.986620
1.006271,9.986620
1.006601,9.986620
1.006931,9.986620
1.007261,9.986620
1.007591,9.986620
1.007921,9.986620
1.008251,9.986620
1.008581,9.986620
1.008911,9.986620
1.009241,9.986620
1.009571,9.986620
1.009901,9.986620
1.010231,9.986620
1.010561,9.986620
1.010891,9.986620
1.011221,9.986620
1.011551,9.986620
1.011881,9.986620
1.012211,9.986620
1.012541,9.986620
1.012871,9.986620
1.013201,9.986620
1.013531,9.986620
1.013861,9.986620
1.014191,9.986620
1.014521,9.986620
1.014851,9.986620
1.015182,9.986620
1.015512,9.986620
1.015842,9.986620
1.016172,9.986620
1.016502,9.986620
1.016832,9.986620
1.017162,9.986620
1.017492,9.986620
1.017822,9.986620
1.018152,9.986620
1.018482,9.986620
1.018812,9.986620
1.019142,9.986620
1.019472,9.986620
1.019802,9.986620
1.020132,9.986620
1.020462,9.986620
1.020792,9.986620
1.021122,9.986620
1.021452,9.986620
1.021782,9.986620
1.022112,9.986620
1.022442,9.986620
1.022772,9.986620
1.023102,9.986620
1.023432,9.986620
1.023762,9.986620
1.024092,9.986620
1.024422,9.986620
1.024752,9.986620
1.025083,9.986620
1.025413,9.986620
1.025743,9.986620
1.026073,9.986620
1.026403,9.986620
1.026733,9.986620
1.027063,9.986620
1.027393,9.986620
1.027723,9.986620
1.028053,9.986620
1.028383,9.986620
1.028713,9.986620
1.029043,9.986620
1.029373,9.986620
1.029703,9.986620
1.030033,9.986620
1.030363,9.986620
1.030693,9.986620
1.031023,9.986620
1.031353,9.986620
1.031683,9.986620
1.032013,9.986620
1.032343,9.986620
1.032673,9.986620
1.033003,9.986620
1.033333,9.986620
1.033663,9.986620
1.033993,9.986620
1.034323,9.986620
1.034653,9.986620
1.034983,9.986620
1.035314,9.986620
1.035644,9.986620
1.035974,9.986620
1.036304,9.986620
1.036634,9.986620
1.036964,9.986620
1.037294,9.986620
1.037624,9.986620
1.037954,9.986620
1.038284,9.986620
1.038614,9.986620
1.038944,9.986620
1.039274,9.986620
1.039604,9.986620
1.039934,9.986620
1.040264,9.986620
1.040594,9.986620
1.040924,9.986620
1.041254,9.986620
1.041584,9.986620
1.041914,9.986620
1.042244,9.986620
1.042574,9.986620
1.042904,9.986620
1.043234,9.986620
1.043564,9.986620
1.043894,9.986620
1.044224,9.986620
1.044554,9.986620
1.044884,9.986620
1.045215,9.986620
1.045545,9.986620
1.045875,9.986620
1.046205,9.986620
1.046535,9.986620
1.046865,9.986620
1.047195,9.986620
1.047525,9.986620
1.047855,9.986620
1.048185,9.986620
1.048515,9.986620
1.048845,9.986620
1.049175,9.986620
1.049505,9.986620
1.049835,9.986620
1.050165,9.986620
1.050495,9.986620
1.050825,9.986620
1.051155,9.986620
1.051485,9.986620
1.051815,9.986620
1.052145,9.986620
1.052475,9.986620
1.052805,9.986620
1.053135,9.986620
1.053465,9.986620
1.053795,9.986620
1.054125,9.986620
1.054455,9.986620
1.054785,9.986620
1.055116,9.986620
1.055446,9.986620
1.055776,9.986620
1.056106,9.986620
1.056436,9.986620
1.056766,9.986620
1.057096,9.986620
1.057426,9.986620
1.057756,9.986620
1.058086,9.986620
1.058416,9.986620
1.058746,9.986620
1.059076,9.986620
1.059406,9.986620
1.059736,9.986620
1.060066,9.986620
1.060396,9.986620
1.060726,9.986620
1.061056,9.986620
1.061386,9.986620
1.061716,9.986620
1.062046,9.986620
1.062376,9.986620
1.062706,9.986620
1.063036,9.986620
1.063366,9.986620
1.063696,9.986620
1.064026,9.986620
1.064356,9.986620
1.064686,9.986620
1.065017,9.986620
1.065347,9.986620
1.065677,9.986620
1.066007,9.986620
1.066337,9.986620
1.066667,9.986620
1.066997,9.986620
1.067327,9.986620
1.067657,9.986620
1.067987,9.986620
1.068317,9.986620
1.068647,9.986620
1.068977,9.986620
1.069307,9.986620
1.069637,9.986620
1.069967,9.986620
1.070297,9.986620
1.070627,9.986620
1.070957,9.986620
1.071287,9.986620
1.071617,9.986620
1.071947,9.986620
1.072277,9.986620
1.072607,9.986620
1.072937,9.986620
1.073267,9.986620
1.073597,9.986620
1.073927,9.986620
1.074257,9.986620
1.074587,9.986620
1.074917,9.986620
1.075248,9.986620
1.075578,9.986620
1.075908,9.986620
1.076238,9.986620
1.076568,9.986620
1.076898,9.986620
1.077228,9.986620
1.077558,9.986620
1.077888,9.986620
1.078218,9.986620
1.078548,9.986620
1.078878,9.986620
1.079208,9.986620
1.079538,9.986620
1.079868,9.986620
1.080198,9.986620
1.080528,9.986620
1.080858,9.986620
1.081188,9.986620
1.081518,9.986620
1.081848,9.986620
1.082178,9.986620
1.082508,9.986620
1.082838,9.986620
1.083168,9.986620
1.083498,9.986620
1.083828,9.986620
1.084158,9.986620
1.084488,9.986620
1.084818,9.986620
1.085149,9.986620
1.085479,9.986620
1.085809,9.986620
1.086139,9.986620
1.086469,9.986620
1.086799,9.986620
1.087129,9.986620
1.087459,9.986620
1.087789,9.986620
1.088119,9.986620
1.088449,9.986620
1.088779,9.986620
1.089109,9.986620
1.089439,9.986620
1.089769,9.986620
1.090099,9.986620
1.090429,9.986620
1.090759,9.986620
1.091089,9.986620
1.091419,9.986620
1.091749,9.986620
1.092079,9.986620
1.092409,9.986620
1.092739,9.986620
1.093069,9.986620
1.093399,9.986620
1.093729,9.986620
1.094059,9.986620
1.094389,9.986620
1.094719,9.986620
1.095050,9.986620
1.095380,9.986620
1.095710,9.986620
1.096040,9.986620
1.096370,9.986620
1.096700,9.986620
1.097030,9.986620
1.097360,9.986620
1.097690,9.986620
1.098020,9.986620
1.098350,9.986620
1.098680,9.986620
1.099010,9.986620
1.099340,9.986620
1.099670,9.986620
1.100000,9.986620
1.100330,9.986620
1.100660,9.986620
1.100990,9.986620
1.101320,9.986620
1.101650,9.986620
1.101980,9.986620
1.102310,9.986620
1.102640,9.986620
1.102970,9.986620
1.103300,9.986620
1.103630,9.986620
1.103960,9.986620
1.104290,9.986620
1.104620,9.986620
1.104950,9.986620
1.105281,9.986620
1.105611,9.986620
1.105941,9.986620
1.106271,9.986620
1.106601,9.986620
1.106931,9.986620
1.107261,9.986620
1.107591,9.986620
1.107921,9.986620
1.108251,9.986620
1.108581,9.986620
1.108911,9.986620
1.109241,9.986620
1.109571,9.986620
1.109901,9.986620
1.110231,9.986620
1.110561,9.986620
1.110891,9.986620
1.111221,9.986620
1.111551,9.986620
1.111881,9.986620
1.112211,9.986620
1.112541,9.986620
1.112871,9.986620
1.113201,9.986620
1.113531,9.986620
1.113861,9.986620
1.114191,9.986620
1.114521,9.986620
1.114851,9.986620
1.115182,9.986620
1.115512,9.986620
1.115842,9.986620
1.116172,9.986620
1.116502,9.986620
1.116832,9.986620
1.117162,9.986620
1.117492,9.986620
1.117822,9.986620
1.118152,9.986620
1.118482,9.986620
1.118812,9.986620
1.119142,9.986620
1.119472,9.986620
1.119802,9.986620
1.120132,9.986620
1.120462,9.986620
1.120792,9.986620
1.121122,9.986620
1.121452,9.986620
1.121782,9.986620
1.122112,9.986620
1.122442,9.986620
1.122772,9.986620
1.123102,9.986620
1.123432,9.986620
1.123762,9.986620
1.124092,9.986620
1.124422,9.986620
1.124752,9.986620
1.125083,9.986620
1.125413,9.986620
1.125743,9.986620
1.126073,9.986620
1.126403,9.986620
1.126733,9.986620
1.127063,9.986620
1.127393,9.986620
1.127723,9.986620
1.128053,9.986620
1.128383,9.986620
1.128713,9.986620
1.129043,9.986620
1.129373,9.986620
1.129703,9.986620
1.130033,9.986620
1.130363,9.986620
1.130693,9.986620
1.131023,9.986620
1.131353,9.986620
1.131683,9.986620
1.132013,9.986620
1.132343,9.986620
1.132673,9.986620
1.133003,9.986620
1.133333,9.986620
1.133663,9.986620
1.133993,9.986620
1.134323,9.986620
1.134653,9.986620
1.134983,9.986620
1.135314,9.986620
1.135644,9.986620
1.135974,9.986620
1.136304,9.986620
1.136634,9.986620
1.136964,9.986620
1.137294,9.986620
1.137624,9.986620
1.137954,9.986620
1.138284,9.986620
1.138614,9.986620
1.138944,9.986620
1.139274,9.986620
1.139604,9.986620
1.139934,9.986620
1.140264,9.986620
1.140594,9.986620
1.140924,9.986620
1.141254,9.986620
1.141584,9.986620
1.141914,9.986620
1.142244,9.986620
1.142574,9.986620
1.142904,9.986620
1.143234,9.986620
1.143564,9.986620
1.143894,9.986620
1.144224,9.986620
1.144554,9.986620
1.144884,9.986620
1.145215,9.986620
1.145545,9.986620
1.145875,9.986620
1.146205,9.986620
1.146535,9.986620
1.146865,9.986620
1.147195,9.986620
1.147525,9.986620
1.147855,9.986620
1.148185,9.986620
1.148515,9.986620
1.148845,9.986620
1.149175,9.986620
1.149505,9.986620
1.149835,9.986620
1.150165,9.986620
1.150495,9.986620
1.150825,9.986620
1.151155,9.986620
1.151485,9.986620
1.151815,9.986620
1.152145,9.986620
1.152475,9.986620
1.152805,9.986620
1.153135,9.986620
1.153465,9.986620
1.153795,9.986620
1.154125,9.986620
1.154455,9.986620
1.154785,9.986620
1.155116,9.986620
1.155446,9.986620
1.155776,9.986620
1.156106,9.986620
1.156436,9.986620
1.156766,9.986620
1.157096,9.986620
1.157426,9.986620
1.157756,9.986620
1.158086,9.986620
1.158416,9.986620
1.158746,9.986620
1.159076,9.986620
1.159406,9.986620
1.159736,9.986620
1.160066,9.986620
1.160396,9.986620
1.160726,9.986620
1.161056,9.986620
1.161386,9.986620
1.161716,9.986620
1.162046,9.986620
1.162376,9.986620
1.162706,9.986620
1.163036,9.986620
1.163366,9.986620
1.163696,9.986620
1.164026,9.986620
1.164356,9.986620
1.164686,9.986620
1.165017,9.986620
1.165347,9.986620
1.165677,9.986620
1.166007,9.986620
1.166337,9.986620
1.166667,9.986620
1.166997,9.986620
1.167327,9.986620
1.167657,9.986620
1.167987,9.986620
1.168317,9.986620
1.168647,9.986620
1.168977,9.986620
1.169307,9.986620
1.169637,9.986620
1.169967,9.986620
1.170297,9.986620
1.170627,9.986620
1.170957,9.986620
1.171287,9.986620
1.171617,9.986620
1.171947,9.986620
1.172277,9.986620
1.172607,9.986620
1.172937,9.986620
1.173267,9.986620
1.173597,9.986620
1.173927,9.986620
1.174257,9.986620
1.174587,9.986620
1.174917,9.986620
1.175248,9.986620
1.175578,9.986620
1.175908,9.986620
1.176238,9.986620
1.176568,9.986620
1.176898,9.986620
1.177228,9.986620
1.177558,9.986620
1.177888,9.986620
1.178218,9.986620
1.178548,9.986620
1.178878,9.986620
1.179208,9.986620
1.179538,9.986620
1.179868,9.986620
1.180198,9.986620
1.180528,9.986620
1.180858,9.986620
1.181188,9.986620
1.181518,9.986620
1.181848,9.986620
1.182178,9.986620
1.182508,9.986620
1.182838,9.986620
1.183168,9.986620
1.183498,9.986620
1.183828,9.986620
1.184158,9.986620
1.184488,9.986620
1.184818,9.986620
1.185149,9.986620
1.185479,9.986620
1.185809,9.986620
1.186139,9.986620
1.186469,9.986620
1.186799,9.986620
1.187129,9.986620
1.187459,9.986620
1.187789,9.986620
1.188119,9.986620
1.188449,9.986620
1.188779,9.986620
1.189109,9.986620
1.189439,9.986620
1.189769,9.986620
1.190099,9.986620
1.190429,9.986620
1.190759,9.986620
1.191089,9.986620
1.191419,9.986620
1.191749,9.986620
1.192079,9.986620
1.192409,9.986620
1.192739,9.986620
1.193069,9.986620
1.193399,9.986620
1.193729,9.986620
1.194059,9.986620
1.194389,9.986620
1.194719,9.986620
1.195050,9.986620
1.195380,9.986620
1.195710,9.986620
1.196040,9.986620
1.196370,9.986620
1.196700,9.986620
1.197030,9.986620
1.197360,9.986620
1.197690,9.986620
1.198020,9.986620
1.198350,9.986620
1.198680,9.986620
1.199010,9.986620
1.199340,9.986620
1.199670,9.986620
1.200000,9.986620
1.200330,9.986620
1.200660,9.986620
1.200990,9.986620
1.201320,9.986620
1.201650,9.986620
1.201980,9.986620
1.202310,9.986620
1.202640,9.986620
1.202970,9.986620
1.203300,9.986620
1.203630,9.986620
1.203960,9.986620
1.204290,9.986620
1.204620,9.986620
1.204950,9.986620
1.205281,9.986620
1.205611,9.986620
1.205941,9.986620
1.206271,9.986620
1.206601,9.986620
1.206931,9.986620
1.207261,9.986620
1.207591,9.986620
1.207921,9.986620
1.208251,9.986620
1.208581,9.986620
1.208911,9.986620
1.209241,9.986620
1.209571,9.986620
1.209901,9.986620
1.210231,9.986620
1.210561,9.986620
1.210891,9.986620
1.211221,9.986620
1.211551,9.986620
1.211881,9.986620
1.212211,9.986620
1.212541,9.986620
1.212871,9.986620
1.213201,9.986620
1.213531,9.986620
1.213861,9.986620
1.214191,9.986620
1.214521,9.986620
1.214851,9.986620
1.215182,9.986620
1.215512,9.986620
1.215842,9.986620
1.216172,9.986620
1.216502,9.986620
1.216832,9.986620
1.217162,9.986620
1.217492,9.986620
1.217822,9.986620
1.218152,9.986620
1.218482,9.986620
1.218812,9.986620
1.219142,9.986620
1.219472,9.986620
1.219802,9.986620
1.220132,9.986620
1.220462,9.986620
1.220792,9.986620
1.221122,9.986620
1.221452,9.986620
1.221782,9.986620
1.222112,9.986620
1.222442,9.986620
1.222772,9.986620
1.223102,9.986620
1.223432,9.986620
1.223762,9.986620
1.224092,9.986620
1.224422,9.986620
1.224752,9.986620
1.225083,9.986620
1.225413,9.986620
1.225743,9.986620
1.226073,9.986620
1.226403,9.986620
1.226733,9.986620
1.227063,9.986620
1.227393,9.986620
1.227723,9.986620
1.228053,9.986620
1.228383,9.986620
1.228713,9.986620
1.229043,9.986620
1.229373,9.986620
1.229703,9.986620
1.230033,9.986620
1.230363,9.986620
1.230693,9.986620
1.231023,9.986620
1.231353,9.986620
1.231683,9.986620
1.232013,9.986620
1.232343,9.986620
1.232673,9.986620
1.233003,9.986620
1.233333,9.986620
1.233663,9.986620
1.233993,9.986620
1.234323,9.986620
1.234653,9.986620
1.234983,9.986620
1.235314,9.986620
1.235644,9.986620
1.235974,9.986620
1.236304,9.986620
1.236634,9.986620
1.236964,9.986620
1.237294,9.986620
1.237624,9.986620
1.237954,9.986620
1.238284,9.986620
1.238614,9.986620
1.238944,9.986620
1.239274,9.986620
1.239604,9.986620
1.239934,9.986620
1.240264,9.986620
1.240594,9.986620
1.240924,9.986620
1.241254,9.986620
1.241584,9.986620
1.241914,9.986620
1.242244,9.986620
1.242574,9.986620
1.242904,9.986620
1.243234,9.986620
1.243564,9.986620
1.243894,9.986620
1.244224,9.986620
1.244554,9.986620
1.244884,9.986620
1.245215,9.986620
1.245545,9.986620
1.245875,9.986620
1.246205,9.986620
1.246535,9.986620
1.246865,9.986620
1.247195,9.986620
1.247525,9.986620
1.247855,9.986620
1.248185,9.986620
1.248515,9.986620
1.248845,9.986620
1.249175,9.986620
1.249505,9.986620
1.249835,9.986620
1.250165,9.986620
1.250495,9.986620
1.250825,9.986620
1.251155,9.986620
1.251485,9.986620
1.251815,9.986620
1.252145,9.986620
1.252475,9.986620
1.252805,9.986620
1.253135,9.986620
1.253465,9.986620
1.253795,9.986620
1.254125,9.986620
1.254455,9.986620
1.254785,9.986620
1.255116,9.986620
1.255446,9.986620
1.255776,9.986620
1.256106,9.986620
1.256436,9.986620
1.256766,9.986620
1.257096,9.986620
1.257426,9.986620
1.257756,9.986620
1.258086,9.986620
1.258416,9.986620
1.258746,9.986620
1.259076,9.986620
1.259406,9.986620
1.259736,9.986620
1.260066,9.986620
1.260396,9.986620
1.260726,9.986620
1.261056,9.986620
1.261386,9.986620
1.261716,9.986620
1.262046,9.986620
1.262376,9.986620
1.262706,9.986620
1.263036,9.986620
1.263366,9.986620
1.263696,9.986620
1.264026,9.986620
1.264356,9.986620
1.264686,9.986620
1.265017,9.986620
1.265347,9.986620
1.265677,9.986620
1.266007,9.986620
1.266337,9.986620
1.266667,9.986620
1.266997,9.986620
1.267327,9.986620
1.267657,9.986620
1.267987,9.986620
1.268317,9.986620
1.268647,9.986620
1.268977,9.986620
1.269307,9.986620
1.269637,9.986620
1.269967,9.986620
1.270297,9.986620
1.270627,9.986620
1.270957,9.986620
1.271287,9.986620
1.271617,9.986620
1.271947,9.986620
1.272277,9.986620
1.272607,9.986620
1.272937,9.986620
1.273267,9.986620
1.273597,9.986620
1.273927,9.986620
1.274257,9.986620
1.274587,9.986620
1.274917,9.986620
1.275248,9.986620
1.275578,9.986620
1.275908,9.986620
1.276238,9.986620
1.276568,9.986620
1.276898,9.986620
1.277228,9.986620
1.277558,9.986620
1.277888,9.986620
1.278218,9.986620
1.278548,9.986620
1.278878,9.986620
1.279208,9.986620
1.279538,9.986620
1.279868,9.986620
1.280198,9.986620
1.280528,9.986620
1.280858,9.986620
1.281188,9.986620
1.281518,9.986620
1.281848,9.986620
1.282178,9.986620
1.282508,9.986620
1.282838,9.986620
1.283168,9.986620
1.283498,9.986620
1.283828,9.986620
1.284158,9.986620
1.284488,9.986620
1.284818,9.986620
1.285149,9.986620
1.285479,9.986620
1.285809,9.986620
1.286139,9.986620
1.286469,9.986620
1.286799,9.986620
1.287129,9.986620
1.287459,9.986620
1.287789,9.986620
1.288119,9.986620
1.288449,9.986620
1.288779,9.986620
1.289109,9.986620
1.289439,9.986620
1.289769,9.986620
1.290099,9.986620
1.290429,9.986620
1.290759,9.986620
1.291089,9.986620
1.291419,9.986620
1.291749,9.986620
1.292079,9.986620
1.292409,9.986620
1.292739,9.986620
1.293069,9.986620
1.293399,9.986620
1.293729,9.986620
1.294059,9.986620
1.294389,9.986620
1.294719,9.986620
1.295050,9.986620
1.295380,9.986620
1.295710,9.986620
1.296040,9.986620
1.296370,9.986620
1.296700,9.986620
1.297030,9.986620
1.297360,9.986620
1.297690,9.986620
1.298020,9.986620
1.298350,9.986620
1.298680,9.986620
1.299010,9.986620
1.299340,9.986620
1.299670,9.986620
1.300000,9.986620
1.300330,9.986620
1.300660,9.986620
1.300990,9.986620
1.301320,9.986620
1.301650,9.986620
1.301980,9.986620
1.302310,9.986620
1.302640,9.986620
1.302970,9.986620
1.303300,9.986620
1.303630,9.986620
1.303960,9.986620
1.304290,9.986620
1.304620,9.986620
1.304950,9.986620
1.305281,9.986620
1.305611,9.986620
1.305941,9.986620
1.306271,9.986620
1.306601,9.986620
1.306931,9.986620
1.307261,9.986620
1.307591,9.986620
1.307921,9.986620
1.308251,9.986620
1.308581,9.986620
1.308911,9.986620
1.309241,9.986620
1.309571,9.986620
1.309901,9.986620
1.310231,9.986620
1.310561,9.986620
1.310891,9.986620
1.311221,9.986620
1.311551,9.986620
1.311881,9.986620
1.312211,9.986620
1.312541,9.986620
1.312871,9.986620
1.313201,9.986620
1.313531,9.986620
1.313861,9.986620
1.314191,9.986620
1.314521,9.986620
1.314851,9.986620
1.315182,9.986620
1.315512,9.986620
1.315842,9.986620
1.316172,9.986620
1.316502,9.986620
1.316832,9.986620
1.317162,9.986620
1.317492,9.986620
1.317822,9.986620
1.318152,9.986620
1.318482,9.986620
1.318812,9.986620
1.319142,9.986620
1.319472,9.986620
1.319802,9.986620
1.320132,9.986620
1.320462,9.986620
1.320792,9.986620
1.321122,9.986620
1.321452,9.986620
1.321782,9.986620
1.322112,9.986620
1.322442,9.986620
1.322772,9.986620
1.323102,9.986620
1.323432,9.986620
1.323762,9.986620
1.324092,9.986620
1.324422,9.986620
1.324752,9.986620
1.325083,9.986620
1.325413,9.986620
1.325743,9.986620
1.326073,9.986620
1.326403,9.986620
1.326733,9.986620
1.327063,9.986620
1.327393,9.986620
1.327723,9.986620
1.328053,9.986620
1.328383,9.986620
1.328713,9.986620
1.329043,9.986620
1.329373,9.986620
1.329703,9.986620
1.330033,9.986620
1.330363,9.986620
1.330693,9.986620
1.331023,9.986620
1.331353,9.986620
1.331683,9.986620
1.332013,9.986620
1.332343,9.986620
1.332673,9.986620
1.333003,9.986620
1.333333,9.986620
1.333663,9.986620
1.333993,9.986620
1.334323,9.986620
1.334653,9.986620
1.334983,9.986620
1.335314,9.986620
1.335644,9.986620
1.335974,9.986620
1.336304,9.986620
1.336634,9.986620
1.336964,9.986620
1.337294,9.986620
1.337624,9.986620
1.337954,9.986620
1.338284,9.986620
1.338614,9.986620
1.338944,9.986620
1.339274,9.986620
1.339604,9.986620
1.339934,9.986620
1.340264,9.986620
1.340594,9.986620
1.340924,9.986620
1.341254,9.986620
1.341584,9.986620
1.341914,9.986620
1.342244,9.986620
1.342574,9.986620
1.342904,9.986620
1.343234,9.986620
1.343564,9.986620
1.343894,9.986620
1.344224,9.986620
1.344554,9.986620
1.344884,9.986620
1.345215,9.986620
1.345545,9.986620
1.345875,9.986620
1.346205,9.986620
1.346535,9.986620
1.346865,9.986620
1.347195,9.986620
1.347525,9.986620
1.347855,9.986620
1.348185,9.986620
1.348515,9.986620
1.348845,9.986620
1.349175,9.986620
1.349505,9.986620
1.349835,9.986620
1.350165,9.986620
1.350495,9.986620
1.350825,9.986620
1.351155,9.986620
1.351485,9.986620
1.351815,9.986620
1.352145,9.986620
1.352475,9.986620
1.352805,9.986620
1.353135,9.986620
1.353465,9.986620
1.353795,9.986620
1.354125,9.986620
1.354455,9.986620
1.354785,9.986620
1.355116,9.986620
1.355446,9.986620
1.355776,9.986620
1.356106,9.986620
1.356436,9.986620
1.356766,9.986620
1.357096,9.986620
1.357426,9.986620
1.357756,9.986620
1.358086,9.986620
1.358416,9.986620
1.358746,9.986620
1.359076,9.986620
1.359406,9.986620
1.359736,9.986620
1.360066,9.986620
1.360396,9.986620
1.360726,9.986620
1.361056,9.986620
1.361386,9.986620
1.361716,9.986620
1.362046,9.986620
1.362376,9.986620
1.362706,9.986620
1.363036,9.986620
1.363366,9.986620
1.363696,9.986620
1.364026,9.986620
1.364356,9.986620
1.364686,9.986620
1.365017,9.986620
1.365347,9.986620
1.365677,9.986620
1.366007,9.986620
1.366337,9.986620
1.366667,9.986620
1.366997,9.986620
1.367327,9.986620
1.367657,9.986620
1.367987,9.986620
1.368317,9.986620
1.368647,9.986620
1.368977,9.986620
1.369307,9.986620
1.369637,9.986620
1.369967,9.986620
1.370297,9.986620
1.370627,9.986620
1.370957,9.986620
1.371287,9.986620
1.371617,9.986620
1.371947,9.986620
1.372277,9.986620
1.372607,9.986620
1.372937,9.986620
1.373267,9.986620
1.373597,9.986620
1.373927,9.986620
1.374257,9.986620
1.374587,9.986620
1.374917,9.986620
1.375248,9.986620
1.375578,9.986620
1.375908,9.986620
1.376238,9.986620
1.376568,9.986620
1.376898,9.986620
1.377228,9.986620
1.377558,9.986620
1.377888,9.986620
1.378218,9.986620
1.378548,9.986620
1.378878,9.986620
1.379208,9.986620
1.379538,9.986620
1.379868,9.986620
1.380198,9.986620
1.380528,9.986620
1.380858,9.986620
1.381188,9.986620
1.381518,9.986620
1.381848,9.986620
1.382178,9.986620
1.382508,9.986620
1.382838,9.986620
1.383168,9.986620
1.383498,9.986620
1.383828,9.986620
1.384158,9.986620
1.384488,9.986620
1.384818,9.986620
1.385149,9.986620
1.385479,9.986620
1.385809,9.986620
1.386139,9.986620
1.386469,9.986620
1.386799,9.986620
1.387129,9.986620
1.387459,9.986620
1.387789,9.986620
1.388119,9.986620
1.388449,9.986620
1.388779,9.986620
1.389109,9.986620
1.389439,9.986620
1.389769,9.986620
1.390099,9.986620
1.390429,9.986620
1.390759,9.986620
1.391089,9.986620
1.391419,9.986620
1.391749,9.986620
1.392079,9.986620
1.392409,9.986620
1.392739,9.986620
1.393069,9.986620
1.393399,9.986620
1.393729,9.986620
1.394059,9.986620
1.394389,9.986620
1.394719,9.986620
1.395050,9.986620
1.395380,9.986620
1.395710,9.986620
1.396040,9.986620
1.396370,9.986620
1.396700,9.986620
1.397030,9.986620
1.397360,9.986620
1.397690,9.986620
1.398020,9.986620
1.398350,9.986620
1.398680,9.986620
1.399010,9.986620
1.399340,9.986620
1.399670,9.986620
1.400000,9.986620
1.400330,9.986620
1.400660,9.986620
1.400990,9.986620
1.401320,9.986620
1.401650,9.986620
1.401980,9.986620
1.402310,9.986620
1.402640,9.986620
1.402970,9.986620
1.403300,9.986620
1.403630,9.986620
1.403960,9.986620
1.404290,9.986620
1.404620,9.986620
1.404950,9.986620
1.405281,9.986620
1.405611,9.986620
1.405941,9.986620
1.406271,9.986620
1.406601,9.986620
1.406931,9.986620
1.407261,9.986620
1.407591,9.986620
1.407921,9.986620
1.408251,9.986620
1.408581,9.986620
1.408911,9.986620
1.409241,9.986620
1.409571,9.986620
1.409901,9.986620
1.410231,9.986620
1.410561,9.986620
1.410891,9.986620
1.411221,9.986620
1.411551,9.986620
1.411881,9.986620
1.412211,9.986620
1.412541,9.986620
1.412871,9.986620
1.413201,9.986620
1.413531,9.986620
1.413861,9.986620
1.414191,9.986620
1.414521,9.986620
1.414851,9.986620
1.415182,9.986620
1.415512,9.986620
1.415842,9.986620
1.416172,9.986620
1.416502,9.986620
1.416832,9.986620
1.417162,9.986620
1.417492,9.986620
1.417822,9.986620
1.418152,9.986620
1.418482,9.986620
1.418812,9.986620
1.419142,9.986620
1.419472,9.986620
1.419802,9.986620
1.420132,9.986620
1.420462,9.986620
1.420792,9.986620
1.421122,9.986620
1.421452,9.986620
1.421782,9.986620
1.422112,9.986620
1.422442,9.986620
1.422772,9.986620
1.423102,9.986620
1.423432,9.986620
1.423762,9.986620
1.424092,9.986620
1.424422,9.986620
1.424752,9.986620
1.425083,9.986620
1.425413,9.986620
1.425743,9.986620
1.426073,9.986620
1.426403,9.986620
1.426733,9.986620
1.427063,9.986620
1.427393,9.986620
1.427723,9.986620
1.428053,9.986620
1.428383,9.986620
1.428713,9.986620
1.429043,9.986620
1.429373,9.986620
1.429703,9.986620
1.430033,9.986620
1.430363,9.986620
1.430693,9.986620
1.431023,9.986620
1.431353,9.986620
1.431683,9.986620
1.432013,9.986620
1.432343,9.986620
1.432673,9.986620
1.433003,9.986620
1.433333,9.986620
1.433663,9.986620
1.433993,9.986620
1.434323,9.986620
1.434653,9.986620
1.434983,9.986620
1.435314,9.986620
1.435644,9.986620
1.435974,9.986620
1.436304,9.986620
1.436634,9.986620
1.436964,9.986620
1.437294,9.986620
1.437624,9.986620
1.437954,9.986620
1.438284,9.986620
1.438614,9.986620
1.438944,9.986620
1.439274,9.986620
1.439604,9.986620
1.439934,9.986620
1.440264,9.986620
1.440594,9.986620
1.440924,9.986620
1.441254,9.986620
1.441584,9.986620
1.441914,9.986620
1.442244,9.986620
1.442574,9.986620
1.442904,9.986620
1.443234,9.986620
1.443564,9.986620
1.443894,9.986620
1.444224,9.986620
1.444554,9.986620
1.444884,9.986620
1.445215,9.986620
1.445545,9.986620
1.445875,9.986620
1.446205,9.986620
1.446535,9.986620
1.446865,9.986620
1.447195,9.986620
1.447525,9.986620
1.447855,9.986620
1.448185,9.986620
1.448515,9.986620
1.448845,9.986620
1.449175,9.986620
1.449505,9.986620
1.449835,9.986620
1.450165,9.986620
1.450495,9.986620
1.450825,9.986620
1.451155,9.986620
1.451485,9.986620
1.451815,9.986620
1.452145,9.986620
1.452475,9.986620
1.452805,9.986620
1.453135,9.986620
1.453465,9.986620
1.453795,9.986620
1.454125,9.986620
1.454455,9.986620
1.454785,9.986620
1.455116,9.986620
1.455446,9.986620
1.455776,9.986620
1.456106,9.986620
1.456436,9.986620
1.456766,9.986620
1.457096,9.986620
1.457426,9.986620
1.457756,9.986620
1.458086,9.986620
1.458416,9.986620
1.458746,9.986620
1.459076,9.986620
1.459406,9.986620
1.459736,9.986620
1.460066,9.986620
1.460396,9.986620
1.460726,9.986620
1.461056,9.986620
1.461386,9.986620
1.461716,9.986620
1.462046,9.986620
1.462376,9.986620
1.462706,9.986620
1.463036,9.986620
1.463366,9.986620
1.463696,9.986620
1.464026,9.986620
1.464356,9.986620
1.464686,9.986620
1.465017,9.986620
1.465347,9.986620
1.465677,9.986620
1.466007,9.986620
1.466337,9.986620
1.466667,9.986620
1.466997,9.986620
1.467327,9.986620
1.467657,9.986620
1.467987,9.986620
1.468317,9.986620
1.468647,9.986620
1.468977,9.986620
1.469307,9.986620
1.469637,9.986620
1.469967,9.986620
1.470297,9.986620
1.470627,9.986620
1.470957,9.986620
1.471287,9.986620
1.471617,9.986620
1.471947,9.986620
1.472277,9.986620
1.472607,9.986620
1.472937,9.986620
1.473267,9.986620
1.473597,9.986620
1.473927,9.986620
1.474257,9.986620
1.474587,9.986620
1.474917,9.986620
1.475248,9.986620
1.475578,9.986620
1.475908,9.986620
1.476238,9.986620
1.476568,9.986620
1.476898,9.986620
1.477228,9.986620
1.477558,9.986620
1.477888,9.986620
1.478218,9.986620
1.478548,9.986620
1.478878,9.986620
1.479208,9.986620
1.479538,9.986620
1.479868,9.986620
1.480198,9.986620
1.480528,9.986620
1.480858,9.986620
1.481188,9.986620
1.481518,9.986620
1.481848,9.986620
1.482178,9.986620
1.482508,9.986620
1.482838,9.986620
1.483168,9.986620
1.483498,9.986620
1.483828,9.986620
1.484158,9.986620
1.484488,9.986620
1.484818,9.986620
1.485149,9.986620
1.485479,9.986620
1.485809,9.986620
1.486139,9.986620
1.486469,9.986620
1.486799,9.986620
1.487129,9.986620
1.487459,9.986620
1.487789,9.986620
1.488119,9.986620
1.488449,9.986620
1.488779,9.986620
1.489109,9.986620
1.489439,9.986620
1.489769,9.986620
1.490099,9.986620
1.490429,9.986620
1.490759,9.986620
1.491089,9.986620
1.491419,9.986620
1.491749,9.986620
1.492079,9.986620
1.492409,9.986620
1.492739,9.986620
1.493069,9.986620
1.493399,9.986620
1.493729,9.986620
1.494059,9.986620
1.494389,9.986620
1.494719,9.986620
1.495050,9.986620
1.495380,9.986620
1.495710,9.986620
1.496040,9.986620
1.496370,9.986620
1.496700,9.986620
1.497030,9.986620
1.497360,9.986620
1.497690,9.986620
1.498020,9.986620
1.498350,9.986620
1.498680,9.986620
1.499010,9.986620
1.499340,9.986620
1.499670,9.986620
1.500000,9.986620
1.500330,9.986620
1.500660,9.986620
1.500990,9.986620
1.501320,9.986620
1.501650,9.986620
1.501980,9.986620
1.502310,9.986620
1.502640,9.986620
1.502970,9.986620
1.503300,9.986620
1.503630,9.986620
1.503960,9.986620
1.504290,9.986620
1.504620,9.986620
1.504950,9.986620
1.505281,9.986620
1.505611,9.986620
1.505941,9.986620
1.506271,9.986620
1.506601,9.986620
1.506931,9.986620
1.507261,9.986620
1.507591,9.986620
1.507921,9.986620
1.508251,9.986620
1.508581,9.986620
1.508911,9.986620
1.509241,9.986620
1.509571,9.986620
1.509901,9.986620
1.510231,9.986620
1.510561,9.986620
1.510891,9.986620
1.511221,9.986620
1.511551,9.986620
1.511881,9.986620
1.512211,9.986620
1.512541,9.986620
1.512871,9.986620
1.513201,9.986620
1.513531,9.986620
1.513861,9.986620
1.514191,9.986620
1.514521,9.986620
1.514851,9.986620
1.515182,9.986620
1.515512,9.986620
1.515842,9.986620
1.516172,9.986620
1.516502,9.986620
1.516832,9.986620
1.517162,9.986620
1.517492,9.986620
1.517822,9.986620
1.518152,9.986620
1.518482,9.986620
1.518812,9.986620
1.519142,9.986620
1.519472,9.986620
1.519802,9.986620
1.520132,9.986620
1.520462,9.986620
1.520792,9.986620
1.521122,9.986620
1.521452,9.986620
1.521782,9.986620
1.522112,9.986620
1.522442,9.986620
1.522772,9.986620
1.523102,9.986620
1.523432,9.986620
1.523762,9.986620
1.524092,9.986620
1.524422,9.986620
1.524752,9.986620
1.525083,9.986620
1.525413,9.986620
1.525743,9.986620
1.526073,9.986620
1.526403,9.986620
1.526733,9.986620
1.527063,9.986620
1.527393,9.986620
1.527723,9.986620
1.528053,9.986620
1.528383,9.986620
1.528713,9.986620
1.529043,9.986620
1.529373,9.986620
1.529703,9.986620
1.530033,9.986620
1.530363,9.986620
1.530693,9.986620
1.531023,9.986620
1.531353,9.986620
1.531683,9.986620
1.532013,9.986620
1.532343,9.986620
1.532673,9.986620
1.533003,9.986620
1.533333,9.986620
1.533663,9.986620
1.533993,9.986620
1.534323,9.986620
1.534653,9.986620
1.534983,9.986620
1.535314,9.986620
1.535644,9.986620
1.535974,9.986620
1.536304,9.986620
1.536634,9.986620
1.536964,9.986620
1.537294,9.986620
1.537624,9.986620
1.537954,9.986620
1.538284,9.986620
1.538614,9.986620
1.538944,9.986620
1.539274,9.986620
1.539604,9.986620
1.539934,9.986620
1.540264,9.986620
1.540594,9.986620
1.540924,9.986620
1.541254,9.986620
1.541584,9.986620
1.541914,9.986620
1.542244,9.986620
1.542574,9.986620
1.542904,9.986620
1.543234,9.986620
1.543564,9.986620
1.543894,9.986620
1.544224,9.986620
1.544554,9.986620
1.544884,9.986620
1.545215,9.986620
1.545545,9.986620
1.545875,9.986620
1.546205,9.986620
1.546535,9.986620
1.546865,9.986620
1.547195,9.986620
1.547525,9.986620
1.547855,9.986620
1.548185,9.986620
1.548515,9.986620
1.548845,9.986620
1.549175,9.986620
1.549505,9.986620
1.549835,9.986620
1.550165,9.986620
1.550495,9.986620
1.550825,9.986620
1.551155,9.986620
1.551485,9.986620
1.551815,9.986620
1.552145,9.986620
1.552475,9.986620
1.552805,9.986620
1.553135,9.986620
1.553465,9.986620
1.553795,9.986620
1.554125,9.986620
1.554455,9.986620
1.554785,9.986620
1.555116,9.986620
1.555446,9.986620
1.555776,9.986620
1.556106,9.986620
1.556436,9.986620
1.556766,9.986620
1.557096,9.986620
1.557426,9.986620
1.557756,9.986620
1.558086,9.986620
1.558416,9.986620
1.558746,9.986620
1.559076,9.986620
1.559406,9.986620
1.559736,9.986620
1.560066,9.986620
1.560396,9.986620
1.560726,9.986620
1.561056,9.986620
1.561386,9.986620
1.561716,9.986620
1.562046,9.986620
1.562376,9.986620
1.562706,9.986620
1.563036,9.986620
1.563366,9.986620
1.563696,9.986620
1.564026,9.986620
1.564356,9.986620
1.564686,9.986620
1.565017,9.986620
1.565347,9.986620
1.565677,9.986620
1.566007,9.986620
1.566337,9.986620
1.566667,9.986620
1.566997,9.986620
1.567327,9.986620
1.567657,9.986620
1.567987,9.986620
1.568317,9.986620
1.568647,9.986620
1.568977,9.986620
1.569307,9.986620
1.569637,9.986620
1.569967,9.986620
1.570297,9.986620
1.570627,9.986620
1.570957,9.986620
1.571287,9.986620
1.571617,9.986620
1.571947,9.986620
1.572277,9.986620
1.572607,9.986620
1.572937,9.986620
1.573267,9.986620
1.573597,9.986620
1.573927,9.986620
1.574257,9.986620
1.574587,9.986620
1.574917,9.986620
1.575248,9.986620
1.575578,9.986620
1.575908,9.986620
1.576238,9.986620
1.576568,9.986620
1.576898,9.986620
1.577228,9.986620
1.577558,9.986620
1.577888,9.986620
1.578218,9.986620
1.578548,9.986620
1.578878,9.986620
1.579208,9.986620
1.579538,9.986620
1.579868,9.986620
1.580198,9.986620
1.580528,9.986620
1.580858,9.986620
1.581188,9.986620
1.581518,9.986620
1.581848,9.986620
1.582178,9.986620
1.582508,9.986620
1.582838,9.986620
1.583168,9.986620
1.583498,9.986620
1.583828,9.986620
1.584158,9.986620
1.584488,9.986620
1.584818,9.986620
1.585149,9.986620
1.585479,9.986620
1.585809,9.986620
1.586139,9.986620
1.586469,9.986620
1.586799,9.986620
1.587129,9.986620
1.587459,9.986620
1.587789,9.986620
1.588119,9.986620
1.588449,9.986620
1.588779,9.986620
1.589109,9.986620
1.589439,9.986620
1.589769,9.986620
1.590099,9.986620
1.590429,9.986620
1.590759,9.986620
1.591089,9.986620
1.591419,9.986620
1.591749,9.986620
1.592079,9.986620
1.592409,9.986620
1.592739,9.986620
1.593069,9.986620
1.593399,9.986620
1.593729,9.986620
1.594059,9.986620
1.594389,9.986620
1.594719,9.986620
1.595050,9.986620
1.595380,9.986620
1.595710,9.986620
1.596040,9.986620
1.596370,9.986620
1.596700,9.986620
1.597030,9.986620
1.597360,9.986620
1.597690,9.986620
1.598020,9.986620
1.598350,9.986620
1.598680,9.986620
1.599010,9.986620
1.599340,9.986620
1.599670,9.986620
1.600000,9.986620
1.600330,9.986620
1.600660,9.986620
1.600990,9.986620
1.601320,9.986620
1.601650,9.986620
1.601980,9.986620
1.602310,9.986620
1.602640,9.986620
1.602970,9.986620
1.603300,9.986620
1.603630,9.986620
1.603960,9.986620
1.604290,9.986620
1.604620,9.986620
1.604950,9.986620
1.605281,9.986620
1.605611,9.986620
1.605941,9.986620
1.606271,9.986620
1.606601,9.986620
1.606931,9.986620
1.607261,9.986620
1.607591,9.986620
1.607921,9.986620
1.608251,9.986620
1.608581,9.986620
1.608911,9.986620
1.609241,9.986620
1.609571,9.986620
1.609901,9.986620
1.610231,9.986620
1.610561,9.986620
1.610891,9.986620
1.611221,9.986620
1.611551,9.986620
1.611881,9.986620
1.612211,9.986620
1.612541,9.986620
1.612871,9.986620
1.613201,9.986620
1.613531,9.986620
1.613861,9.986620
1.614191,9.986620
1.614521,9.986620
1.614851,9.986620
1.615182,9.986620
1.615512,9.986620
1.615842,9.986620
1.616172,9.986620
1.616502,9.986620
1.616832,9.986620
1.617162,9.986620
1.617492,9.986620
1.617822,9.986620
1.618152,9.986620
1.618482,9.986620
1.618812,9.986620
1.619142,9.986620
1.619472,9.986620
1.619802,9.986620
1.620132,9.986620
1.620462,9.986620
1.620792,9.986620
1.621122,9.986620
1.621452,9.986620
1.621782,9.986620
1.622112,9.986620
1.622442,9.986620
1.622772,9.986620
1.623102,9.986620
1.623432,9.986620
1.623762,9.986620
1.624092,9.986620
1.624422,9.986620
1.624752,9.986620
1.625083,9.986620
1.625413,9.986620
1.625743,9.986620
1.626073,9.986620
1.626403,9.986620
1.626733,9.986620
1.627063,9.986620
1.627393,9.986620
1.627723,9.986620
1.628053,9.986620
1.628383,9.986620
1.628713,9.986620
1.629043,9.986620
1.629373,9.986620
1.629703,9.986620
1.630033,9.986620
1.630363,9.986620
1.630693,9.986620
1.631023,9.986620
1.631353,9.986620
1.631683,9.986620
1.632013,9.986620
1.632343,9.986620
1.632673,9.986620
1.633003,9.986620
1.633333,9.986620
1.633663,9.986620
1.633993,9.986620
1.634323,9.986620
1.634653,9.986620
1.634983,9.986620
1.635314,9.986620
1.635644,9.986620
1.635974,9.986620
1.636304,9.986620
1.636634,9.986620
1.636964,9.986620
1.637294,9.986620
1.637624,9.986620
1.637954,9.986620
1.638284,9.986620
1.638614,9.986620
1.638944,9.986620
1.639274,9.986620
1.639604,9.986620
1.639934,9.986620
1.640264,9.986620
1.640594,9.986620
1.640924,9.986620
1.641254,9.986620
1.641584,9.986620
1.641914,9.986620
1.642244,9.986620
1.642574,9.986620
1.642904,9.986620
1.643234,9.986620
1.643564,9.986620
1.643894,9.986620
1.644224,9.986620
1.644554,9.986620
1.644884,9.986620
1.645215,9.986620
1.645545,9.986620
1.645875,9.986620
1.646205,9.986620
1.646535,9.986620
1.646865,9.986620
1.647195,9.986620
1.647525,9.986620
1.647855,9.986620
1.648185,9.986620
1.648515,9.986620
1.648845,9.986620
1.649175,9.986620
1.649505,9.986620
1.649835,9.986620
1.650165,9.986620
1.650495,9.986620
1.650825,9.986620
1.651155,9.986620
1.651485,9.986620
1.651815,9.986620
1.652145,9.986620
1.652475,9.986620
1.652805,9.986620
1.653135,9.986620
1.653465,9.986620
1.653795,9.986620
1.654125,9.986620
1.654455,9.986620
1.654785,9.986620
1.655116,9.986620
1.655446,9.986620
1.655776,9.986620
1.656106,9.986620
1.656436,9.986620
1.656766,9.986620
1.657096,9.986620
1.657426,9.986620
1.657756,9.986620
1.658086,9.986620
1.658416,9.986620
1.658746,9.986620
1.659076,9.986620
1.659406,9.986620
1.659736,9.986620
1.660066,9.986620
1.660396,9.986620
1.660726,9.986620
1.661056,9.986620
1.661386,9.986620
1.661716,9.986620
1.662046,9.986620
1.662376,9.986620
1.662706,9.986620
1.663036,9.986620
1.663366,9.986620
1.663696,9.986620
1.664026,9.986620
1.664356,9.986620
1.664686,9.986620
1.665017,9.986620
1.665347,9.986620
1.665677,9.986620
1.666007,9.986620
1.666337,9.986620
1.666667,9.986620
1.666997,9.986620
1.667327,9.986620
1.667657,9.986620
1.667987,9.986620
1.668317,9.986620
1.668647,9.986620
1.668977,9.986620
1.669307,9.986620
1.669637,9.986620
1.669967,9.986620
1.670297,9.986620
1.670627,9.986620
1.670957,9.986620
1.671287,9.986620
1.671617,9.986620
1.671947,9.986620
1.672277,9.986620
1.672607,9.986620
1.672937,9.986620
1.673267,9.986620
1.673597,9.986620
1.673927,9.986620
1.674257,9.986620
1.674587,9.986620
1.674917,9.986620
1.675248,9.986620
1.675578,9.986620
1.675908,9.986620
1.676238,9.986620
1.676568,9.986620
1.676898,9.986620
1.677228,9.986620
1.677558,9.986620
1.677888,9.986620
1.678218,9.986620
1.678548,9.986620
1.678878,9.986620
1.679208,9.986620
1.679538,9.986620
1.679868,9.986620
1.680198,9.986620
1.680528,9.986620
1.680858,9.986620
1.681188,9.986620
1.681518,9.986620
1.681848,9.986620
1.682178,9.986620
1.682508,9.986620
1.682838,9.986620
1.683168,9.986620
1.683498,9.986620
1.683828,9.986620
1.684158,9.986620
1.684488,9.986620
1.684818,9.986620
1.685149,9.986620
1.685479,9.986620
1.685809,9.986620
1.686139,9.986620
1.686469,9.986620
1.686799,9.986620
1.687129,9.986620
1.687459,9.986620
1.687789,9.986620
1.688119,9.986620
1.688449,9.986620
1.688779,9.986620
1.689109,9.986620
1.689439,9.986620
1.689769,9.986620
1.690099,9.986620
1.690429,9.986620
1.690759,9.986620
1.691089,9.986620
1.691419,9.986620
1.691749,9.986620
1.692079,9.986620
1.692409,9.986620
1.692739,9.986620
1.693069,9.986620
1.693399,9.986620
1.693729,9.986620
1.694059,9.986620
1.694389,9.986620
1.694719,9.986620
1.695050,9.986620
1.695380,9.986620
1.695710,9.986620
1.696040,9.986620
1.696370,9.986620
1.696700,9.986620
1.697030,9.986620
1.697360,9.986620
1.697690,9.986620
1.698020,9.986620
1.698350,9.986620
1.698680,9.986620
1.699010,9.986620
1.699340,9.986620
1.699670,9.986620
1.700000,9.986620
1.700330,9.986620
1.700660,9.986620
1.700990,9.986620
1.701320,9.986620
1.701650,9.986620
1.701980,9.986620
1.702310,9.986620
1.702640,9.986620
1.702970,9.986620
1.703300,9.986620
1.703630,9.986620
1.703960,9.986620
1.704290,9.986620
1.704620,9.986620
1.704950,9.986620
1.705281,9.986620
1.705611,9.986620
1.705941,9.986620
1.706271,9.986620
1.706601,9.986620
1.706931,9.986620
1.707261,9.986620
1.707591,9.986620
1.707921,9.986620
1.708251,9.986620
1.708581,9.986620
1.708911,9.986620
1.709241,9.986620
1.709571,9.986620
1.709901,9.986620
1.710231,9.986620
1.710561,9.986620
1.710891,9.986620
1.711221,9.986620
1.711551,9.986620
1.711881,9.986620
1.712211,9.986620
1.712541,9.986620
1.712871,9.986620
1.713201,9.986620
1.713531,9.986620
1.713861,9.986620
1.714191,9.986620
1.714521,9.986620
1.714851,9.986620
1.715182,9.986620
1.715512,9.986620
1.715842,9.986620
1.716172,9.986620
1.716502,9.986620
1.716832,9.986620
1.717162,9.986620
1.717492,9.986620
1.717822,9.986620
1.718152,9.986620
1.718482,9.986620
1.718812,9.986620
1.719142,9.986620
1.719472,9.986620
1.719802,9.986620
1.720132,9.986620
1.720462,9.986620
1.720792,9.986620
1.721122,9.986620
1.721452,9.986620
1.721782,9.986620
1.722112,9.986620
1.722442,9.986620
1.722772,9.986620
1.723102,9.986620
1.723432,9.986620
1.723762,9.986620
1.724092,9.986620
1.724422,9.986620
1.724752,9.986620
1.725083,9.986620
1.725413,9.986620
1.725743,9.986620
1.726073,9.986620
1.726403,9.986620
1.726733,9.986620
1.727063,9.986620
1.727393,9.986620
1.727723,9.986620
1.728053,9.986620
1.728383,9.986620
1.728713,9.986620
1.729043,9.986620
1.729373,9.986620
1.729703,9.986620
1.730033,9.986620
1.730363,9.986620
1.730693,9.986620
1.731023,9.986620
1.731353,9.986620
1.731683,9.986620
1.732013,9.986620
1.732343,9.986620
1.732673,9.986620
1.733003,9.986620
1.733333,9.986620
1.733663,9.986620
1.733993,9.986620
1.734323,9.986620
1.734653,9.986620
1.734983,9.986620
1.735314,9.986620
1.735644,9.986620
1.735974,9.986620
1.736304,9.986620
1.736634,9.986620
1.736964,9.986620
1.737294,9.986620
1.737624,9.986620
1.737954,9.986620
1.738284,9.986620
1.738614,9.986620
1.738944,9.986620
1.739274,9.986620
1.739604,9.986620
1.739934,9.986620
1.740264,9.986620
1.740594,9.986620
1.740924,9.986620
1.741254,9.986620
1.741584,9.986620
1.741914,9.986620
1.742244,9.986620
1.742574,9.986620
1.742904,9.986620
1.743234,9.986620
1.743564,9.986620
1.743894,9.986620
1.744224,9.986620
1.744554,9.986620
1.744884,9.986620
1.745215,9.986620
1.745545,9.986620
1.745875,9.986620
1.746205,9.986620
1.746535,9.986620
1.746865,9.986620
1.747195,9.986620
1.747525,9.986620
1.747855,9.986620
1.748185,9.986620
1.748515,9.986620
1.748845,9.986620
1.749175,9.986620
1.749505,9.986620
1.749835,9.986620
1.750165,9.986620
1.750495,9.986620
1.750825,9.986620
1.751155,9.986620
1.751485,9.986620
1.751815,9.986620
1.752145,9.986620
1.752475,9.986620
1.752805,9.986620
1.753135,9.986620
1.753465,9.986620
1.753795,9.986620
1.754125,9.986620
1.754455,9.986620
1.754785,9.986620
1.755116,9.986620
1.755446,9.986620
1.755776,9.986620
1.756106,9.986620
1.756436,9.986620
1.756766,9.986620
1.757096,9.986620
1.757426,9.986620
1.757756,9.986620
1.758086,9.986620
1.758416,9.986620
1.758746,9.986620
1.759076,9.986620
1.759406,9.986620
1.759736,9.986620
1.760066,9.986620
1.760396,9.986620
1.760726,9.986620
1.761056,9.986620
1.761386,9.986620
1.761716,9.986620
1.762046,9.986620
1.762376,9.986620
1.762706,9.986620
1.763036,9.986620
1.763366,9.986620
1.763696,9.986620
1.764026,9.986620
1.764356,9.986620
1.764686,9.986620
1.765017,9.986620
1.765347,9.986620
1.765677,9.986620
1.766007,9.986620
1.766337,9.986620
1.766667,9.986620
1.766997,9.986620
1.767327,9.986620
1.767657,9.986620
1.767987,9.986620
1.768317,9.986620
1.768647,9.986620
1.768977,9.986620
1.769307,9.986620
1.769637,9.986620
1.769967,9.986620
1.770297,9.986620
1.770627,9.986620
1.770957,9.986620
1.771287,9.986620
1.771617,9.986620
1.771947,9.986620
1.772277,9.986620
1.772607,9.986620
1.772937,9.986620
1.773267,9.986620
1.773597,9.986620
1.773927,9.986620
1.774257,9.986620
1.774587,9.986620
1.774917,9.986620
1.775248,9.986620
1.775578,9.986620
1.775908,9.986620
1.776238,9.986620
1.776568,9.986620
1.776898,9.986620
1.777228,9.986620
1.777558,9.986620
1.777888,9.986620
1.778218,9.986620
1.778548,9.986620
1.778878,9.986620
1.779208,9.986620
1.779538,9.986620
1.779868,9.986620
1.780198,9.986620
1.780528,9.986620
1.780858,9.986620
1.781188,9.986620
1.781518,9.986620
1.781848,9.986620
1.782178,9.986620
1.782508,9.986620
1.782838,9.986620
1.783168,9.986620
1.783498,9.986620
1.783828,9.986620
1.784158,9.986620
1.784488,9.986620
1.784818,9.986620
1.785149,9.986620
1.785479,9.986620
1.785809,9.986620
1.786139,9.986620
1.786469,9.986620
1.786799,9.986620
1.787129,9.986620
1.787459,9.986620
1.787789,9.986620
1.788119,9.986620
1.788449,9.986620
1.788779,9.986620
1.789109,9.986620
1.789439,9.986620
1.789769,9.986620
1.790099,9.986620
1.790429,9.986620
1.790759,9.986620
1.791089,9.986620
1.791419,9.986620
1.791749,9.986620
1.792079,9.986620
1.792409,9.986620
1.792739,9.986620
1.793069,9.986620
1.793399,9.986620
1.793729,9.986620
1.794059,9.986620
1.794389,9.986620
1.794719,9.986620
1.795050,9.986620
1.795380,9.986620
1.795710,9.986620
1.796040,9.986620
1.796370,9.986620
1.796700,9.986620
1.797030,9.986620
1.797360,9.986620
1.797690,9.986620
1.798020,9.986620
1.798350,9.986620
1.798680,9.986620
1.799010,9.986620
1.799340,9.986620
1.799670,9.986620
1.800000,9.986620
1.800330,9.986620
1.800660,9.986620
1.800990,9.986620
1.801320,9.986620
1.801650,9.986620
1.801980,9.986620
1.802310,9.986620
1.802640,9.986620
1.802970,9.986620
1.803300,9.986620
1.803630,9.986620
1.803960,9.986620
1.804290,9.986620
1.804620,9.986620
1.804950,9.986620
1.805281,9.986620
1.805611,9.986620
1.805941,9.986620
1.806271,9.986620
1.806601,9.986620
1.806931,9.986620
1.807261,9.986620
1.807591,9.986620
1.807921,9.986620
1.808251,9.986620
1.808581,9.986620
1.808911,9.986620
1.809241,9.986620
1.809571,9.986620
1.809901,9.986620
1.810231,9.986620
1.810561,9.986620
1.810891,9.986620
1.811221,9.986620
1.811551,9.986620
1.811881,9.986620
1.812211,9.986620
1.812541,9.986620
1.812871,9.986620
1.813201,9.986620
1.813531,9.986620
1.813861,9.986620
1.814191,9.986620
1.814521,9.986620
1.814851,9.986620
1.815182,9.986620
1.815512,9.986620
1.815842,9.986620
1.816172,9.986620
1.816502,9.986620
1.816832,9.986620
1.817162,9.986620
1.817492,9.986620
1.817822,9.986620
1.818152,9.986620
1.818482,9.986620
1.818812,9.986620
1.819142,9.986620
1.819472,9.986620
1.819802,9.986620
1.820132,9.986620
1.820462,9.986620
1.820792,9.986620
1.821122,9.986620
1.821452,9.986620
1.821782,9.986620
1.822112,9.986620
1.822442,9.986620
1.822772,9.986620
1.823102,9.986620
1.823432,9.986620
1.823762,9.986620
1.824092,9.986620
1.824422,9.986620
1.824752,9.986620
1.825083,9.986620
1.825413,9.986620
1.825743,9.986620
1.826073,9.986620
1.826403,9.986620
1.826733,9.986620
1.827063,9.986620
1.827393,9.986620
1.827723,9.986620
1.828053,9.986620
1.828383,9.986620
1.828713,9.986620
1.829043,9.986620
1.829373,9.986620
1.829703,9.986620
1.830033,9.986620
1.830363,9.986620
1.830693,9.986620
1.831023,9.986620
1.831353,9.986620
1.831683,9.986620
1.832013,9.986620
1.832343,9.986620
1.832673,9.986620
1.833003,9.986620
1.833333,9.986620
1.833663,9.986620
1.833993,9.986620
1.834323,9.986620
1.834653,9.986620
1.834983,9.986620
1.835314,9.986620
1.835644,9.986620
1.835974,9.986620
1.836304,9.986620
1.836634,9.986620
1.836964,9.986620
1.837294,9.986620
1.837624,9.986620
1.837954,9.986620
1.838284,9.986620
1.838614,9.986620
1.838944,9.986620
1.839274,9.986620
1.839604,9.986620
1.839934,9.986620
1.840264,9.986620
1.840594,9.986620
1.840924,9.986620
1.841254,9.986620
1.841584,9.986620
1.841914,9.986620
1.842244,9.986620
1.842574,9.986620
1.842904,9.986620
1.843234,9.986620
1.843564,9.986620
1.843894,9.986620
1.844224,9.986620
1.844554,9.986620
1.844884,9.986620
1.845215,9.986620
1.845545,9.986620
1.845875,9.986620
1.846205,9.986620
1.846535,9.986620
1.846865,9.986620
1.847195,9.986620
1.847525,9.986620
1.847855,9.986620
1.848185,9.986620
1.848515,9.986620
1.848845,9.986620
1.849175,9.986620
1.849505,9.986620
1.849835,9.986620
1.850165,9.986620
1.850495,9.986620
1.850825,9.986620
1.851155,9.986620
1.851485,9.986620
1.851815,9.986620
1.852145,9.986620
1.852475,9.986620
1.852805,9.986620
1.853135,9.986620
1.853465,9.986620
1.853795,9.986620
1.854125,9.986620
1.854455,9.986620
1.854785,9.986620
1.855116,9.986620
1.855446,9.986620
1.855776,9.986620
1.856106,9.986620
1.856436,9.986620
1.856766,9.986620
1.857096,9.986620
1.857426,9.986620
1.857756,9.986620
1.858086,9.986620
1.858416,9.986620
1.858746,9.986620
1.859076,9.986620
1.859406,9.986620
1.859736,9.986620
1.860066,9.986620
1.860396,9.986620
1.860726,9.986620
1.861056,9.986620
1.861386,9.986620
1.861716,9.986620
1.862046,9.986620
1.862376,9.986620
1.862706,9.986620
1.863036,9.986620
1.863366,9.986620
1.863696,9.986620
1.864026,9.986620
1.864356,9.986620
1.864686,9.986620
1.865017,9.986620
1.865347,9.986620
1.865677,9.986620
1.866007,9.986620
1.866337,9.986620
1.866667,9.986620
1.866997,9.986620
1.867327,9.986620
1.867657,9.986620
1.867987,9.986620
1.868317,9.986620
1.868647,9.986620
1.868977,9.986620
1.869307,9.986620
1.869637,9.986620
1.869967,9.986620
1.870297,9.986620
1.870627,9.986620
1.870957,9.986620
1.871287,9.986620
1.871617,9.986620
1.871947,9.986620
1.872277,9.986620
1.872607,9.986620
1.872937,9.986620
1.873267,9.986620
1.873597,9.986620
1.873927,9.986620
1.874257,9.986620
1.874587,9.986620
1.874917,9.986620
1.875248,9.986620
1.875578,9.986620
1.875908,9.986620
1.876238,9.986620
1.876568,9.986620
1.876898,9.986620
1.877228,9.986620
1.877558,9.986620
1.877888,9.986620
1.878218,9.986620
1.878548,9.986620
1.878878,9.986620
1.879208,9.986620
1.879538,9.986620
1.879868,9.986620
1.880198,9.986620
1.880528,9.986620
1.880858,9.986620
1.881188,9.986620
1.881518,9.986620
1.881848,9.986620
1.882178,9.986620
1.882508,9.986620
1.882838,9.986620
1.883168,9.986620
1.883498,9.986620
1.883828,9.986620
1.884158,9.986620
1.884488,9.986620
1.884818,9.986620
1.885149,9.986620
1.885479,9.986620
1.885809,9.986620
1.886139,9.986620
1.886469,9.986620
1.886799,9.986620
1.887129,9.986620
1.887459,9.986620
1.887789,9.986620
1.888119,9.986620
1.888449,9.986620
1.888779,9.986620
1.889109,9.986620
1.889439,9.986620
1.889769,9.986620
1.890099,9.986620
1.890429,9.986620
1.890759,9.986620
1.891089,9.986620
1.891419,9.986620
1.891749,9.986620
1.892079,9.986620
1.892409,9.986620
1.892739,9.986620
1.893069,9.986620
1.893399,9.986620
1.893729,9.986620
1.894059,9.986620
1.894389,9.986620
1.894719,9.986620
1.895050,9.986620
1.895380,9.986620
1.895710,9.986620
1.896040,9.986620
1.896370,9.986620
1.896700,9.986620
1.897030,9.986620
1.897360,9.986620
1.897690,9.986620
1.898020,9.986620
1.898350,9.986620
1.898680,9.986620
1.899010,9.986620
1.899340,9.986620
1.899670,9.986620
1.900000,9.986620
1.900330,9.986620
1.900660,9.986620
1.900990,9.986620
1.901320,9.986620
1.901650,9.986620
1.901980,9.986620
1.902310,9.986620
1.902640,9.986620
1.902970,9.986620
1.903300,9.986620
1.903630,9.986620
1.903960,9.986620
1.904290,9.986620
1.904620,9.986620
1.904950,9.986620
1.905281,9.986620
1.905611,9.986620
1.905941,9.986620
1.906271,9.986620
1.906601,9.986620
1.906931,9.986620
1.907261,9.986620
1.907591,9.986620
1.907921,9.986620
1.908251,9.986620
1.908581,9.986620
1.908911,9.986620
1.909241,9.986620
1.909571,9.986620
1.909901,9.986620
1.910231,9.986620
1.910561,9.986620
1.910891,9.986620
1.911221,9.986620
1.911551,9.986620
1.911881,9.986620
1.912211,9.986620
1.912541,9.986620
1.912871,9.986620
1.913201,9.986620
1.913531,9.986620
1.913861,9.986620
1.914191,9.986620
1.914521,9.986620
1.914851,9.986620
1.915182,9.986620
1.915512,9.986620
1.915842,9.986620
1.916172,9.986620
1.916502,9.986620
1.916832,9.986620
1.917162,9.986620
1.917492,9.986620
1.917822,9.986620
1.918152,9.986620
1.918482,9.986620
1.918812,9.986620
1.919142,9.986620
1.919472,9.986620
1.919802,9.986620
1.920132,9.986620
1.920462,9.986620
1.920792,9.986620
1.921122,9.986620
1.921452,9.986620
1.921782,9.986620
1.922112,9.986620
1.922442,9.986620
1.922772,9.986620
1.923102,9.986620
1.923432,9.986620
1.923762,9.986620
1.924092,9.986620
1.924422,9.986620
1.924752,9.986620
1.925083,9.986620
1.925413,9.986620
1.925743,9.986620
1.926073,9.986620
1.926403,9.986620
1.926733,9.986620
1.927063,9.986620
1.927393,9.986620
1.927723,9.986620
1.928053,9.986620
1.928383,9.986620
1.928713,9.986620
1.929043,9.986620
1.929373,9.986620
1.929703,9.986620
1.930033,9.986620
1.930363,9.986620
1.930693,9.986620
1.931023,9.986620
1.931353,9.986620
1.931683,9.986620
1.932013,9.986620
1.932343,9.986620
1.932673,9.986620
1.933003,9.986620
1.933333,9.986620
1.933663,9.986620
1.933993,9.986620
1.934323,9.986620
1.934653,9.986620
1.934983,9.986620
1.935314,9.986620
1.935644,9.986620
1.935974,9.986620
1.936304,9.986620
1.936634,9.986620
1.936964,9.986620
1.937294,9.986620
1.937624,9.986620
1.937954,9.986620
1.938284,9.986620
1.938614,9.986620
1.938944,9.986620
1.939274,9.986620
1.939604,9.986620
1.939934,9.986620
1.940264,9.986620
1.940594,9.986620
1.940924,9.986620
1.941254,9.986620
1.941584,9.986620
1.941914,9.986620
1.942244,9.986620
1.942574,9.986620
1.942904,9.986620
1.943234,9.986620
1.943564,9.986620
1.943894,9.986620
1.944224,9.986620
1.944554,9.986620
1.944884,9.986620
1.945215,9.986620
1.945545,9.986620
1.945875,9.986620
1.946205,9.986620
1.946535,9.986620
1.946865,9.986620
1.947195,9.986620
1.947525,9.986620
1.947855,9.986620
1.948185,9.986620
1.948515,9.986620
1.948845,9.986620
1.949175,9.986620
1.949505,9.986620
1.949835,9.986620
1.950165,9.986620
1.950495,9.986620
1.950825,9.986620
1.951155,9.986620
1.951485,9.986620
1.951815,9.986620
1.952145,9.986620
1.952475,9.986620
1.952805,9.986620
1.953135,9.986620
1.953465,9.986620
1.953795,9.986620
1.954125,9.986620
1.954455,9.986620
1.954785,9.986620
1.955116,9.986620
1.955446,9.986620
1.955776,9.986620
1.956106,9.986620
1.956436,9.986620
1.956766,9.986620
1.957096,9.986620
1.957426,9.986620
1.957756,9.986620
1.958086,9.986620
1.958416,9.986620
1.958746,9.986620
1.959076,9.986620
1.959406,9.986620
1.959736,9.986620
1.960066,9.986620
1.960396,9.986620
1.960726,9.986620
1.961056,9.986620
1.961386,9.986620
1.961716,9.986620
1.962046,9.986620
1.962376,9.986620
1.962706,9.986620
1.963036,9.986620
1.963366,9.986620
1.963696,9.986620
1.964026,9.986620
1.964356,9.986620
1.964686,9.986620
1.965017,9.986620
1.965347,9.986620
1.965677,9.986620
1.966007,9.986620
1.966337,9.986620
1.966667,9.986620
1.966997,9.986620
1.967327,9.986620
1.967657,9.986620
1.967987,9.986620
1.968317,9.986620
1.968647,9.986620
1.968977,9.986620
1.969307,9.986620
1.969637,9.986620
1.969967,9.986620
1.970297,9.986620
1.970627,9.986620
1.970957,9.986620
1.971287,9.986620
1.971617,9.986620
1.971947,9.986620
1.972277,9.986620
1.972607,9.986620
1.972937,9.986620
1.973267,9.986620
1.973597,9.986620
1.973927,9.986620
1.974257,9.986620
1.974587,9.986620
1.974917,9.986620
1.975248,9.986620
1.975578,9.986620
1.975908,9.986620
1.976238,9.986620
1.976568,9.986620
1.976898,9.986620
1.977228,9.986620
1.977558,9.986620
1.977888,9.986620
1.978218,9.986620
1.978548,9.986620
1.978878,9.986620
1.979208,9.986620
1.979538,9.986620
1.979868,9.986620
1.980198,9.986620
1.980528,9.986620
1.980858,9.986620
1.981188,9.986620
1.981518,9.986620
1.981848,9.986620
1.982178,9.986620
1.982508,9.986620
1.982838,9.986620
1.983168,9.986620
1.983498,9.986620
1.983828,9.986620
1.984158,9.986620
1.984488,9.986620
1.984818,9.986620
1.985149,9.986620
1.985479,9.986620
1.985809,9.986620
1.986139,9.986620
1.986469,9.986620
1.986799,9.986620
1.987129,9.986620
1.987459,9.986620
1.987789,9.986620
1.988119,9.986620
1.988449,9.986620
1.988779,9.986620
1.989109,9.986620
1.989439,9.986620
1.989769,9.986620
1.990099,9.986620
1.990429,9.986620
1.990759,9.986620
1.991089,9.986620
1.991419,9.986620
1.991749,9.986620
1.992079,9.986620
1.992409,9.986620
1.992739,9.986620
1.993069,9.986620
1.993399,9.986620
1.993729,9.986620
1.994059,9.986620
1.994389,9.986620
1.994719,9.986620
1.995050,9.986620
1.995380,9.986620
1.995710,9.986620
1.996040,9.986620
1.996370,9.986620
1.996700,9.986620
1.997030,9.986620
1.997360,9.986620
1.997690,9.986620
1.998020,9.986620
1.998350,9.986620
1.998680,9.986620
1.999010,9.986620
1.999340,9.986620
1.999670,9.986620
2.000000,9.986620
2.000330,9.986620
2.000660,9.986620
2.000990,9.986620
2.001320,9.986620
2.001650,9.986620
2.001980,9.986620
2.002310,9.986620
2.002640,9.986620
2.002970,9.986620
2.003300,9.986620
2.003630,9.986620
2.003960,9.986620
2.004290,9.986620
2.004620,9.986620
2.004950,9.986620
2.005281,9.986620
2.005611,9.986620
2.005941,9.986620
2.006271,9.986620
2.006601,9.986620
2.006931,9.986620
2.007261,9.986620
2.007591,9.986620
2.007921,9.986620
2.008251,9.986620
2.008581,9.986620
2.008911,9.986620
2.009241,9.986620
2.009571,9.986620
2.009901,9.986620
2.010231,9.986620
2.010561,9.986620
2.010891,9.986620
2.011221,9.986620
2.011551,9.986620
2.011881,9.986620
2.012211,9.986620
2.012541,9.986620
2.012871,9.986620
2.013201,9.986620
2.013531,9.986620
2.013861,9.986620
2.014191,9.986620
2.014521,9.986620
2.014851,9.986620
2.015182,9.986620
2.015512,9.986620
2.015842,9.986620
2.016172,9.986620
2.016502,9.986620
2.016832,9.986620
2.017162,9.986620
2.017492,9.986620
2.017822,9.986620
2.018152,9.986620
2.018482,9.986620
2.018812,9.986620
2.019142,9.986620
2.019472,9.986620
2.019802,9.986620
2.020132,9.986620
2.020462,9.986620
2.020792,9.986620
2.021122,9.986620
2.021452,9.986620
2.021782,9.986620
2.022112,9.986620
2.022442,9.986620
2.022772,9.986620
2.023102,9.986620
2.023432,9.986620
2.023762,9.986620
2.024092,9.986620
2.024422,9.986620
2.024752,9.986620
2.025083,9.986620
2.025413,9.986620
2.025743,9.986620
2.026073,9.986620
2.026403,9.986620
2.026733,9.986620
2.027063,9.986620
2.027393,9.986620
2.027723,9.986620
2.028053,9.986620
2.028383,9.986620
2.028713,9.986620
2.029043,9.986620
2.029373,9.986620
2.029703,9.986620
2.030033,9.986620
2.030363,9.986620
2.030693,9.986620
2.031023,9.986620
2.031353,9.986620
2.031683,9.986620
2.032013,9.986620
2.032343,9.986620
2.032673,9.986620
2.033003,9.986620
2.033333,9.986620
2.033663,9.986620
2.033993,9.986620
2.034323,9.986620
2.034653,9.986620
2.034983,9.986620
2.035314,9.986620
2.035644,9.986620
2.035974,9.986620
2.036304,9.986620
2.036634,9.986620
2.036964,9.986620
2.037294,9.986620
2.037624,9.986620
2.037954,9.986620
2.038284,9.986620
2.038614,9.986620
2.038944,9.986620
2.039274,9.986620
2.039604,9.986620
2.039934,9.986620
2.040264,9.986620
2.040594,9.986620
2.040924,9.986620
2.041254,9.986620
2.041584,9.986620
2.041914,9.986620
2.042244,9.986620
2.042574,9.986620
2.042904,9.986620
2.043234,9.986620
2.043564,9.986620
2.043894,9.986620
2.044224,9.986620
2.044554,9.986620
2.044884,9.986620
2.045215,9.986620
2.045545,9.986620
2.045875,9.986620
2.046205,9.986620
2.046535,9.986620
2.046865,9.986620
2.047195,9.986620
2.047525,9.986620
2.047855,9.986620
2.048185,9.986620
2.048515,9.986620
2.048845,9.986620
2.049175,9.986620
2.049505,9.986620
2.049835,9.986620
2.050165,9.986620
2.050495,9.986620
2.050825,9.986620
2.051155,9.986620
2.051485,9.986620
2.051815,9.986620
2.052145,9.986620
2.052475,9.986620
2.052805,9.986620
2.053135,9.986620
2.053465,9.986620
2.053795,9.986620
2.054125,9.986620
2.054455,9.986620
2.054785,9.986620
2.055116,9.986620
2.055446,9.986620
2.055776,9.986620
2.056106,9.986620
2.056436,9.986620
2.056766,9.986620
2.057096,9.986620
2.057426,9.986620
2.057756,9.986620
2.058086,9.986620
2.058416,9.986620
2.058746,9.986620
2.059076,9.986620
2.059406,9.986620
2.059736,9.986620
2.060066,9.986620
2.060396,9.986620
2.060726,9.986620
2.061056,9.986620
2.061386,9.986620
2.061716,9.986620
2.062046,9.986620
2.062376,9.986620
2.062706,9.986620
2.063036,9.986620
2.063366,9.986620
2.063696,9.986620
2.064026,9.986620
2.064356,9.986620
2.064686,9.986620
2.065017,9.986620
2.065347,9.986620
2.065677,9.986620
2.066007,9.986620
2.066337,9.986620
2.066667,9.986620
2.066997,9.986620
2.067327,9.986620
2.067657,9.986620
2.067987,9.986620
2.068317,9.986620
2.068647,9.986620
2.068977,9.986620
2.069307,9.986620
2.069637,9.986620
2.069967,9.986620
2.070297,9.986620
2.070627,9.986620
2.070957,9.986620
2.071287,9.986620
2.071617,9.986620
2.071947,9.986620
2.072277,9.986620
2.072607,9.986620
2.072937,9.986620
2.073267,9.986620
2.073597,9.986620
2.073927,9.986620
2.074257,9.986620
2.074587,9.986620
2.074917,9.986620
2.075248,9.986620
2.075578,9.986620
2.075908,9.986620
2.076238,9.986620
2.076568,9.986620
2.076898,9.986620
2.077228,9.986620
2.077558,9.986620
2.077888,9.986620
2.078218,9.986620
2.078548,9.986620
2.078878,9.986620
2.079208,9.986620
2.079538,9.986620
2.079868,9.986620
2.080198,9.986620
2.080528,9.986620
2.080858,9.986620
2.081188,9.986620
2.081518,9.986620
2.081848,9.986620
2.082178,9.986620
2.082508,9.986620
2.082838,9.986620
2.083168,9.986620
2.083498,9.986620
2.083828,9.986620
2.084158,9.986620
2.084488,9.986620
2.084818,9.986620
2.085149,9.986620
2.085479,9.986620
2.085809,9.986620
2.086139,9.986620
2.086469,9.986620
2.086799,9.986620
2.087129,9.986620
2.087459,9.986620
2.087789,9.986620
2.088119,9.986620
2.088449,9.986620
2.088779,9.986620
2.089109,9.986620
2.089439,9.986620
2.089769,9.986620
2.090099,9.986620
2.090429,9.986620
2.090759,9.986620
2.091089,9.986620
2.091419,9.986620
2.091749,9.986620
2.092079,9.986620
2.092409,9.986620
2.092739,9.986620
2.093069,9.986620
2.093399,9.986620
2.093729,9.986620
2.094059,9.986620
2.094389,9.986620
2.094719,9.986620
2.095050,9.986620
2.095380,9.986620
2.095710,9.986620
2.096040,9.986620
2.096370,9.986620
2.096700,9.986620
2.097030,9.986620
2.097360,9.986620
2.097690,9.986620
2.098020,9.986620
2.098350,9.986620
2.098680,9.986620
2.099010,9.986620
2.099340,9.986620
2.099670,9.986620
2.100000,9.986620
2.100330,9.986620
2.100660,9.986620
2.100990,9.986620
2.101320,9.986620
2.101650,9.986620
2.101980,9.986620
2.102310,9.986620
2.102640,9.986620
2.102970,9.986620
2.103300,9.986620
2.103630,9.986620
2.103960,9.986620
2.104290,9.986620
2.104620,9.986620
2.104950,9.986620
2.105281,9.986620
2.105611,9.986620
2.105941,9.986620
2.106271,9.986620
2.106601,9.986620
2.106931,9.986620
2.107261,9.986620
2.107591,9.986620
2.107921,9.986620
2.108251,9.986620
2.108581,9.986620
2.108911,9.986620
2.109241,9.986620
2.109571,9.986620
2.109901,9.986620
2.110231,9.986620
2.110561,9.986620
2.110891,9.986620
2.111221,9.986620
2.111551,9.986620
2.111881,9.986620
2.112211,9.986620
2.112541,9.986620
2.112871,9.986620
2.113201,9.986620
2.113531,9.986620
2.113861,9.986620
2.114191,9.986620
2.114521,9.986620
2.114851,9.986620
2.115182,9.986620
2.115512,9.986620
2.115842,9.986620
2.116172,9.986620
2.116502,9.986620
2.116832,9.986620
2.117162,9.986620
2.117492,9.986620
2.117822,9.986620
2.118152,9.986620
2.118482,9.986620
2.118812,9.986620
2.119142,9.986620
2.119472,9.986620
2.119802,9.986620
2.120132,9.986620
2.120462,9.986620
2.120792,9.986620
2.121122,9.986620
2.121452,9.986620
2.121782,9.986620
2.122112,9.986620
2.122442,9.986620
2.122772,9.986620
2.123102,9.986620
2.123432,9.986620
2.123762,9.986620
2.124092,9.986620
2.124422,9.986620
2.124752,9.986620
2.125083,9.986620
2.125413,9.986620
2.125743,9.986620
2.126073,9.986620
2.126403,9.986620
2.126733,9.986620
2.127063,9.986620
2.127393,9.986620
2.127723,9.986620
2.128053,9.986620
2.128383,9.986620
2.128713,9.986620
2.129043,9.986620
2.129373,9.986620
2.129703,9.986620
2.130033,9.986620
2.130363,9.986620
2.130693,9.986620
2.131023,9.986620
2.131353,9.986620
2.131683,9.986620
2.132013,9.986620
2.132343,9.986620
2.132673,9.986620
2.133003,9.986620
2.133333,9.986620
2.133663,9.986620
2.133993,9.986620
2.134323,9.986620
2.134653,9.986620
2.134983,9.986620
2.135314,9.986620
2.135644,9.986620
2.135974,9.986620
2.136304,9.986620
2.136634,9.986620
2.136964,9.986620
2.137294,9.986620
2.137624,9.986620
2.137954,9.986620
2.138284,9.986620
2.138614,9.986620
2.138944,9.986620
2.139274,9.986620
2.139604,9.986620
2.139934,9.986620
2.140264,9.986620
2.140594,9.986620
2.140924,9.986620
2.141254,9.986620
2.141584,9.986620
2.141914,9.986620
2.142244,9.986620
2.142574,9.986620
2.142904,9.986620
2.143234,9.986620
2.143564,9.986620
2.143894,9.986620
2.144224,9.986620
2.144554,9.986620
2.144884,9.986620
2.145215,9.986620
2.145545,9.986620
2.145875,9.986620
2.146205,9.986620
2.146535,9.986620
2.146865,9.986620
2.147195,9.986620
2.147525,9.986620
2.147855,9.986620
2.148185,9.986620
2.148515,9.986620
2.148845,9.986620
2.149175,9.986620
2.149505,9.986620
2.149835,9.986620
2.150165,9.986620
2.150495,9.986620
2.150825,9.986620
2.151155,9.986620
2.151485,9.986620
2.151815,9.986620
2.152145,9.986620
2.152475,9.986620
2.152805,9.986620
2.153135,9.986620
2.153465,9.986620
2.153795,9.986620
2.154125,9.986620
2.154455,9.986620
2.154785,9.986620
2.155116,9.986620
2.155446,9.986620
2.155776,9.986620
2.156106,9.986620
2.156436,9.986620
2.156766,9.986620
2.157096,9.986620
2.157426,9.986620
2.157756,9.986620
2.158086,9.986620
2.158416,9.986620
2.158746,9.986620
2.159076,9.986620
2.159406,9.986620
2.159736,9.986620
2.160066,9.986620
2.160396,9.986620
2.160726,9.986620
2.161056,9.986620
2.161386,9.986620
2.161716,9.986620
2.162046,9.986620
2.162376,9.986620
2.162706,9.986620
2.163036,9.986620
2.163366,9.986620
2.163696,9.986620
2.164026,9.986620
2.164356,9.986620
2.164686,9.986620
2.165017,9.986620
2.165347,9.986620
2.165677,9.986620
2.166007,9.986620
2.166337,9.986620
2.166667,9.986620
2.166997,9.986620
2.167327,9.986620
2.167657,9.986620
2.167987,9.986620
2.168317,9.986620
2.168647,9.986620
2.168977,9.986620
2.169307,9.986620
2.169637,9.986620
2.169967,9.986620
2.170297,9.986620
2.170627,9.986620
2.170957,9.986620
2.171287,9.986620
2.171617,9.986620
2.171947,9.986620
2.172277,9.986620
2.172607,9.986620
2.172937,9.986620
2.173267,9.986620
2.173597,9.986620
2.173927,9.986620
2.174257,9.986620
2.174587,9.986620
2.174917,9.986620
2.175248,9.986620
2.175578,9.986620
2.175908,9.986620
2.176238,9.986620
2.176568,9.986620
2.176898,9.986620
2.177228,9.986620
2.177558,9.986620
2.177888,9.986620
2.178218,9.986620
2.178548,9.986620
2.178878,9.986620
2.179208,9.986620
2.179538,9.986620
2.179868,9.986620
2.180198,9.986620
2.180528,9.986620
2.180858,9.986620
2.181188,9.986620
2.181518,9.986620
2.181848,9.986620
2.182178,9.986620
2.182508,9.986620
2.182838,9.986620
2.183168,9.986620
2.183498,9.986620
2.183828,9.986620
2.184158,9.986620
2.184488,9.986620
2.184818,9.986620
2.185149,9.986620
2.185479,9.986620
2.185809,9.986620
2.186139,9.986620
2.186469,9.986620
2.186799,9.986620
2.187129,9.986620
2.187459,9.986620
2.187789,9.986620
2.188119,9.986620
2.188449,9.986620
2.188779,9.986620
2.189109,9.986620
2.189439,9.986620
2.189769,9.986620
2.190099,9.986620
2.190429,9.986620
2.190759,9.986620
2.191089,9.986620
2.191419,9.986620
2.191749,9.986620
2.192079,9.986620
2.192409,9.986620
2.192739,9.986620
2.193069,9.986620
2.193399,9.986620
2.193729,9.986620
2.194059,9.986620
2.194389,9.986620
2.194719,9.986620
2.195050,9.986620
2.195380,9.986620
2.195710,9.986620
2.196040,9.986620
2.196370,9.986620
2.196700,9.986620
2.197030,9.986620
2.197360,9.986620
2.197690,9.986620
2.198020,9.986620
2.198350,9.986620
2.198680,9.986620
2.199010,9.986620
2.199340,9.986620
2.199670,9.986620
2.200000,9.986620
2.200330,9.986620
2.200660,9.986620
2.200990,9.986620
2.201320,9.986620
2.201650,9.986620
2.201980,9.986620
2.202310,9.986620
2.202640,9.986620
2.202970,9.986620
2.203300,9.986620
2.203630,9.986620
2.203960,9.986620
2.204290,9.986620
2.204620,9.986620
2.204950,9.986620
2.205281,9.986620
2.205611,9.986620
2.205941,9.986620
2.206271,9.986620
2.206601,9.986620
2.206931,9.986620
2.207261,9.986620
2.207591,9.986620
2.207921,9.986620
2.208251,9.986620
2.208581,9.986620
2.208911,9.986620
2.209241,9.986620
2.209571,9.986620
2.209901,9.986620
2.210231,9.986620
2.210561,9.986620
2.210891,9.986620
2.211221,9.986620
2.211551,9.986620
2.211881,9.986620
2.212211,9.986620
2.212541,9.986620
2.212871,9.986620
2.213201,9.986620
2.213531,9.986620
2.213861,9.986620
2.214191,9.986620
2.214521,9.986620
2.214851,9.986620
2.215182,9.986620
2.215512,9.986620
2.215842,9.986620
2.216172,9.986620
2.216502,9.986620
2.216832,9.986620
2.217162,9.986620
2.217492,9.986620
2.217822,9.986620
2.218152,9.986620
2.218482,9.986620
2.218812,9.986620
2.219142,9.986620
2.219472,9.986620
2.219802,9.986620
2.220132,9.986620
2.220462,9.986620
2.220792,9.986620
2.221122,9.986620
2.221452,9.986620
2.221782,9.986620
2.222112,9.986620
2.222442,9.986620
2.222772,9.986620
2.223102,9.986620
2.223432,9.986620
2.223762,9.986620
2.224092,9.986620
2.224422,9.986620
2.224752,9.986620
2.225083,9.986620
2.225413,9.986620
2.225743,9.986620
2.226073,9.986620
2.226403,9.986620
2.226733,9.986620
2.227063,9.986620
2.227393,9.986620
2.227723,9.986620
2.228053,9.986620
2.228383,9.986620
2.228713,9.986620
2.229043,9.986620
2.229373,9.986620
2.229703,9.986620
2.230033,9.986620
2.230363,9.986620
2.230693,9.986620
2.231023,9.986620
2.231353,9.986620
2.231683,9.986620
2.232013,9.986620
2.232343,9.986620
2.232673,9.986620
2.233003,9.986620
2.233333,9.986620
2.233663,9.986620
2.233993,9.986620
2.234323,9.986620
2.234653,9.986620
2.234983,9.986620
2.235314,9.986620
2.235644,9.986620
2.235974,9.986620
2.236304,9.986620
2.236634,9.986620
2.236964,9.986620
2.237294,9.986620
2.237624,9.986620
2.237954,9.986620
2.238284,9.986620
2.238614,9.986620
2.238944,9.986620
2.239274,9.986620
2.239604,9.986620
2.239934,9.986620
2.240264,9.986620
2.240594,9.986620
2.240924,9.986620
2.241254,9.986620
2.241584,9.986620
2.241914,9.986620
2.242244,9.986620
2.242574,9.986620
2.242904,9.986620
2.243234,9.986620
2.243564,9.986620
2.243894,9.986620
2.244224,9.986620
2.244554,9.986620
2.244884,9.986620
2.245215,9.986620
2.245545,9.986620
2.245875,9.986620
2.246205,9.986620
2.246535,9.986620
2.246865,9.986620
2.247195,9.986620
2.247525,9.986620
2.247855,9.986620
2.248185,9.986620
2.248515,9.986620
2.248845,9.986620
2.249175,9.986620
2.249505,9.986620
2.249835,9.986620
2.250165,9.986620
2.250495,9.986620
2.250825,9.986620
2.251155,9.986620
2.251485,9.986620
2.251815,9.986620
2.252145,9.986620
2.252475,9.986620
2.252805,9.986620
2.253135,9.986620
2.253465,9.986620
2.253795,9.986620
2.254125,9.986620
2.254455,9.986620
2.254785,9.986620
2.255116,9.986620
2.255446,9.986620
2.255776,9.986620
2.256106,9.986620
2.256436,9.986620
2.256766,9.986620
2.257096,9.986620
2.257426,9.986620
2.257756,9.986620
2.258086,9.986620
2.258416,9.986620
2.258746,9.986620
2.259076,9.986620
2.259406,9.986620
2.259736,9.986620
2.260066,9.986620
2.260396,9.986620
2.260726,9.986620
2.261056,9.986620
2.261386,9.986620
2.261716,9.986620
2.262046,9.986620
2.262376,9.986620
2.262706,9.986620
2.263036,9.986620
2.263366,9.986620
2.263696,9.986620
2.264026,9.986620
2.264356,9.986620
2.264686,9.986620
2.265017,9.986620
2.265347,9.986620
2.265677,9.986620
2.266007,9.986620
2.266337,9.986620
2.266667,9.986620
2.266997,9.986620
2.267327,9.986620
2.267657,9.986620
2.267987,9.986620
2.268317,9.986620
2.268647,9.986620
2.268977,9.986620
2.269307,9.986620
2.269637,9.986620
2.269967,9.986620
2.270297,9.986620
2.270627,9.986620
2.270957,9.986620
2.271287,9.986620
2.271617,9.986620
2.271947,9.986620
2.272277,9.986620
2.272607,9.986620
2.272937,9.986620
2.273267,9.986620
2.273597,9.986620
2.273927,9.986620
2.274257,9.986620
2.274587,9.986620
2.274917,9.986620
2.275248,9.986620
2.275578,9.986620
2.275908,9.986620
2.276238,9.986620
2.276568,9.986620
2.276898,9.986620
2.277228,9.986620
2.277558,9.986620
2.277888,9.986620
2.278218,9.986620
2.278548,9.986620
2.278878,9.986620
2.279208,9.986620
2.279538,9.986620
2.279868,9.986620
2.280198,9.986620
2.280528,9.986620
2.280858,9.986620
2.281188,9.986620
2.281518,9.986620
2.281848,9.986620
2.282178,9.986620
2.282508,9.986620
2.282838,9.986620
2.283168,9.986620
2.283498,9.986620
2.283828,9.986620
2.284158,9.986620
2.284488,9.986620
2.284818,9.986620
2.285149,9.986620
2.285479,9.986620
2.285809,9.986620
2.286139,9.986620
2.286469,9.986620
2.286799,9.986620
2.287129,9.986620
2.287459,9.986620
2.287789,9.986620
2.288119,9.986620
2.288449,9.986620
2.288779,9.986620
2.289109,9.986620
2.289439,9.986620
2.289769,9.986620
2.290099,9.986620
2.290429,9.986620
2.290759,9.986620
2.291089,9.986620
2.291419,9.986620
2.291749,9.986620
2.292079,9.986620
2.292409,9.986620
2.292739,9.986620
2.293069,9.986620
2.293399,9.986620
2.293729,9.986620
2.294059,9.986620
2.294389,9.986620
2.294719,9.986620
2.295050,9.986620
2.295380,9.986620
2.295710,9.986620
2.296040,9.986620
2.296370,9.986620
2.296700,9.986620
2.297030,9.986620
2.297360,9.986620
2.297690,9.986620
2.298020,9.986620
2.298350,9.986620
2.298680,9.986620
2.299010,9.986620
2.299340,9.986620
2.299670,9.986620
2.300000,9.986620
2.300330,9.986620
2.300660,9.986620
2.300990,9.986620
2.301320,9.986620
2.301650,9.986620
2.301980,9.986620
2.302310,9.986620
2.302640,9.986620
2.302970,9.986620
2.303300,9.986620
2.303630,9.986620
2.303960,9.986620
2.304290,9.986620
2.304620,9.986620
2.304950,9.986620
2.305281,9.986620
2.305611,9.986620
2.305941,9.986620
2.306271,9.986620
2.306601,9.986620
2.306931,9.986620
2.307261,9.986620
2.307591,9.986620
2.307921,9.986620
2.308251,9.986620
2.308581,9.986620
2.308911,9.986620
2.309241,9.986620
2.309571,9.986620
2.309901,9.986620
2.310231,9.986620
2.310561,9.986620
2.310891,9.986620
2.311221,9.986620
2.311551,9.986620
2.311881,9.986620
2.312211,9.986620
2.312541,9.986620
2.312871,9.986620
2.313201,9.986620
2.313531,9.986620
2.313861,9.986620
2.314191,9.986620
2.314521,9.986620
2.314851,9.986620
2.315182,9.986620
2.315512,9.986620
2.315842,9.986620
2.316172,9.986620
2.316502,9.986620
2.316832,9.986620
2.317162,9.986620
2.317492,9.986620
2.317822,9.986620
2.318152,9.986620
2.318482,9.986620
2.318812,9.986620
2.319142,9.986620
2.319472,9.986620
2.319802,9.986620
2.320132,9.986620
2.320462,9.986620
2.320792,9.986620
2.321122,9.986620
2.321452,9.986620
2.321782,9.986620
2.322112,9.986620
2.322442,9.986620
2.322772,9.986620
2.323102,9.986620
2.323432,9.986620
2.323762,9.986620
2.324092,9.986620
2.324422,9.986620
2.324752,9.986620
2.325083,9.986620
2.325413,9.986620
2.325743,9.986620
2.326073,9.986620
2.326403,9.986620
2.326733,9.986620
2.327063,9.986620
2.327393,9.986620
2.327723,9.986620
2.328053,9.986620
2.328383,9.986620
2.328713,9.986620
2.329043,9.986620
2.329373,9.986620
2.329703,9.986620
2.330033,9.986620
2.330363,9.986620
2.330693,9.986620
2.331023,9.986620
2.331353,9.986620
2.331683,9.986620
2.332013,9.986620
2.332343,9.986620
2.332673,9.986620
2.333003,9.986620
2.333333,9.986620
2.333663,9.986620
2.333993,9.986620
2.334323,9.986620
2.334653,9.986620
2.334983,9.986620
2.335314,9.986620
2.335644,9.986620
2.335974,9.986620
2.336304,9.986620
2.336634,9.986620
2.336964,9.986620
2.337294,9.986620
2.337624,9.986620
2.337954,9.986620
2.338284,9.986620
2.338614,9.986620
2.338944,9.986620
2.339274,9.986620
2.339604,9.986620
2.339934,9.986620
2.340264,9.986620
2.340594,9.986620
2.340924,9.986620
2.341254,9.986620
2.341584,9.986620
2.341914,9.986620
2.342244,9.986620
2.342574,9.986620
2.342904,9.986620
2.343234,9.986620
2.343564,9.986620
2.343894,9.986620
2.344224,9.986620
2.344554,9.986620
2.344884,9.986620
2.345215,9.986620
2.345545,9.986620
2.345875,9.986620
2.346205,9.986620
2.346535,9.986620
2.346865,9.986620
2.347195,9.986620
2.347525,9.986620
2.347855,9.986620
2.348185,9.986620
2.348515,9.986620
2.348845,9.986620
2.349175,9.986620
2.349505,9.986620
2.349835,9.986620
2.350165,9.986620
2.350495,9.986620
2.350825,9.986620
2.351155,9.986620
2.351485,9.986620
2.351815,9.986620
2.352145,9.986620
2.352475,9.986620
2.352805,9.986620
2.353135,9.986620
2.353465,9.986620
2.353795,9.986620
2.354125,9.986620
2.354455,9.986620
2.354785,9.986620
2.355116,9.986620
2.355446,9.986620
2.355776,9.986620
2.356106,9.986620
2.356436,9.986620
2.356766,9.986620
2.357096,9.986620
2.357426,9.986620
2.357756,9.986620
2.358086,9.986620
2.358416,9.986620
2.358746,9.986620
2.359076,9.986620
2.359406,9.986620
2.359736,9.986620
2.360066,9.986620
2.360396,9.986620
2.360726,9.986620
2.361056,9.986620
2.361386,9.986620
2.361716,9.986620
2.362046,9.986620
2.362376,9.986620
2.362706,9.986620
2.363036,9.986620
2.363366,9.986620
2.363696,9.986620
2.364026,9.986620
2.364356,9.986620
2.364686,9.986620
2.365017,9.986620
2.365347,9.986620
2.365677,9.986620
2.366007,9.986620
2.366337,9.986620
2.366667,9.986620
2.366997,9.986620
2.367327,9.986620
2.367657,9.986620
2.367987,9.986620
2.368317,9.986620
2.368647,9.986620
2.368977,9.986620
2.369307,9.986620
2.369637,9.986620
2.369967,9.986620
2.370297,9.986620
2.370627,9.986620
2.370957,9.986620
2.371287,9.986620
2.371617,9.986620
2.371947,9.986620
2.372277,9.986620
2.372607,9.986620
2.372937,9.986620
2.373267,9.986620
2.373597,9.986620
2.373927,9.986620
2.374257,9.986620
2.374587,9.986620
2.374917,9.986620
2.375248,9.986620
2.375578,9.986620
2.375908,9.986620
2.376238,9.986620
2.376568,9.986620
2.376898,9.986620
2.377228,9.986620
2.377558,9.986620
2.377888,9.986620
2.378218,9.986620
2.378548,9.986620
2.378878,9.986620
2.379208,9.986620
2.379538,9.986620
2.379868,9.986620
2.380198,9.986620
2.380528,9.986620
2.380858,9.986620
2.381188,9.986620
2.381518,9.986620
2.381848,9.986620
2.382178,9.986620
2.382508,9.986620
2.382838,9.986620
2.383168,9.986620
2.383498,9.986620
2.383828,9.986620
2.384158,9.986620
2.384488,9.986620
2.384818,9.986620
2.385149,9.986620
2.385479,9.986620
2.385809,9.986620
2.386139,9.986620
2.386469,9.986620
2.386799,9.986620
2.387129,9.986620
2.387459,9.986620
2.387789,9.986620
2.388119,9.986620
2.388449,9.986620
2.388779,9.986620
2.389109,9.986620
2.389439,9.986620
2.389769,9.986620
2.390099,9.986620
2.390429,9.986620
2.390759,9.986620
2.391089,9.986620
2.391419,9.986620
2.391749,9.986620
2.392079,9.986620
2.392409,9.986620
2.392739,9.986620
2.393069,9.986620
2.393399,9.986620
2.393729,9.986620
2.394059,9.986620
2.394389,9.986620
2.394719,9.986620
2.395050,9.986620
2.395380,9.986620
2.395710,9.986620
2.396040,9.986620
2.396370,9.986620
2.396700,9.986620
2.397030,9.986620
2.397360,9.986620
2.397690,9.986620
2.398020,9.986620
2.398350,9.986620
2.398680,9.986620
2.399010,9.986620
2.399340,9.986620
2.399670,9.986620
2.400000,9.986620
2.400330,9.986620
2.400660,9.986620
2.400990,9.986620
2.401320,9.986620
2.401650,9.986620
2.401980,9.986620
2.402310,9.986620
2.402640,9.986620
2.402970,9.986620
2.403300,9.986620
2.403630,9.986620
2.403960,9.986620
2.404290,9.986620
2.404620,9.986620
2.404950,9.986620
2.405281,9.986620
2.405611,9.986620
2.405941,9.986620
2.406271,9.986620
2.406601,9.986620
2.406931,9.986620
2.407261,9.986620
2.407591,9.986620
2.407921,9.986620
2.408251,9.986620
2.408581,9.986620
2.408911,9.986620
2.409241,9.986620
2.409571,9.986620
2.409901,9.986620
2.410231,9.986620
2.410561,9.986620
2.410891,9.986620
2.411221,9.986620
2.411551,9.986620
2.411881,9.986620
2.412211,9.986620
2.412541,9.986620
2.412871,9.986620
2.413201,9.986620
2.413531,9.986620
2.413861,9.986620
2.414191,9.986620
2.414521,9.986620
2.414851,9.986620
2.415182,9.986620
2.415512,9.986620
2.415842,9.986620
2.416172,9.986620
2.416502,9.986620
2.416832,9.986620
2.417162,9.986620
2.417492,9.986620
2.417822,9.986620
2.418152,9.986620
2.418482,9.986620
2.418812,9.986620
2.419142,9.986620
2.419472,9.986620
2.419802,9.986620
2.420132,9.986620
2.420462,9.986620
2.420792,9.986620
2.421122,9.986620
2.421452,9.986620
2.421782,9.986620
2.422112,9.986620
2.422442,9.986620
2.422772,9.986620
2.423102,9.986620
2.423432,9.986620
2.423762,9.986620
2.424092,9.986620
2.424422,9.986620
2.424752,9.986620
2.425083,9.986620
2.425413,9.986620
2.425743,9.986620
2.426073,9.986620
2.426403,9.986620
2.426733,9.986620
2.427063,9.986620
2.427393,9.986620
2.427723,9.986620
2.428053,9.986620
2.428383,9.986620
2.428713,9.986620
2.429043,9.986620
2.429373,9.986620
2.429703,9.986620
2.430033,9.986620
2.430363,9.986620
2.430693,9.986620
2.431023,9.986620
2.431353,9.986620
2.431683,9.986620
2.432013,9.986620
2.432343,9.986620
2.432673,9.986620
2.433003,9.986620
2.433333,9.986620
2.433663,9.986620
2.433993,9.986620
2.434323,9.986620
2.434653,9.986620
2.434983,9.986620
2.435314,9.986620
2.435644,9.986620
2.435974,9.986620
2.436304,9.986620
2.436634,9.986620
2.436964,9.986620
2.437294,9.986620
2.437624,9.986620
2.437954,9.986620
2.438284,9.986620
2.438614,9.986620
2.438944,9.986620
2.439274,9.986620
2.439604,9.986620
2.439934,9.986620
2.440264,9.986620
2.440594,9.986620
2.440924,9.986620
2.441254,9.986620
2.441584,9.986620
2.441914,9.986620
2.442244,9.986620
2.442574,9.986620
2.442904,9.986620
2.443234,9.986620
2.443564,9.986620
2.443894,9.986620
2.444224,9.986620
2.444554,9.986620
2.444884,9.986620
2.445215,9.986620
2.445545,9.986620
2.445875,9.986620
2.446205,9.986620
2.446535,9.986620
2.446865,9.986620
2.447195,9.986620
2.447525,9.986620
2.447855,9.986620
2.448185,9.986620
2.448515,9.986620
2.448845,9.986620
2.449175,9.986620
2.449505,9.986620
2.449835,9.986620
2.450165,9.986620
2.450495,9.986620
2.450825,9.986620
2.451155,9.986620
2.451485,9.986620
2.451815,9.986620
2.452145,9.986620
2.452475,9.986620
2.452805,9.986620
2.453135,9.986620
2.453465,9.986620
2.453795,9.986620
2.454125,9.986620
2.454455,9.986620
2.454785,9.986620
2.455116,9.986620
2.455446,9.986620
2.455776,9.986620
2.456106,9.986620
2.456436,9.986620
2.456766,9.986620
2.457096,9.986620
2.457426,9.986620
2.457756,9.986620
2.458086,9.986620
2.458416,9.986620
2.458746,9.986620
2.459076,9.986620
2.459406,9.986620
2.459736,9.986620
2.460066,9.986620
2.460396,9.986620
2.460726,9.986620
2.461056,9.986620
2.461386,9.986620
2.461716,9.986620
2.462046,9.986620
2.462376,9.986620
2.462706,9.986620
2.463036,9.986620
2.463366,9.986620
2.463696,9.986620
2.464026,9.986620
2.464356,9.986620
2.464686,9.986620
2.465017,9.986620
2.465347,9.986620
2.465677,9.986620
2.466007,9.986620
2.466337,9.986620
2.466667,9.986620
2.466997,9.986620
2.467327,9.986620
2.467657,9.986620
2.467987,9.986620
2.468317,9.986620
2.468647,9.986620
2.468977,9.986620
2.469307,9.986620
2.469637,9.986620
2.469967,9.986620
2.470297,9.986620
2.470627,9.986620
2.470957,9.986620
2.471287,9.986620
2.471617,9.986620
2.471947,9.986620
2.472277,9.986620
2.472607,9.986620
2.472937,9.986620
2.473267,9.986620
2.473597,9.986620
2.473927,9.986620
2.474257,9.986620
2.474587,9.986620
2.474917,9.986620
2.475248,9.986620
2.475578,9.986620
2.475908,9.986620
2.476238,9.986620
2.476568,9.986620
2.476898,9.986620
2.477228,9.986620
2.477558,9.986620
2.477888,9.986620
2.478218,9.986620
2.478548,9.986620
2.478878,9.986620
2.479208,9.986620
2.479538,9.986620
2.479868,9.986620
2.480198,9.986620
2.480528,9.986620
2.480858,9.986620
2.481188,9.986620
2.481518,9.986620
2.481848,9.986620
2.482178,9.986620
2.482508,9.986620
2.482838,9.986620
2.483168,9.986620
2.483498,9.986620
2.483828,9.986620
2.484158,9.986620
2.484488,9.986620
2.484818,9.986620
2.485149,9.986620
2.485479,9.986620
2.485809,9.986620
2.486139,9.986620
2.486469,9.986620
2.486799,9.986620
2.487129,9.986620
2.487459,9.986620
2.487789,9.986620
2.488119,9.986620
2.488449,9.986620
2.488779,9.986620
2.489109,9.986620
2.489439,9.986620
2.489769,9.986620
2.490099,9.986620
2.490429,9.986620
2.490759,9.986620
2.491089,9.986620
2.491419,9.986620
2.491749,9.986620
2.492079,9.986620
2.492409,9.986620
2.492739,9.986620
2.493069,9.986620
2.493399,9.986620
2.493729,9.986620
2.494059,9.986620
2.494389,9.986620
2.494719,9.986620
2.495050,9.986620
2.495380,9.986620
2.495710,9.986620
2.496040,9.986620
2.496370,9.986620
2.496700,9.986620
2.497030,9.986620
2.497360,9.986620
2.497690,9.986620
2.498020,9.986620
2.498350,9.986620
2.498680,9.986620
2.499010,9.986620
2.499340,9.986620
2.499670,9.986620
2.500000,9.986620
2.500330,9.986620
2.500660,9.986620
2.500990,9.986620
2.501320,9.986620
2.501650,9.986620
2.501980,9.986620
2.502310,9.986620
2.502640,9.986620
2.502970,9.986620
2.503300,9.986620
2.503630,9.986620
2.503960,9.986620
2.504290,9.986620
2.504620,9.986620
2.504950,9.986620
2.505281,9.986620
2.505611,9.986620
2.505941,9.986620
2.506271,9.986620
2.506601,9.986620
2.506931,9.986620
2.507261,9.986620
2.507591,9.986620
2.507921,9.986620
2.508251,9.986620
2.508581,9.986620
2.508911,9.986620
2.509241,9.986620
2.509571,9.986620
2.509901,9.986620
2.510231,9.986620
2.510561,9.986620
2.510891,9.986620
2.511221,9.986620
2.511551,9.986620
2.511881,9.986620
2.512211,9.986620
2.512541,9.986620
2.512871,9.986620
2.513201,9.986620
2.513531,9.986620
2.513861,9.986620
2.514191,9.986620
2.514521,9.986620
2.514851,9.986620
2.515182,9.986620
2.515512,9.986620
2.515842,9.986620
2.516172,9.986620
2.516502,9.986620
2.516832,9.986620
2.517162,9.986620
2.517492,9.986620
2.517822,9.986620
2.518152,9.986620
2.518482,9.986620
2.518812,9.986620
2.519142,9.986620
2.519472,9.986620
2.519802,9.986620
2.520132,9.986620
2.520462,9.986620
2.520792,9.986620
2.521122,9.986620
2.521452,9.986620
2.521782,9.986620
2.522112,9.986620
2.522442,9.986620
2.522772,9.986620
2.523102,9.986620
2.523432,9.986620
2.523762,9.986620
2.524092,9.986620
2.524422,9.986620
2.524752,9.986620
2.525083,9.986620
2.525413,9.986620
2.525743,9.986620
2.526073,9.986620
2.526403,9.986620
2.526733,9.986620
2.527063,9.986620
2.527393,9.986620
2.527723,9.986620
2.528053,9.986620
2.528383,9.986620
2.528713,9.986620
2.529043,9.986620
2.529373,9.986620
2.529703,9.986620
2.530033,9.986620
2.530363,9.986620
2.530693,9.986620
2.531023,9.986620
2.531353,9.986620
2.531683,9.986620
2.532013,9.986620
2.532343,9.986620
2.532673,9.986620
2.533003,9.986620
2.533333,9.986620
2.533663,9.986620
2.533993,9.986620
2.534323,9.986620
2.534653,9.986620
2.534983,9.986620
2.535314,9.986620
2.535644,9.986620
2.535974,9.986620
2.536304,9.986620
2.536634,9.986620
2.536964,9.986620
2.537294,9.986620
2.537624,9.986620
2.537954,9.986620
2.538284,9.986620
2.538614,9.986620
2.538944,9.986620
2.539274,9.986620
2.539604,9.986620
2.539934,9.986620
2.540264,9.986620
2.540594,9.986620
2.540924,9.986620
2.541254,9.986620
2.541584,9.986620
2.541914,9.986620
2.542244,9.986620
2.542574,9.986620
2.542904,9.986620
2.543234,9.986620
2.543564,9.986620
2.543894,9.986620
2.544224,9.986620
2.544554,9.986620
2.544884,9.986620
2.545215,9.986620
2.545545,9.986620
2.545875,9.986620
2.546205,9.986620
2.546535,9.986620
2.546865,9.986620
2.547195,9.986620
2.547525,9.986620
2.547855,9.986620
2.548185,9.986620
2.548515,9.986620
2.548845,9.986620
2.549175,9.986620
2.549505,9.986620
2.549835,9.986620
2.550165,9.986620
2.550495,9.986620
2.550825,9.986620
2.551155,9.986620
2.551485,9.986620
2.551815,9.986620
2.552145,9.986620
2.552475,9.986620
2.552805,9.986620
2.553135,9.986620
2.553465,9.986620
2.553795,9.986620
2.554125,9.986620
2.554455,9.986620
2.554785,9.986620
2.555116,9.986620
2.555446,9.986620
2.555776,9.986620
2.556106,9.986620
2.556436,9.986620
2.556766,9.986620
2.557096,9.986620
2.557426,9.986620
2.557756,9.986620
2.558086,9.986620
2.558416,9.986620
2.558746,9.986620
2.559076,9.986620
2.559406,9.986620
2.559736,9.986620
2.560066,9.986620
2.560396,9.986620
2.560726,9.986620
2.561056,9.986620
2.561386,9.986620
2.561716,9.986620
2.562046,9.986620
2.562376,9.986620
2.562706,9.986620
2.563036,9.986620
2.563366,9.986620
2.563696,9.986620
2.564026,9.986620
2.564356,9.986620
2.564686,9.986620
2.565017,9.986620
2.565347,9.986620
2.565677,9.986620
2.566007,9.986620
2.566337,9.986620
2.566667,9.986620
2.566997,9.986620
2.567327,9.986620
2.567657,9.986620
2.567987,9.986620
2.568317,9.986620
2.568647,9.986620
2.568977,9.986620
2.569307,9.986620
2.569637,9.986620
2.569967,9.986620
2.570297,9.986620
2.570627,9.986620
2.570957,9.986620
2.571287,9.986620
2.571617,9.986620
2.571947,9.986620
2.572277,9.986620
2.572607,9.986620
2.572937,9.986620
2.573267,9.986620
2.573597,9.986620
2.573927,9.986620
2.574257,9.986620
2.574587,9.986620
2.574917,9.986620
2.575248,9.986620
2.575578,9.986620
2.575908,9.986620
2.576238,9.986620
2.576568,9.986620
2.576898,9.986620
2.577228,9.986620
2.577558,9.986620
2.577888,9.986620
2.578218,9.986620
2.578548,9.986620
2.578878,9.986620
2.579208,9.986620
2.579538,9.986620
2.579868,9.986620
2.580198,9.986620
2.580528,9.986620
2.580858,9.986620
2.581188,9.986620
2.581518,9.986620
2.581848,9.986620
2.582178,9.986620
2.582508,9.986620
2.582838,9.986620
2.583168,9.986620
2.583498,9.986620
2.583828,9.986620
2.584158,9.986620
2.584488,9.986620
2.584818,9.986620
2.585149,9.986620
2.585479,9.986620
2.585809,9.986620
2.586139,9.986620
2.586469,9.986620
2.586799,9.986620
2.587129,9.986620
2.587459,9.986620
2.587789,9.986620
2.588119,9.986620
2.588449,9.986620
2.588779,9.986620
2.589109,9.986620
2.589439,9.986620
2.589769,9.986620
2.590099,9.986620
2.590429,9.986620
2.590759,9.986620
2.591089,9.986620
2.591419,9.986620
2.591749,9.986620
2.592079,9.986620
2.592409,9.986620
2.592739,9.986620
2.593069,9.986620
2.593399,9.986620
2.593729,9.986620
2.594059,9.986620
2.594389,9.986620
2.594719,9.986620
2.595050,9.986620
2.595380,9.986620
2.595710,9.986620
2.596040,9.986620
2.596370,9.986620
2.596700,9.986620
2.597030,9.986620
2.597360,9.986620
2.597690,9.986620
2.598020,9.986620
2.598350,9.986620
2.598680,9.986620
2.599010,9.986620
2.599340,9.986620
2.599670,9.986620
2.600000,9.986620
2.600330,9.986620
2.600660,9.986620
2.600990,9.986620
2.601320,9.986620
2.601650,9.986620
2.601980,9.986620
2.602310,9.986620
2.602640,9.986620
2.602970,9.986620
2.603300,9.986620
2.603630,9.986620
2.603960,9.986620
2.604290,9.986620
2.604620,9.986620
2.604950,9.986620
2.605281,9.986620
2.605611,9.986620
2.605941,9.986620
2.606271,9.986620
2.606601,9.986620
2.606931,9.986620
2.607261,9.986620
2.607591,9.986620
2.607921,9.986620
2.608251,9.986620
2.608581,9.986620
2.608911,9.986620
2.609241,9.986620
2.609571,9.986620
2.609901,9.986620
2.610231,9.986620
2.610561,9.986620
2.610891,9.986620
2.611221,9.986620
2.611551,9.986620
2.611881,9.986620
2.612211,9.986620
2.612541,9.986620
2.612871,9.986620
2.613201,9.986620
2.613531,9.986620
2.613861,9.986620
2.614191,9.986620
2.614521,9.986620
2.614851,9.986620
2.615182,9.986620
2.615512,9.986620
2.615842,9.986620
2.616172,9.986620
2.616502,9.986620
2.616832,9.986620
2.617162,9.986620
2.617492,9.986620
2.617822,9.986620
2.618152,9.986620
2.618482,9.986620
2.618812,9.986620
2.619142,9.986620
2.619472,9.986620
2.619802,9.986620
2.620132,9.986620
2.620462,9.986620
2.620792,9.986620
2.621122,9.986620
2.621452,9.986620
2.621782,9.986620
2.622112,9.986620
2.622442,9.986620
2.622772,9.986620
2.623102,9.986620
2.623432,9.986620
2.623762,9.986620
2.624092,9.986620
2.624422,9.986620
2.624752,9.986620
2.625083,9.986620
2.625413,9.986620
2.625743,9.986620
2.626073,9.986620
2.626403,9.986620
2.626733,9.986620
2.627063,9.986620
2.627393,9.986620
2.627723,9.986620
2.628053,9.986620
2.628383,9.986620
2.628713,9.986620
2.629043,9.986620
2.629373,9.986620
2.629703,9.986620
2.630033,9.986620
2.630363,9.986620
2.630693,9.986620
2.631023,9.986620
2.631353,9.986620
2.631683,9.986620
2.632013,9.986620
2.632343,9.986620
2.632673,9.986620
2.633003,9.986620
2.633333,9.986620
2.633663,9.986620
2.633993,9.986620
2.634323,9.986620
2.634653,9.986620
2.634983,9.986620
2.635314,9.986620
2.635644,9.986620
2.635974,9.986620
2.636304,9.986620
2.636634,9.986620
2.636964,9.986620
2.637294,9.986620
2.637624,9.986620
2.637954,9.986620
2.638284,9.986620
2.638614,9.986620
2.638944,9.986620
2.639274,9.986620
2.639604,9.986620
2.639934,9.986620
2.640264,9.986620
2.640594,9.986620
2.640924,9.986620
2.641254,9.986620
2.641584,9.986620
2.641914,9.986620
2.642244,9.986620
2.642574,9.986620
2.642904,9.986620
2.643234,9.986620
2.643564,9.986620
2.643894,9.986620
2.644224,9.986620
2.644554,9.986620
2.644884,9.986620
2.645215,9.986620
2.645545,9.986620
2.645875,9.986620
2.646205,9.986620
2.646535,9.986620
2.646865,9.986620
2.647195,9.986620
2.647525,9.986620
2.647855,9.986620
2.648185,9.986620
2.648515,9.986620
2.648845,9.986620
2.649175,9.986620
2.649505,9.986620
2.649835,9.986620
2.650165,9.986620
2.650495,9.986620
2.650825,9.986620
2.651155,9.986620
2.651485,9.986620
2.651815,9.986620
2.652145,9.986620
2.652475,9.986620
2.652805,9.986620
2.653135,9.986620
2.653465,9.986620
2.653795,9.986620
2.654125,9.986620
2.654455,9.986620
2.654785,9.986620
2.655116,9.986620
2.655446,9.986620
2.655776,9.986620
2.656106,9.986620
2.656436,9.986620
2.656766,9.986620
2.657096,9.986620
2.657426,9.986620
2.657756,9.986620
2.658086,9.986620
2.658416,9.986620
2.658746,9.986620
2.659076,9.986620
2.659406,9.986620
2.659736,9.986620
2.660066,9.986620
2.660396,9.986620
2.660726,9.986620
2.661056,9.986620
2.661386,9.986620
2.661716,9.986620
2.662046,9.986620
2.662376,9.986620
2.662706,9.986620
2.663036,9.986620
2.663366,9.986620
2.663696,9.986620
2.664026,9.986620
2.664356,9.986620
2.664686,9.986620
2.665017,9.986620
2.665347,9.986620
2.665677,9.986620
2.666007,9.986620
2.666337,9.986620
2.666667,9.986620
2.666997,9.986620
2.667327,9.986620
2.667657,9.986620
2.667987,9.986620
2.668317,9.986620
2.668647,9.986620
2.668977,9.986620
2.669307,9.986620
2.669637,9.986620
2.669967,9.986620
2.670297,9.986620
2.670627,9.986620
2.670957,9.986620
2.671287,9.986620
2.671617,9.986620
2.671947,9.986620
2.672277,9.986620
2.672607,9.986620
2.672937,9.986620
2.673267,9.986620
2.673597,9.986620
2.673927,9.986620
2.674257,9.986620
2.674587,9.986620
2.674917,9.986620
2.675248,9.986620
2.675578,9.986620
2.675908,9.986620
2.676238,9.986620
2.676568,9.986620
2.676898,9.986620
2.677228,9.986620
2.677558,9.986620
2.677888,9.986620
2.678218,9.986620
2.678548,9.986620
2.678878,9.986620
2.679208,9.986620
2.679538,9.986620
2.679868,9.986620
2.680198,9.986620
2.680528,9.986620
2.680858,9.986620
2.681188,9.986620
2.681518,9.986620
2.681848,9.986620
2.682178,9.986620
2.682508,9.986620
2.682838,9.986620
2.683168,9.986620
2.683498,9.986620
2.683828,9.986620
2.684158,9.986620
2.684488,9.986620
2.684818,9.986620
2.685149,9.986620
2.685479,9.986620
2.685809,9.986620
2.686139,9.986620
2.686469,9.986620
2.686799,9.986620
2.687129,9.986620
2.687459,9.986620
2.687789,9.986620
2.688119,9.986620
2.688449,9.986620
2.688779,9.986620
2.689109,9.986620
2.689439,9.986620
2.689769,9.986620
2.690099,9.986620
2.690429,9.986620
2.690759,9.986620
2.691089,9.986620
2.691419,9.986620
2.691749,9.986620
2.692079,9.986620
2.692409,9.986620
2.692739,9.986620
2.693069,9.986620
2.693399,9.986620
2.693729,9.986620
2.694059,9.986620
2.694389,9.986620
2.694719,9.986620
2.695050,9.986620
2.695380,9.986620
2.695710,9.986620
2.696040,9.986620
2.696370,9.986620
2.696700,9.986620
2.697030,9.986620
2.697360,9.986620
2.697690,9.986620
2.698020,9.986620
2.698350,9.986620
2.698680,9.986620
2.699010,9.986620
2.699340,9.986620
2.699670,9.986620
2.700000,9.986620
2.700330,9.986620
2.700660,9.986620
2.700990,9.986620
2.701320,9.986620
2.701650,9.986620
2.701980,9.986620
2.702310,9.986620
2.702640,9.986620
2.702970,9.986620
2.703300,9.986620
2.703630,9.986620
2.703960,9.986620
2.704290,9.986620
2.704620,9.986620
2.704950,9.986620
2.705281,9.986620
2.705611,9.986620
2.705941,9.986620
2.706271,9.986620
2.706601,9.986620
2.706931,9.986620
2.707261,9.986620
2.707591,9.986620
2.707921,9.986620
2.708251,9.986620
2.708581,9.986620
2.708911,9.986620
2.709241,9.986620
2.709571,9.986620
2.709901,9.986620
2.710231,9.986620
2.710561,9.986620
2.710891,9.986620
2.711221,9.986620
2.711551,9.986620
2.711881,9.986620
2.712211,9.986620
2.712541,9.986620
2.712871,9.986620
2.713201,9.986620
2.713531,9.986620
2.713861,9.986620
2.714191,9.986620
2.714521,9.986620
2.714851,9.986620
2.715182,9.986620
2.715512,9.986620
2.715842,9.986620
2.716172,9.986620
2.716502,9.986620
2.716832,9.986620
2.717162,9.986620
2.717492,9.986620
2.717822,9.986620
2.718152,9.986620
2.718482,9.986620
2.718812,9.986620
2.719142,9.986620
2.719472,9.986620
2.719802,9.986620
2.720132,9.986620
2.720462,9.986620
2.720792,9.986620
2.721122,9.986620
2.721452,9.986620
2.721782,9.986620
2.722112,9.986620
2.722442,9.986620
2.722772,9.986620
2.723102,9.986620
2.723432,9.986620
2.723762,9.986620
2.724092,9.986620
2.724422,9.986620
2.724752,9.986620
2.725083,9.986620
2.725413,9.986620
2.725743,9.986620
2.726073,9.986620
2.726403,9.986620
2.726733,9.986620
2.727063,9.986620
2.727393,9.986620
2.727723,9.986620
2.728053,9.986620
2.728383,9.986620
2.728713,9.986620
2.729043,9.986620
2.729373,9.986620
2.729703,9.986620
2.730033,9.986620
2.730363,9.986620
2.730693,9.986620
2.731023,9.986620
2.731353,9.986620
2.731683,9.986620
2.732013,9.986620
2.732343,9.986620
2.732673,9.986620
2.733003,9.986620
2.733333,9.986620
2.733663,9.986620
2.733993,9.986620
2.734323,9.986620
2.734653,9.986620
2.734983,9.986620
2.735314,9.986620
2.735644,9.986620
2.735974,9.986620
2.736304,9.986620
2.736634,9.986620
2.736964,9.986620
2.737294,9.986620
2.737624,9.986620
2.737954,9.986620
2.738284,9.986620
2.738614,9.986620
2.738944,9.986620
2.739274,9.986620
2.739604,9.986620
2.739934,9.986620
2.740264,9.986620
2.740594,9.986620
2.740924,9.986620
2.741254,9.986620
2.741584,9.986620
2.741914,9.986620
2.742244,9.986620
2.742574,9.986620
2.742904,9.986620
2.743234,9.986620
2.743564,9.986620
2.743894,9.986620
2.744224,9.986620
2.744554,9.986620
2.744884,9.986620
2.745215,9.986620
2.745545,9.986620
2.745875,9.986620
2.746205,9.986620
2.746535,9.986620
2.746865,9.986620
2.747195,9.986620
2.747525,9.986620
2.747855,9.986620
2.748185,9.986620
2.748515,9.986620
2.748845,9.986620
2.749175,9.986620
2.749505,9.986620
2.749835,9.986620
2.750165,9.986620
2.750495,9.986620
2.750825,9.986620
2.751155,9.986620
2.751485,9.986620
2.751815,9.986620
2.752145,9.986620
2.752475,9.986620
2.752805,9.986620
2.753135,9.986620
2.753465,9.986620
2.753795,9.986620
2.754125,9.986620
2.754455,9.986620
2.754785,9.986620
2.755116,9.986620
2.755446,9.986620
2.755776,9.986620
2.756106,9.986620
2.756436,9.986620
2.756766,9.986620
2.757096,9.986620
2.757426,9.986620
2.757756,9.986620
2.758086,9.986620
2.758416,9.986620
2.758746,9.986620
2.759076,9.986620
2.759406,9.986620
2.759736,9.986620
2.760066,9.986620
2.760396,9.986620
2.760726,9.986620
2.761056,9.986620
2.761386,9.986620
2.761716,9.986620
2.762046,9.986620
2.762376,9.986620
2.762706,9.986620
2.763036,9.986620
2.763366,9.986620
2.763696,9.986620
2.764026,9.986620
2.764356,9.986620
2.764686,9.986620
2.765017,9.986620
2.765347,9.986620
2.765677,9.986620
2.766007,9.986620
2.766337,9.986620
2.766667,9.986620
2.766997,9.986620
2.767327,9.986620
2.767657,9.986620
2.767987,9.986620
2.768317,9.986620
2.768647,9.986620
2.768977,9.986620
2.769307,9.986620
2.769637,9.986620
2.769967,9.986620
2.770297,9.986620
2.770627,9.986620
2.770957,9.986620
2.771287,9.986620
2.771617,9.986620
2.771947,9.986620
2.772277,9.986620
2.772607,9.986620
2.772937,9.986620
2.773267,9.986620
2.773597,9.986620
2.773927,9.986620
2.774257,9.986620
2.774587,9.986620
2.774917,9.986620
2.775248,9.986620
2.775578,9.986620
2.775908,9.986620
2.776238,9.986620
2.776568,9.986620
2.776898,9.986620
2.777228,9.986620
2.777558,9.986620
2.777888,9.986620
2.778218,9.986620
2.778548,9.986620
2.778878,9.986620
2.779208,9.986620
2.779538,9.986620
2.779868,9.986620
2.780198,9.986620
2.780528,9.986620
2.780858,9.986620
2.781188,9.986620
2.781518,9.986620
2.781848,9.986620
2.782178,9.986620
2.782508,9.986620
2.782838,9.986620
2.783168,9.986620
2.783498,9.986620
2.783828,9.986620
2.784158,9.986620
2.784488,9.986620
2.784818,9.986620
2.785149,9.986620
2.785479,9.986620
2.785809,9.986620
2.786139,9.986620
2.786469,9.986620
2.786799,9.986620
2.787129,9.986620
2.787459,9.986620
2.787789,9.986620
2.788119,9.986620
2.788449,9.986620
2.788779,9.986620
2.789109,9.986620
2.789439,9.986620
2.789769,9.986620
2.790099,9.986620
2.790429,9.986620
2.790759,9.986620
2.791089,9.986620
2.791419,9.986620
2.791749,9.986620
2.792079,9.986620
2.792409,9.986620
2.792739,9.986620
2.793069,9.986620
2.793399,9.986620
2.793729,9.986620
2.794059,9.986620
2.794389,9.986620
2.794719,9.986620
2.795050,9.986620
2.795380,9.986620
2.795710,9.986620
2.796040,9.986620
2.796370,9.986620
2.796700,9.986620
2.797030,9.986620
2.797360,9.986620
2.797690,9.986620
2.798020,9.986620
2.798350,9.986620
2.798680,9.986620
2.799010,9.986620
2.799340,9.986620
2.799670,9.986620
2.800000,9.986620
2.800330,9.986620
2.800660,9.986620
2.800990,9.986620
2.801320,9.986620
2.801650,9.986620
2.801980,9.986620
2.802310,9.986620
2.802640,9.986620
2.802970,9.986620
2.803300,9.986620
2.803630,9.986620
2.803960,9.986620
2.804290,9.986620
2.804620,9.986620
2.804950,9.986620
2.805281,9.986620
2.805611,9.986620
2.805941,9.986620
2.806271,9.986620
2.806601,9.986620
2.806931,9.986620
2.807261,9.986620
2.807591,9.986620
2.807921,9.986620
2.808251,9.986620
2.808581,9.986620
2.808911,9.986620
2.809241,9.986620
2.809571,9.986620
2.809901,9.986620
2.810231,9.986620
2.810561,9.986620
2.810891,9.986620
2.811221,9.986620
2.811551,9.986620
2.811881,9.986620
2.812211,9.986620
2.812541,9.986620
2.812871,9.986620
2.813201,9.986620
2.813531,9.986620
2.813861,9.986620
2.814191,9.986620
2.814521,9.986620
2.814851,9.986620
2.815182,9.986620
2.815512,9.986620
2.815842,9.986620
2.816172,9.986620
2.816502,9.986620
2.816832,9.986620
2.817162,9.986620
2.817492,9.986620
2.817822,9.986620
2.818152,9.986620
2.818482,9.986620
2.818812,9.986620
2.819142,9.986620
2.819472,9.986620
2.819802,9.986620
2.820132,9.986620
2.820462,9.986620
2.820792,9.986620
2.821122,9.986620
2.821452,9.986620
2.821782,9.986620
2.822112,9.986620
2.822442,9.986620
2.822772,9.986620
2.823102,9.986620
2.823432,9.986620
2.823762,9.986620
2.824092,9.986620
2.824422,9.986620
2.824752,9.986620
2.825083,9.986620
2.825413,9.986620
2.825743,9.986620
2.826073,9.986620
2.826403,9.986620
2.826733,9.986620
2.827063,9.986620
2.827393,9.986620
2.827723,9.986620
2.828053,9.986620
2.828383,9.986620
2.828713,9.986620
2.829043,9.986620
2.829373,9.986620
2.829703,9.986620
2.830033,9.986620
2.830363,9.986620
2.830693,9.986620
2.831023,9.986620
2.831353,9.986620
2.831683,9.986620
2.832013,9.986620
2.832343,9.986620
2.832673,9.986620
2.833003,9.986620
2.833333,9.986620
2.833663,9.986620
2.833993,9.986620
2.834323,9.986620
2.834653,9.986620
2.834983,9.986620
2.835314,9.986620
2.835644,9.986620
2.835974,9.986620
2.836304,9.986620
2.836634,9.986620
2.836964,9.986620
2.837294,9.986620
2.837624,9.986620
2.837954,9.986620
2.838284,9.986620
2.838614,9.986620
2.838944,9.986620
2.839274,9.986620
2.839604,9.986620
2.839934,9.986620
2.840264,9.986620
2.840594,9.986620
2.840924,9.986620
2.841254,9.986620
2.841584,9.986620
2.841914,9.986620
2.842244,9.986620
2.842574,9.986620
2.842904,9.986620
2.843234,9.986620
2.843564,9.986620
2.843894,9.986620
2.844224,9.986620
2.844554,9.986620
2.844884,9.986620
2.845215,9.986620
2.845545,9.986620
2.845875,9.986620
2.846205,9.986620
2.846535,9.986620
2.846865,9.986620
2.847195,9.986620
2.847525,9.986620
2.847855,9.986620
2.848185,9.986620
2.848515,9.986620
2.848845,9.986620
2.849175,9.986620
2.849505,9.986620
2.849835,9.986620
2.850165,9.986620
2.850495,9.986620
2.850825,9.986620
2.851155,9.986620
2.851485,9.986620
2.851815,9.986620
2.852145,9.986620
2.852475,9.986620
2.852805,9.986620
2.853135,9.986620
2.853465,9.986620
2.853795,9.986620
2.854125,9.986620
2.854455,9.986620
2.854785,9.986620
2.855116,9.986620
2.855446,9.986620
2.855776,9.986620
2.856106,9.986620
2.856436,9.986620
2.856766,9.986620
2.857096,9.986620
2.857426,9.986620
2.857756,9.986620
2.858086,9.986620
2.858416,9.986620
2.858746,9.986620
2.859076,9.986620
2.859406,9.986620
2.859736,9.986620
2.860066,9.986620
2.860396,9.986620
2.860726,9.986620
2.861056,9.986620
2.861386,9.986620
2.861716,9.986620
2.862046,9.986620
2.862376,9.986620
2.862706,9.986620
2.863036,9.986620
2.863366,9.986620
2.863696,9.986620
2.864026,9.986620
2.864356,9.986620
2.864686,9.986620
2.865017,9.986620
2.865347,9.986620
2.865677,9.986620
2.866007,9.986620
2.866337,9.986620
2.866667,9.986620
2.866997,9.986620
2.867327,9.986620
2.867657,9.986620
2.867987,9.986620
2.868317,9.986620
2.868647,9.986620
2.868977,9.986620
2.869307,9.986620
2.869637,9.986620
2.869967,9.986620
2.870297,9.986620
2.870627,9.986620
2.870957,9.986620
2.871287,9.986620
2.871617,9.986620
2.871947,9.986620
2.872277,9.986620
2.872607,9.986620
2.872937,9.986620
2.873267,9.986620
2.873597,9.986620
2.873927,9.986620
2.874257,9.986620
2.874587,9.986620
2.874917,9.986620
2.875248,9.986620
2.875578,9.986620
2.875908,9.986620
2.876238,9.986620
2.876568,9.986620
2.876898,9.986620
2.877228,9.986620
2.877558,9.986620
2.877888,9.986620
2.878218,9.986620
2.878548,9.986620
2.878878,9.986620
2.879208,9.986620
2.879538,9.986620
2.879868,9.986620
2.880198,9.986620
2.880528,9.986620
2.880858,9.986620
2.881188,9.986620
2.881518,9.986620
2.881848,9.986620
2.882178,9.986620
2.882508,9.986620
2.882838,9.986620
2.883168,9.986620
2.883498,9.986620
2.883828,9.986620
2.884158,9.986620
2.884488,9.986620
2.884818,9.986620
2.885149,9.986620
2.885479,9.986620
2.885809,9.986620
2.886139,9.986620
2.886469,9.986620
2.886799,9.986620
2.887129,9.986620
2.887459,9.986620
2.887789,9.986620
2.888119,9.986620
2.888449,9.986620
2.888779,9.986620
2.889109,9.986620
2.889439,9.986620
2.889769,9.986620
2.890099,9.986620
2.890429,9.986620
2.890759,9.986620
2.891089,9.986620
2.891419,9.986620
2.891749,9.986620
2.892079,9.986620
2.892409,9.986620
2.892739,9.986620
2.893069,9.986620
2.893399,9.986620
2.893729,9.986620
2.894059,9.986620
2.894389,9.986620
2.894719,9.986620
2.895050,9.986620
2.895380,9.986620
2.895710,9.986620
2.896040,9.986620
2.896370,9.986620
2.896700,9.986620
2.897030,9.986620
2.897360,9.986620
2.897690,9.986620
2.898020,9.986620
2.898350,9.986620
2.898680,9.986620
2.899010,9.986620
2.899340,9.986620
2.899670,9.986620
2.900000,9.986620
2.900330,9.986620
2.900660,9.986620
2.900990,9.986620
2.901320,9.986620
2.901650,9.986620
2.901980,9.986620
2.902310,9.986620
2.902640,9.986620
2.902970,9.986620
2.903300,9.986620
2.903630,9.986620
2.903960,9.986620
2.904290,9.986620
2.904620,9.986620
2.904950,9.986620
2.905281,9.986620
2.905611,9.986620
2.905941,9.986620
2.906271,9.986620
2.906601,9.986620
2.906931,9.986620
2.907261,9.986620
2.907591,9.986620
2.907921,9.986620
2.908251,9.986620
2.908581,9.986620
2.908911,9.986620
2.909241,9.986620
2.909571,9.986620
2.909901,9.986620
2.910231,9.986620
2.910561,9.986620
2.910891,9.986620
2.911221,9.986620
2.911551,9.986620
2.911881,9.986620
2.912211,9.986620
2.912541,9.986620
2.912871,9.986620
2.913201,9.986620
2.913531,9.986620
2.913861,9.986620
2.914191,9.986620
2.914521,9.986620
2.914851,9.986620
2.915182,9.986620
2.915512,9.986620
2.915842,9.986620
2.916172,9.986620
2.916502,9.986620
2.916832,9.986620
2.917162,9.986620
2.917492,9.986620
2.917822,9.986620
2.918152,9.986620
2.918482,9.986620
2.918812,9.986620
2.919142,9.986620
2.919472,9.986620
2.919802,9.986620
2.920132,9.986620
2.920462,9.986620
2.920792,9.986620
2.921122,9.986620
2.921452,9.986620
2.921782,9.986620
2.922112,9.986620
2.922442,9.986620
2.922772,9.986620
2.923102,9.986620
2.923432,9.986620
2.923762,9.986620
2.924092,9.986620
2.924422,9.986620
2.924752,9.986620
2.925083,9.986620
2.925413,9.986620
2.925743,9.986620
2.926073,9.986620
2.926403,9.986620
2.926733,9.986620
2.927063,9.986620
2.927393,9.986620
2.927723,9.986620
2.928053,9.986620
2.928383,9.986620
2.928713,9.986620
2.929043,9.986620
2.929373,9.986620
2.929703,9.986620
2.930033,9.986620
2.930363,9.986620
2.930693,9.986620
2.931023,9.986620
2.931353,9.986620
2.931683,9.986620
2.932013,9.986620
2.932343,9.986620
2.932673,9.986620
2.933003,9.986620
2.933333,9.986620
2.933663,9.986620
2.933993,9.986620
2.934323,9.986620
2.934653,9.986620
2.934983,9.986620
2.935314,9.986620
2.935644,9.986620
2.935974,9.986620
2.936304,9.986620
2.936634,9.986620
2.936964,9.986620
2.937294,9.986620
2.937624,9.986620
2.937954,9.986620
2.938284,9.986620
2.938614,9.986620
2.938944,9.986620
2.939274,9.986620
2.939604,9.986620
2.939934,9.986620
2.940264,9.986620
2.940594,9.986620
2.940924,9.986620
2.941254,9.986620
2.941584,9.986620
2.941914,9.986620
2.942244,9.986620
2.942574,9.986620
2.942904,9.986620
2.943234,9.986620
2.943564,9.986620
2.943894,9.986620
2.944224,9.986620
2.944554,9.986620
2.944884,9.986620
2.945215,9.986620
2.945545,9.986620
2.945875,9.986620
2.946205,9.986620
2.946535,9.986620
2.946865,9.986620
2.947195,9.986620
2.947525,9.986620
2.947855,9.986620
2.948185,9.986620
2.948515,9.986620
2.948845,9.986620
2.949175,9.986620
2.949505,9.986620
2.949835,9.986620
2.950165,9.986620
2.950495,9.986620
2.950825,9.986620
2.951155,9.986620
2.951485,9.986620
2.951815,9.986620
2.952145,9.986620
2.952475,9.986620
2.952805,9.986620
2.953135,9.986620
2.953465,9.986620
2.953795,9.986620
2.954125,9.986620
2.954455,9.986620
2.954785,9.986620
2.955116,9.986620
2.955446,9.986620
2.955776,9.986620
2.956106,9.986620
2.956436,9.986620
2.956766,9.986620
2.957096,9.986620
2.957426,9.986620
2.957756,9.986620
2.958086,9.986620
2.958416,9.986620
2.958746,9.986620
2.959076,9.986620
2.959406,9.986620
2.959736,9.986620
2.960066,9.986620
2.960396,9.986620
2.960726,9.986620
2.961056,9.986620
2.961386,9.986620
2.961716,9.986620
2.962046,9.986620
2.962376,9.986620
2.962706,9.986620
2.963036,9.986620
2.963366,9.986620
2.963696,9.986620
2.964026,9.986620
2.964356,9.986620
2.964686,9.986620
2.965017,9.986620
2.965347,9.986620
2.965677,9.986620
2.966007,9.986620
2.966337,9.986620
2.966667,9.986620
2.966997,9.986620
2.967327,9.986620
2.967657,9.986620
2.967987,9.986620
2.968317,9.986620
2.968647,9.986620
2.968977,9.986620
2.969307,9.986620
2.969637,9.986620
2.969967,9.986620
2.970297,9.986620
2.970627,9.986620
2.970957,9.986620
2.971287,9.986620
2.971617,9.986620
2.971947,9.986620
2.972277,9.986620
2.972607,9.986620
2.972937,9.986620
2.973267,9.986620
2.973597,9.986620
2.973927,9.986620
2.974257,9.986620
2.974587,9.986620
2.974917,9.986620
2.975248,9.986620
2.975578,9.986620
2.975908,9.986620
2.976238,9.986620
2.976568,9.986620
2.976898,9.986620
2.977228,9.986620
2.977558,9.986620
2.977888,9.986620
2.978218,9.986620
2.978548,9.986620
2.978878,9.986620
2.979208,9.986620
2.979538,9.986620
2.979868,9.986620
2.980198,9.986620
2.980528,9.986620
2.980858,9.986620
2.981188,9.986620
2.981518,9.986620
2.981848,9.986620
2.982178,9.986620
2.982508,9.986620
2.982838,9.986620
2.983168,9.986620
2.983498,9.986620
2.983828,9.986620
2.984158,9.986620
2.984488,9.986620
2.984818,9.986620
2.985149,9.986620
2.985479,9.986620
2.985809,9.986620
2.986139,9.986620
2.986469,9.986620
2.986799,9.986620
2.987129,9.986620
2.987459,9.986620
2.987789,9.986620
2.988119,9.986620
2.988449,9.986620
2.988779,9.986620
2.989109,9.986620
2.989439,9.986620
2.989769,9.986620
2.990099,9.986620
2.990429,9.986620
2.990759,9.986620
2.991089,9.986620
2.991419,9.986620
2.991749,9.986620
2.992079,9.986620
2.992409,9.986620
2.992739,9.986620
2.993069,9.986620
2.993399,9.986620
2.993729,9.986620
2.994059,9.986620
2.994389,9.986620
2.994719,9.986620
2.995050,9.986620
2.995380,9.986620
2.995710,9.986620
2.996040,9.986620
2.996370,9.986620
2.996700,9.986620
2.997030,9.986620
2.997360,9.986620
2.997690,9.986620
2.998020,9.986620
2.998350,9.986620
2.998680,9.986620
2.999010,9.986620
2.999340,9.986620
2.999670,9.986620
3.000000,9.986620
