# best iteration: (array([38]),)
-0.800000,0.100000,0.600000,0.104199
-0.798899,0.100000,0.600000,0.104259
-0.797798,0.100000,0.600000,0.104320
-0.796697,0.100000,0.600000,0.104383
-0.795596,0.100000,0.600000,0.104447
-0.794494,0.100000,0.600000,0.104512
-0.793393,0.100000,0.600000,0.104579
-0.792292,0.100000,0.600000,0.104647
-0.791191,0.100000,0.600000,0.104717
-0.790090,0.100000,0.600000,0.104788
-0.788989,0.100000,0.600000,0.104861
-0.787888,0.100000,0.600000,0.104935
-0.786787,0.100000,0.600000,0.105011
-0.785686,0.100000,0.600000,0.105089
-0.784585,0.100000,0.600000,0.105169
-0.783483,0.100000,0.600000,0.105249
-0.782382,0.100000,0.600000,0.105332
-0.781281,0.100000,0.600000,0.105417
-0.780180,0.100000,0.600000,0.105503
-0.779079,0.100000,0.600000,0.105591
-0.777978,0.100000,0.600000,0.105681
-0.776877,0.100000,0.600000,0.105773
-0.775776,0.100000,0.600000,0.105868
-0.774675,0.100000,0.600000,0.105963
-0.773574,0.100000,0.600000,0.106062
-0.772472,0.100000,0.600000,0.106162
-0.771371,0.100000,0.600000,0.106264
-0.770270,0.100000,0.600000,0.106368
-0.769169,0.100000,0.600000,0.106475
-0.768068,0.100000,0.600000,0.106584
-0.766967,0.100000,0.600000,0.106695
-0.765866,0.100000,0.600000,0.106808
-0.764765,0.100000,0.600000,0.106924
-0.763664,0.100000,0.600000,0.107042
-0.762563,0.100000,0.600000,0.107163
-0.761461,0.100000,0.600000,0.107286
-0.760360,0.100000,0.600000,0.107411
-0.759259,0.100000,0.600000,0.107539
-0.758158,0.100000,0.600000,0.107670
-0.757057,0.100000,0.600000,0.107803
-0.755956,0.100000,0.600000,0.107939
-0.754855,0.100000,0.600000,0.108077
-0.753754,0.100000,0.600000,0.108218
-0.752653,0.100000,0.600000,0.108362
-0.751552,0.100000,0.600000,0.108508
-0.750450,0.100000,0.600000,0.108658
-0.749349,0.100000,0.600000,0.108810
-0.748248,0.100000,0.600000,0.108965
-0.747147,0.100000,0.600000,0.109122
-0.746046,0.100000,0.600000,0.109283
-0.744945,0.100000,0.600000,0.109447
-0.743844,0.100000,0.600000,0.109613
-0.742743,0.100000,0.600000,0.109782
-0.741642,0.100000,0.600000,0.109954
-0.740541,0.100000,0.600000,0.110129
-0.739439,0.100000,0.600000,0.110307
-0.738338,0.100000,0.600000,0.110488
-0.737237,0.100000,0.600000,0.110672
-0.736136,0.100000,0.600000,0.110858
-0.735035,0.100000,0.600000,0.111048
-0.733934,0.100000,0.600000,0.111240
-0.732833,0.100000,0.600000,0.111436
-0.731732,0.100000,0.600000,0.111634
-0.730631,0.100000,0.600000,0.111835
-0.729530,0.100000,0.600000,0.112039
-0.728428,0.100000,0.600000,0.112246
-0.727327,0.100000,0.600000,0.112456
-0.726226,0.100000,0.600000,0.112669
-0.725125,0.100000,0.600000,0.112884
-0.724024,0.100000,0.600000,0.113103
-0.722923,0.100000,0.600000,0.113323
-0.721822,0.100000,0.600000,0.113547
-0.720721,0.100000,0.600000,0.113773
-0.719620,0.100000,0.600000,0.114002
-0.718519,0.100000,0.600000,0.114234
-0.717417,0.100000,0.600000,0.114468
-0.716316,0.100000,0.600000,0.114704
-0.715215,0.100000,0.600000,0.114943
-0.714114,0.100000,0.600000,0.115184
-0.713013,0.100000,0.600000,0.115428
-0.711912,0.100000,0.600000,0.115674
-0.710811,0.100000,0.600000,0.115921
-0.709710,0.100000,0.600000,0.116171
-0.708609,0.100000,0.600000,0.116424
-0.707508,0.100000,0.600000,0.116678
-0.706406,0.100000,0.600000,0.116934
-0.705305,0.100000,0.600000,0.117192
-0.704204,0.100000,0.600000,0.117452
-0.703103,0.100000,0.600000,0.117713
-0.702002,0.100000,0.600000,0.117976
-0.700901,0.100000,0.600000,0.118241
-0.699800,0.100000,0.600000,0.118507
-0.698699,0.100000,0.600000,0.118775
-0.697598,0.100000,0.600000,0.119044
-0.696496,0.100000,0.600000,0.119314
-0.695395,0.100000,0.600000,0.119585
-0.694294,0.100000,0.600000,0.119858
-0.693193,0.100000,0.600000,0.120131
-0.692092,0.100000,0.600000,0.120406
-0.690991,0.100000,0.600000,0.120681
-0.689890,0.100000,0.600000,0.120957
-0.688789,0.100000,0.600000,0.121234
-0.687688,0.100000,0.600000,0.121511
-0.686587,0.100000,0.600000,0.121789
-0.685485,0.100000,0.600000,0.122068
-0.684384,0.100000,0.600000,0.122347
-0.683283,0.100000,0.600000,0.122626
-0.682182,0.100000,0.600000,0.122906
-0.681081,0.100000,0.600000,0.123186
-0.679980,0.100000,0.600000,0.123466
-0.678879,0.100000,0.600000,0.123746
-0.677778,0.100000,0.600000,0.124026
-0.676677,0.100000,0.600000,0.124306
-0.675576,0.100000,0.600000,0.124586
-0.674474,0.100000,0.600000,0.124866
-0.673373,0.100000,0.600000,0.125146
-0.672272,0.100000,0.600000,0.125426
-0.671171,0.100000,0.600000,0.125705
-0.670070,0.100000,0.600000,0.125984
-0.668969,0.100000,0.600000,0.126263
-0.667868,0.100000,0.600000,0.126542
-0.666767,0.100000,0.600000,0.126820
-0.665666,0.100000,0.600000,0.127098
-0.664565,0.100000,0.600000,0.127375
-0.663463,0.100000,0.600000,0.127653
-0.662362,0.100000,0.600000,0.127929
-0.661261,0.100000,0.600000,0.128206
-0.660160,0.100000,0.600000,0.128481
-0.659059,0.100000,0.600000,0.128757
-0.657958,0.100000,0.600000,0.129032
-0.656857,0.100000,0.600000,0.129308
-0.655756,0.100000,0.600000,0.129582
-0.654655,0.100000,0.600000,0.129856
-0.653554,0.100000,0.600000,0.130131
-0.652452,0.100000,0.600000,0.130405
-0.651351,0.100000,0.600000,0.130678
-0.650250,0.100000,0.600000,0.130953
-0.649149,0.100000,0.600000,0.131226
-0.648048,0.100000,0.600000,0.131500
-0.646947,0.100000,0.600000,0.131775
-0.645846,0.100000,0.600000,0.132049
-0.644745,0.100000,0.600000,0.132324
-0.643644,0.100000,0.600000,0.132600
-0.642543,0.100000,0.600000,0.132876
-0.641441,0.100000,0.600000,0.133153
-0.640340,0.100000,0.600000,0.133431
-0.639239,0.100000,0.600000,0.133710
-0.638138,0.100000,0.600000,0.133990
-0.637037,0.100000,0.600000,0.134272
-0.635936,0.100000,0.600000,0.134555
-0.634835,0.100000,0.600000,0.134840
-0.633734,0.100000,0.600000,0.135127
-0.632633,0.100000,0.600000,0.135417
-0.631532,0.100000,0.600000,0.135708
-0.630430,0.100000,0.600000,0.136003
-0.629329,0.100000,0.600000,0.136300
-0.628228,0.100000,0.600000,0.136601
-0.627127,0.100000,0.600000,0.136905
-0.626026,0.100000,0.600000,0.137214
-0.624925,0.100000,0.600000,0.137526
-0.623824,0.100000,0.600000,0.137843
-0.622723,0.100000,0.600000,0.138164
-0.621622,0.100000,0.600000,0.138491
-0.620521,0.100000,0.600000,0.138823
-0.619419,0.100000,0.600000,0.139161
-0.618318,0.100000,0.600000,0.139505
-0.617217,0.100000,0.600000,0.139856
-0.616116,0.100000,0.600000,0.140214
-0.615015,0.100000,0.600000,0.140579
-0.613914,0.100000,0.600000,0.140952
-0.612813,0.100000,0.600000,0.141333
-0.611712,0.100000,0.600000,0.141723
-0.610611,0.100000,0.600000,0.142123
-0.609510,0.100000,0.600000,0.142532
-0.608408,0.100000,0.600000,0.142951
-0.607307,0.100000,0.600000,0.143380
-0.606206,0.100000,0.600000,0.143821
-0.605105,0.100000,0.600000,0.144273
-0.604004,0.100000,0.600000,0.144737
-0.602903,0.100000,0.600000,0.145213
-0.601802,0.100000,0.600000,0.145703
-0.600701,0.100000,0.600000,0.146206
-0.599600,0.100000,0.600000,0.146722
-0.598498,0.100000,0.600000,0.147253
-0.597397,0.100000,0.600000,0.147799
-0.596296,0.100000,0.600000,0.148361
-0.595195,0.100000,0.600000,0.148937
-0.594094,0.100000,0.600000,0.149531
-0.592993,0.100000,0.600000,0.150140
-0.591892,0.100000,0.600000,0.150767
-0.590791,0.100000,0.600000,0.151411
-0.589690,0.100000,0.600000,0.152074
-0.588589,0.100000,0.600000,0.152754
-0.587487,0.100000,0.600000,0.153453
-0.586386,0.100000,0.600000,0.154172
-0.585285,0.100000,0.600000,0.154909
-0.584184,0.100000,0.600000,0.155667
-0.583083,0.100000,0.600000,0.156444
-0.581982,0.100000,0.600000,0.157242
-0.580881,0.100000,0.600000,0.158061
-0.579780,0.100000,0.600000,0.158900
-0.578679,0.100000,0.600000,0.159761
-0.577578,0.100000,0.600000,0.160644
-0.576476,0.100000,0.600000,0.161549
-0.575375,0.100000,0.600000,0.162475
-0.574274,0.100000,0.600000,0.163424
-0.573173,0.100000,0.600000,0.164396
-0.572072,0.100000,0.600000,0.165391
-0.570971,0.100000,0.600000,0.166409
-0.569870,0.100000,0.600000,0.167450
-0.568769,0.100000,0.600000,0.168516
-0.567668,0.100000,0.600000,0.169605
-0.566567,0.100000,0.600000,0.170718
-0.565465,0.100000,0.600000,0.171856
-0.564364,0.100000,0.600000,0.173020
-0.563263,0.100000,0.600000,0.174208
-0.562162,0.100000,0.600000,0.175422
-0.561061,0.100000,0.600000,0.176663
-0.559960,0.100000,0.600000,0.177929
-0.558859,0.100000,0.600000,0.179223
-0.557758,0.100000,0.600000,0.180545
-0.556657,0.100000,0.600000,0.181894
-0.555556,0.100000,0.600000,0.183273
-0.554454,0.100000,0.600000,0.184680
-0.553353,0.100000,0.600000,0.186118
-0.552252,0.100000,0.600000,0.187587
-0.551151,0.100000,0.600000,0.189087
-0.550050,0.100000,0.600000,0.190620
-0.548949,0.100000,0.600000,0.192187
-0.547848,0.100000,0.600000,0.193789
-0.546747,0.100000,0.600000,0.195426
-0.545646,0.100000,0.600000,0.197101
-0.544545,0.100000,0.600000,0.198814
-0.543443,0.100000,0.600000,0.200567
-0.542342,0.100000,0.600000,0.202361
-0.541241,0.100000,0.600000,0.204199
-0.540140,0.100000,0.600000,0.206081
-0.539039,0.100000,0.600000,0.208010
-0.537938,0.100000,0.600000,0.209987
-0.536837,0.100000,0.600000,0.212015
-0.535736,0.100000,0.600000,0.214096
-0.534635,0.100000,0.600000,0.216233
-0.533534,0.100000,0.600000,0.218427
-0.532432,0.100000,0.600000,0.220682
-0.531331,0.100000,0.600000,0.222999
-0.530230,0.100000,0.600000,0.225384
-0.529129,0.100000,0.600000,0.227837
-0.528028,0.100000,0.600000,0.230362
-0.526927,0.100000,0.600000,0.232964
-0.525826,0.100000,0.600000,0.235645
-0.524725,0.100000,0.600000,0.238409
-0.523624,0.100000,0.600000,0.241260
-0.522523,0.100000,0.600000,0.244202
-0.521421,0.100000,0.600000,0.247239
-0.520320,0.100000,0.600000,0.250377
-0.519219,0.100000,0.600000,0.253619
-0.518118,0.100000,0.600000,0.256970
-0.517017,0.100000,0.600000,0.260435
-0.515916,0.100000,0.600000,0.264020
-0.514815,0.100000,0.600000,0.267729
-0.513714,0.100000,0.600000,0.271569
-0.512613,0.100000,0.600000,0.275544
-0.511512,0.100000,0.600000,0.279662
-0.510410,0.100000,0.600000,0.283926
-0.509309,0.100000,0.600000,0.288345
-0.508208,0.100000,0.600000,0.292923
-0.507107,0.100000,0.600000,0.297669
-0.506006,0.100000,0.600000,0.302586
-0.504905,0.100000,0.600000,0.307683
-0.503804,0.100000,0.600000,0.312966
-0.502703,0.100000,0.600000,0.318440
-0.501602,0.100000,0.600000,0.324115
-0.500501,0.100000,0.600000,0.329993
-0.499399,0.100000,0.600000,0.336084
-0.498298,0.100000,0.600000,0.342392
-0.497197,0.100000,0.600000,0.348924
-0.496096,0.100000,0.600000,0.355685
-0.494995,0.100000,0.600000,0.362681
-0.493894,0.100000,0.600000,0.369917
-0.492793,0.100000,0.600000,0.377397
-0.491692,0.100000,0.600000,0.385126
-0.490591,0.100000,0.600000,0.393107
-0.489489,0.100000,0.600000,0.401342
-0.488388,0.100000,0.600000,0.409834
-0.487287,0.100000,0.600000,0.418584
-0.486186,0.100000,0.600000,0.427591
-0.485085,0.100000,0.600000,0.436856
-0.483984,0.100000,0.600000,0.446377
-0.482883,0.100000,0.600000,0.456149
-0.481782,0.100000,0.600000,0.466169
-0.480681,0.100000,0.600000,0.476432
-0.479580,0.100000,0.600000,0.486930
-0.478478,0.100000,0.600000,0.497653
-0.477377,0.100000,0.600000,0.508593
-0.476276,0.100000,0.600000,0.519738
-0.475175,0.100000,0.600000,0.531074
-0.474074,0.100000,0.600000,0.542587
-0.472973,0.100000,0.600000,0.554261
-0.471872,0.100000,0.600000,0.566075
-0.470771,0.100000,0.600000,0.578013
-0.469670,0.100000,0.600000,0.590052
-0.468569,0.100000,0.600000,0.602171
-0.467467,0.100000,0.600000,0.614344
-0.466366,0.100000,0.600000,0.626548
-0.465265,0.100000,0.600000,0.638756
-0.464164,0.100000,0.600000,0.650941
-0.463063,0.100000,0.600000,0.663076
-0.461962,0.100000,0.600000,0.675130
-0.460861,0.100000,0.600000,0.687076
-0.459760,0.100000,0.600000,0.698883
-0.458659,0.100000,0.600000,0.710523
-0.457558,0.100000,0.600000,0.721964
-0.456456,0.100000,0.600000,0.733178
-0.455355,0.100000,0.600000,0.744135
-0.454254,0.100000,0.600000,0.754807
-0.453153,0.100000,0.600000,0.765164
-0.452052,0.100000,0.600000,0.775181
-0.450951,0.100000,0.600000,0.784831
-0.449850,0.100000,0.600000,0.794088
-0.448749,0.100000,0.600000,0.802926
-0.447648,0.100000,0.600000,0.811326
-0.446547,0.100000,0.600000,0.819264
-0.445445,0.100000,0.600000,0.826720
-0.444344,0.100000,0.600000,0.833676
-0.443243,0.100000,0.600000,0.840113
-0.442142,0.100000,0.600000,0.846017
-0.441041,0.100000,0.600000,0.851373
-0.439940,0.100000,0.600000,0.856169
-0.438839,0.100000,0.600000,0.860394
-0.437738,0.100000,0.600000,0.864036
-0.436637,0.100000,0.600000,0.867091
-0.435536,0.100000,0.600000,0.869550
-0.434434,0.100000,0.600000,0.871408
-0.433333,0.100000,0.600000,0.872663
-0.432232,0.100000,0.600000,0.873312
-0.431131,0.100000,0.600000,0.873353
-0.430030,0.100000,0.600000,0.872790
-0.428929,0.100000,0.600000,0.871622
-0.427828,0.100000,0.600000,0.869854
-0.426727,0.100000,0.600000,0.867489
-0.425626,0.100000,0.600000,0.864535
-0.424525,0.100000,0.600000,0.860997
-0.423423,0.100000,0.600000,0.856886
-0.422322,0.100000,0.600000,0.852208
-0.421221,0.100000,0.600000,0.846977
-0.420120,0.100000,0.600000,0.841204
-0.419019,0.100000,0.600000,0.834903
-0.417918,0.100000,0.600000,0.828086
-0.416817,0.100000,0.600000,0.820771
-0.415716,0.100000,0.600000,0.812973
-0.414615,0.100000,0.600000,0.804709
-0.413514,0.100000,0.600000,0.795998
-0.412412,0.100000,0.600000,0.786863
-0.411311,0.100000,0.600000,0.777321
-0.410210,0.100000,0.600000,0.767395
-0.409109,0.100000,0.600000,0.757107
-0.408008,0.100000,0.600000,0.746481
-0.406907,0.100000,0.600000,0.735541
-0.405806,0.100000,0.600000,0.724312
-0.404705,0.100000,0.600000,0.712820
-0.403604,0.100000,0.600000,0.701089
-0.402503,0.100000,0.600000,0.689148
-0.401401,0.100000,0.600000,0.677023
-0.400300,0.100000,0.600000,0.664740
-0.399199,0.100000,0.600000,0.652327
-0.398098,0.100000,0.600000,0.639811
-0.396997,0.100000,0.600000,0.627218
-0.395896,0.100000,0.600000,0.614573
-0.394795,0.100000,0.600000,0.601905
-0.393694,0.100000,0.600000,0.589238
-0.392593,0.100000,0.600000,0.576597
-0.391491,0.100000,0.600000,0.564006
-0.390390,0.100000,0.600000,0.551488
-0.389289,0.100000,0.600000,0.539064
-0.388188,0.100000,0.600000,0.526756
-0.387087,0.100000,0.600000,0.514585
-0.385986,0.100000,0.600000,0.502568
-0.384885,0.100000,0.600000,0.490721
-0.383784,0.100000,0.600000,0.479063
-0.382683,0.100000,0.600000,0.467606
-0.381582,0.100000,0.600000,0.456363
-0.380480,0.100000,0.600000,0.445348
-0.379379,0.100000,0.600000,0.434570
-0.378278,0.100000,0.600000,0.424037
-0.377177,0.100000,0.600000,0.413757
-0.376076,0.100000,0.600000,0.403738
-0.374975,0.100000,0.600000,0.393982
-0.373874,0.100000,0.600000,0.384496
-0.372773,0.100000,0.600000,0.375281
-0.371672,0.100000,0.600000,0.366338
-0.370571,0.100000,0.600000,0.357668
-0.369469,0.100000,0.600000,0.349271
-0.368368,0.100000,0.600000,0.341144
-0.367267,0.100000,0.600000,0.333287
-0.366166,0.100000,0.600000,0.325697
-0.365065,0.100000,0.600000,0.318369
-0.363964,0.100000,0.600000,0.311300
-0.362863,0.100000,0.600000,0.304484
-0.361762,0.100000,0.600000,0.297918
-0.360661,0.100000,0.600000,0.291595
-0.359560,0.100000,0.600000,0.285510
-0.358458,0.100000,0.600000,0.279656
-0.357357,0.100000,0.600000,0.274027
-0.356256,0.100000,0.600000,0.268617
-0.355155,0.100000,0.600000,0.263419
-0.354054,0.100000,0.600000,0.258427
-0.352953,0.100000,0.600000,0.253634
-0.351852,0.100000,0.600000,0.249033
-0.350751,0.100000,0.600000,0.244618
-0.349650,0.100000,0.600000,0.240381
-0.348549,0.100000,0.600000,0.236317
-0.347447,0.100000,0.600000,0.232419
-0.346346,0.100000,0.600000,0.228680
-0.345245,0.100000,0.600000,0.225094
-0.344144,0.100000,0.600000,0.221656
-0.343043,0.100000,0.600000,0.218360
-0.341942,0.100000,0.600000,0.215199
-0.340841,0.100000,0.600000,0.212168
-0.339740,0.100000,0.600000,0.209261
-0.338639,0.100000,0.600000,0.206474
-0.337538,0.100000,0.600000,0.203801
-0.336436,0.100000,0.600000,0.201238
-0.335335,0.100000,0.600000,0.198779
-0.334234,0.100000,0.600000,0.196421
-0.333133,0.100000,0.600000,0.194158
-0.332032,0.100000,0.600000,0.191987
-0.330931,0.100000,0.600000,0.189904
-0.329830,0.100000,0.600000,0.187904
-0.328729,0.100000,0.600000,0.185984
-0.327628,0.100000,0.600000,0.184141
-0.326527,0.100000,0.600000,0.182370
-0.325425,0.100000,0.600000,0.180669
-0.324324,0.100000,0.600000,0.179036
-0.323223,0.100000,0.600000,0.177465
-0.322122,0.100000,0.600000,0.175956
-0.321021,0.100000,0.600000,0.174505
-0.319920,0.100000,0.600000,0.173110
-0.318819,0.100000,0.600000,0.171768
-0.317718,0.100000,0.600000,0.170476
-0.316617,0.100000,0.600000,0.169233
-0.315516,0.100000,0.600000,0.168037
-0.314414,0.100000,0.600000,0.166885
-0.313313,0.100000,0.600000,0.165775
-0.312212,0.100000,0.600000,0.164706
-0.311111,0.100000,0.600000,0.163675
-0.310010,0.100000,0.600000,0.162682
-0.308909,0.100000,0.600000,0.161724
-0.307808,0.100000,0.600000,0.160800
-0.306707,0.100000,0.600000,0.159909
-0.305606,0.100000,0.600000,0.159048
-0.304505,0.100000,0.600000,0.158217
-0.303403,0.100000,0.600000,0.157415
-0.302302,0.100000,0.600000,0.156640
-0.301201,0.100000,0.600000,0.155891
-0.300100,0.100000,0.600000,0.155168
-0.298999,0.100000,0.600000,0.154468
-0.297898,0.100000,0.600000,0.153791
-0.296797,0.100000,0.600000,0.153136
-0.295696,0.100000,0.600000,0.152502
-0.294595,0.100000,0.600000,0.151888
-0.293493,0.100000,0.600000,0.151294
-0.292392,0.100000,0.600000,0.150718
-0.291291,0.100000,0.600000,0.150160
-0.290190,0.100000,0.600000,0.149620
-0.289089,0.100000,0.600000,0.149095
-0.287988,0.100000,0.600000,0.148587
-0.286887,0.100000,0.600000,0.148093
-0.285786,0.100000,0.600000,0.147614
-0.284685,0.100000,0.600000,0.147149
-0.283584,0.100000,0.600000,0.146697
-0.282482,0.100000,0.600000,0.146258
-0.281381,0.100000,0.600000,0.145832
-0.280280,0.100000,0.600000,0.145417
-0.279179,0.100000,0.600000,0.145014
-0.278078,0.100000,0.600000,0.144622
-0.276977,0.100000,0.600000,0.144240
-0.275876,0.100000,0.600000,0.143868
-0.274775,0.100000,0.600000,0.143507
-0.273674,0.100000,0.600000,0.143154
-0.272573,0.100000,0.600000,0.142810
-0.271471,0.100000,0.600000,0.142476
-0.270370,0.100000,0.600000,0.142149
-0.269269,0.100000,0.600000,0.141830
-0.268168,0.100000,0.600000,0.141520
-0.267067,0.100000,0.600000,0.141216
-0.265966,0.100000,0.600000,0.140920
-0.264865,0.100000,0.600000,0.140631
-0.263764,0.100000,0.600000,0.140348
-0.262663,0.100000,0.600000,0.140072
-0.261562,0.100000,0.600000,0.139802
-0.260460,0.100000,0.600000,0.139537
-0.259359,0.100000,0.600000,0.139279
-0.258258,0.100000,0.600000,0.139026
-0.257157,0.100000,0.600000,0.138778
-0.256056,0.100000,0.600000,0.138536
-0.254955,0.100000,0.600000,0.138298
-0.253854,0.100000,0.600000,0.138065
-0.252753,0.100000,0.600000,0.137836
-0.251652,0.100000,0.600000,0.137613
-0.250551,0.100000,0.600000,0.137393
-0.249449,0.100000,0.600000,0.137177
-0.248348,0.100000,0.600000,0.136965
-0.247247,0.100000,0.600000,0.136758
-0.246146,0.100000,0.600000,0.136553
-0.245045,0.100000,0.600000,0.136353
-0.243944,0.100000,0.600000,0.136156
-0.242843,0.100000,0.600000,0.135962
-0.241742,0.100000,0.600000,0.135771
-0.240641,0.100000,0.600000,0.135584
-0.239540,0.100000,0.600000,0.135399
-0.238438,0.100000,0.600000,0.135217
-0.237337,0.100000,0.600000,0.135038
-0.236236,0.100000,0.600000,0.134862
-0.235135,0.100000,0.600000,0.134689
-0.234034,0.100000,0.600000,0.134517
-0.232933,0.100000,0.600000,0.134349
-0.231832,0.100000,0.600000,0.134183
-0.230731,0.100000,0.600000,0.134018
-0.229630,0.100000,0.600000,0.133857
-0.228529,0.100000,0.600000,0.133697
-0.227427,0.100000,0.600000,0.133539
-0.226326,0.100000,0.600000,0.133383
-0.225225,0.100000,0.600000,0.133229
-0.224124,0.100000,0.600000,0.133078
-0.223023,0.100000,0.600000,0.132927
-0.221922,0.100000,0.600000,0.132779
-0.220821,0.100000,0.600000,0.132632
-0.219720,0.100000,0.600000,0.132487
-0.218619,0.100000,0.600000,0.132344
-0.217518,0.100000,0.600000,0.132202
-0.216416,0.100000,0.600000,0.132061
-0.215315,0.100000,0.600000,0.131922
-0.214214,0.100000,0.600000,0.131785
-0.213113,0.100000,0.600000,0.131649
-0.212012,0.100000,0.600000,0.131514
-0.210911,0.100000,0.600000,0.131380
-0.209810,0.100000,0.600000,0.131248
-0.208709,0.100000,0.600000,0.131117
-0.207608,0.100000,0.600000,0.130987
-0.206507,0.100000,0.600000,0.130858
-0.205405,0.100000,0.600000,0.130731
-0.204304,0.100000,0.600000,0.130604
-0.203203,0.100000,0.600000,0.130479
-0.202102,0.100000,0.600000,0.130355
-0.201001,0.100000,0.600000,0.130231
-0.199900,0.100000,0.600000,0.130109
-0.198799,0.100000,0.600000,0.129988
-0.197698,0.100000,0.600000,0.129868
-0.196597,0.100000,0.600000,0.129748
-0.195495,0.100000,0.600000,0.129630
-0.194394,0.100000,0.600000,0.129512
-0.193293,0.100000,0.600000,0.129396
-0.192192,0.100000,0.600000,0.129280
-0.191091,0.100000,0.600000,0.129165
-0.189990,0.100000,0.600000,0.129051
-0.188889,0.100000,0.600000,0.128938
-0.187788,0.100000,0.600000,0.128825
-0.186687,0.100000,0.600000,0.128714
-0.185586,0.100000,0.600000,0.128603
-0.184484,0.100000,0.600000,0.128493
-0.183383,0.100000,0.600000,0.128384
-0.182282,0.100000,0.600000,0.128275
-0.181181,0.100000,0.600000,0.128167
-0.180080,0.100000,0.600000,0.128060
-0.178979,0.100000,0.600000,0.127954
-0.177878,0.100000,0.600000,0.127849
-0.176777,0.100000,0.600000,0.127744
-0.175676,0.100000,0.600000,0.127640
-0.174575,0.100000,0.600000,0.127536
-0.173473,0.100000,0.600000,0.127434
-0.172372,0.100000,0.600000,0.127332
-0.171271,0.100000,0.600000,0.127231
-0.170170,0.100000,0.600000,0.127130
-0.169069,0.100000,0.600000,0.127031
-0.167968,0.100000,0.600000,0.126932
-0.166867,0.100000,0.600000,0.126833
-0.165766,0.100000,0.600000,0.126735
-0.164665,0.100000,0.600000,0.126638
-0.163564,0.100000,0.600000,0.126542
-0.162462,0.100000,0.600000,0.126446
-0.161361,0.100000,0.600000,0.126351
-0.160260,0.100000,0.600000,0.126257
-0.159159,0.100000,0.600000,0.126163
-0.158058,0.100000,0.600000,0.126071
-0.156957,0.100000,0.600000,0.125978
-0.155856,0.100000,0.600000,0.125887
-0.154755,0.100000,0.600000,0.125796
-0.153654,0.100000,0.600000,0.125706
-0.152553,0.100000,0.600000,0.125616
-0.151451,0.100000,0.600000,0.125527
-0.150350,0.100000,0.600000,0.125439
-0.149249,0.100000,0.600000,0.125352
-0.148148,0.100000,0.600000,0.125265
-0.147047,0.100000,0.600000,0.125179
-0.145946,0.100000,0.600000,0.125093
-0.144845,0.100000,0.600000,0.125009
-0.143744,0.100000,0.600000,0.124925
-0.142643,0.100000,0.600000,0.124841
-0.141542,0.100000,0.600000,0.124759
-0.140440,0.100000,0.600000,0.124676
-0.139339,0.100000,0.600000,0.124595
-0.138238,0.100000,0.600000,0.124515
-0.137137,0.100000,0.600000,0.124435
-0.136036,0.100000,0.600000,0.124355
-0.134935,0.100000,0.600000,0.124277
-0.133834,0.100000,0.600000,0.124199
-0.132733,0.100000,0.600000,0.124122
-0.131632,0.100000,0.600000,0.124045
-0.130531,0.100000,0.600000,0.123970
-0.129429,0.100000,0.600000,0.123894
-0.128328,0.100000,0.600000,0.123820
-0.127227,0.100000,0.600000,0.123746
-0.126126,0.100000,0.600000,0.123673
-0.125025,0.100000,0.600000,0.123601
-0.123924,0.100000,0.600000,0.123530
-0.122823,0.100000,0.600000,0.123458
-0.121722,0.100000,0.600000,0.123388
-0.120621,0.100000,0.600000,0.123319
-0.119520,0.100000,0.600000,0.123250
-0.118418,0.100000,0.600000,0.123182
-0.117317,0.100000,0.600000,0.123115
-0.116216,0.100000,0.600000,0.123048
-0.115115,0.100000,0.600000,0.122982
-0.114014,0.100000,0.600000,0.122916
-0.112913,0.100000,0.600000,0.122852
-0.111812,0.100000,0.600000,0.122788
-0.110711,0.100000,0.600000,0.122724
-0.109610,0.100000,0.600000,0.122662
-0.108509,0.100000,0.600000,0.122600
-0.107407,0.100000,0.600000,0.122538
-0.106306,0.100000,0.600000,0.122478
-0.105205,0.100000,0.600000,0.122418
-0.104104,0.100000,0.600000,0.122359
-0.103003,0.100000,0.600000,0.122300
-0.101902,0.100000,0.600000,0.122242
-0.100801,0.100000,0.600000,0.122185
-0.099700,0.100000,0.600000,0.122129
-0.098599,0.100000,0.600000,0.122073
-0.097497,0.100000,0.600000,0.122017
-0.096396,0.100000,0.600000,0.121963
-0.095295,0.100000,0.600000,0.121909
-0.094194,0.100000,0.600000,0.121856
-0.093093,0.100000,0.600000,0.121803
-0.091992,0.100000,0.600000,0.121751
-0.090891,0.100000,0.600000,0.121699
-0.089790,0.100000,0.600000,0.121649
-0.088689,0.100000,0.600000,0.121599
-0.087588,0.100000,0.600000,0.121549
-0.086486,0.100000,0.600000,0.121500
-0.085385,0.100000,0.600000,0.121452
-0.084284,0.100000,0.600000,0.121404
-0.083183,0.100000,0.600000,0.121357
-0.082082,0.100000,0.600000,0.121311
-0.080981,0.100000,0.600000,0.121265
-0.079880,0.100000,0.600000,0.121220
-0.078779,0.100000,0.600000,0.121175
-0.077678,0.100000,0.600000,0.121131
-0.076577,0.100000,0.600000,0.121088
-0.075475,0.100000,0.600000,0.121045
-0.074374,0.100000,0.600000,0.121003
-0.073273,0.100000,0.600000,0.120961
-0.072172,0.100000,0.600000,0.120919
-0.071071,0.100000,0.600000,0.120879
-0.069970,0.100000,0.600000,0.120839
-0.068869,0.100000,0.600000,0.120799
-0.067768,0.100000,0.600000,0.120760
-0.066667,0.100000,0.600000,0.120721
-0.065566,0.100000,0.600000,0.120684
-0.064464,0.100000,0.600000,0.120646
-0.063363,0.100000,0.600000,0.120609
-0.062262,0.100000,0.600000,0.120573
-0.061161,0.100000,0.600000,0.120537
-0.060060,0.100000,0.600000,0.120501
-0.058959,0.100000,0.600000,0.120466
-0.057858,0.100000,0.600000,0.120432
-0.056757,0.100000,0.600000,0.120398
-0.055656,0.100000,0.600000,0.120364
-0.054555,0.100000,0.600000,0.120331
-0.053453,0.100000,0.600000,0.120299
-0.052352,0.100000,0.600000,0.120267
-0.051251,0.100000,0.600000,0.120235
-0.050150,0.100000,0.600000,0.120204
-0.049049,0.100000,0.600000,0.120173
-0.047948,0.100000,0.600000,0.120143
-0.046847,0.100000,0.600000,0.120112
-0.045746,0.100000,0.600000,0.120083
-0.044645,0.100000,0.600000,0.120054
-0.043544,0.100000,0.600000,0.120025
-0.042442,0.100000,0.600000,0.119997
-0.041341,0.100000,0.600000,0.119969
-0.040240,0.100000,0.600000,0.119941
-0.039139,0.100000,0.600000,0.119914
-0.038038,0.100000,0.600000,0.119888
-0.036937,0.100000,0.600000,0.119861
-0.035836,0.100000,0.600000,0.119835
-0.034735,0.100000,0.600000,0.119809
-0.033634,0.100000,0.600000,0.119784
-0.032533,0.100000,0.600000,0.119759
-0.031431,0.100000,0.600000,0.119735
-0.030330,0.100000,0.600000,0.119711
-0.029229,0.100000,0.600000,0.119687
-0.028128,0.100000,0.600000,0.119663
-0.027027,0.100000,0.600000,0.119639
-0.025926,0.100000,0.600000,0.119617
-0.024825,0.100000,0.600000,0.119594
-0.023724,0.100000,0.600000,0.119572
-0.022623,0.100000,0.600000,0.119550
-0.021522,0.100000,0.600000,0.119528
-0.020420,0.100000,0.600000,0.119506
-0.019319,0.100000,0.600000,0.119485
-0.018218,0.100000,0.600000,0.119464
-0.017117,0.100000,0.600000,0.119444
-0.016016,0.100000,0.600000,0.119423
-0.014915,0.100000,0.600000,0.119403
-0.013814,0.100000,0.600000,0.119383
-0.012713,0.100000,0.600000,0.119364
-0.011612,0.100000,0.600000,0.119344
-0.010511,0.100000,0.600000,0.119326
-0.009409,0.100000,0.600000,0.119307
-0.008308,0.100000,0.600000,0.119288
-0.007207,0.100000,0.600000,0.119270
-0.006106,0.100000,0.600000,0.119251
-0.005005,0.100000,0.600000,0.119234
-0.003904,0.100000,0.600000,0.119216
-0.002803,0.100000,0.600000,0.119198
-0.001702,0.100000,0.600000,0.119181
-0.000601,0.100000,0.600000,0.119164
0.000501,0.100000,0.600000,0.119147
0.001602,0.100000,0.600000,0.119130
0.002703,0.100000,0.600000,0.119114
0.003804,0.100000,0.600000,0.119097
0.004905,0.100000,0.600000,0.119081
0.006006,0.100000,0.600000,0.119066
0.007107,0.100000,0.600000,0.119050
0.008208,0.100000,0.600000,0.119034
0.009309,0.100000,0.600000,0.119019
0.010410,0.100000,0.600000,0.119003
0.011512,0.100000,0.600000,0.118988
0.012613,0.100000,0.600000,0.118973
0.013714,0.100000,0.600000,0.118959
0.014815,0.100000,0.600000,0.118944
0.015916,0.100000,0.600000,0.118929
0.017017,0.100000,0.600000,0.118915
0.018118,0.100000,0.600000,0.118901
0.019219,0.100000,0.600000,0.118887
0.020320,0.100000,0.600000,0.118873
0.021421,0.100000,0.600000,0.118859
0.022523,0.100000,0.600000,0.118845
0.023624,0.100000,0.600000,0.118832
0.024725,0.100000,0.600000,0.118818
0.025826,0.100000,0.600000,0.118805
0.026927,0.100000,0.600000,0.118792
0.028028,0.100000,0.600000,0.118778
0.029129,0.100000,0.600000,0.118765
0.030230,0.100000,0.600000,0.118753
0.031331,0.100000,0.600000,0.118740
0.032432,0.100000,0.600000,0.118727
0.033534,0.100000,0.600000,0.118714
0.034635,0.100000,0.600000,0.118702
0.035736,0.100000,0.600000,0.118689
0.036837,0.100000,0.600000,0.118677
0.037938,0.100000,0.600000,0.118665
0.039039,0.100000,0.600000,0.118653
0.040140,0.100000,0.600000,0.118641
0.041241,0.100000,0.600000,0.118629
0.042342,0.100000,0.600000,0.118617
0.043443,0.100000,0.600000,0.118605
0.044545,0.100000,0.600000,0.118593
0.045646,0.100000,0.600000,0.118582
0.046747,0.100000,0.600000,0.118570
0.047848,0.100000,0.600000,0.118559
0.048949,0.100000,0.600000,0.118547
0.050050,0.100000,0.600000,0.118536
0.051151,0.100000,0.600000,0.118525
0.052252,0.100000,0.600000,0.118513
0.053353,0.100000,0.600000,0.118502
0.054454,0.100000,0.600000,0.118491
0.055556,0.100000,0.600000,0.118480
0.056657,0.100000,0.600000,0.118469
0.057758,0.100000,0.600000,0.118458
0.058859,0.100000,0.600000,0.118447
0.059960,0.100000,0.600000,0.118437
0.061061,0.100000,0.600000,0.118426
0.062162,0.100000,0.600000,0.118415
0.063263,0.100000,0.600000,0.118404
0.064364,0.100000,0.600000,0.118394
0.065465,0.100000,0.600000,0.118383
0.066567,0.100000,0.600000,0.118373
0.067668,0.100000,0.600000,0.118363
0.068769,0.100000,0.600000,0.118352
0.069870,0.100000,0.600000,0.118342
0.070971,0.100000,0.600000,0.118331
0.072072,0.100000,0.600000,0.118321
0.073173,0.100000,0.600000,0.118311
0.074274,0.100000,0.600000,0.118301
0.075375,0.100000,0.600000,0.118290
0.076476,0.100000,0.600000,0.118280
0.077578,0.100000,0.600000,0.118270
0.078679,0.100000,0.600000,0.118260
0.079780,0.100000,0.600000,0.118250
0.080881,0.100000,0.600000,0.118240
0.081982,0.100000,0.600000,0.118230
0.083083,0.100000,0.600000,0.118220
0.084184,0.100000,0.600000,0.118211
0.085285,0.100000,0.600000,0.118201
0.086386,0.100000,0.600000,0.118191
0.087487,0.100000,0.600000,0.118181
0.088589,0.100000,0.600000,0.118172
0.089690,0.100000,0.600000,0.118162
0.090791,0.100000,0.600000,0.118152
0.091892,0.100000,0.600000,0.118143
0.092993,0.100000,0.600000,0.118133
0.094094,0.100000,0.600000,0.118124
0.095195,0.100000,0.600000,0.118114
0.096296,0.100000,0.600000,0.118105
0.097397,0.100000,0.600000,0.118095
0.098498,0.100000,0.600000,0.118086
0.099600,0.100000,0.600000,0.118077
0.100701,0.100000,0.600000,0.118067
0.101802,0.100000,0.600000,0.118058
0.102903,0.100000,0.600000,0.118049
0.104004,0.100000,0.600000,0.118039
0.105105,0.100000,0.600000,0.118030
0.106206,0.100000,0.600000,0.118021
0.107307,0.100000,0.600000,0.118012
0.108408,0.100000,0.600000,0.118003
0.109510,0.100000,0.600000,0.117994
0.110611,0.100000,0.600000,0.117984
0.111712,0.100000,0.600000,0.117975
0.112813,0.100000,0.600000,0.117966
0.113914,0.100000,0.600000,0.117957
0.115015,0.100000,0.600000,0.117948
0.116116,0.100000,0.600000,0.117939
0.117217,0.100000,0.600000,0.117931
0.118318,0.100000,0.600000,0.117922
0.119419,0.100000,0.600000,0.117913
0.120521,0.100000,0.600000,0.117904
0.121622,0.100000,0.600000,0.117895
0.122723,0.100000,0.600000,0.117887
0.123824,0.100000,0.600000,0.117878
0.124925,0.100000,0.600000,0.117869
0.126026,0.100000,0.600000,0.117861
0.127127,0.100000,0.600000,0.117852
0.128228,0.100000,0.600000,0.117843
0.129329,0.100000,0.600000,0.117835
0.130430,0.100000,0.600000,0.117827
0.131532,0.100000,0.600000,0.117818
0.132633,0.100000,0.600000,0.117810
0.133734,0.100000,0.600000,0.117801
0.134835,0.100000,0.600000,0.117793
0.135936,0.100000,0.600000,0.117784
0.137037,0.100000,0.600000,0.117776
0.138138,0.100000,0.600000,0.117768
0.139239,0.100000,0.600000,0.117760
0.140340,0.100000,0.600000,0.117752
0.141441,0.100000,0.600000,0.117743
0.142543,0.100000,0.600000,0.117735
0.143644,0.100000,0.600000,0.117727
0.144745,0.100000,0.600000,0.117719
0.145846,0.100000,0.600000,0.117711
0.146947,0.100000,0.600000,0.117703
0.148048,0.100000,0.600000,0.117695
0.149149,0.100000,0.600000,0.117687
0.150250,0.100000,0.600000,0.117679
0.151351,0.100000,0.600000,0.117671
0.152452,0.100000,0.600000,0.117663
0.153554,0.100000,0.600000,0.117656
0.154655,0.100000,0.600000,0.117648
0.155756,0.100000,0.600000,0.117640
0.156857,0.100000,0.600000,0.117632
0.157958,0.100000,0.600000,0.117625
0.159059,0.100000,0.600000,0.117617
0.160160,0.100000,0.600000,0.117610
0.161261,0.100000,0.600000,0.117602
0.162362,0.100000,0.600000,0.117595
0.163463,0.100000,0.600000,0.117587
0.164565,0.100000,0.600000,0.117580
0.165666,0.100000,0.600000,0.117572
0.166767,0.100000,0.600000,0.117565
0.167868,0.100000,0.600000,0.117558
0.168969,0.100000,0.600000,0.117550
0.170070,0.100000,0.600000,0.117543
0.171171,0.100000,0.600000,0.117536
0.172272,0.100000,0.600000,0.117529
0.173373,0.100000,0.600000,0.117522
0.174474,0.100000,0.600000,0.117514
0.175576,0.100000,0.600000,0.117508
0.176677,0.100000,0.600000,0.117501
0.177778,0.100000,0.600000,0.117494
0.178879,0.100000,0.600000,0.117487
0.179980,0.100000,0.600000,0.117480
0.181081,0.100000,0.600000,0.117473
0.182182,0.100000,0.600000,0.117466
0.183283,0.100000,0.600000,0.117460
0.184384,0.100000,0.600000,0.117453
0.185485,0.100000,0.600000,0.117446
0.186587,0.100000,0.600000,0.117439
0.187688,0.100000,0.600000,0.117433
0.188789,0.100000,0.600000,0.117426
0.189890,0.100000,0.600000,0.117420
0.190991,0.100000,0.600000,0.117413
0.192092,0.100000,0.600000,0.117407
0.193193,0.100000,0.600000,0.117400
0.194294,0.100000,0.600000,0.117394
0.195395,0.100000,0.600000,0.117388
0.196496,0.100000,0.600000,0.117381
0.197598,0.100000,0.600000,0.117375
0.198699,0.100000,0.600000,0.117369
0.199800,0.100000,0.600000,0.117363
0.200901,0.100000,0.600000,0.117357
0.202002,0.100000,0.600000,0.117351
0.203103,0.100000,0.600000,0.117345
0.204204,0.100000,0.600000,0.117339
0.205305,0.100000,0.600000,0.117333
0.206406,0.100000,0.600000,0.117327
0.207508,0.100000,0.600000,0.117321
0.208609,0.100000,0.600000,0.117315
0.209710,0.100000,0.600000,0.117309
0.210811,0.100000,0.600000,0.117304
0.211912,0.100000,0.600000,0.117298
0.213013,0.100000,0.600000,0.117292
0.214114,0.100000,0.600000,0.117287
0.215215,0.100000,0.600000,0.117281
0.216316,0.100000,0.600000,0.117276
0.217417,0.100000,0.600000,0.117270
0.218519,0.100000,0.600000,0.117265
0.219620,0.100000,0.600000,0.117259
0.220721,0.100000,0.600000,0.117254
0.221822,0.100000,0.600000,0.117248
0.222923,0.100000,0.600000,0.117243
0.224024,0.100000,0.600000,0.117238
0.225125,0.100000,0.600000,0.117233
0.226226,0.100000,0.600000,0.117228
0.227327,0.100000,0.600000,0.117222
0.228428,0.100000,0.600000,0.117217
0.229530,0.100000,0.600000,0.117212
0.230631,0.100000,0.600000,0.117207
0.231732,0.100000,0.600000,0.117202
0.232833,0.100000,0.600000,0.117197
0.233934,0.100000,0.600000,0.117192
0.235035,0.100000,0.600000,0.117188
0.236136,0.100000,0.600000,0.117183
0.237237,0.100000,0.600000,0.117178
0.238338,0.100000,0.600000,0.117173
0.239439,0.100000,0.600000,0.117169
0.240541,0.100000,0.600000,0.117164
0.241642,0.100000,0.600000,0.117159
0.242743,0.100000,0.600000,0.117155
0.243844,0.100000,0.600000,0.117150
0.244945,0.100000,0.600000,0.117146
0.246046,0.100000,0.600000,0.117141
0.247147,0.100000,0.600000,0.117137
0.248248,0.100000,0.600000,0.117132
0.249349,0.100000,0.600000,0.117128
0.250450,0.100000,0.600000,0.117124
0.251552,0.100000,0.600000,0.117119
0.252653,0.100000,0.600000,0.117115
0.253754,0.100000,0.600000,0.117111
0.254855,0.100000,0.600000,0.117107
0.255956,0.100000,0.600000,0.117102
0.257057,0.100000,0.600000,0.117098
0.258158,0.100000,0.600000,0.117094
0.259259,0.100000,0.600000,0.117090
0.260360,0.100000,0.600000,0.117086
0.261461,0.100000,0.600000,0.117082
0.262563,0.100000,0.600000,0.117078
0.263664,0.100000,0.600000,0.117075
0.264765,0.100000,0.600000,0.117071
0.265866,0.100000,0.600000,0.117067
0.266967,0.100000,0.600000,0.117063
0.268068,0.100000,0.600000,0.117059
0.269169,0.100000,0.600000,0.117056
0.270270,0.100000,0.600000,0.117052
0.271371,0.100000,0.600000,0.117048
0.272472,0.100000,0.600000,0.117045
0.273574,0.100000,0.600000,0.117041
0.274675,0.100000,0.600000,0.117037
0.275776,0.100000,0.600000,0.117034
0.276877,0.100000,0.600000,0.117031
0.277978,0.100000,0.600000,0.117027
0.279079,0.100000,0.600000,0.117024
0.280180,0.100000,0.600000,0.117020
0.281281,0.100000,0.600000,0.117017
0.282382,0.100000,0.600000,0.117014
0.283483,0.100000,0.600000,0.117010
0.284585,0.100000,0.600000,0.117007
0.285686,0.100000,0.600000,0.117004
0.286787,0.100000,0.600000,0.117001
0.287888,0.100000,0.600000,0.116998
0.288989,0.100000,0.600000,0.116994
0.290090,0.100000,0.600000,0.116991
0.291191,0.100000,0.600000,0.116988
0.292292,0.100000,0.600000,0.116985
0.293393,0.100000,0.600000,0.116982
0.294494,0.100000,0.600000,0.116979
0.295596,0.100000,0.600000,0.116976
0.296697,0.100000,0.600000,0.116973
0.297798,0.100000,0.600000,0.116970
0.298899,0.100000,0.600000,0.116967
0.300000,0.100000,0.600000,0.116965
-0.800000,0.100000,2.000000,0.101624
-0.798899,0.100000,2.000000,0.101636
-0.797798,0.100000,2.000000,0.101648
-0.796697,0.100000,2.000000,0.101660
-0.795596,0.100000,2.000000,0.101672
-0.794494,0.100000,2.000000,0.101684
-0.793393,0.100000,2.000000,0.101696
-0.792292,0.100000,2.000000,0.101708
-0.791191,0.100000,2.000000,0.101720
-0.790090,0.100000,2.000000,0.101732
-0.788989,0.100000,2.000000,0.101744
-0.787888,0.100000,2.000000,0.101756
-0.786787,0.100000,2.000000,0.101767
-0.785686,0.100000,2.000000,0.101779
-0.784585,0.100000,2.000000,0.101791
-0.783483,0.100000,2.000000,0.101803
-0.782382,0.100000,2.000000,0.101815
-0.781281,0.100000,2.000000,0.101826
-0.780180,0.100000,2.000000,0.101838
-0.779079,0.100000,2.000000,0.101850
-0.777978,0.100000,2.000000,0.101861
-0.776877,0.100000,2.000000,0.101873
-0.775776,0.100000,2.000000,0.101885
-0.774675,0.100000,2.000000,0.101896
-0.773574,0.100000,2.000000,0.101908
-0.772472,0.100000,2.000000,0.101919
-0.771371,0.100000,2.000000,0.101931
-0.770270,0.100000,2.000000,0.101942
-0.769169,0.100000,2.000000,0.101953
-0.768068,0.100000,2.000000,0.101965
-0.766967,0.100000,2.000000,0.101976
-0.765866,0.100000,2.000000,0.101987
-0.764765,0.100000,2.000000,0.101999
-0.763664,0.100000,2.000000,0.102010
-0.762563,0.100000,2.000000,0.102021
-0.761461,0.100000,2.000000,0.102032
-0.760360,0.100000,2.000000,0.102044
-0.759259,0.100000,2.000000,0.102055
-0.758158,0.100000,2.000000,0.102066
-0.757057,0.100000,2.000000,0.102077
-0.755956,0.100000,2.000000,0.102088
-0.754855,0.100000,2.000000,0.102099
-0.753754,0.100000,2.000000,0.102110
-0.752653,0.100000,2.000000,0.102121
-0.751552,0.100000,2.000000,0.102132
-0.750450,0.100000,2.000000,0.102142
-0.749349,0.100000,2.000000,0.102153
-0.748248,0.100000,2.000000,0.102164
-0.747147,0.100000,2.000000,0.102174
-0.746046,0.100000,2.000000,0.102185
-0.744945,0.100000,2.000000,0.102196
-0.743844,0.100000,2.000000,0.102207
-0.742743,0.100000,2.000000,0.102217
-0.741642,0.100000,2.000000,0.102227
-0.740541,0.100000,2.000000,0.102237
-0.739439,0.100000,2.000000,0.102248
-0.738338,0.100000,2.000000,0.102258
-0.737237,0.100000,2.000000,0.102269
-0.736136,0.100000,2.000000,0.102279
-0.735035,0.100000,2.000000,0.102289
-0.733934,0.100000,2.000000,0.102299
-0.732833,0.100000,2.000000,0.102309
-0.731732,0.100000,2.000000,0.102319
-0.730631,0.100000,2.000000,0.102330
-0.729530,0.100000,2.000000,0.102339
-0.728428,0.100000,2.000000,0.102349
-0.727327,0.100000,2.000000,0.102359
-0.726226,0.100000,2.000000,0.102369
-0.725125,0.100000,2.000000,0.102379
-0.724024,0.100000,2.000000,0.102388
-0.722923,0.100000,2.000000,0.102398
-0.721822,0.100000,2.000000,0.102407
-0.720721,0.100000,2.000000,0.102417
-0.719620,0.100000,2.000000,0.102426
-0.718519,0.100000,2.000000,0.102435
-0.717417,0.100000,2.000000,0.102445
-0.716316,0.100000,2.000000,0.102454
-0.715215,0.100000,2.000000,0.102463
-0.714114,0.100000,2.000000,0.102472
-0.713013,0.100000,2.000000,0.102481
-0.711912,0.100000,2.000000,0.102490
-0.710811,0.100000,2.000000,0.102499
-0.709710,0.100000,2.000000,0.102508
-0.708609,0.100000,2.000000,0.102517
-0.707508,0.100000,2.000000,0.102525
-0.706406,0.100000,2.000000,0.102534
-0.705305,0.100000,2.000000,0.102542
-0.704204,0.100000,2.000000,0.102551
-0.703103,0.100000,2.000000,0.102559
-0.702002,0.100000,2.000000,0.102567
-0.700901,0.100000,2.000000,0.102576
-0.699800,0.100000,2.000000,0.102584
-0.698699,0.100000,2.000000,0.102592
-0.697598,0.100000,2.000000,0.102600
-0.696496,0.100000,2.000000,0.102608
-0.695395,0.100000,2.000000,0.102615
-0.694294,0.100000,2.000000,0.102623
-0.693193,0.100000,2.000000,0.102631
-0.692092,0.100000,2.000000,0.102638
-0.690991,0.100000,2.000000,0.102646
-0.689890,0.100000,2.000000,0.102653
-0.688789,0.100000,2.000000,0.102660
-0.687688,0.100000,2.000000,0.102667
-0.686587,0.100000,2.000000,0.102674
-0.685485,0.100000,2.000000,0.102681
-0.684384,0.100000,2.000000,0.102688
-0.683283,0.100000,2.000000,0.102695
-0.682182,0.100000,2.000000,0.102701
-0.681081,0.100000,2.000000,0.102708
-0.679980,0.100000,2.000000,0.102714
-0.678879,0.100000,2.000000,0.102721
-0.677778,0.100000,2.000000,0.102727
-0.676677,0.100000,2.000000,0.102733
-0.675576,0.100000,2.000000,0.102739
-0.674474,0.100000,2.000000,0.102744
-0.673373,0.100000,2.000000,0.102750
-0.672272,0.100000,2.000000,0.102756
-0.671171,0.100000,2.000000,0.102761
-0.670070,0.100000,2.000000,0.102766
-0.668969,0.100000,2.000000,0.102771
-0.667868,0.100000,2.000000,0.102776
-0.666767,0.100000,2.000000,0.102781
-0.665666,0.100000,2.000000,0.102786
-0.664565,0.100000,2.000000,0.102790
-0.663463,0.100000,2.000000,0.102795
-0.662362,0.100000,2.000000,0.102799
-0.661261,0.100000,2.000000,0.102803
-0.660160,0.100000,2.000000,0.102807
-0.659059,0.100000,2.000000,0.102811
-0.657958,0.100000,2.000000,0.102814
-0.656857,0.100000,2.000000,0.102817
-0.655756,0.100000,2.000000,0.102821
-0.654655,0.100000,2.000000,0.102824
-0.653554,0.100000,2.000000,0.102827
-0.652452,0.100000,2.000000,0.102829
-0.651351,0.100000,2.000000,0.102832
-0.650250,0.100000,2.000000,0.102834
-0.649149,0.100000,2.000000,0.102836
-0.648048,0.100000,2.000000,0.102838
-0.646947,0.100000,2.000000,0.102840
-0.645846,0.100000,2.000000,0.102841
-0.644745,0.100000,2.000000,0.102843
-0.643644,0.100000,2.000000,0.102844
-0.642543,0.100000,2.000000,0.102845
-0.641441,0.100000,2.000000,0.102845
-0.640340,0.100000,2.000000,0.102846
-0.639239,0.100000,2.000000,0.102846
-0.638138,0.100000,2.000000,0.102846
-0.637037,0.100000,2.000000,0.102846
-0.635936,0.100000,2.000000,0.102845
-0.634835,0.100000,2.000000,0.102845
-0.633734,0.100000,2.000000,0.102844
-0.632633,0.100000,2.000000,0.102843
-0.631532,0.100000,2.000000,0.102841
-0.630430,0.100000,2.000000,0.102840
-0.629329,0.100000,2.000000,0.102838
-0.628228,0.100000,2.000000,0.102836
-0.627127,0.100000,2.000000,0.102834
-0.626026,0.100000,2.000000,0.102831
-0.624925,0.100000,2.000000,0.102828
-0.623824,0.100000,2.000000,0.102825
-0.622723,0.100000,2.000000,0.102822
-0.621622,0.100000,2.000000,0.102819
-0.620521,0.100000,2.000000,0.102815
-0.619419,0.100000,2.000000,0.102812
-0.618318,0.100000,2.000000,0.102808
-0.617217,0.100000,2.000000,0.102804
-0.616116,0.100000,2.000000,0.102799
-0.615015,0.100000,2.000000,0.102795
-0.613914,0.100000,2.000000,0.102790
-0.612813,0.100000,2.000000,0.102785
-0.611712,0.100000,2.000000,0.102780
-0.610611,0.100000,2.000000,0.102776
-0.609510,0.100000,2.000000,0.102770
-0.608408,0.100000,2.000000,0.102765
-0.607307,0.100000,2.000000,0.102760
-0.606206,0.100000,2.000000,0.102755
-0.605105,0.100000,2.000000,0.102749
-0.604004,0.100000,2.000000,0.102744
-0.602903,0.100000,2.000000,0.102739
-0.601802,0.100000,2.000000,0.102734
-0.600701,0.100000,2.000000,0.102729
-0.599600,0.100000,2.000000,0.102724
-0.598498,0.100000,2.000000,0.102719
-0.597397,0.100000,2.000000,0.102715
-0.596296,0.100000,2.000000,0.102710
-0.595195,0.100000,2.000000,0.102706
-0.594094,0.100000,2.000000,0.102703
-0.592993,0.100000,2.000000,0.102700
-0.591892,0.100000,2.000000,0.102697
-0.590791,0.100000,2.000000,0.102694
-0.589690,0.100000,2.000000,0.102693
-0.588589,0.100000,2.000000,0.102692
-0.587487,0.100000,2.000000,0.102691
-0.586386,0.100000,2.000000,0.102691
-0.585285,0.100000,2.000000,0.102692
-0.584184,0.100000,2.000000,0.102694
-0.583083,0.100000,2.000000,0.102697
-0.581982,0.100000,2.000000,0.102701
-0.580881,0.100000,2.000000,0.102706
-0.579780,0.100000,2.000000,0.102712
-0.578679,0.100000,2.000000,0.102719
-0.577578,0.100000,2.000000,0.102727
-0.576476,0.100000,2.000000,0.102737
-0.575375,0.100000,2.000000,0.102749
-0.574274,0.100000,2.000000,0.102762
-0.573173,0.100000,2.000000,0.102777
-0.572072,0.100000,2.000000,0.102793
-0.570971,0.100000,2.000000,0.102811
-0.569870,0.100000,2.000000,0.102831
-0.568769,0.100000,2.000000,0.102853
-0.567668,0.100000,2.000000,0.102877
-0.566567,0.100000,2.000000,0.102904
-0.565465,0.100000,2.000000,0.102932
-0.564364,0.100000,2.000000,0.102964
-0.563263,0.100000,2.000000,0.102997
-0.562162,0.100000,2.000000,0.103033
-0.561061,0.100000,2.000000,0.103071
-0.559960,0.100000,2.000000,0.103112
-0.558859,0.100000,2.000000,0.103157
-0.557758,0.100000,2.000000,0.103203
-0.556657,0.100000,2.000000,0.103253
-0.555556,0.100000,2.000000,0.103305
-0.554454,0.100000,2.000000,0.103361
-0.553353,0.100000,2.000000,0.103419
-0.552252,0.100000,2.000000,0.103480
-0.551151,0.100000,2.000000,0.103545
-0.550050,0.100000,2.000000,0.103612
-0.548949,0.100000,2.000000,0.103683
-0.547848,0.100000,2.000000,0.103756
-0.546747,0.100000,2.000000,0.103833
-0.545646,0.100000,2.000000,0.103912
-0.544545,0.100000,2.000000,0.103995
-0.543443,0.100000,2.000000,0.104080
-0.542342,0.100000,2.000000,0.104168
-0.541241,0.100000,2.000000,0.104259
-0.540140,0.100000,2.000000,0.104352
-0.539039,0.100000,2.000000,0.104448
-0.537938,0.100000,2.000000,0.104547
-0.536837,0.100000,2.000000,0.104647
-0.535736,0.100000,2.000000,0.104750
-0.534635,0.100000,2.000000,0.104855
-0.533534,0.100000,2.000000,0.104961
-0.532432,0.100000,2.000000,0.105070
-0.531331,0.100000,2.000000,0.105180
-0.530230,0.100000,2.000000,0.105291
-0.529129,0.100000,2.000000,0.105403
-0.528028,0.100000,2.000000,0.105516
-0.526927,0.100000,2.000000,0.105630
-0.525826,0.100000,2.000000,0.105745
-0.524725,0.100000,2.000000,0.105860
-0.523624,0.100000,2.000000,0.105975
-0.522523,0.100000,2.000000,0.106090
-0.521421,0.100000,2.000000,0.106204
-0.520320,0.100000,2.000000,0.106318
-0.519219,0.100000,2.000000,0.106432
-0.518118,0.100000,2.000000,0.106544
-0.517017,0.100000,2.000000,0.106656
-0.515916,0.100000,2.000000,0.106766
-0.514815,0.100000,2.000000,0.106875
-0.513714,0.100000,2.000000,0.106982
-0.512613,0.100000,2.000000,0.107087
-0.511512,0.100000,2.000000,0.107190
-0.510410,0.100000,2.000000,0.107291
-0.509309,0.100000,2.000000,0.107389
-0.508208,0.100000,2.000000,0.107485
-0.507107,0.100000,2.000000,0.107579
-0.506006,0.100000,2.000000,0.107670
-0.504905,0.100000,2.000000,0.107758
-0.503804,0.100000,2.000000,0.107842
-0.502703,0.100000,2.000000,0.107924
-0.501602,0.100000,2.000000,0.108003
-0.500501,0.100000,2.000000,0.108078
-0.499399,0.100000,2.000000,0.108151
-0.498298,0.100000,2.000000,0.108219
-0.497197,0.100000,2.000000,0.108285
-0.496096,0.100000,2.000000,0.108347
-0.494995,0.100000,2.000000,0.108405
-0.493894,0.100000,2.000000,0.108460
-0.492793,0.100000,2.000000,0.108511
-0.491692,0.100000,2.000000,0.108558
-0.490591,0.100000,2.000000,0.108602
-0.489489,0.100000,2.000000,0.108643
-0.488388,0.100000,2.000000,0.108680
-0.487287,0.100000,2.000000,0.108713
-0.486186,0.100000,2.000000,0.108743
-0.485085,0.100000,2.000000,0.108769
-0.483984,0.100000,2.000000,0.108792
-0.482883,0.100000,2.000000,0.108811
-0.481782,0.100000,2.000000,0.108827
-0.480681,0.100000,2.000000,0.108840
-0.479580,0.100000,2.000000,0.108849
-0.478478,0.100000,2.000000,0.108855
-0.477377,0.100000,2.000000,0.108857
-0.476276,0.100000,2.000000,0.108857
-0.475175,0.100000,2.000000,0.108854
-0.474074,0.100000,2.000000,0.108847
-0.472973,0.100000,2.000000,0.108838
-0.471872,0.100000,2.000000,0.108825
-0.470771,0.100000,2.000000,0.108810
-0.469670,0.100000,2.000000,0.108792
-0.468569,0.100000,2.000000,0.108771
-0.467467,0.100000,2.000000,0.108748
-0.466366,0.100000,2.000000,0.108722
-0.465265,0.100000,2.000000,0.108694
-0.464164,0.100000,2.000000,0.108664
-0.463063,0.100000,2.000000,0.108631
-0.461962,0.100000,2.000000,0.108595
-0.460861,0.100000,2.000000,0.108558
-0.459760,0.100000,2.000000,0.108519
-0.458659,0.100000,2.000000,0.108478
-0.457558,0.100000,2.000000,0.108435
-0.456456,0.100000,2.000000,0.108390
-0.455355,0.100000,2.000000,0.108343
-0.454254,0.100000,2.000000,0.108295
-0.453153,0.100000,2.000000,0.108245
-0.452052,0.100000,2.000000,0.108193
-0.450951,0.100000,2.000000,0.108140
-0.449850,0.100000,2.000000,0.108086
-0.448749,0.100000,2.000000,0.108030
-0.447648,0.100000,2.000000,0.107973
-0.446547,0.100000,2.000000,0.107915
-0.445445,0.100000,2.000000,0.107856
-0.444344,0.100000,2.000000,0.107796
-0.443243,0.100000,2.000000,0.107735
-0.442142,0.100000,2.000000,0.107673
-0.441041,0.100000,2.000000,0.107610
-0.439940,0.100000,2.000000,0.107547
-0.438839,0.100000,2.000000,0.107482
-0.437738,0.100000,2.000000,0.107417
-0.436637,0.100000,2.000000,0.107352
-0.435536,0.100000,2.000000,0.107286
-0.434434,0.100000,2.000000,0.107219
-0.433333,0.100000,2.000000,0.107152
-0.432232,0.100000,2.000000,0.107085
-0.431131,0.100000,2.000000,0.107017
-0.430030,0.100000,2.000000,0.106949
-0.428929,0.100000,2.000000,0.106881
-0.427828,0.100000,2.000000,0.106813
-0.426727,0.100000,2.000000,0.106744
-0.425626,0.100000,2.000000,0.106676
-0.424525,0.100000,2.000000,0.106607
-0.423423,0.100000,2.000000,0.106539
-0.422322,0.100000,2.000000,0.106470
-0.421221,0.100000,2.000000,0.106402
-0.420120,0.100000,2.000000,0.106334
-0.419019,0.100000,2.000000,0.106266
-0.417918,0.100000,2.000000,0.106198
-0.416817,0.100000,2.000000,0.106130
-0.415716,0.100000,2.000000,0.106063
-0.414615,0.100000,2.000000,0.105996
-0.413514,0.100000,2.000000,0.105929
-0.412412,0.100000,2.000000,0.105862
-0.411311,0.100000,2.000000,0.105796
-0.410210,0.100000,2.000000,0.105731
-0.409109,0.100000,2.000000,0.105666
-0.408008,0.100000,2.000000,0.105601
-0.406907,0.100000,2.000000,0.105537
-0.405806,0.100000,2.000000,0.105473
-0.404705,0.100000,2.000000,0.105410
-0.403604,0.100000,2.000000,0.105347
-0.402503,0.100000,2.000000,0.105285
-0.401401,0.100000,2.000000,0.105223
-0.400300,0.100000,2.000000,0.105162
-0.399199,0.100000,2.000000,0.105102
-0.398098,0.100000,2.000000,0.105042
-0.396997,0.100000,2.000000,0.104983
-0.395896,0.100000,2.000000,0.104925
-0.394795,0.100000,2.000000,0.104867
-0.393694,0.100000,2.000000,0.104810
-0.392593,0.100000,2.000000,0.104754
-0.391491,0.100000,2.000000,0.104698
-0.390390,0.100000,2.000000,0.104644
-0.389289,0.100000,2.000000,0.104589
-0.388188,0.100000,2.000000,0.104536
-0.387087,0.100000,2.000000,0.104484
-0.385986,0.100000,2.000000,0.104432
-0.384885,0.100000,2.000000,0.104381
-0.383784,0.100000,2.000000,0.104330
-0.382683,0.100000,2.000000,0.104281
-0.381582,0.100000,2.000000,0.104232
-0.380480,0.100000,2.000000,0.104184
-0.379379,0.100000,2.000000,0.104137
-0.378278,0.100000,2.000000,0.104091
-0.377177,0.100000,2.000000,0.104045
-0.376076,0.100000,2.000000,0.104000
-0.374975,0.100000,2.000000,0.103956
-0.373874,0.100000,2.000000,0.103913
-0.372773,0.100000,2.000000,0.103871
-0.371672,0.100000,2.000000,0.103829
-0.370571,0.100000,2.000000,0.103788
-0.369469,0.100000,2.000000,0.103748
-0.368368,0.100000,2.000000,0.103709
-0.367267,0.100000,2.000000,0.103671
-0.366166,0.100000,2.000000,0.103633
-0.365065,0.100000,2.000000,0.103597
-0.363964,0.100000,2.000000,0.103560
-0.362863,0.100000,2.000000,0.103525
-0.361762,0.100000,2.000000,0.103491
-0.360661,0.100000,2.000000,0.103457
-0.359560,0.100000,2.000000,0.103424
-0.358458,0.100000,2.000000,0.103392
-0.357357,0.100000,2.000000,0.103360
-0.356256,0.100000,2.000000,0.103330
-0.355155,0.100000,2.000000,0.103300
-0.354054,0.100000,2.000000,0.103271
-0.352953,0.100000,2.000000,0.103242
-0.351852,0.100000,2.000000,0.103214
-0.350751,0.100000,2.000000,0.103187
-0.349650,0.100000,2.000000,0.103161
-0.348549,0.100000,2.000000,0.103136
-0.347447,0.100000,2.000000,0.103111
-0.346346,0.100000,2.000000,0.103087
-0.345245,0.100000,2.000000,0.103063
-0.344144,0.100000,2.000000,0.103040
-0.343043,0.100000,2.000000,0.103018
-0.341942,0.100000,2.000000,0.102997
-0.340841,0.100000,2.000000,0.102976
-0.339740,0.100000,2.000000,0.102956
-0.338639,0.100000,2.000000,0.102937
-0.337538,0.100000,2.000000,0.102918
-0.336436,0.100000,2.000000,0.102899
-0.335335,0.100000,2.000000,0.102882
-0.334234,0.100000,2.000000,0.102865
-0.333133,0.100000,2.000000,0.102849
-0.332032,0.100000,2.000000,0.102833
-0.330931,0.100000,2.000000,0.102818
-0.329830,0.100000,2.000000,0.102803
-0.328729,0.100000,2.000000,0.102789
-0.327628,0.100000,2.000000,0.102776
-0.326527,0.100000,2.000000,0.102763
-0.325425,0.100000,2.000000,0.102751
-0.324324,0.100000,2.000000,0.102739
-0.323223,0.100000,2.000000,0.102728
-0.322122,0.100000,2.000000,0.102718
-0.321021,0.100000,2.000000,0.102708
-0.319920,0.100000,2.000000,0.102698
-0.318819,0.100000,2.000000,0.102689
-0.317718,0.100000,2.000000,0.102681
-0.316617,0.100000,2.000000,0.102673
-0.315516,0.100000,2.000000,0.102666
-0.314414,0.100000,2.000000,0.102659
-0.313313,0.100000,2.000000,0.102653
-0.312212,0.100000,2.000000,0.102647
-0.311111,0.100000,2.000000,0.102641
-0.310010,0.100000,2.000000,0.102637
-0.308909,0.100000,2.000000,0.102632
-0.307808,0.100000,2.000000,0.102628
-0.306707,0.100000,2.000000,0.102625
-0.305606,0.100000,2.000000,0.102622
-0.304505,0.100000,2.000000,0.102620
-0.303403,0.100000,2.000000,0.102618
-0.302302,0.100000,2.000000,0.102616
-0.301201,0.100000,2.000000,0.102616
-0.300100,0.100000,2.000000,0.102615
-0.298999,0.100000,2.000000,0.102615
-0.297898,0.100000,2.000000,0.102615
-0.296797,0.100000,2.000000,0.102616
-0.295696,0.100000,2.000000,0.102617
-0.294595,0.100000,2.000000,0.102619
-0.293493,0.100000,2.000000,0.102622
-0.292392,0.100000,2.000000,0.102624
-0.291291,0.100000,2.000000,0.102627
-0.290190,0.100000,2.000000,0.102631
-0.289089,0.100000,2.000000,0.102635
-0.287988,0.100000,2.000000,0.102640
-0.286887,0.100000,2.000000,0.102645
-0.285786,0.100000,2.000000,0.102650
-0.284685,0.100000,2.000000,0.102656
-0.283584,0.100000,2.000000,0.102663
-0.282482,0.100000,2.000000,0.102670
-0.281381,0.100000,2.000000,0.102677
-0.280280,0.100000,2.000000,0.102685
-0.279179,0.100000,2.000000,0.102693
-0.278078,0.100000,2.000000,0.102702
-0.276977,0.100000,2.000000,0.102711
-0.275876,0.100000,2.000000,0.102721
-0.274775,0.100000,2.000000,0.102731
-0.273674,0.100000,2.000000,0.102742
-0.272573,0.100000,2.000000,0.102753
-0.271471,0.100000,2.000000,0.102765
-0.270370,0.100000,2.000000,0.102777
-0.269269,0.100000,2.000000,0.102790
-0.268168,0.100000,2.000000,0.102803
-0.267067,0.100000,2.000000,0.102817
-0.265966,0.100000,2.000000,0.102831
-0.264865,0.100000,2.000000,0.102846
-0.263764,0.100000,2.000000,0.102862
-0.262663,0.100000,2.000000,0.102877
-0.261562,0.100000,2.000000,0.102894
-0.260460,0.100000,2.000000,0.102911
-0.259359,0.100000,2.000000,0.102929
-0.258258,0.100000,2.000000,0.102947
-0.257157,0.100000,2.000000,0.102966
-0.256056,0.100000,2.000000,0.102985
-0.254955,0.100000,2.000000,0.103005
-0.253854,0.100000,2.000000,0.103026
-0.252753,0.100000,2.000000,0.103047
-0.251652,0.100000,2.000000,0.103070
-0.250551,0.100000,2.000000,0.103092
-0.249449,0.100000,2.000000,0.103116
-0.248348,0.100000,2.000000,0.103140
-0.247247,0.100000,2.000000,0.103165
-0.246146,0.100000,2.000000,0.103190
-0.245045,0.100000,2.000000,0.103216
-0.243944,0.100000,2.000000,0.103243
-0.242843,0.100000,2.000000,0.103271
-0.241742,0.100000,2.000000,0.103299
-0.240641,0.100000,2.000000,0.103329
-0.239540,0.100000,2.000000,0.103359
-0.238438,0.100000,2.000000,0.103389
-0.237337,0.100000,2.000000,0.103421
-0.236236,0.100000,2.000000,0.103454
-0.235135,0.100000,2.000000,0.103488
-0.234034,0.100000,2.000000,0.103522
-0.232933,0.100000,2.000000,0.103557
-0.231832,0.100000,2.000000,0.103594
-0.230731,0.100000,2.000000,0.103631
-0.229630,0.100000,2.000000,0.103669
-0.228529,0.100000,2.000000,0.103709
-0.227427,0.100000,2.000000,0.103749
-0.226326,0.100000,2.000000,0.103790
-0.225225,0.100000,2.000000,0.103833
-0.224124,0.100000,2.000000,0.103876
-0.223023,0.100000,2.000000,0.103921
-0.221922,0.100000,2.000000,0.103967
-0.220821,0.100000,2.000000,0.104014
-0.219720,0.100000,2.000000,0.104062
-0.218619,0.100000,2.000000,0.104112
-0.217518,0.100000,2.000000,0.104163
-0.216416,0.100000,2.000000,0.104215
-0.215315,0.100000,2.000000,0.104269
-0.214214,0.100000,2.000000,0.104324
-0.213113,0.100000,2.000000,0.104380
-0.212012,0.100000,2.000000,0.104438
-0.210911,0.100000,2.000000,0.104497
-0.209810,0.100000,2.000000,0.104558
-0.208709,0.100000,2.000000,0.104620
-0.207608,0.100000,2.000000,0.104685
-0.206507,0.100000,2.000000,0.104750
-0.205405,0.100000,2.000000,0.104817
-0.204304,0.100000,2.000000,0.104886
-0.203203,0.100000,2.000000,0.104957
-0.202102,0.100000,2.000000,0.105030
-0.201001,0.100000,2.000000,0.105104
-0.199900,0.100000,2.000000,0.105181
-0.198799,0.100000,2.000000,0.105259
-0.197698,0.100000,2.000000,0.105339
-0.196597,0.100000,2.000000,0.105421
-0.195495,0.100000,2.000000,0.105506
-0.194394,0.100000,2.000000,0.105592
-0.193293,0.100000,2.000000,0.105681
-0.192192,0.100000,2.000000,0.105772
-0.191091,0.100000,2.000000,0.105865
-0.189990,0.100000,2.000000,0.105960
-0.188889,0.100000,2.000000,0.106058
-0.187788,0.100000,2.000000,0.106158
-0.186687,0.100000,2.000000,0.106261
-0.185586,0.100000,2.000000,0.106366
-0.184484,0.100000,2.000000,0.106474
-0.183383,0.100000,2.000000,0.106585
-0.182282,0.100000,2.000000,0.106698
-0.181181,0.100000,2.000000,0.106814
-0.180080,0.100000,2.000000,0.106933
-0.178979,0.100000,2.000000,0.107055
-0.177878,0.100000,2.000000,0.107179
-0.176777,0.100000,2.000000,0.107306
-0.175676,0.100000,2.000000,0.107437
-0.174575,0.100000,2.000000,0.107571
-0.173473,0.100000,2.000000,0.107708
-0.172372,0.100000,2.000000,0.107848
-0.171271,0.100000,2.000000,0.107991
-0.170170,0.100000,2.000000,0.108138
-0.169069,0.100000,2.000000,0.108288
-0.167968,0.100000,2.000000,0.108441
-0.166867,0.100000,2.000000,0.108599
-0.165766,0.100000,2.000000,0.108759
-0.164665,0.100000,2.000000,0.108923
-0.163564,0.100000,2.000000,0.109091
-0.162462,0.100000,2.000000,0.109263
-0.161361,0.100000,2.000000,0.109438
-0.160260,0.100000,2.000000,0.109618
-0.159159,0.100000,2.000000,0.109801
-0.158058,0.100000,2.000000,0.109988
-0.156957,0.100000,2.000000,0.110179
-0.155856,0.100000,2.000000,0.110374
-0.154755,0.100000,2.000000,0.110573
-0.153654,0.100000,2.000000,0.110777
-0.152553,0.100000,2.000000,0.110984
-0.151451,0.100000,2.000000,0.111196
-0.150350,0.100000,2.000000,0.111412
-0.149249,0.100000,2.000000,0.111632
-0.148148,0.100000,2.000000,0.111857
-0.147047,0.100000,2.000000,0.112085
-0.145946,0.100000,2.000000,0.112319
-0.144845,0.100000,2.000000,0.112556
-0.143744,0.100000,2.000000,0.112798
-0.142643,0.100000,2.000000,0.113044
-0.141542,0.100000,2.000000,0.113295
-0.140440,0.100000,2.000000,0.113550
-0.139339,0.100000,2.000000,0.113810
-0.138238,0.100000,2.000000,0.114074
-0.137137,0.100000,2.000000,0.114342
-0.136036,0.100000,2.000000,0.114614
-0.134935,0.100000,2.000000,0.114892
-0.133834,0.100000,2.000000,0.115173
-0.132733,0.100000,2.000000,0.115458
-0.131632,0.100000,2.000000,0.115748
-0.130531,0.100000,2.000000,0.116042
-0.129429,0.100000,2.000000,0.116340
-0.128328,0.100000,2.000000,0.116643
-0.127227,0.100000,2.000000,0.116949
-0.126126,0.100000,2.000000,0.117259
-0.125025,0.100000,2.000000,0.117573
-0.123924,0.100000,2.000000,0.117891
-0.122823,0.100000,2.000000,0.118212
-0.121722,0.100000,2.000000,0.118538
-0.120621,0.100000,2.000000,0.118866
-0.119520,0.100000,2.000000,0.119198
-0.118418,0.100000,2.000000,0.119533
-0.117317,0.100000,2.000000,0.119872
-0.116216,0.100000,2.000000,0.120213
-0.115115,0.100000,2.000000,0.120557
-0.114014,0.100000,2.000000,0.120904
-0.112913,0.100000,2.000000,0.121253
-0.111812,0.100000,2.000000,0.121605
-0.110711,0.100000,2.000000,0.121959
-0.109610,0.100000,2.000000,0.122315
-0.108509,0.100000,2.000000,0.122673
-0.107407,0.100000,2.000000,0.123033
-0.106306,0.100000,2.000000,0.123394
-0.105205,0.100000,2.000000,0.123756
-0.104104,0.100000,2.000000,0.124120
-0.103003,0.100000,2.000000,0.124484
-0.101902,0.100000,2.000000,0.124850
-0.100801,0.100000,2.000000,0.125216
-0.099700,0.100000,2.000000,0.125582
-0.098599,0.100000,2.000000,0.125949
-0.097497,0.100000,2.000000,0.126315
-0.096396,0.100000,2.000000,0.126681
-0.095295,0.100000,2.000000,0.127046
-0.094194,0.100000,2.000000,0.127411
-0.093093,0.100000,2.000000,0.127775
-0.091992,0.100000,2.000000,0.128138
-0.090891,0.100000,2.000000,0.128500
-0.089790,0.100000,2.000000,0.128859
-0.088689,0.100000,2.000000,0.129218
-0.087588,0.100000,2.000000,0.129574
-0.086486,0.100000,2.000000,0.129929
-0.085385,0.100000,2.000000,0.130281
-0.084284,0.100000,2.000000,0.130630
-0.083183,0.100000,2.000000,0.130977
-0.082082,0.100000,2.000000,0.131321
-0.080981,0.100000,2.000000,0.131663
-0.079880,0.100000,2.000000,0.132001
-0.078779,0.100000,2.000000,0.132335
-0.077678,0.100000,2.000000,0.132667
-0.076577,0.100000,2.000000,0.132994
-0.075475,0.100000,2.000000,0.133318
-0.074374,0.100000,2.000000,0.133638
-0.073273,0.100000,2.000000,0.133954
-0.072172,0.100000,2.000000,0.134266
-0.071071,0.100000,2.000000,0.134574
-0.069970,0.100000,2.000000,0.134877
-0.068869,0.100000,2.000000,0.135177
-0.067768,0.100000,2.000000,0.135471
-0.066667,0.100000,2.000000,0.135762
-0.065566,0.100000,2.000000,0.136047
-0.064464,0.100000,2.000000,0.136328
-0.063363,0.100000,2.000000,0.136604
-0.062262,0.100000,2.000000,0.136875
-0.061161,0.100000,2.000000,0.137141
-0.060060,0.100000,2.000000,0.137402
-0.058959,0.100000,2.000000,0.137659
-0.057858,0.100000,2.000000,0.137911
-0.056757,0.100000,2.000000,0.138157
-0.055656,0.100000,2.000000,0.138399
-0.054555,0.100000,2.000000,0.138636
-0.053453,0.100000,2.000000,0.138867
-0.052352,0.100000,2.000000,0.139094
-0.051251,0.100000,2.000000,0.139316
-0.050150,0.100000,2.000000,0.139533
-0.049049,0.100000,2.000000,0.139744
-0.047948,0.100000,2.000000,0.139951
-0.046847,0.100000,2.000000,0.140153
-0.045746,0.100000,2.000000,0.140350
-0.044645,0.100000,2.000000,0.140543
-0.043544,0.100000,2.000000,0.140730
-0.042442,0.100000,2.000000,0.140913
-0.041341,0.100000,2.000000,0.141090
-0.040240,0.100000,2.000000,0.141264
-0.039139,0.100000,2.000000,0.141432
-0.038038,0.100000,2.000000,0.141596
-0.036937,0.100000,2.000000,0.141755
-0.035836,0.100000,2.000000,0.141910
-0.034735,0.100000,2.000000,0.142061
-0.033634,0.100000,2.000000,0.142206
-0.032533,0.100000,2.000000,0.142348
-0.031431,0.100000,2.000000,0.142484
-0.030330,0.100000,2.000000,0.142617
-0.029229,0.100000,2.000000,0.142746
-0.028128,0.100000,2.000000,0.142870
-0.027027,0.100000,2.000000,0.142990
-0.025926,0.100000,2.000000,0.143106
-0.024825,0.100000,2.000000,0.143218
-0.023724,0.100000,2.000000,0.143325
-0.022623,0.100000,2.000000,0.143429
-0.021522,0.100000,2.000000,0.143528
-0.020420,0.100000,2.000000,0.143624
-0.019319,0.100000,2.000000,0.143716
-0.018218,0.100000,2.000000,0.143804
-0.017117,0.100000,2.000000,0.143888
-0.016016,0.100000,2.000000,0.143968
-0.014915,0.100000,2.000000,0.144044
-0.013814,0.100000,2.000000,0.144117
-0.012713,0.100000,2.000000,0.144186
-0.011612,0.100000,2.000000,0.144251
-0.010511,0.100000,2.000000,0.144313
-0.009409,0.100000,2.000000,0.144370
-0.008308,0.100000,2.000000,0.144424
-0.007207,0.100000,2.000000,0.144475
-0.006106,0.100000,2.000000,0.144522
-0.005005,0.100000,2.000000,0.144565
-0.003904,0.100000,2.000000,0.144605
-0.002803,0.100000,2.000000,0.144641
-0.001702,0.100000,2.000000,0.144673
-0.000601,0.100000,2.000000,0.144702
0.000501,0.100000,2.000000,0.144727
0.001602,0.100000,2.000000,0.144748
0.002703,0.100000,2.000000,0.144767
0.003804,0.100000,2.000000,0.144781
0.004905,0.100000,2.000000,0.144792
0.006006,0.100000,2.000000,0.144799
0.007107,0.100000,2.000000,0.144802
0.008208,0.100000,2.000000,0.144802
0.009309,0.100000,2.000000,0.144798
0.010410,0.100000,2.000000,0.144791
0.011512,0.100000,2.000000,0.144780
0.012613,0.100000,2.000000,0.144766
0.013714,0.100000,2.000000,0.144747
0.014815,0.100000,2.000000,0.144725
0.015916,0.100000,2.000000,0.144700
0.017017,0.100000,2.000000,0.144670
0.018118,0.100000,2.000000,0.144637
0.019219,0.100000,2.000000,0.144600
0.020320,0.100000,2.000000,0.144559
0.021421,0.100000,2.000000,0.144515
0.022523,0.100000,2.000000,0.144466
0.023624,0.100000,2.000000,0.144414
0.024725,0.100000,2.000000,0.144358
0.025826,0.100000,2.000000,0.144299
0.026927,0.100000,2.000000,0.144235
0.028028,0.100000,2.000000,0.144168
0.029129,0.100000,2.000000,0.144096
0.030230,0.100000,2.000000,0.144021
0.031331,0.100000,2.000000,0.143942
0.032432,0.100000,2.000000,0.143859
0.033534,0.100000,2.000000,0.143773
0.034635,0.100000,2.000000,0.143682
0.035736,0.100000,2.000000,0.143587
0.036837,0.100000,2.000000,0.143489
0.037938,0.100000,2.000000,0.143386
0.039039,0.100000,2.000000,0.143280
0.040140,0.100000,2.000000,0.143170
0.041241,0.100000,2.000000,0.143056
0.042342,0.100000,2.000000,0.142938
0.043443,0.100000,2.000000,0.142817
0.044545,0.100000,2.000000,0.142691
0.045646,0.100000,2.000000,0.142562
0.046747,0.100000,2.000000,0.142429
0.047848,0.100000,2.000000,0.142292
0.048949,0.100000,2.000000,0.142152
0.050050,0.100000,2.000000,0.142008
0.051151,0.100000,2.000000,0.141860
0.052252,0.100000,2.000000,0.141709
0.053353,0.100000,2.000000,0.141554
0.054454,0.100000,2.000000,0.141396
0.055556,0.100000,2.000000,0.141235
0.056657,0.100000,2.000000,0.141070
0.057758,0.100000,2.000000,0.140901
0.058859,0.100000,2.000000,0.140730
0.059960,0.100000,2.000000,0.140555
0.061061,0.100000,2.000000,0.140377
0.062162,0.100000,2.000000,0.140196
0.063263,0.100000,2.000000,0.140012
0.064364,0.100000,2.000000,0.139826
0.065465,0.100000,2.000000,0.139636
0.066567,0.100000,2.000000,0.139444
0.067668,0.100000,2.000000,0.139249
0.068769,0.100000,2.000000,0.139052
0.069870,0.100000,2.000000,0.138852
0.070971,0.100000,2.000000,0.138650
0.072072,0.100000,2.000000,0.138446
0.073173,0.100000,2.000000,0.138240
0.074274,0.100000,2.000000,0.138032
0.075375,0.100000,2.000000,0.137821
0.076476,0.100000,2.000000,0.137609
0.077578,0.100000,2.000000,0.137396
0.078679,0.100000,2.000000,0.137180
0.079780,0.100000,2.000000,0.136964
0.080881,0.100000,2.000000,0.136746
0.081982,0.100000,2.000000,0.136527
0.083083,0.100000,2.000000,0.136306
0.084184,0.100000,2.000000,0.136085
0.085285,0.100000,2.000000,0.135863
0.086386,0.100000,2.000000,0.135640
0.087487,0.100000,2.000000,0.135417
0.088589,0.100000,2.000000,0.135193
0.089690,0.100000,2.000000,0.134969
0.090791,0.100000,2.000000,0.134745
0.091892,0.100000,2.000000,0.134520
0.092993,0.100000,2.000000,0.134295
0.094094,0.100000,2.000000,0.134071
0.095195,0.100000,2.000000,0.133846
0.096296,0.100000,2.000000,0.133623
0.097397,0.100000,2.000000,0.133399
0.098498,0.100000,2.000000,0.133176
0.099600,0.100000,2.000000,0.132954
0.100701,0.100000,2.000000,0.132732
0.101802,0.100000,2.000000,0.132512
0.102903,0.100000,2.000000,0.132292
0.104004,0.100000,2.000000,0.132073
0.105105,0.100000,2.000000,0.131856
0.106206,0.100000,2.000000,0.131639
0.107307,0.100000,2.000000,0.131424
0.108408,0.100000,2.000000,0.131211
0.109510,0.100000,2.000000,0.130999
0.110611,0.100000,2.000000,0.130788
0.111712,0.100000,2.000000,0.130580
0.112813,0.100000,2.000000,0.130372
0.113914,0.100000,2.000000,0.130167
0.115015,0.100000,2.000000,0.129964
0.116116,0.100000,2.000000,0.129762
0.117217,0.100000,2.000000,0.129563
0.118318,0.100000,2.000000,0.129365
0.119419,0.100000,2.000000,0.129169
0.120521,0.100000,2.000000,0.128976
0.121622,0.100000,2.000000,0.128785
0.122723,0.100000,2.000000,0.128595
0.123824,0.100000,2.000000,0.128408
0.124925,0.100000,2.000000,0.128224
0.126026,0.100000,2.000000,0.128042
0.127127,0.100000,2.000000,0.127862
0.128228,0.100000,2.000000,0.127684
0.129329,0.100000,2.000000,0.127509
0.130430,0.100000,2.000000,0.127336
0.131532,0.100000,2.000000,0.127165
0.132633,0.100000,2.000000,0.126997
0.133734,0.100000,2.000000,0.126831
0.134835,0.100000,2.000000,0.126668
0.135936,0.100000,2.000000,0.126507
0.137037,0.100000,2.000000,0.126349
0.138138,0.100000,2.000000,0.126192
0.139239,0.100000,2.000000,0.126039
0.140340,0.100000,2.000000,0.125888
0.141441,0.100000,2.000000,0.125739
0.142543,0.100000,2.000000,0.125592
0.143644,0.100000,2.000000,0.125448
0.144745,0.100000,2.000000,0.125307
0.145846,0.100000,2.000000,0.125167
0.146947,0.100000,2.000000,0.125030
0.148048,0.100000,2.000000,0.124896
0.149149,0.100000,2.000000,0.124763
0.150250,0.100000,2.000000,0.124633
0.151351,0.100000,2.000000,0.124505
0.152452,0.100000,2.000000,0.124379
0.153554,0.100000,2.000000,0.124256
0.154655,0.100000,2.000000,0.124135
0.155756,0.100000,2.000000,0.124016
0.156857,0.100000,2.000000,0.123899
0.157958,0.100000,2.000000,0.123784
0.159059,0.100000,2.000000,0.123671
0.160160,0.100000,2.000000,0.123561
0.161261,0.100000,2.000000,0.123452
0.162362,0.100000,2.000000,0.123345
0.163463,0.100000,2.000000,0.123240
0.164565,0.100000,2.000000,0.123137
0.165666,0.100000,2.000000,0.123036
0.166767,0.100000,2.000000,0.122937
0.167868,0.100000,2.000000,0.122840
0.168969,0.100000,2.000000,0.122745
0.170070,0.100000,2.000000,0.122651
0.171171,0.100000,2.000000,0.122559
0.172272,0.100000,2.000000,0.122469
0.173373,0.100000,2.000000,0.122380
0.174474,0.100000,2.000000,0.122293
0.175576,0.100000,2.000000,0.122208
0.176677,0.100000,2.000000,0.122124
0.177778,0.100000,2.000000,0.122042
0.178879,0.100000,2.000000,0.121961
0.179980,0.100000,2.000000,0.121882
0.181081,0.100000,2.000000,0.121804
0.182182,0.100000,2.000000,0.121728
0.183283,0.100000,2.000000,0.121653
0.184384,0.100000,2.000000,0.121580
0.185485,0.100000,2.000000,0.121508
0.186587,0.100000,2.000000,0.121437
0.187688,0.100000,2.000000,0.121367
0.188789,0.100000,2.000000,0.121299
0.189890,0.100000,2.000000,0.121232
0.190991,0.100000,2.000000,0.121166
0.192092,0.100000,2.000000,0.121101
0.193193,0.100000,2.000000,0.121038
0.194294,0.100000,2.000000,0.120975
0.195395,0.100000,2.000000,0.120914
0.196496,0.100000,2.000000,0.120854
0.197598,0.100000,2.000000,0.120794
0.198699,0.100000,2.000000,0.120736
0.199800,0.100000,2.000000,0.120679
0.200901,0.100000,2.000000,0.120623
0.202002,0.100000,2.000000,0.120567
0.203103,0.100000,2.000000,0.120513
0.204204,0.100000,2.000000,0.120459
0.205305,0.100000,2.000000,0.120407
0.206406,0.100000,2.000000,0.120356
0.207508,0.100000,2.000000,0.120305
0.208609,0.100000,2.000000,0.120254
0.209710,0.100000,2.000000,0.120205
0.210811,0.100000,2.000000,0.120157
0.211912,0.100000,2.000000,0.120109
0.213013,0.100000,2.000000,0.120062
0.214114,0.100000,2.000000,0.120016
0.215215,0.100000,2.000000,0.119971
0.216316,0.100000,2.000000,0.119926
0.217417,0.100000,2.000000,0.119882
0.218519,0.100000,2.000000,0.119839
0.219620,0.100000,2.000000,0.119796
0.220721,0.100000,2.000000,0.119754
0.221822,0.100000,2.000000,0.119712
0.222923,0.100000,2.000000,0.119672
0.224024,0.100000,2.000000,0.119631
0.225125,0.100000,2.000000,0.119591
0.226226,0.100000,2.000000,0.119552
0.227327,0.100000,2.000000,0.119514
0.228428,0.100000,2.000000,0.119476
0.229530,0.100000,2.000000,0.119438
0.230631,0.100000,2.000000,0.119401
0.231732,0.100000,2.000000,0.119364
0.232833,0.100000,2.000000,0.119328
0.233934,0.100000,2.000000,0.119293
0.235035,0.100000,2.000000,0.119257
0.236136,0.100000,2.000000,0.119223
0.237237,0.100000,2.000000,0.119189
0.238338,0.100000,2.000000,0.119155
0.239439,0.100000,2.000000,0.119121
0.240541,0.100000,2.000000,0.119088
0.241642,0.100000,2.000000,0.119056
0.242743,0.100000,2.000000,0.119024
0.243844,0.100000,2.000000,0.118992
0.244945,0.100000,2.000000,0.118960
0.246046,0.100000,2.000000,0.118929
0.247147,0.100000,2.000000,0.118898
0.248248,0.100000,2.000000,0.118868
0.249349,0.100000,2.000000,0.118838
0.250450,0.100000,2.000000,0.118808
0.251552,0.100000,2.000000,0.118779
0.252653,0.100000,2.000000,0.118750
0.253754,0.100000,2.000000,0.118721
0.254855,0.100000,2.000000,0.118693
0.255956,0.100000,2.000000,0.118665
0.257057,0.100000,2.000000,0.118637
0.258158,0.100000,2.000000,0.118609
0.259259,0.100000,2.000000,0.118582
0.260360,0.100000,2.000000,0.118555
0.261461,0.100000,2.000000,0.118528
0.262563,0.100000,2.000000,0.118502
0.263664,0.100000,2.000000,0.118476
0.264765,0.100000,2.000000,0.118450
0.265866,0.100000,2.000000,0.118424
0.266967,0.100000,2.000000,0.118398
0.268068,0.100000,2.000000,0.118373
0.269169,0.100000,2.000000,0.118348
0.270270,0.100000,2.000000,0.118324
0.271371,0.100000,2.000000,0.118299
0.272472,0.100000,2.000000,0.118275
0.273574,0.100000,2.000000,0.118251
0.274675,0.100000,2.000000,0.118227
0.275776,0.100000,2.000000,0.118203
0.276877,0.100000,2.000000,0.118180
0.277978,0.100000,2.000000,0.118157
0.279079,0.100000,2.000000,0.118134
0.280180,0.100000,2.000000,0.118111
0.281281,0.100000,2.000000,0.118088
0.282382,0.100000,2.000000,0.118066
0.283483,0.100000,2.000000,0.118044
0.284585,0.100000,2.000000,0.118022
0.285686,0.100000,2.000000,0.118000
0.286787,0.100000,2.000000,0.117978
0.287888,0.100000,2.000000,0.117957
0.288989,0.100000,2.000000,0.117936
0.290090,0.100000,2.000000,0.117915
0.291191,0.100000,2.000000,0.117894
0.292292,0.100000,2.000000,0.117873
0.293393,0.100000,2.000000,0.117852
0.294494,0.100000,2.000000,0.117832
0.295596,0.100000,2.000000,0.117812
0.296697,0.100000,2.000000,0.117792
0.297798,0.100000,2.000000,0.117772
0.298899,0.100000,2.000000,0.117752
0.300000,0.100000,2.000000,0.117733
-0.800000,1.000000,0.600000,0.111470
-0.798899,1.000000,0.600000,0.111568
-0.797798,1.000000,0.600000,0.111667
-0.796697,1.000000,0.600000,0.111765
-0.795596,1.000000,0.600000,0.111864
-0.794494,1.000000,0.600000,0.111963
-0.793393,1.000000,0.600000,0.112063
-0.792292,1.000000,0.600000,0.112162
-0.791191,1.000000,0.600000,0.112263
-0.790090,1.000000,0.600000,0.112364
-0.788989,1.000000,0.600000,0.112465
-0.787888,1.000000,0.600000,0.112567
-0.786787,1.000000,0.600000,0.112670
-0.785686,1.000000,0.600000,0.112774
-0.784585,1.000000,0.600000,0.112878
-0.783483,1.000000,0.600000,0.112984
-0.782382,1.000000,0.600000,0.113091
-0.781281,1.000000,0.600000,0.113199
-0.780180,1.000000,0.600000,0.113309
-0.779079,1.000000,0.600000,0.113420
-0.777978,1.000000,0.600000,0.113533
-0.776877,1.000000,0.600000,0.113647
-0.775776,1.000000,0.600000,0.113763
-0.774675,1.000000,0.600000,0.113882
-0.773574,1.000000,0.600000,0.114002
-0.772472,1.000000,0.600000,0.114125
-0.771371,1.000000,0.600000,0.114250
-0.770270,1.000000,0.600000,0.114377
-0.769169,1.000000,0.600000,0.114506
-0.768068,1.000000,0.600000,0.114639
-0.766967,1.000000,0.600000,0.114774
-0.765866,1.000000,0.600000,0.114912
-0.764765,1.000000,0.600000,0.115052
-0.763664,1.000000,0.600000,0.115196
-0.762563,1.000000,0.600000,0.115342
-0.761461,1.000000,0.600000,0.115492
-0.760360,1.000000,0.600000,0.115644
-0.759259,1.000000,0.600000,0.115800
-0.758158,1.000000,0.600000,0.115958
-0.757057,1.000000,0.600000,0.116120
-0.755956,1.000000,0.600000,0.116284
-0.754855,1.000000,0.600000,0.116452
-0.753754,1.000000,0.600000,0.116622
-0.752653,1.000000,0.600000,0.116796
-0.751552,1.000000,0.600000,0.116972
-0.750450,1.000000,0.600000,0.117151
-0.749349,1.000000,0.600000,0.117332
-0.748248,1.000000,0.600000,0.117516
-0.747147,1.000000,0.600000,0.117703
-0.746046,1.000000,0.600000,0.117892
-0.744945,1.000000,0.600000,0.118082
-0.743844,1.000000,0.600000,0.118276
-0.742743,1.000000,0.600000,0.118471
-0.741642,1.000000,0.600000,0.118667
-0.740541,1.000000,0.600000,0.118866
-0.739439,1.000000,0.600000,0.119065
-0.738338,1.000000,0.600000,0.119267
-0.737237,1.000000,0.600000,0.119469
-0.736136,1.000000,0.600000,0.119673
-0.735035,1.000000,0.600000,0.119878
-0.733934,1.000000,0.600000,0.120083
-0.732833,1.000000,0.600000,0.120289
-0.731732,1.000000,0.600000,0.120496
-0.730631,1.000000,0.600000,0.120703
-0.729530,1.000000,0.600000,0.120911
-0.728428,1.000000,0.600000,0.121119
-0.727327,1.000000,0.600000,0.121327
-0.726226,1.000000,0.600000,0.121536
-0.725125,1.000000,0.600000,0.121744
-0.724024,1.000000,0.600000,0.121953
-0.722923,1.000000,0.600000,0.122162
-0.721822,1.000000,0.600000,0.122370
-0.720721,1.000000,0.600000,0.122579
-0.719620,1.000000,0.600000,0.122788
-0.718519,1.000000,0.600000,0.122997
-0.717417,1.000000,0.600000,0.123206
-0.716316,1.000000,0.600000,0.123416
-0.715215,1.000000,0.600000,0.123625
-0.714114,1.000000,0.600000,0.123834
-0.713013,1.000000,0.600000,0.124044
-0.711912,1.000000,0.600000,0.124255
-0.710811,1.000000,0.600000,0.124465
-0.709710,1.000000,0.600000,0.124676
-0.708609,1.000000,0.600000,0.124888
-0.707508,1.000000,0.600000,0.125101
-0.706406,1.000000,0.600000,0.125314
-0.705305,1.000000,0.600000,0.125529
-0.704204,1.000000,0.600000,0.125744
-0.703103,1.000000,0.600000,0.125961
-0.702002,1.000000,0.600000,0.126180
-0.700901,1.000000,0.600000,0.126400
-0.699800,1.000000,0.600000,0.126621
-0.698699,1.000000,0.600000,0.126845
-0.697598,1.000000,0.600000,0.127071
-0.696496,1.000000,0.600000,0.127299
-0.695395,1.000000,0.600000,0.127529
-0.694294,1.000000,0.600000,0.127762
-0.693193,1.000000,0.600000,0.127997
-0.692092,1.000000,0.600000,0.128236
-0.690991,1.000000,0.600000,0.128478
-0.689890,1.000000,0.600000,0.128723
-0.688789,1.000000,0.600000,0.128971
-0.687688,1.000000,0.600000,0.129224
-0.686587,1.000000,0.600000,0.129480
-0.685485,1.000000,0.600000,0.129740
-0.684384,1.000000,0.600000,0.130004
-0.683283,1.000000,0.600000,0.130273
-0.682182,1.000000,0.600000,0.130547
-0.681081,1.000000,0.600000,0.130825
-0.679980,1.000000,0.600000,0.131109
-0.678879,1.000000,0.600000,0.131398
-0.677778,1.000000,0.600000,0.131692
-0.676677,1.000000,0.600000,0.131992
-0.675576,1.000000,0.600000,0.132298
-0.674474,1.000000,0.600000,0.132609
-0.673373,1.000000,0.600000,0.132927
-0.672272,1.000000,0.600000,0.133251
-0.671171,1.000000,0.600000,0.133582
-0.670070,1.000000,0.600000,0.133920
-0.668969,1.000000,0.600000,0.134264
-0.667868,1.000000,0.600000,0.134616
-0.666767,1.000000,0.600000,0.134975
-0.665666,1.000000,0.600000,0.135341
-0.664565,1.000000,0.600000,0.135715
-0.663463,1.000000,0.600000,0.136096
-0.662362,1.000000,0.600000,0.136486
-0.661261,1.000000,0.600000,0.136883
-0.660160,1.000000,0.600000,0.137289
-0.659059,1.000000,0.600000,0.137702
-0.657958,1.000000,0.600000,0.138125
-0.656857,1.000000,0.600000,0.138556
-0.655756,1.000000,0.600000,0.138995
-0.654655,1.000000,0.600000,0.139443
-0.653554,1.000000,0.600000,0.139900
-0.652452,1.000000,0.600000,0.140367
-0.651351,1.000000,0.600000,0.140842
-0.650250,1.000000,0.600000,0.141326
-0.649149,1.000000,0.600000,0.141820
-0.648048,1.000000,0.600000,0.142323
-0.646947,1.000000,0.600000,0.142835
-0.645846,1.000000,0.600000,0.143357
-0.644745,1.000000,0.600000,0.143888
-0.643644,1.000000,0.600000,0.144429
-0.642543,1.000000,0.600000,0.144979
-0.641441,1.000000,0.600000,0.145539
-0.640340,1.000000,0.600000,0.146108
-0.639239,1.000000,0.600000,0.146687
-0.638138,1.000000,0.600000,0.147276
-0.637037,1.000000,0.600000,0.147874
-0.635936,1.000000,0.600000,0.148482
-0.634835,1.000000,0.600000,0.149100
-0.633734,1.000000,0.600000,0.149728
-0.632633,1.000000,0.600000,0.150365
-0.631532,1.000000,0.600000,0.151012
-0.630430,1.000000,0.600000,0.151668
-0.629329,1.000000,0.600000,0.152334
-0.628228,1.000000,0.600000,0.153010
-0.627127,1.000000,0.600000,0.153696
-0.626026,1.000000,0.600000,0.154391
-0.624925,1.000000,0.600000,0.155096
-0.623824,1.000000,0.600000,0.155811
-0.622723,1.000000,0.600000,0.156535
-0.621622,1.000000,0.600000,0.157270
-0.620521,1.000000,0.600000,0.158014
-0.619419,1.000000,0.600000,0.158767
-0.618318,1.000000,0.600000,0.159531
-0.617217,1.000000,0.600000,0.160304
-0.616116,1.000000,0.600000,0.161088
-0.615015,1.000000,0.600000,0.161882
-0.613914,1.000000,0.600000,0.162686
-0.612813,1.000000,0.600000,0.163500
-0.611712,1.000000,0.600000,0.164324
-0.610611,1.000000,0.600000,0.165160
-0.609510,1.000000,0.600000,0.166005
-0.608408,1.000000,0.600000,0.166862
-0.607307,1.000000,0.600000,0.167730
-0.606206,1.000000,0.600000,0.168610
-0.605105,1.000000,0.600000,0.169501
-0.604004,1.000000,0.600000,0.170404
-0.602903,1.000000,0.600000,0.171319
-0.601802,1.000000,0.600000,0.172246
-0.600701,1.000000,0.600000,0.173187
-0.599600,1.000000,0.600000,0.174141
-0.598498,1.000000,0.600000,0.175108
-0.597397,1.000000,0.600000,0.176089
-0.596296,1.000000,0.600000,0.177085
-0.595195,1.000000,0.600000,0.178096
-0.594094,1.000000,0.600000,0.179123
-0.592993,1.000000,0.600000,0.180166
-0.591892,1.000000,0.600000,0.181226
-0.590791,1.000000,0.600000,0.182303
-0.589690,1.000000,0.600000,0.183399
-0.588589,1.000000,0.600000,0.184513
-0.587487,1.000000,0.600000,0.185647
-0.586386,1.000000,0.600000,0.186801
-0.585285,1.000000,0.600000,0.187976
-0.584184,1.000000,0.600000,0.189174
-0.583083,1.000000,0.600000,0.190394
-0.581982,1.000000,0.600000,0.191639
-0.580881,1.000000,0.600000,0.192909
-0.579780,1.000000,0.600000,0.194205
-0.578679,1.000000,0.600000,0.195528
-0.577578,1.000000,0.600000,0.196879
-0.576476,1.000000,0.600000,0.198260
-0.575375,1.000000,0.600000,0.199671
-0.574274,1.000000,0.600000,0.201115
-0.573173,1.000000,0.600000,0.202592
-0.572072,1.000000,0.600000,0.204103
-0.570971,1.000000,0.600000,0.205651
-0.569870,1.000000,0.600000,0.207237
-0.568769,1.000000,0.600000,0.208862
-0.567668,1.000000,0.600000,0.210528
-0.566567,1.000000,0.600000,0.212236
-0.565465,1.000000,0.600000,0.213989
-0.564364,1.000000,0.600000,0.215788
-0.563263,1.000000,0.600000,0.217634
-0.562162,1.000000,0.600000,0.219530
-0.561061,1.000000,0.600000,0.221477
-0.559960,1.000000,0.600000,0.223478
-0.558859,1.000000,0.600000,0.225535
-0.557758,1.000000,0.600000,0.227649
-0.556657,1.000000,0.600000,0.229822
-0.555556,1.000000,0.600000,0.232058
-0.554454,1.000000,0.600000,0.234357
-0.553353,1.000000,0.600000,0.236723
-0.552252,1.000000,0.600000,0.239157
-0.551151,1.000000,0.600000,0.241662
-0.550050,1.000000,0.600000,0.244240
-0.548949,1.000000,0.600000,0.246893
-0.547848,1.000000,0.600000,0.249625
-0.546747,1.000000,0.600000,0.252437
-0.545646,1.000000,0.600000,0.255332
-0.544545,1.000000,0.600000,0.258312
-0.543443,1.000000,0.600000,0.261380
-0.542342,1.000000,0.600000,0.264539
-0.541241,1.000000,0.600000,0.267790
-0.540140,1.000000,0.600000,0.271137
-0.539039,1.000000,0.600000,0.274582
-0.537938,1.000000,0.600000,0.278127
-0.536837,1.000000,0.600000,0.281774
-0.535736,1.000000,0.600000,0.285528
-0.534635,1.000000,0.600000,0.289388
-0.533534,1.000000,0.600000,0.293358
-0.532432,1.000000,0.600000,0.297441
-0.531331,1.000000,0.600000,0.301637
-0.530230,1.000000,0.600000,0.305950
-0.529129,1.000000,0.600000,0.310382
-0.528028,1.000000,0.600000,0.314933
-0.526927,1.000000,0.600000,0.319606
-0.525826,1.000000,0.600000,0.324403
-0.524725,1.000000,0.600000,0.329325
-0.523624,1.000000,0.600000,0.334374
-0.522523,1.000000,0.600000,0.339550
-0.521421,1.000000,0.600000,0.344854
-0.520320,1.000000,0.600000,0.350288
-0.519219,1.000000,0.600000,0.355852
-0.518118,1.000000,0.600000,0.361546
-0.517017,1.000000,0.600000,0.367371
-0.515916,1.000000,0.600000,0.373326
-0.514815,1.000000,0.600000,0.379411
-0.513714,1.000000,0.600000,0.385625
-0.512613,1.000000,0.600000,0.391967
-0.511512,1.000000,0.600000,0.398437
-0.510410,1.000000,0.600000,0.405032
-0.509309,1.000000,0.600000,0.411752
-0.508208,1.000000,0.600000,0.418594
-0.507107,1.000000,0.600000,0.425555
-0.506006,1.000000,0.600000,0.432632
-0.504905,1.000000,0.600000,0.439823
-0.503804,1.000000,0.600000,0.447125
-0.502703,1.000000,0.600000,0.454533
-0.501602,1.000000,0.600000,0.462044
-0.500501,1.000000,0.600000,0.469653
-0.499399,1.000000,0.600000,0.477355
-0.498298,1.000000,0.600000,0.485146
-0.497197,1.000000,0.600000,0.493020
-0.496096,1.000000,0.600000,0.500972
-0.494995,1.000000,0.600000,0.508996
-0.493894,1.000000,0.600000,0.517085
-0.492793,1.000000,0.600000,0.525233
-0.491692,1.000000,0.600000,0.533435
-0.490591,1.000000,0.600000,0.541681
-0.489489,1.000000,0.600000,0.549965
-0.488388,1.000000,0.600000,0.558282
-0.487287,1.000000,0.600000,0.566620
-0.486186,1.000000,0.600000,0.574975
-0.485085,1.000000,0.600000,0.583337
-0.483984,1.000000,0.600000,0.591698
-0.482883,1.000000,0.600000,0.600051
-0.481782,1.000000,0.600000,0.608388
-0.480681,1.000000,0.600000,0.616699
-0.479580,1.000000,0.600000,0.624977
-0.478478,1.000000,0.600000,0.633212
-0.477377,1.000000,0.600000,0.641397
-0.476276,1.000000,0.600000,0.649523
-0.475175,1.000000,0.600000,0.657582
-0.474074,1.000000,0.600000,0.665565
-0.472973,1.000000,0.600000,0.673464
-0.471872,1.000000,0.600000,0.681270
-0.470771,1.000000,0.600000,0.688976
-0.469670,1.000000,0.600000,0.696575
-0.468569,1.000000,0.600000,0.704057
-0.467467,1.000000,0.600000,0.711414
-0.466366,1.000000,0.600000,0.718640
-0.465265,1.000000,0.600000,0.725726
-0.464164,1.000000,0.600000,0.732667
-0.463063,1.000000,0.600000,0.739455
-0.461962,1.000000,0.600000,0.746082
-0.460861,1.000000,0.600000,0.752543
-0.459760,1.000000,0.600000,0.758830
-0.458659,1.000000,0.600000,0.764939
-0.457558,1.000000,0.600000,0.770862
-0.456456,1.000000,0.600000,0.776595
-0.455355,1.000000,0.600000,0.782131
-0.454254,1.000000,0.600000,0.787466
-0.453153,1.000000,0.600000,0.792594
-0.452052,1.000000,0.600000,0.797511
-0.450951,1.000000,0.600000,0.802211
-0.449850,1.000000,0.600000,0.806693
-0.448749,1.000000,0.600000,0.810951
-0.447648,1.000000,0.600000,0.814980
-0.446547,1.000000,0.600000,0.818780
-0.445445,1.000000,0.600000,0.822343
-0.444344,1.000000,0.600000,0.825670
-0.443243,1.000000,0.600000,0.828757
-0.442142,1.000000,0.600000,0.831600
-0.441041,1.000000,0.600000,0.834198
-0.439940,1.000000,0.600000,0.836549
-0.438839,1.000000,0.600000,0.838650
-0.437738,1.000000,0.600000,0.840500
-0.436637,1.000000,0.600000,0.842097
-0.435536,1.000000,0.600000,0.843440
-0.434434,1.000000,0.600000,0.844528
-0.433333,1.000000,0.600000,0.845359
-0.432232,1.000000,0.600000,0.845934
-0.431131,1.000000,0.600000,0.846251
-0.430030,1.000000,0.600000,0.846311
-0.428929,1.000000,0.600000,0.846112
-0.427828,1.000000,0.600000,0.845655
-0.426727,1.000000,0.600000,0.844941
-0.425626,1.000000,0.600000,0.843969
-0.424525,1.000000,0.600000,0.842739
-0.423423,1.000000,0.600000,0.841254
-0.422322,1.000000,0.600000,0.839513
-0.421221,1.000000,0.600000,0.837518
-0.420120,1.000000,0.600000,0.835269
-0.419019,1.000000,0.600000,0.832769
-0.417918,1.000000,0.600000,0.830019
-0.416817,1.000000,0.600000,0.827020
-0.415716,1.000000,0.600000,0.823775
-0.414615,1.000000,0.600000,0.820285
-0.413514,1.000000,0.600000,0.816554
-0.412412,1.000000,0.600000,0.812582
-0.411311,1.000000,0.600000,0.808375
-0.410210,1.000000,0.600000,0.803934
-0.409109,1.000000,0.600000,0.799262
-0.408008,1.000000,0.600000,0.794361
-0.406907,1.000000,0.600000,0.789237
-0.405806,1.000000,0.600000,0.783894
-0.404705,1.000000,0.600000,0.778334
-0.403604,1.000000,0.600000,0.772560
-0.402503,1.000000,0.600000,0.766581
-0.401401,1.000000,0.600000,0.760398
-0.400300,1.000000,0.600000,0.754015
-0.399199,1.000000,0.600000,0.747440
-0.398098,1.000000,0.600000,0.740677
-0.396997,1.000000,0.600000,0.733730
-0.395896,1.000000,0.600000,0.726606
-0.394795,1.000000,0.600000,0.719313
-0.393694,1.000000,0.600000,0.711853
-0.392593,1.000000,0.600000,0.704235
-0.391491,1.000000,0.600000,0.696465
-0.390390,1.000000,0.600000,0.688551
-0.389289,1.000000,0.600000,0.680498
-0.388188,1.000000,0.600000,0.672315
-0.387087,1.000000,0.600000,0.664008
-0.385986,1.000000,0.600000,0.655585
-0.384885,1.000000,0.600000,0.647054
-0.383784,1.000000,0.600000,0.638424
-0.382683,1.000000,0.600000,0.629701
-0.381582,1.000000,0.600000,0.620896
-0.380480,1.000000,0.600000,0.612017
-0.379379,1.000000,0.600000,0.603071
-0.378278,1.000000,0.600000,0.594070
-0.377177,1.000000,0.600000,0.585017
-0.376076,1.000000,0.600000,0.575926
-0.374975,1.000000,0.600000,0.566806
-0.373874,1.000000,0.600000,0.557664
-0.372773,1.000000,0.600000,0.548510
-0.371672,1.000000,0.600000,0.539353
-0.370571,1.000000,0.600000,0.530203
-0.369469,1.000000,0.600000,0.521068
-0.368368,1.000000,0.600000,0.511957
-0.367267,1.000000,0.600000,0.502881
-0.366166,1.000000,0.600000,0.493846
-0.365065,1.000000,0.600000,0.484862
-0.363964,1.000000,0.600000,0.475939
-0.362863,1.000000,0.600000,0.467085
-0.361762,1.000000,0.600000,0.458307
-0.360661,1.000000,0.600000,0.449614
-0.359560,1.000000,0.600000,0.441015
-0.358458,1.000000,0.600000,0.432516
-0.357357,1.000000,0.600000,0.424124
-0.356256,1.000000,0.600000,0.415849
-0.355155,1.000000,0.600000,0.407695
-0.354054,1.000000,0.600000,0.399670
-0.352953,1.000000,0.600000,0.391780
-0.351852,1.000000,0.600000,0.384031
-0.350751,1.000000,0.600000,0.376428
-0.349650,1.000000,0.600000,0.368977
-0.348549,1.000000,0.600000,0.361682
-0.347447,1.000000,0.600000,0.354548
-0.346346,1.000000,0.600000,0.347579
-0.345245,1.000000,0.600000,0.340778
-0.344144,1.000000,0.600000,0.334149
-0.343043,1.000000,0.600000,0.327696
-0.341942,1.000000,0.600000,0.321420
-0.340841,1.000000,0.600000,0.315324
-0.339740,1.000000,0.600000,0.309410
-0.338639,1.000000,0.600000,0.303679
-0.337538,1.000000,0.600000,0.298132
-0.336436,1.000000,0.600000,0.292770
-0.335335,1.000000,0.600000,0.287594
-0.334234,1.000000,0.600000,0.282603
-0.333133,1.000000,0.600000,0.277797
-0.332032,1.000000,0.600000,0.273177
-0.330931,1.000000,0.600000,0.268741
-0.329830,1.000000,0.600000,0.264488
-0.328729,1.000000,0.600000,0.260417
-0.327628,1.000000,0.600000,0.256526
-0.326527,1.000000,0.600000,0.252814
-0.325425,1.000000,0.600000,0.249278
-0.324324,1.000000,0.600000,0.245917
-0.323223,1.000000,0.600000,0.242728
-0.322122,1.000000,0.600000,0.239708
-0.321021,1.000000,0.600000,0.236854
-0.319920,1.000000,0.600000,0.234165
-0.318819,1.000000,0.600000,0.231636
-0.317718,1.000000,0.600000,0.229265
-0.316617,1.000000,0.600000,0.227049
-0.315516,1.000000,0.600000,0.224984
-0.314414,1.000000,0.600000,0.223067
-0.313313,1.000000,0.600000,0.221294
-0.312212,1.000000,0.600000,0.219662
-0.311111,1.000000,0.600000,0.218167
-0.310010,1.000000,0.600000,0.216806
-0.308909,1.000000,0.600000,0.215575
-0.307808,1.000000,0.600000,0.214470
-0.306707,1.000000,0.600000,0.213488
-0.305606,1.000000,0.600000,0.212625
-0.304505,1.000000,0.600000,0.211877
-0.303403,1.000000,0.600000,0.211241
-0.302302,1.000000,0.600000,0.210713
-0.301201,1.000000,0.600000,0.210289
-0.300100,1.000000,0.600000,0.209965
-0.298999,1.000000,0.600000,0.209738
-0.297898,1.000000,0.600000,0.209605
-0.296797,1.000000,0.600000,0.209560
-0.295696,1.000000,0.600000,0.209603
-0.294595,1.000000,0.600000,0.209727
-0.293493,1.000000,0.600000,0.209931
-0.292392,1.000000,0.600000,0.210210
-0.291291,1.000000,0.600000,0.210561
-0.290190,1.000000,0.600000,0.210981
-0.289089,1.000000,0.600000,0.211466
-0.287988,1.000000,0.600000,0.212013
-0.286887,1.000000,0.600000,0.212619
-0.285786,1.000000,0.600000,0.213280
-0.284685,1.000000,0.600000,0.213994
-0.283584,1.000000,0.600000,0.214756
-0.282482,1.000000,0.600000,0.215565
-0.281381,1.000000,0.600000,0.216418
-0.280280,1.000000,0.600000,0.217310
-0.279179,1.000000,0.600000,0.218240
-0.278078,1.000000,0.600000,0.219204
-0.276977,1.000000,0.600000,0.220199
-0.275876,1.000000,0.600000,0.221223
-0.274775,1.000000,0.600000,0.222274
-0.273674,1.000000,0.600000,0.223348
-0.272573,1.000000,0.600000,0.224443
-0.271471,1.000000,0.600000,0.225556
-0.270370,1.000000,0.600000,0.226686
-0.269269,1.000000,0.600000,0.227828
-0.268168,1.000000,0.600000,0.228983
-0.267067,1.000000,0.600000,0.230146
-0.265966,1.000000,0.600000,0.231316
-0.264865,1.000000,0.600000,0.232490
-0.263764,1.000000,0.600000,0.233668
-0.262663,1.000000,0.600000,0.234846
-0.261562,1.000000,0.600000,0.236022
-0.260460,1.000000,0.600000,0.237195
-0.259359,1.000000,0.600000,0.238363
-0.258258,1.000000,0.600000,0.239525
-0.257157,1.000000,0.600000,0.240678
-0.256056,1.000000,0.600000,0.241821
-0.254955,1.000000,0.600000,0.242952
-0.253854,1.000000,0.600000,0.244070
-0.252753,1.000000,0.600000,0.245174
-0.251652,1.000000,0.600000,0.246262
-0.250551,1.000000,0.600000,0.247333
-0.249449,1.000000,0.600000,0.248385
-0.248348,1.000000,0.600000,0.249417
-0.247247,1.000000,0.600000,0.250429
-0.246146,1.000000,0.600000,0.251420
-0.245045,1.000000,0.600000,0.252387
-0.243944,1.000000,0.600000,0.253330
-0.242843,1.000000,0.600000,0.254249
-0.241742,1.000000,0.600000,0.255143
-0.240641,1.000000,0.600000,0.256010
-0.239540,1.000000,0.600000,0.256851
-0.238438,1.000000,0.600000,0.257663
-0.237337,1.000000,0.600000,0.258447
-0.236236,1.000000,0.600000,0.259203
-0.235135,1.000000,0.600000,0.259928
-0.234034,1.000000,0.600000,0.260624
-0.232933,1.000000,0.600000,0.261289
-0.231832,1.000000,0.600000,0.261924
-0.230731,1.000000,0.600000,0.262527
-0.229630,1.000000,0.600000,0.263099
-0.228529,1.000000,0.600000,0.263638
-0.227427,1.000000,0.600000,0.264146
-0.226326,1.000000,0.600000,0.264620
-0.225225,1.000000,0.600000,0.265063
-0.224124,1.000000,0.600000,0.265472
-0.223023,1.000000,0.600000,0.265849
-0.221922,1.000000,0.600000,0.266192
-0.220821,1.000000,0.600000,0.266502
-0.219720,1.000000,0.600000,0.266779
-0.218619,1.000000,0.600000,0.267023
-0.217518,1.000000,0.600000,0.267233
-0.216416,1.000000,0.600000,0.267410
-0.215315,1.000000,0.600000,0.267554
-0.214214,1.000000,0.600000,0.267665
-0.213113,1.000000,0.600000,0.267743
-0.212012,1.000000,0.600000,0.267787
-0.210911,1.000000,0.600000,0.267799
-0.209810,1.000000,0.600000,0.267777
-0.208709,1.000000,0.600000,0.267724
-0.207608,1.000000,0.600000,0.267637
-0.206507,1.000000,0.600000,0.267519
-0.205405,1.000000,0.600000,0.267369
-0.204304,1.000000,0.600000,0.267187
-0.203203,1.000000,0.600000,0.266973
-0.202102,1.000000,0.600000,0.266728
-0.201001,1.000000,0.600000,0.266452
-0.199900,1.000000,0.600000,0.266145
-0.198799,1.000000,0.600000,0.265808
-0.197698,1.000000,0.600000,0.265441
-0.196597,1.000000,0.600000,0.265044
-0.195495,1.000000,0.600000,0.264618
-0.194394,1.000000,0.600000,0.264162
-0.193293,1.000000,0.600000,0.263678
-0.192192,1.000000,0.600000,0.263165
-0.191091,1.000000,0.600000,0.262625
-0.189990,1.000000,0.600000,0.262057
-0.188889,1.000000,0.600000,0.261462
-0.187788,1.000000,0.600000,0.260840
-0.186687,1.000000,0.600000,0.260192
-0.185586,1.000000,0.600000,0.259518
-0.184484,1.000000,0.600000,0.258819
-0.183383,1.000000,0.600000,0.258095
-0.182282,1.000000,0.600000,0.257346
-0.181181,1.000000,0.600000,0.256574
-0.180080,1.000000,0.600000,0.255778
-0.178979,1.000000,0.600000,0.254959
-0.177878,1.000000,0.600000,0.254118
-0.176777,1.000000,0.600000,0.253255
-0.175676,1.000000,0.600000,0.252371
-0.174575,1.000000,0.600000,0.251466
-0.173473,1.000000,0.600000,0.250540
-0.172372,1.000000,0.600000,0.249595
-0.171271,1.000000,0.600000,0.248631
-0.170170,1.000000,0.600000,0.247649
-0.169069,1.000000,0.600000,0.246648
-0.167968,1.000000,0.600000,0.245630
-0.166867,1.000000,0.600000,0.244595
-0.165766,1.000000,0.600000,0.243544
-0.164665,1.000000,0.600000,0.242477
-0.163564,1.000000,0.600000,0.241396
-0.162462,1.000000,0.600000,0.240300
-0.161361,1.000000,0.600000,0.239190
-0.160260,1.000000,0.600000,0.238068
-0.159159,1.000000,0.600000,0.236933
-0.158058,1.000000,0.600000,0.235786
-0.156957,1.000000,0.600000,0.234627
-0.155856,1.000000,0.600000,0.233459
-0.154755,1.000000,0.600000,0.232279
-0.153654,1.000000,0.600000,0.231091
-0.152553,1.000000,0.600000,0.229895
-0.151451,1.000000,0.600000,0.228690
-0.150350,1.000000,0.600000,0.227478
-0.149249,1.000000,0.600000,0.226259
-0.148148,1.000000,0.600000,0.225033
-0.147047,1.000000,0.600000,0.223803
-0.145946,1.000000,0.600000,0.222567
-0.144845,1.000000,0.600000,0.221327
-0.143744,1.000000,0.600000,0.220084
-0.142643,1.000000,0.600000,0.218837
-0.141542,1.000000,0.600000,0.217589
-0.140440,1.000000,0.600000,0.216338
-0.139339,1.000000,0.600000,0.215086
-0.138238,1.000000,0.600000,0.213833
-0.137137,1.000000,0.600000,0.212581
-0.136036,1.000000,0.600000,0.211328
-0.134935,1.000000,0.600000,0.210077
-0.133834,1.000000,0.600000,0.208828
-0.132733,1.000000,0.600000,0.207581
-0.131632,1.000000,0.600000,0.206336
-0.130531,1.000000,0.600000,0.205095
-0.129429,1.000000,0.600000,0.203858
-0.128328,1.000000,0.600000,0.202625
-0.127227,1.000000,0.600000,0.201396
-0.126126,1.000000,0.600000,0.200173
-0.125025,1.000000,0.600000,0.198956
-0.123924,1.000000,0.600000,0.197745
-0.122823,1.000000,0.600000,0.196540
-0.121722,1.000000,0.600000,0.195342
-0.120621,1.000000,0.600000,0.194152
-0.119520,1.000000,0.600000,0.192970
-0.118418,1.000000,0.600000,0.191796
-0.117317,1.000000,0.600000,0.190631
-0.116216,1.000000,0.600000,0.189474
-0.115115,1.000000,0.600000,0.188327
-0.114014,1.000000,0.600000,0.187190
-0.112913,1.000000,0.600000,0.186063
-0.111812,1.000000,0.600000,0.184945
-0.110711,1.000000,0.600000,0.183839
-0.109610,1.000000,0.600000,0.182743
-0.108509,1.000000,0.600000,0.181658
-0.107407,1.000000,0.600000,0.180585
-0.106306,1.000000,0.600000,0.179523
-0.105205,1.000000,0.600000,0.178473
-0.104104,1.000000,0.600000,0.177435
-0.103003,1.000000,0.600000,0.176409
-0.101902,1.000000,0.600000,0.175395
-0.100801,1.000000,0.600000,0.174394
-0.099700,1.000000,0.600000,0.173405
-0.098599,1.000000,0.600000,0.172429
-0.097497,1.000000,0.600000,0.171466
-0.096396,1.000000,0.600000,0.170516
-0.095295,1.000000,0.600000,0.169579
-0.094194,1.000000,0.600000,0.168655
-0.093093,1.000000,0.600000,0.167744
-0.091992,1.000000,0.600000,0.166847
-0.090891,1.000000,0.600000,0.165962
-0.089790,1.000000,0.600000,0.165091
-0.088689,1.000000,0.600000,0.164234
-0.087588,1.000000,0.600000,0.163389
-0.086486,1.000000,0.600000,0.162558
-0.085385,1.000000,0.600000,0.161740
-0.084284,1.000000,0.600000,0.160936
-0.083183,1.000000,0.600000,0.160144
-0.082082,1.000000,0.600000,0.159366
-0.080981,1.000000,0.600000,0.158601
-0.079880,1.000000,0.600000,0.157849
-0.078779,1.000000,0.600000,0.157110
-0.077678,1.000000,0.600000,0.156384
-0.076577,1.000000,0.600000,0.155671
-0.075475,1.000000,0.600000,0.154971
-0.074374,1.000000,0.600000,0.154283
-0.073273,1.000000,0.600000,0.153608
-0.072172,1.000000,0.600000,0.152945
-0.071071,1.000000,0.600000,0.152295
-0.069970,1.000000,0.600000,0.151657
-0.068869,1.000000,0.600000,0.151031
-0.067768,1.000000,0.600000,0.150417
-0.066667,1.000000,0.600000,0.149815
-0.065566,1.000000,0.600000,0.149225
-0.064464,1.000000,0.600000,0.148646
-0.063363,1.000000,0.600000,0.148079
-0.062262,1.000000,0.600000,0.147523
-0.061161,1.000000,0.600000,0.146978
-0.060060,1.000000,0.600000,0.146445
-0.058959,1.000000,0.600000,0.145922
-0.057858,1.000000,0.600000,0.145410
-0.056757,1.000000,0.600000,0.144908
-0.055656,1.000000,0.600000,0.144417
-0.054555,1.000000,0.600000,0.143936
-0.053453,1.000000,0.600000,0.143466
-0.052352,1.000000,0.600000,0.143005
-0.051251,1.000000,0.600000,0.142554
-0.050150,1.000000,0.600000,0.142112
-0.049049,1.000000,0.600000,0.141681
-0.047948,1.000000,0.600000,0.141258
-0.046847,1.000000,0.600000,0.140844
-0.045746,1.000000,0.600000,0.140440
-0.044645,1.000000,0.600000,0.140044
-0.043544,1.000000,0.600000,0.139657
-0.042442,1.000000,0.600000,0.139279
-0.041341,1.000000,0.600000,0.138909
-0.040240,1.000000,0.600000,0.138547
-0.039139,1.000000,0.600000,0.138193
-0.038038,1.000000,0.600000,0.137847
-0.036937,1.000000,0.600000,0.137509
-0.035836,1.000000,0.600000,0.137179
-0.034735,1.000000,0.600000,0.136855
-0.033634,1.000000,0.600000,0.136540
-0.032533,1.000000,0.600000,0.136231
-0.031431,1.000000,0.600000,0.135929
-0.030330,1.000000,0.600000,0.135634
-0.029229,1.000000,0.600000,0.135346
-0.028128,1.000000,0.600000,0.135065
-0.027027,1.000000,0.600000,0.134790
-0.025926,1.000000,0.600000,0.134521
-0.024825,1.000000,0.600000,0.134259
-0.023724,1.000000,0.600000,0.134002
-0.022623,1.000000,0.600000,0.133751
-0.021522,1.000000,0.600000,0.133506
-0.020420,1.000000,0.600000,0.133267
-0.019319,1.000000,0.600000,0.133034
-0.018218,1.000000,0.600000,0.132805
-0.017117,1.000000,0.600000,0.132582
-0.016016,1.000000,0.600000,0.132365
-0.014915,1.000000,0.600000,0.132152
-0.013814,1.000000,0.600000,0.131944
-0.012713,1.000000,0.600000,0.131741
-0.011612,1.000000,0.600000,0.131543
-0.010511,1.000000,0.600000,0.131349
-0.009409,1.000000,0.600000,0.131160
-0.008308,1.000000,0.600000,0.130975
-0.007207,1.000000,0.600000,0.130795
-0.006106,1.000000,0.600000,0.130619
-0.005005,1.000000,0.600000,0.130446
-0.003904,1.000000,0.600000,0.130278
-0.002803,1.000000,0.600000,0.130114
-0.001702,1.000000,0.600000,0.129953
-0.000601,1.000000,0.600000,0.129797
0.000501,1.000000,0.600000,0.129644
0.001602,1.000000,0.600000,0.129494
0.002703,1.000000,0.600000,0.129348
0.003804,1.000000,0.600000,0.129205
0.004905,1.000000,0.600000,0.129066
0.006006,1.000000,0.600000,0.128929
0.007107,1.000000,0.600000,0.128796
0.008208,1.000000,0.600000,0.128666
0.009309,1.000000,0.600000,0.128539
0.010410,1.000000,0.600000,0.128415
0.011512,1.000000,0.600000,0.128294
0.012613,1.000000,0.600000,0.128175
0.013714,1.000000,0.600000,0.128059
0.014815,1.000000,0.600000,0.127946
0.015916,1.000000,0.600000,0.127835
0.017017,1.000000,0.600000,0.127727
0.018118,1.000000,0.600000,0.127621
0.019219,1.000000,0.600000,0.127518
0.020320,1.000000,0.600000,0.127417
0.021421,1.000000,0.600000,0.127318
0.022523,1.000000,0.600000,0.127221
0.023624,1.000000,0.600000,0.127127
0.024725,1.000000,0.600000,0.127034
0.025826,1.000000,0.600000,0.126944
0.026927,1.000000,0.600000,0.126855
0.028028,1.000000,0.600000,0.126769
0.029129,1.000000,0.600000,0.126684
0.030230,1.000000,0.600000,0.126602
0.031331,1.000000,0.600000,0.126521
0.032432,1.000000,0.600000,0.126442
0.033534,1.000000,0.600000,0.126364
0.034635,1.000000,0.600000,0.126288
0.035736,1.000000,0.600000,0.126214
0.036837,1.000000,0.600000,0.126141
0.037938,1.000000,0.600000,0.126070
0.039039,1.000000,0.600000,0.126000
0.040140,1.000000,0.600000,0.125932
0.041241,1.000000,0.600000,0.125865
0.042342,1.000000,0.600000,0.125800
0.043443,1.000000,0.600000,0.125736
0.044545,1.000000,0.600000,0.125673
0.045646,1.000000,0.600000,0.125612
0.046747,1.000000,0.600000,0.125552
0.047848,1.000000,0.600000,0.125493
0.048949,1.000000,0.600000,0.125435
0.050050,1.000000,0.600000,0.125378
0.051151,1.000000,0.600000,0.125323
0.052252,1.000000,0.600000,0.125268
0.053353,1.000000,0.600000,0.125215
0.054454,1.000000,0.600000,0.125162
0.055556,1.000000,0.600000,0.125111
0.056657,1.000000,0.600000,0.125061
0.057758,1.000000,0.600000,0.125011
0.058859,1.000000,0.600000,0.124963
0.059960,1.000000,0.600000,0.124915
0.061061,1.000000,0.600000,0.124868
0.062162,1.000000,0.600000,0.124822
0.063263,1.000000,0.600000,0.124777
0.064364,1.000000,0.600000,0.124733
0.065465,1.000000,0.600000,0.124690
0.066567,1.000000,0.600000,0.124647
0.067668,1.000000,0.600000,0.124605
0.068769,1.000000,0.600000,0.124564
0.069870,1.000000,0.600000,0.124523
0.070971,1.000000,0.600000,0.124484
0.072072,1.000000,0.600000,0.124445
0.073173,1.000000,0.600000,0.124406
0.074274,1.000000,0.600000,0.124368
0.075375,1.000000,0.600000,0.124331
0.076476,1.000000,0.600000,0.124294
0.077578,1.000000,0.600000,0.124258
0.078679,1.000000,0.600000,0.124223
0.079780,1.000000,0.600000,0.124188
0.080881,1.000000,0.600000,0.124154
0.081982,1.000000,0.600000,0.124120
0.083083,1.000000,0.600000,0.124087
0.084184,1.000000,0.600000,0.124054
0.085285,1.000000,0.600000,0.124021
0.086386,1.000000,0.600000,0.123990
0.087487,1.000000,0.600000,0.123958
0.088589,1.000000,0.600000,0.123927
0.089690,1.000000,0.600000,0.123897
0.090791,1.000000,0.600000,0.123867
0.091892,1.000000,0.600000,0.123837
0.092993,1.000000,0.600000,0.123808
0.094094,1.000000,0.600000,0.123779
0.095195,1.000000,0.600000,0.123750
0.096296,1.000000,0.600000,0.123722
0.097397,1.000000,0.600000,0.123694
0.098498,1.000000,0.600000,0.123667
0.099600,1.000000,0.600000,0.123640
0.100701,1.000000,0.600000,0.123613
0.101802,1.000000,0.600000,0.123587
0.102903,1.000000,0.600000,0.123561
0.104004,1.000000,0.600000,0.123535
0.105105,1.000000,0.600000,0.123509
0.106206,1.000000,0.600000,0.123484
0.107307,1.000000,0.600000,0.123459
0.108408,1.000000,0.600000,0.123434
0.109510,1.000000,0.600000,0.123410
0.110611,1.000000,0.600000,0.123386
0.111712,1.000000,0.600000,0.123362
0.112813,1.000000,0.600000,0.123338
0.113914,1.000000,0.600000,0.123315
0.115015,1.000000,0.600000,0.123291
0.116116,1.000000,0.600000,0.123269
0.117217,1.000000,0.600000,0.123246
0.118318,1.000000,0.600000,0.123223
0.119419,1.000000,0.600000,0.123201
0.120521,1.000000,0.600000,0.123178
0.121622,1.000000,0.600000,0.123157
0.122723,1.000000,0.600000,0.123135
0.123824,1.000000,0.600000,0.123113
0.124925,1.000000,0.600000,0.123092
0.126026,1.000000,0.600000,0.123070
0.127127,1.000000,0.600000,0.123049
0.128228,1.000000,0.600000,0.123028
0.129329,1.000000,0.600000,0.123007
0.130430,1.000000,0.600000,0.122987
0.131532,1.000000,0.600000,0.122966
0.132633,1.000000,0.600000,0.122946
0.133734,1.000000,0.600000,0.122926
0.134835,1.000000,0.600000,0.122905
0.135936,1.000000,0.600000,0.122886
0.137037,1.000000,0.600000,0.122866
0.138138,1.000000,0.600000,0.122846
0.139239,1.000000,0.600000,0.122826
0.140340,1.000000,0.600000,0.122807
0.141441,1.000000,0.600000,0.122787
0.142543,1.000000,0.600000,0.122768
0.143644,1.000000,0.600000,0.122749
0.144745,1.000000,0.600000,0.122730
0.145846,1.000000,0.600000,0.122711
0.146947,1.000000,0.600000,0.122692
0.148048,1.000000,0.600000,0.122673
0.149149,1.000000,0.600000,0.122654
0.150250,1.000000,0.600000,0.122636
0.151351,1.000000,0.600000,0.122617
0.152452,1.000000,0.600000,0.122598
0.153554,1.000000,0.600000,0.122580
0.154655,1.000000,0.600000,0.122562
0.155756,1.000000,0.600000,0.122544
0.156857,1.000000,0.600000,0.122525
0.157958,1.000000,0.600000,0.122507
0.159059,1.000000,0.600000,0.122489
0.160160,1.000000,0.600000,0.122471
0.161261,1.000000,0.600000,0.122453
0.162362,1.000000,0.600000,0.122435
0.163463,1.000000,0.600000,0.122417
0.164565,1.000000,0.600000,0.122399
0.165666,1.000000,0.600000,0.122381
0.166767,1.000000,0.600000,0.122364
0.167868,1.000000,0.600000,0.122346
0.168969,1.000000,0.600000,0.122329
0.170070,1.000000,0.600000,0.122311
0.171171,1.000000,0.600000,0.122293
0.172272,1.000000,0.600000,0.122276
0.173373,1.000000,0.600000,0.122258
0.174474,1.000000,0.600000,0.122241
0.175576,1.000000,0.600000,0.122223
0.176677,1.000000,0.600000,0.122206
0.177778,1.000000,0.600000,0.122188
0.178879,1.000000,0.600000,0.122171
0.179980,1.000000,0.600000,0.122154
0.181081,1.000000,0.600000,0.122137
0.182182,1.000000,0.600000,0.122119
0.183283,1.000000,0.600000,0.122102
0.184384,1.000000,0.600000,0.122085
0.185485,1.000000,0.600000,0.122068
0.186587,1.000000,0.600000,0.122050
0.187688,1.000000,0.600000,0.122033
0.188789,1.000000,0.600000,0.122016
0.189890,1.000000,0.600000,0.121999
0.190991,1.000000,0.600000,0.121982
0.192092,1.000000,0.600000,0.121965
0.193193,1.000000,0.600000,0.121948
0.194294,1.000000,0.600000,0.121931
0.195395,1.000000,0.600000,0.121913
0.196496,1.000000,0.600000,0.121897
0.197598,1.000000,0.600000,0.121879
0.198699,1.000000,0.600000,0.121862
0.199800,1.000000,0.600000,0.121845
0.200901,1.000000,0.600000,0.121828
0.202002,1.000000,0.600000,0.121811
0.203103,1.000000,0.600000,0.121794
0.204204,1.000000,0.600000,0.121777
0.205305,1.000000,0.600000,0.121760
0.206406,1.000000,0.600000,0.121743
0.207508,1.000000,0.600000,0.121726
0.208609,1.000000,0.600000,0.121709
0.209710,1.000000,0.600000,0.121692
0.210811,1.000000,0.600000,0.121675
0.211912,1.000000,0.600000,0.121658
0.213013,1.000000,0.600000,0.121641
0.214114,1.000000,0.600000,0.121624
0.215215,1.000000,0.600000,0.121607
0.216316,1.000000,0.600000,0.121590
0.217417,1.000000,0.600000,0.121573
0.218519,1.000000,0.600000,0.121556
0.219620,1.000000,0.600000,0.121539
0.220721,1.000000,0.600000,0.121522
0.221822,1.000000,0.600000,0.121505
0.222923,1.000000,0.600000,0.121488
0.224024,1.000000,0.600000,0.121471
0.225125,1.000000,0.600000,0.121454
0.226226,1.000000,0.600000,0.121437
0.227327,1.000000,0.600000,0.121420
0.228428,1.000000,0.600000,0.121403
0.229530,1.000000,0.600000,0.121386
0.230631,1.000000,0.600000,0.121369
0.231732,1.000000,0.600000,0.121352
0.232833,1.000000,0.600000,0.121335
0.233934,1.000000,0.600000,0.121318
0.235035,1.000000,0.600000,0.121301
0.236136,1.000000,0.600000,0.121284
0.237237,1.000000,0.600000,0.121267
0.238338,1.000000,0.600000,0.121250
0.239439,1.000000,0.600000,0.121233
0.240541,1.000000,0.600000,0.121216
0.241642,1.000000,0.600000,0.121199
0.242743,1.000000,0.600000,0.121182
0.243844,1.000000,0.600000,0.121165
0.244945,1.000000,0.600000,0.121148
0.246046,1.000000,0.600000,0.121130
0.247147,1.000000,0.600000,0.121113
0.248248,1.000000,0.600000,0.121096
0.249349,1.000000,0.600000,0.121079
0.250450,1.000000,0.600000,0.121062
0.251552,1.000000,0.600000,0.121045
0.252653,1.000000,0.600000,0.121028
0.253754,1.000000,0.600000,0.121011
0.254855,1.000000,0.600000,0.120994
0.255956,1.000000,0.600000,0.120977
0.257057,1.000000,0.600000,0.120959
0.258158,1.000000,0.600000,0.120943
0.259259,1.000000,0.600000,0.120925
0.260360,1.000000,0.600000,0.120908
0.261461,1.000000,0.600000,0.120891
0.262563,1.000000,0.600000,0.120874
0.263664,1.000000,0.600000,0.120857
0.264765,1.000000,0.600000,0.120840
0.265866,1.000000,0.600000,0.120823
0.266967,1.000000,0.600000,0.120806
0.268068,1.000000,0.600000,0.120788
0.269169,1.000000,0.600000,0.120771
0.270270,1.000000,0.600000,0.120754
0.271371,1.000000,0.600000,0.120737
0.272472,1.000000,0.600000,0.120720
0.273574,1.000000,0.600000,0.120703
0.274675,1.000000,0.600000,0.120686
0.275776,1.000000,0.600000,0.120669
0.276877,1.000000,0.600000,0.120652
0.277978,1.000000,0.600000,0.120635
0.279079,1.000000,0.600000,0.120617
0.280180,1.000000,0.600000,0.120600
0.281281,1.000000,0.600000,0.120583
0.282382,1.000000,0.600000,0.120566
0.283483,1.000000,0.600000,0.120549
0.284585,1.000000,0.600000,0.120532
0.285686,1.000000,0.600000,0.120515
0.286787,1.000000,0.600000,0.120498
0.287888,1.000000,0.600000,0.120481
0.288989,1.000000,0.600000,0.120464
0.290090,1.000000,0.600000,0.120447
0.291191,1.000000,0.600000,0.120430
0.292292,1.000000,0.600000,0.120413
0.293393,1.000000,0.600000,0.120396
0.294494,1.000000,0.600000,0.120379
0.295596,1.000000,0.600000,0.120362
0.296697,1.000000,0.600000,0.120345
0.297798,1.000000,0.600000,0.120328
0.298899,1.000000,0.600000,0.120311
0.300000,1.000000,0.600000,0.120294
-0.800000,1.000000,2.000000,0.105755
-0.798899,1.000000,2.000000,0.105765
-0.797798,1.000000,2.000000,0.105776
-0.796697,1.000000,2.000000,0.105787
-0.795596,1.000000,2.000000,0.105800
-0.794494,1.000000,2.000000,0.105812
-0.793393,1.000000,2.000000,0.105826
-0.792292,1.000000,2.000000,0.105840
-0.791191,1.000000,2.000000,0.105856
-0.790090,1.000000,2.000000,0.105872
-0.788989,1.000000,2.000000,0.105889
-0.787888,1.000000,2.000000,0.105908
-0.786787,1.000000,2.000000,0.105927
-0.785686,1.000000,2.000000,0.105948
-0.784585,1.000000,2.000000,0.105970
-0.783483,1.000000,2.000000,0.105993
-0.782382,1.000000,2.000000,0.106018
-0.781281,1.000000,2.000000,0.106043
-0.780180,1.000000,2.000000,0.106071
-0.779079,1.000000,2.000000,0.106100
-0.777978,1.000000,2.000000,0.106130
-0.776877,1.000000,2.000000,0.106162
-0.775776,1.000000,2.000000,0.106196
-0.774675,1.000000,2.000000,0.106231
-0.773574,1.000000,2.000000,0.106269
-0.772472,1.000000,2.000000,0.106308
-0.771371,1.000000,2.000000,0.106349
-0.770270,1.000000,2.000000,0.106392
-0.769169,1.000000,2.000000,0.106437
-0.768068,1.000000,2.000000,0.106484
-0.766967,1.000000,2.000000,0.106533
-0.765866,1.000000,2.000000,0.106584
-0.764765,1.000000,2.000000,0.106638
-0.763664,1.000000,2.000000,0.106694
-0.762563,1.000000,2.000000,0.106752
-0.761461,1.000000,2.000000,0.106813
-0.760360,1.000000,2.000000,0.106875
-0.759259,1.000000,2.000000,0.106941
-0.758158,1.000000,2.000000,0.107009
-0.757057,1.000000,2.000000,0.107079
-0.755956,1.000000,2.000000,0.107152
-0.754855,1.000000,2.000000,0.107228
-0.753754,1.000000,2.000000,0.107306
-0.752653,1.000000,2.000000,0.107387
-0.751552,1.000000,2.000000,0.107471
-0.750450,1.000000,2.000000,0.107557
-0.749349,1.000000,2.000000,0.107646
-0.748248,1.000000,2.000000,0.107738
-0.747147,1.000000,2.000000,0.107833
-0.746046,1.000000,2.000000,0.107930
-0.744945,1.000000,2.000000,0.108030
-0.743844,1.000000,2.000000,0.108133
-0.742743,1.000000,2.000000,0.108238
-0.741642,1.000000,2.000000,0.108346
-0.740541,1.000000,2.000000,0.108457
-0.739439,1.000000,2.000000,0.108571
-0.738338,1.000000,2.000000,0.108687
-0.737237,1.000000,2.000000,0.108805
-0.736136,1.000000,2.000000,0.108926
-0.735035,1.000000,2.000000,0.109050
-0.733934,1.000000,2.000000,0.109176
-0.732833,1.000000,2.000000,0.109305
-0.731732,1.000000,2.000000,0.109435
-0.730631,1.000000,2.000000,0.109568
-0.729530,1.000000,2.000000,0.109702
-0.728428,1.000000,2.000000,0.109839
-0.727327,1.000000,2.000000,0.109978
-0.726226,1.000000,2.000000,0.110118
-0.725125,1.000000,2.000000,0.110260
-0.724024,1.000000,2.000000,0.110404
-0.722923,1.000000,2.000000,0.110549
-0.721822,1.000000,2.000000,0.110695
-0.720721,1.000000,2.000000,0.110842
-0.719620,1.000000,2.000000,0.110990
-0.718519,1.000000,2.000000,0.111139
-0.717417,1.000000,2.000000,0.111289
-0.716316,1.000000,2.000000,0.111440
-0.715215,1.000000,2.000000,0.111591
-0.714114,1.000000,2.000000,0.111742
-0.713013,1.000000,2.000000,0.111893
-0.711912,1.000000,2.000000,0.112045
-0.710811,1.000000,2.000000,0.112196
-0.709710,1.000000,2.000000,0.112347
-0.708609,1.000000,2.000000,0.112497
-0.707508,1.000000,2.000000,0.112647
-0.706406,1.000000,2.000000,0.112796
-0.705305,1.000000,2.000000,0.112945
-0.704204,1.000000,2.000000,0.113092
-0.703103,1.000000,2.000000,0.113239
-0.702002,1.000000,2.000000,0.113384
-0.700901,1.000000,2.000000,0.113529
-0.699800,1.000000,2.000000,0.113672
-0.698699,1.000000,2.000000,0.113814
-0.697598,1.000000,2.000000,0.113954
-0.696496,1.000000,2.000000,0.114093
-0.695395,1.000000,2.000000,0.114231
-0.694294,1.000000,2.000000,0.114367
-0.693193,1.000000,2.000000,0.114502
-0.692092,1.000000,2.000000,0.114635
-0.690991,1.000000,2.000000,0.114767
-0.689890,1.000000,2.000000,0.114897
-0.688789,1.000000,2.000000,0.115026
-0.687688,1.000000,2.000000,0.115154
-0.686587,1.000000,2.000000,0.115280
-0.685485,1.000000,2.000000,0.115405
-0.684384,1.000000,2.000000,0.115530
-0.683283,1.000000,2.000000,0.115653
-0.682182,1.000000,2.000000,0.115775
-0.681081,1.000000,2.000000,0.115897
-0.679980,1.000000,2.000000,0.116017
-0.678879,1.000000,2.000000,0.116138
-0.677778,1.000000,2.000000,0.116258
-0.676677,1.000000,2.000000,0.116378
-0.675576,1.000000,2.000000,0.116497
-0.674474,1.000000,2.000000,0.116617
-0.673373,1.000000,2.000000,0.116738
-0.672272,1.000000,2.000000,0.116858
-0.671171,1.000000,2.000000,0.116980
-0.670070,1.000000,2.000000,0.117102
-0.668969,1.000000,2.000000,0.117226
-0.667868,1.000000,2.000000,0.117351
-0.666767,1.000000,2.000000,0.117478
-0.665666,1.000000,2.000000,0.117606
-0.664565,1.000000,2.000000,0.117736
-0.663463,1.000000,2.000000,0.117869
-0.662362,1.000000,2.000000,0.118004
-0.661261,1.000000,2.000000,0.118142
-0.660160,1.000000,2.000000,0.118283
-0.659059,1.000000,2.000000,0.118427
-0.657958,1.000000,2.000000,0.118575
-0.656857,1.000000,2.000000,0.118727
-0.655756,1.000000,2.000000,0.118882
-0.654655,1.000000,2.000000,0.119042
-0.653554,1.000000,2.000000,0.119207
-0.652452,1.000000,2.000000,0.119376
-0.651351,1.000000,2.000000,0.119551
-0.650250,1.000000,2.000000,0.119731
-0.649149,1.000000,2.000000,0.119917
-0.648048,1.000000,2.000000,0.120109
-0.646947,1.000000,2.000000,0.120308
-0.645846,1.000000,2.000000,0.120513
-0.644745,1.000000,2.000000,0.120725
-0.643644,1.000000,2.000000,0.120944
-0.642543,1.000000,2.000000,0.121171
-0.641441,1.000000,2.000000,0.121407
-0.640340,1.000000,2.000000,0.121650
-0.639239,1.000000,2.000000,0.121902
-0.638138,1.000000,2.000000,0.122163
-0.637037,1.000000,2.000000,0.122433
-0.635936,1.000000,2.000000,0.122714
-0.634835,1.000000,2.000000,0.123004
-0.633734,1.000000,2.000000,0.123304
-0.632633,1.000000,2.000000,0.123616
-0.631532,1.000000,2.000000,0.123939
-0.630430,1.000000,2.000000,0.124274
-0.629329,1.000000,2.000000,0.124621
-0.628228,1.000000,2.000000,0.124980
-0.627127,1.000000,2.000000,0.125353
-0.626026,1.000000,2.000000,0.125739
-0.624925,1.000000,2.000000,0.126138
-0.623824,1.000000,2.000000,0.126553
-0.622723,1.000000,2.000000,0.126982
-0.621622,1.000000,2.000000,0.127426
-0.620521,1.000000,2.000000,0.127886
-0.619419,1.000000,2.000000,0.128363
-0.618318,1.000000,2.000000,0.128857
-0.617217,1.000000,2.000000,0.129368
-0.616116,1.000000,2.000000,0.129897
-0.615015,1.000000,2.000000,0.130445
-0.613914,1.000000,2.000000,0.131012
-0.612813,1.000000,2.000000,0.131599
-0.611712,1.000000,2.000000,0.132207
-0.610611,1.000000,2.000000,0.132835
-0.609510,1.000000,2.000000,0.133485
-0.608408,1.000000,2.000000,0.134157
-0.607307,1.000000,2.000000,0.134853
-0.606206,1.000000,2.000000,0.135572
-0.605105,1.000000,2.000000,0.136315
-0.604004,1.000000,2.000000,0.137083
-0.602903,1.000000,2.000000,0.137877
-0.601802,1.000000,2.000000,0.138698
-0.600701,1.000000,2.000000,0.139545
-0.599600,1.000000,2.000000,0.140421
-0.598498,1.000000,2.000000,0.141325
-0.597397,1.000000,2.000000,0.142259
-0.596296,1.000000,2.000000,0.143222
-0.595195,1.000000,2.000000,0.144217
-0.594094,1.000000,2.000000,0.145243
-0.592993,1.000000,2.000000,0.146302
-0.591892,1.000000,2.000000,0.147394
-0.590791,1.000000,2.000000,0.148520
-0.589690,1.000000,2.000000,0.149681
-0.588589,1.000000,2.000000,0.150877
-0.587487,1.000000,2.000000,0.152110
-0.586386,1.000000,2.000000,0.153380
-0.585285,1.000000,2.000000,0.154688
-0.584184,1.000000,2.000000,0.156035
-0.583083,1.000000,2.000000,0.157421
-0.581982,1.000000,2.000000,0.158848
-0.580881,1.000000,2.000000,0.160316
-0.579780,1.000000,2.000000,0.161825
-0.578679,1.000000,2.000000,0.163378
-0.577578,1.000000,2.000000,0.164973
-0.576476,1.000000,2.000000,0.166613
-0.575375,1.000000,2.000000,0.168298
-0.574274,1.000000,2.000000,0.170029
-0.573173,1.000000,2.000000,0.171806
-0.572072,1.000000,2.000000,0.173630
-0.570971,1.000000,2.000000,0.175502
-0.569870,1.000000,2.000000,0.177423
-0.568769,1.000000,2.000000,0.179393
-0.567668,1.000000,2.000000,0.181413
-0.566567,1.000000,2.000000,0.183484
-0.565465,1.000000,2.000000,0.185606
-0.564364,1.000000,2.000000,0.187780
-0.563263,1.000000,2.000000,0.190007
-0.562162,1.000000,2.000000,0.192287
-0.561061,1.000000,2.000000,0.194621
-0.559960,1.000000,2.000000,0.197010
-0.558859,1.000000,2.000000,0.199454
-0.557758,1.000000,2.000000,0.201954
-0.556657,1.000000,2.000000,0.204511
-0.555556,1.000000,2.000000,0.207125
-0.554454,1.000000,2.000000,0.209798
-0.553353,1.000000,2.000000,0.212529
-0.552252,1.000000,2.000000,0.215319
-0.551151,1.000000,2.000000,0.218168
-0.550050,1.000000,2.000000,0.221079
-0.548949,1.000000,2.000000,0.224051
-0.547848,1.000000,2.000000,0.227085
-0.546747,1.000000,2.000000,0.230182
-0.545646,1.000000,2.000000,0.233343
-0.544545,1.000000,2.000000,0.236567
-0.543443,1.000000,2.000000,0.239857
-0.542342,1.000000,2.000000,0.243212
-0.541241,1.000000,2.000000,0.246635
-0.540140,1.000000,2.000000,0.250124
-0.539039,1.000000,2.000000,0.253682
-0.537938,1.000000,2.000000,0.257309
-0.536837,1.000000,2.000000,0.261006
-0.535736,1.000000,2.000000,0.264775
-0.534635,1.000000,2.000000,0.268616
-0.533534,1.000000,2.000000,0.272530
-0.532432,1.000000,2.000000,0.276517
-0.531331,1.000000,2.000000,0.280580
-0.530230,1.000000,2.000000,0.284720
-0.529129,1.000000,2.000000,0.288936
-0.528028,1.000000,2.000000,0.293231
-0.526927,1.000000,2.000000,0.297607
-0.525826,1.000000,2.000000,0.302062
-0.524725,1.000000,2.000000,0.306600
-0.523624,1.000000,2.000000,0.311221
-0.522523,1.000000,2.000000,0.315927
-0.521421,1.000000,2.000000,0.320718
-0.520320,1.000000,2.000000,0.325597
-0.519219,1.000000,2.000000,0.330564
-0.518118,1.000000,2.000000,0.335620
-0.517017,1.000000,2.000000,0.340767
-0.515916,1.000000,2.000000,0.346006
-0.514815,1.000000,2.000000,0.351338
-0.513714,1.000000,2.000000,0.356764
-0.512613,1.000000,2.000000,0.362286
-0.511512,1.000000,2.000000,0.367904
-0.510410,1.000000,2.000000,0.373620
-0.509309,1.000000,2.000000,0.379435
-0.508208,1.000000,2.000000,0.385349
-0.507107,1.000000,2.000000,0.391363
-0.506006,1.000000,2.000000,0.397478
-0.504905,1.000000,2.000000,0.403695
-0.503804,1.000000,2.000000,0.410015
-0.502703,1.000000,2.000000,0.416436
-0.501602,1.000000,2.000000,0.422961
-0.500501,1.000000,2.000000,0.429588
-0.499399,1.000000,2.000000,0.436319
-0.498298,1.000000,2.000000,0.443151
-0.497197,1.000000,2.000000,0.450086
-0.496096,1.000000,2.000000,0.457123
-0.494995,1.000000,2.000000,0.464261
-0.493894,1.000000,2.000000,0.471498
-0.492793,1.000000,2.000000,0.478833
-0.491692,1.000000,2.000000,0.486266
-0.490591,1.000000,2.000000,0.493793
-0.489489,1.000000,2.000000,0.501413
-0.488388,1.000000,2.000000,0.509124
-0.487287,1.000000,2.000000,0.516922
-0.486186,1.000000,2.000000,0.524805
-0.485085,1.000000,2.000000,0.532770
-0.483984,1.000000,2.000000,0.540811
-0.482883,1.000000,2.000000,0.548928
-0.481782,1.000000,2.000000,0.557113
-0.480681,1.000000,2.000000,0.565363
-0.479580,1.000000,2.000000,0.573672
-0.478478,1.000000,2.000000,0.582035
-0.477377,1.000000,2.000000,0.590446
-0.476276,1.000000,2.000000,0.598900
-0.475175,1.000000,2.000000,0.607388
-0.474074,1.000000,2.000000,0.615904
-0.472973,1.000000,2.000000,0.624442
-0.471872,1.000000,2.000000,0.632993
-0.470771,1.000000,2.000000,0.641549
-0.469670,1.000000,2.000000,0.650101
-0.468569,1.000000,2.000000,0.658642
-0.467467,1.000000,2.000000,0.667162
-0.466366,1.000000,2.000000,0.675650
-0.465265,1.000000,2.000000,0.684098
-0.464164,1.000000,2.000000,0.692495
-0.463063,1.000000,2.000000,0.700832
-0.461962,1.000000,2.000000,0.709098
-0.460861,1.000000,2.000000,0.717280
-0.459760,1.000000,2.000000,0.725370
-0.458659,1.000000,2.000000,0.733355
-0.457558,1.000000,2.000000,0.741224
-0.456456,1.000000,2.000000,0.748964
-0.455355,1.000000,2.000000,0.756566
-0.454254,1.000000,2.000000,0.764017
-0.453153,1.000000,2.000000,0.771304
-0.452052,1.000000,2.000000,0.778416
-0.450951,1.000000,2.000000,0.785342
-0.449850,1.000000,2.000000,0.792068
-0.448749,1.000000,2.000000,0.798584
-0.447648,1.000000,2.000000,0.804877
-0.446547,1.000000,2.000000,0.810936
-0.445445,1.000000,2.000000,0.816749
-0.444344,1.000000,2.000000,0.822304
-0.443243,1.000000,2.000000,0.827591
-0.442142,1.000000,2.000000,0.832598
-0.441041,1.000000,2.000000,0.837315
-0.439940,1.000000,2.000000,0.841730
-0.438839,1.000000,2.000000,0.845834
-0.437738,1.000000,2.000000,0.849617
-0.436637,1.000000,2.000000,0.853069
-0.435536,1.000000,2.000000,0.856181
-0.434434,1.000000,2.000000,0.858944
-0.433333,1.000000,2.000000,0.861349
-0.432232,1.000000,2.000000,0.863389
-0.431131,1.000000,2.000000,0.865056
-0.430030,1.000000,2.000000,0.866343
-0.428929,1.000000,2.000000,0.867244
-0.427828,1.000000,2.000000,0.867753
-0.426727,1.000000,2.000000,0.867864
-0.425626,1.000000,2.000000,0.867573
-0.424525,1.000000,2.000000,0.866874
-0.423423,1.000000,2.000000,0.865766
-0.422322,1.000000,2.000000,0.864244
-0.421221,1.000000,2.000000,0.862307
-0.420120,1.000000,2.000000,0.859953
-0.419019,1.000000,2.000000,0.857181
-0.417918,1.000000,2.000000,0.853991
-0.416817,1.000000,2.000000,0.850384
-0.415716,1.000000,2.000000,0.846360
-0.414615,1.000000,2.000000,0.841923
-0.413514,1.000000,2.000000,0.837075
-0.412412,1.000000,2.000000,0.831818
-0.411311,1.000000,2.000000,0.826162
-0.410210,1.000000,2.000000,0.820105
-0.409109,1.000000,2.000000,0.813657
-0.408008,1.000000,2.000000,0.806826
-0.406907,1.000000,2.000000,0.799618
-0.405806,1.000000,2.000000,0.792041
-0.404705,1.000000,2.000000,0.784106
-0.403604,1.000000,2.000000,0.775824
-0.402503,1.000000,2.000000,0.767204
-0.401401,1.000000,2.000000,0.758256
-0.400300,1.000000,2.000000,0.748998
-0.399199,1.000000,2.000000,0.739438
-0.398098,1.000000,2.000000,0.729595
-0.396997,1.000000,2.000000,0.719478
-0.395896,1.000000,2.000000,0.709108
-0.394795,1.000000,2.000000,0.698497
-0.393694,1.000000,2.000000,0.687663
-0.392593,1.000000,2.000000,0.676622
-0.391491,1.000000,2.000000,0.665393
-0.390390,1.000000,2.000000,0.653994
-0.389289,1.000000,2.000000,0.642441
-0.388188,1.000000,2.000000,0.630754
-0.387087,1.000000,2.000000,0.618953
-0.385986,1.000000,2.000000,0.607055
-0.384885,1.000000,2.000000,0.595080
-0.383784,1.000000,2.000000,0.583046
-0.382683,1.000000,2.000000,0.570974
-0.381582,1.000000,2.000000,0.558882
-0.380480,1.000000,2.000000,0.546788
-0.379379,1.000000,2.000000,0.534712
-0.378278,1.000000,2.000000,0.522670
-0.377177,1.000000,2.000000,0.510683
-0.376076,1.000000,2.000000,0.498766
-0.374975,1.000000,2.000000,0.486934
-0.373874,1.000000,2.000000,0.475208
-0.372773,1.000000,2.000000,0.463601
-0.371672,1.000000,2.000000,0.452126
-0.370571,1.000000,2.000000,0.440800
-0.369469,1.000000,2.000000,0.429635
-0.368368,1.000000,2.000000,0.418645
-0.367267,1.000000,2.000000,0.407839
-0.366166,1.000000,2.000000,0.397230
-0.365065,1.000000,2.000000,0.386827
-0.363964,1.000000,2.000000,0.376638
-0.362863,1.000000,2.000000,0.366673
-0.361762,1.000000,2.000000,0.356938
-0.360661,1.000000,2.000000,0.347437
-0.359560,1.000000,2.000000,0.338179
-0.358458,1.000000,2.000000,0.329166
-0.357357,1.000000,2.000000,0.320401
-0.356256,1.000000,2.000000,0.311888
-0.355155,1.000000,2.000000,0.303628
-0.354054,1.000000,2.000000,0.295622
-0.352953,1.000000,2.000000,0.287869
-0.351852,1.000000,2.000000,0.280370
-0.350751,1.000000,2.000000,0.273123
-0.349650,1.000000,2.000000,0.266126
-0.348549,1.000000,2.000000,0.259376
-0.347447,1.000000,2.000000,0.252871
-0.346346,1.000000,2.000000,0.246606
-0.345245,1.000000,2.000000,0.240578
-0.344144,1.000000,2.000000,0.234783
-0.343043,1.000000,2.000000,0.229214
-0.341942,1.000000,2.000000,0.223869
-0.340841,1.000000,2.000000,0.218740
-0.339740,1.000000,2.000000,0.213822
-0.338639,1.000000,2.000000,0.209111
-0.337538,1.000000,2.000000,0.204598
-0.336436,1.000000,2.000000,0.200279
-0.335335,1.000000,2.000000,0.196148
-0.334234,1.000000,2.000000,0.192198
-0.333133,1.000000,2.000000,0.188423
-0.332032,1.000000,2.000000,0.184817
-0.330931,1.000000,2.000000,0.181373
-0.329830,1.000000,2.000000,0.178086
-0.328729,1.000000,2.000000,0.174949
-0.327628,1.000000,2.000000,0.171957
-0.326527,1.000000,2.000000,0.169104
-0.325425,1.000000,2.000000,0.166384
-0.324324,1.000000,2.000000,0.163790
-0.323223,1.000000,2.000000,0.161320
-0.322122,1.000000,2.000000,0.158965
-0.321021,1.000000,2.000000,0.156723
-0.319920,1.000000,2.000000,0.154586
-0.318819,1.000000,2.000000,0.152552
-0.317718,1.000000,2.000000,0.150615
-0.316617,1.000000,2.000000,0.148770
-0.315516,1.000000,2.000000,0.147013
-0.314414,1.000000,2.000000,0.145341
-0.313313,1.000000,2.000000,0.143749
-0.312212,1.000000,2.000000,0.142233
-0.311111,1.000000,2.000000,0.140789
-0.310010,1.000000,2.000000,0.139415
-0.308909,1.000000,2.000000,0.138106
-0.307808,1.000000,2.000000,0.136860
-0.306707,1.000000,2.000000,0.135674
-0.305606,1.000000,2.000000,0.134544
-0.304505,1.000000,2.000000,0.133467
-0.303403,1.000000,2.000000,0.132442
-0.302302,1.000000,2.000000,0.131465
-0.301201,1.000000,2.000000,0.130534
-0.300100,1.000000,2.000000,0.129647
-0.298999,1.000000,2.000000,0.128801
-0.297898,1.000000,2.000000,0.127995
-0.296797,1.000000,2.000000,0.127227
-0.295696,1.000000,2.000000,0.126494
-0.294595,1.000000,2.000000,0.125795
-0.293493,1.000000,2.000000,0.125129
-0.292392,1.000000,2.000000,0.124493
-0.291291,1.000000,2.000000,0.123885
-0.290190,1.000000,2.000000,0.123306
-0.289089,1.000000,2.000000,0.122753
-0.287988,1.000000,2.000000,0.122225
-0.286887,1.000000,2.000000,0.121720
-0.285786,1.000000,2.000000,0.121238
-0.284685,1.000000,2.000000,0.120778
-0.283584,1.000000,2.000000,0.120338
-0.282482,1.000000,2.000000,0.119917
-0.281381,1.000000,2.000000,0.119515
-0.280280,1.000000,2.000000,0.119130
-0.279179,1.000000,2.000000,0.118762
-0.278078,1.000000,2.000000,0.118409
-0.276977,1.000000,2.000000,0.118072
-0.275876,1.000000,2.000000,0.117750
-0.274775,1.000000,2.000000,0.117441
-0.273674,1.000000,2.000000,0.117145
-0.272573,1.000000,2.000000,0.116861
-0.271471,1.000000,2.000000,0.116589
-0.270370,1.000000,2.000000,0.116329
-0.269269,1.000000,2.000000,0.116079
-0.268168,1.000000,2.000000,0.115840
-0.267067,1.000000,2.000000,0.115610
-0.265966,1.000000,2.000000,0.115390
-0.264865,1.000000,2.000000,0.115179
-0.263764,1.000000,2.000000,0.114976
-0.262663,1.000000,2.000000,0.114782
-0.261562,1.000000,2.000000,0.114594
-0.260460,1.000000,2.000000,0.114415
-0.259359,1.000000,2.000000,0.114242
-0.258258,1.000000,2.000000,0.114076
-0.257157,1.000000,2.000000,0.113917
-0.256056,1.000000,2.000000,0.113764
-0.254955,1.000000,2.000000,0.113617
-0.253854,1.000000,2.000000,0.113475
-0.252753,1.000000,2.000000,0.113339
-0.251652,1.000000,2.000000,0.113208
-0.250551,1.000000,2.000000,0.113081
-0.249449,1.000000,2.000000,0.112960
-0.248348,1.000000,2.000000,0.112843
-0.247247,1.000000,2.000000,0.112730
-0.246146,1.000000,2.000000,0.112622
-0.245045,1.000000,2.000000,0.112518
-0.243944,1.000000,2.000000,0.112417
-0.242843,1.000000,2.000000,0.112320
-0.241742,1.000000,2.000000,0.112226
-0.240641,1.000000,2.000000,0.112136
-0.239540,1.000000,2.000000,0.112049
-0.238438,1.000000,2.000000,0.111965
-0.237337,1.000000,2.000000,0.111885
-0.236236,1.000000,2.000000,0.111806
-0.235135,1.000000,2.000000,0.111731
-0.234034,1.000000,2.000000,0.111658
-0.232933,1.000000,2.000000,0.111588
-0.231832,1.000000,2.000000,0.111521
-0.230731,1.000000,2.000000,0.111455
-0.229630,1.000000,2.000000,0.111392
-0.228529,1.000000,2.000000,0.111331
-0.227427,1.000000,2.000000,0.111272
-0.226326,1.000000,2.000000,0.111215
-0.225225,1.000000,2.000000,0.111160
-0.224124,1.000000,2.000000,0.111107
-0.223023,1.000000,2.000000,0.111056
-0.221922,1.000000,2.000000,0.111006
-0.220821,1.000000,2.000000,0.110958
-0.219720,1.000000,2.000000,0.110911
-0.218619,1.000000,2.000000,0.110867
-0.217518,1.000000,2.000000,0.110823
-0.216416,1.000000,2.000000,0.110781
-0.215315,1.000000,2.000000,0.110741
-0.214214,1.000000,2.000000,0.110701
-0.213113,1.000000,2.000000,0.110663
-0.212012,1.000000,2.000000,0.110626
-0.210911,1.000000,2.000000,0.110591
-0.209810,1.000000,2.000000,0.110556
-0.208709,1.000000,2.000000,0.110523
-0.207608,1.000000,2.000000,0.110491
-0.206507,1.000000,2.000000,0.110459
-0.205405,1.000000,2.000000,0.110429
-0.204304,1.000000,2.000000,0.110400
-0.203203,1.000000,2.000000,0.110371
-0.202102,1.000000,2.000000,0.110344
-0.201001,1.000000,2.000000,0.110317
-0.199900,1.000000,2.000000,0.110291
-0.198799,1.000000,2.000000,0.110266
-0.197698,1.000000,2.000000,0.110242
-0.196597,1.000000,2.000000,0.110219
-0.195495,1.000000,2.000000,0.110196
-0.194394,1.000000,2.000000,0.110174
-0.193293,1.000000,2.000000,0.110153
-0.192192,1.000000,2.000000,0.110132
-0.191091,1.000000,2.000000,0.110112
-0.189990,1.000000,2.000000,0.110093
-0.188889,1.000000,2.000000,0.110074
-0.187788,1.000000,2.000000,0.110056
-0.186687,1.000000,2.000000,0.110038
-0.185586,1.000000,2.000000,0.110021
-0.184484,1.000000,2.000000,0.110005
-0.183383,1.000000,2.000000,0.109989
-0.182282,1.000000,2.000000,0.109973
-0.181181,1.000000,2.000000,0.109958
-0.180080,1.000000,2.000000,0.109944
-0.178979,1.000000,2.000000,0.109930
-0.177878,1.000000,2.000000,0.109916
-0.176777,1.000000,2.000000,0.109902
-0.175676,1.000000,2.000000,0.109890
-0.174575,1.000000,2.000000,0.109877
-0.173473,1.000000,2.000000,0.109866
-0.172372,1.000000,2.000000,0.109854
-0.171271,1.000000,2.000000,0.109843
-0.170170,1.000000,2.000000,0.109832
-0.169069,1.000000,2.000000,0.109821
-0.167968,1.000000,2.000000,0.109811
-0.166867,1.000000,2.000000,0.109801
-0.165766,1.000000,2.000000,0.109792
-0.164665,1.000000,2.000000,0.109782
-0.163564,1.000000,2.000000,0.109773
-0.162462,1.000000,2.000000,0.109764
-0.161361,1.000000,2.000000,0.109756
-0.160260,1.000000,2.000000,0.109748
-0.159159,1.000000,2.000000,0.109740
-0.158058,1.000000,2.000000,0.109732
-0.156957,1.000000,2.000000,0.109725
-0.155856,1.000000,2.000000,0.109718
-0.154755,1.000000,2.000000,0.109711
-0.153654,1.000000,2.000000,0.109704
-0.152553,1.000000,2.000000,0.109698
-0.151451,1.000000,2.000000,0.109692
-0.150350,1.000000,2.000000,0.109686
-0.149249,1.000000,2.000000,0.109680
-0.148148,1.000000,2.000000,0.109675
-0.147047,1.000000,2.000000,0.109669
-0.145946,1.000000,2.000000,0.109664
-0.144845,1.000000,2.000000,0.109659
-0.143744,1.000000,2.000000,0.109654
-0.142643,1.000000,2.000000,0.109650
-0.141542,1.000000,2.000000,0.109645
-0.140440,1.000000,2.000000,0.109641
-0.139339,1.000000,2.000000,0.109637
-0.138238,1.000000,2.000000,0.109633
-0.137137,1.000000,2.000000,0.109629
-0.136036,1.000000,2.000000,0.109625
-0.134935,1.000000,2.000000,0.109622
-0.133834,1.000000,2.000000,0.109618
-0.132733,1.000000,2.000000,0.109615
-0.131632,1.000000,2.000000,0.109612
-0.130531,1.000000,2.000000,0.109609
-0.129429,1.000000,2.000000,0.109606
-0.128328,1.000000,2.000000,0.109604
-0.127227,1.000000,2.000000,0.109601
-0.126126,1.000000,2.000000,0.109598
-0.125025,1.000000,2.000000,0.109596
-0.123924,1.000000,2.000000,0.109594
-0.122823,1.000000,2.000000,0.109591
-0.121722,1.000000,2.000000,0.109589
-0.120621,1.000000,2.000000,0.109587
-0.119520,1.000000,2.000000,0.109586
-0.118418,1.000000,2.000000,0.109584
-0.117317,1.000000,2.000000,0.109582
-0.116216,1.000000,2.000000,0.109580
-0.115115,1.000000,2.000000,0.109579
-0.114014,1.000000,2.000000,0.109577
-0.112913,1.000000,2.000000,0.109576
-0.111812,1.000000,2.000000,0.109575
-0.110711,1.000000,2.000000,0.109574
-0.109610,1.000000,2.000000,0.109573
-0.108509,1.000000,2.000000,0.109571
-0.107407,1.000000,2.000000,0.109571
-0.106306,1.000000,2.000000,0.109570
-0.105205,1.000000,2.000000,0.109569
-0.104104,1.000000,2.000000,0.109568
-0.103003,1.000000,2.000000,0.109567
-0.101902,1.000000,2.000000,0.109567
-0.100801,1.000000,2.000000,0.109566
-0.099700,1.000000,2.000000,0.109566
-0.098599,1.000000,2.000000,0.109565
-0.097497,1.000000,2.000000,0.109565
-0.096396,1.000000,2.000000,0.109565
-0.095295,1.000000,2.000000,0.109565
-0.094194,1.000000,2.000000,0.109564
-0.093093,1.000000,2.000000,0.109564
-0.091992,1.000000,2.000000,0.109564
-0.090891,1.000000,2.000000,0.109564
-0.089790,1.000000,2.000000,0.109564
-0.088689,1.000000,2.000000,0.109564
-0.087588,1.000000,2.000000,0.109564
-0.086486,1.000000,2.000000,0.109564
-0.085385,1.000000,2.000000,0.109564
-0.084284,1.000000,2.000000,0.109565
-0.083183,1.000000,2.000000,0.109565
-0.082082,1.000000,2.000000,0.109565
-0.080981,1.000000,2.000000,0.109566
-0.079880,1.000000,2.000000,0.109566
-0.078779,1.000000,2.000000,0.109566
-0.077678,1.000000,2.000000,0.109567
-0.076577,1.000000,2.000000,0.109567
-0.075475,1.000000,2.000000,0.109568
-0.074374,1.000000,2.000000,0.109569
-0.073273,1.000000,2.000000,0.109569
-0.072172,1.000000,2.000000,0.109570
-0.071071,1.000000,2.000000,0.109570
-0.069970,1.000000,2.000000,0.109571
-0.068869,1.000000,2.000000,0.109572
-0.067768,1.000000,2.000000,0.109573
-0.066667,1.000000,2.000000,0.109573
-0.065566,1.000000,2.000000,0.109574
-0.064464,1.000000,2.000000,0.109575
-0.063363,1.000000,2.000000,0.109576
-0.062262,1.000000,2.000000,0.109577
-0.061161,1.000000,2.000000,0.109578
-0.060060,1.000000,2.000000,0.109579
-0.058959,1.000000,2.000000,0.109580
-0.057858,1.000000,2.000000,0.109581
-0.056757,1.000000,2.000000,0.109582
-0.055656,1.000000,2.000000,0.109583
-0.054555,1.000000,2.000000,0.109584
-0.053453,1.000000,2.000000,0.109585
-0.052352,1.000000,2.000000,0.109586
-0.051251,1.000000,2.000000,0.109587
-0.050150,1.000000,2.000000,0.109588
-0.049049,1.000000,2.000000,0.109590
-0.047948,1.000000,2.000000,0.109591
-0.046847,1.000000,2.000000,0.109592
-0.045746,1.000000,2.000000,0.109593
-0.044645,1.000000,2.000000,0.109594
-0.043544,1.000000,2.000000,0.109596
-0.042442,1.000000,2.000000,0.109597
-0.041341,1.000000,2.000000,0.109598
-0.040240,1.000000,2.000000,0.109600
-0.039139,1.000000,2.000000,0.109601
-0.038038,1.000000,2.000000,0.109602
-0.036937,1.000000,2.000000,0.109604
-0.035836,1.000000,2.000000,0.109605
-0.034735,1.000000,2.000000,0.109607
-0.033634,1.000000,2.000000,0.109608
-0.032533,1.000000,2.000000,0.109610
-0.031431,1.000000,2.000000,0.109611
-0.030330,1.000000,2.000000,0.109612
-0.029229,1.000000,2.000000,0.109614
-0.028128,1.000000,2.000000,0.109616
-0.027027,1.000000,2.000000,0.109617
-0.025926,1.000000,2.000000,0.109619
-0.024825,1.000000,2.000000,0.109620
-0.023724,1.000000,2.000000,0.109622
-0.022623,1.000000,2.000000,0.109623
-0.021522,1.000000,2.000000,0.109625
-0.020420,1.000000,2.000000,0.109627
-0.019319,1.000000,2.000000,0.109628
-0.018218,1.000000,2.000000,0.109630
-0.017117,1.000000,2.000000,0.109631
-0.016016,1.000000,2.000000,0.109633
-0.014915,1.000000,2.000000,0.109635
-0.013814,1.000000,2.000000,0.109637
-0.012713,1.000000,2.000000,0.109638
-0.011612,1.000000,2.000000,0.109640
-0.010511,1.000000,2.000000,0.109642
-0.009409,1.000000,2.000000,0.109643
-0.008308,1.000000,2.000000,0.109645
-0.007207,1.000000,2.000000,0.109647
-0.006106,1.000000,2.000000,0.109648
-0.005005,1.000000,2.000000,0.109650
-0.003904,1.000000,2.000000,0.109652
-0.002803,1.000000,2.000000,0.109654
-0.001702,1.000000,2.000000,0.109656
-0.000601,1.000000,2.000000,0.109658
0.000501,1.000000,2.000000,0.109659
0.001602,1.000000,2.000000,0.109661
0.002703,1.000000,2.000000,0.109663
0.003804,1.000000,2.000000,0.109665
0.004905,1.000000,2.000000,0.109667
0.006006,1.000000,2.000000,0.109669
0.007107,1.000000,2.000000,0.109671
0.008208,1.000000,2.000000,0.109673
0.009309,1.000000,2.000000,0.109675
0.010410,1.000000,2.000000,0.109677
0.011512,1.000000,2.000000,0.109679
0.012613,1.000000,2.000000,0.109681
0.013714,1.000000,2.000000,0.109683
0.014815,1.000000,2.000000,0.109685
0.015916,1.000000,2.000000,0.109687
0.017017,1.000000,2.000000,0.109689
0.018118,1.000000,2.000000,0.109691
0.019219,1.000000,2.000000,0.109693
0.020320,1.000000,2.000000,0.109695
0.021421,1.000000,2.000000,0.109697
0.022523,1.000000,2.000000,0.109699
0.023624,1.000000,2.000000,0.109701
0.024725,1.000000,2.000000,0.109703
0.025826,1.000000,2.000000,0.109705
0.026927,1.000000,2.000000,0.109707
0.028028,1.000000,2.000000,0.109710
0.029129,1.000000,2.000000,0.109712
0.030230,1.000000,2.000000,0.109714
0.031331,1.000000,2.000000,0.109716
0.032432,1.000000,2.000000,0.109718
0.033534,1.000000,2.000000,0.109721
0.034635,1.000000,2.000000,0.109723
0.035736,1.000000,2.000000,0.109725
0.036837,1.000000,2.000000,0.109727
0.037938,1.000000,2.000000,0.109730
0.039039,1.000000,2.000000,0.109732
0.040140,1.000000,2.000000,0.109734
0.041241,1.000000,2.000000,0.109737
0.042342,1.000000,2.000000,0.109739
0.043443,1.000000,2.000000,0.109741
0.044545,1.000000,2.000000,0.109743
0.045646,1.000000,2.000000,0.109746
0.046747,1.000000,2.000000,0.109748
0.047848,1.000000,2.000000,0.109750
0.048949,1.000000,2.000000,0.109753
0.050050,1.000000,2.000000,0.109755
0.051151,1.000000,2.000000,0.109758
0.052252,1.000000,2.000000,0.109760
0.053353,1.000000,2.000000,0.109763
0.054454,1.000000,2.000000,0.109765
0.055556,1.000000,2.000000,0.109768
0.056657,1.000000,2.000000,0.109770
0.057758,1.000000,2.000000,0.109772
0.058859,1.000000,2.000000,0.109775
0.059960,1.000000,2.000000,0.109778
0.061061,1.000000,2.000000,0.109780
0.062162,1.000000,2.000000,0.109783
0.063263,1.000000,2.000000,0.109785
0.064364,1.000000,2.000000,0.109788
0.065465,1.000000,2.000000,0.109790
0.066567,1.000000,2.000000,0.109793
0.067668,1.000000,2.000000,0.109796
0.068769,1.000000,2.000000,0.109799
0.069870,1.000000,2.000000,0.109801
0.070971,1.000000,2.000000,0.109804
0.072072,1.000000,2.000000,0.109807
0.073173,1.000000,2.000000,0.109809
0.074274,1.000000,2.000000,0.109812
0.075375,1.000000,2.000000,0.109815
0.076476,1.000000,2.000000,0.109818
0.077578,1.000000,2.000000,0.109820
0.078679,1.000000,2.000000,0.109823
0.079780,1.000000,2.000000,0.109826
0.080881,1.000000,2.000000,0.109829
0.081982,1.000000,2.000000,0.109832
0.083083,1.000000,2.000000,0.109835
0.084184,1.000000,2.000000,0.109838
0.085285,1.000000,2.000000,0.109840
0.086386,1.000000,2.000000,0.109843
0.087487,1.000000,2.000000,0.109846
0.088589,1.000000,2.000000,0.109849
0.089690,1.000000,2.000000,0.109852
0.090791,1.000000,2.000000,0.109855
0.091892,1.000000,2.000000,0.109858
0.092993,1.000000,2.000000,0.109861
0.094094,1.000000,2.000000,0.109864
0.095195,1.000000,2.000000,0.109868
0.096296,1.000000,2.000000,0.109871
0.097397,1.000000,2.000000,0.109874
0.098498,1.000000,2.000000,0.109877
0.099600,1.000000,2.000000,0.109880
0.100701,1.000000,2.000000,0.109883
0.101802,1.000000,2.000000,0.109886
0.102903,1.000000,2.000000,0.109890
0.104004,1.000000,2.000000,0.109893
0.105105,1.000000,2.000000,0.109896
0.106206,1.000000,2.000000,0.109899
0.107307,1.000000,2.000000,0.109903
0.108408,1.000000,2.000000,0.109906
0.109510,1.000000,2.000000,0.109909
0.110611,1.000000,2.000000,0.109913
0.111712,1.000000,2.000000,0.109916
0.112813,1.000000,2.000000,0.109920
0.113914,1.000000,2.000000,0.109923
0.115015,1.000000,2.000000,0.109927
0.116116,1.000000,2.000000,0.109930
0.117217,1.000000,2.000000,0.109934
0.118318,1.000000,2.000000,0.109937
0.119419,1.000000,2.000000,0.109941
0.120521,1.000000,2.000000,0.109944
0.121622,1.000000,2.000000,0.109948
0.122723,1.000000,2.000000,0.109952
0.123824,1.000000,2.000000,0.109955
0.124925,1.000000,2.000000,0.109959
0.126026,1.000000,2.000000,0.109963
0.127127,1.000000,2.000000,0.109966
0.128228,1.000000,2.000000,0.109970
0.129329,1.000000,2.000000,0.109974
0.130430,1.000000,2.000000,0.109978
0.131532,1.000000,2.000000,0.109982
0.132633,1.000000,2.000000,0.109986
0.133734,1.000000,2.000000,0.109990
0.134835,1.000000,2.000000,0.109993
0.135936,1.000000,2.000000,0.109997
0.137037,1.000000,2.000000,0.110001
0.138138,1.000000,2.000000,0.110005
0.139239,1.000000,2.000000,0.110009
0.140340,1.000000,2.000000,0.110013
0.141441,1.000000,2.000000,0.110018
0.142543,1.000000,2.000000,0.110022
0.143644,1.000000,2.000000,0.110026
0.144745,1.000000,2.000000,0.110030
0.145846,1.000000,2.000000,0.110034
0.146947,1.000000,2.000000,0.110038
0.148048,1.000000,2.000000,0.110043
0.149149,1.000000,2.000000,0.110047
0.150250,1.000000,2.000000,0.110051
0.151351,1.000000,2.000000,0.110056
0.152452,1.000000,2.000000,0.110060
0.153554,1.000000,2.000000,0.110065
0.154655,1.000000,2.000000,0.110069
0.155756,1.000000,2.000000,0.110073
0.156857,1.000000,2.000000,0.110078
0.157958,1.000000,2.000000,0.110082
0.159059,1.000000,2.000000,0.110087
0.160160,1.000000,2.000000,0.110092
0.161261,1.000000,2.000000,0.110096
0.162362,1.000000,2.000000,0.110101
0.163463,1.000000,2.000000,0.110106
0.164565,1.000000,2.000000,0.110111
0.165666,1.000000,2.000000,0.110115
0.166767,1.000000,2.000000,0.110120
0.167868,1.000000,2.000000,0.110125
0.168969,1.000000,2.000000,0.110130
0.170070,1.000000,2.000000,0.110135
0.171171,1.000000,2.000000,0.110140
0.172272,1.000000,2.000000,0.110145
0.173373,1.000000,2.000000,0.110150
0.174474,1.000000,2.000000,0.110155
0.175576,1.000000,2.000000,0.110160
0.176677,1.000000,2.000000,0.110165
0.177778,1.000000,2.000000,0.110171
0.178879,1.000000,2.000000,0.110176
0.179980,1.000000,2.000000,0.110181
0.181081,1.000000,2.000000,0.110187
0.182182,1.000000,2.000000,0.110192
0.183283,1.000000,2.000000,0.110197
0.184384,1.000000,2.000000,0.110203
0.185485,1.000000,2.000000,0.110208
0.186587,1.000000,2.000000,0.110214
0.187688,1.000000,2.000000,0.110219
0.188789,1.000000,2.000000,0.110225
0.189890,1.000000,2.000000,0.110231
0.190991,1.000000,2.000000,0.110236
0.192092,1.000000,2.000000,0.110242
0.193193,1.000000,2.000000,0.110248
0.194294,1.000000,2.000000,0.110254
0.195395,1.000000,2.000000,0.110260
0.196496,1.000000,2.000000,0.110266
0.197598,1.000000,2.000000,0.110271
0.198699,1.000000,2.000000,0.110277
0.199800,1.000000,2.000000,0.110283
0.200901,1.000000,2.000000,0.110290
0.202002,1.000000,2.000000,0.110296
0.203103,1.000000,2.000000,0.110302
0.204204,1.000000,2.000000,0.110308
0.205305,1.000000,2.000000,0.110314
0.206406,1.000000,2.000000,0.110321
0.207508,1.000000,2.000000,0.110327
0.208609,1.000000,2.000000,0.110334
0.209710,1.000000,2.000000,0.110340
0.210811,1.000000,2.000000,0.110346
0.211912,1.000000,2.000000,0.110353
0.213013,1.000000,2.000000,0.110360
0.214114,1.000000,2.000000,0.110367
0.215215,1.000000,2.000000,0.110373
0.216316,1.000000,2.000000,0.110380
0.217417,1.000000,2.000000,0.110387
0.218519,1.000000,2.000000,0.110394
0.219620,1.000000,2.000000,0.110401
0.220721,1.000000,2.000000,0.110408
0.221822,1.000000,2.000000,0.110415
0.222923,1.000000,2.000000,0.110422
0.224024,1.000000,2.000000,0.110429
0.225125,1.000000,2.000000,0.110437
0.226226,1.000000,2.000000,0.110444
0.227327,1.000000,2.000000,0.110451
0.228428,1.000000,2.000000,0.110459
0.229530,1.000000,2.000000,0.110466
0.230631,1.000000,2.000000,0.110474
0.231732,1.000000,2.000000,0.110481
0.232833,1.000000,2.000000,0.110489
0.233934,1.000000,2.000000,0.110497
0.235035,1.000000,2.000000,0.110504
0.236136,1.000000,2.000000,0.110512
0.237237,1.000000,2.000000,0.110520
0.238338,1.000000,2.000000,0.110528
0.239439,1.000000,2.000000,0.110536
0.240541,1.000000,2.000000,0.110544
0.241642,1.000000,2.000000,0.110552
0.242743,1.000000,2.000000,0.110561
0.243844,1.000000,2.000000,0.110569
0.244945,1.000000,2.000000,0.110577
0.246046,1.000000,2.000000,0.110586
0.247147,1.000000,2.000000,0.110594
0.248248,1.000000,2.000000,0.110603
0.249349,1.000000,2.000000,0.110612
0.250450,1.000000,2.000000,0.110620
0.251552,1.000000,2.000000,0.110629
0.252653,1.000000,2.000000,0.110638
0.253754,1.000000,2.000000,0.110647
0.254855,1.000000,2.000000,0.110656
0.255956,1.000000,2.000000,0.110665
0.257057,1.000000,2.000000,0.110674
0.258158,1.000000,2.000000,0.110683
0.259259,1.000000,2.000000,0.110693
0.260360,1.000000,2.000000,0.110702
0.261461,1.000000,2.000000,0.110711
0.262563,1.000000,2.000000,0.110721
0.263664,1.000000,2.000000,0.110731
0.264765,1.000000,2.000000,0.110740
0.265866,1.000000,2.000000,0.110750
0.266967,1.000000,2.000000,0.110760
0.268068,1.000000,2.000000,0.110770
0.269169,1.000000,2.000000,0.110780
0.270270,1.000000,2.000000,0.110790
0.271371,1.000000,2.000000,0.110800
0.272472,1.000000,2.000000,0.110810
0.273574,1.000000,2.000000,0.110821
0.274675,1.000000,2.000000,0.110831
0.275776,1.000000,2.000000,0.110842
0.276877,1.000000,2.000000,0.110852
0.277978,1.000000,2.000000,0.110863
0.279079,1.000000,2.000000,0.110874
0.280180,1.000000,2.000000,0.110885
0.281281,1.000000,2.000000,0.110896
0.282382,1.000000,2.000000,0.110907
0.283483,1.000000,2.000000,0.110918
0.284585,1.000000,2.000000,0.110929
0.285686,1.000000,2.000000,0.110940
0.286787,1.000000,2.000000,0.110952
0.287888,1.000000,2.000000,0.110963
0.288989,1.000000,2.000000,0.110975
0.290090,1.000000,2.000000,0.110987
0.291191,1.000000,2.000000,0.110999
0.292292,1.000000,2.000000,0.111010
0.293393,1.000000,2.000000,0.111022
0.294494,1.000000,2.000000,0.111035
0.295596,1.000000,2.000000,0.111047
0.296697,1.000000,2.000000,0.111059
0.297798,1.000000,2.000000,0.111071
0.298899,1.000000,2.000000,0.111084
0.300000,1.000000,2.000000,0.111097
