-0.300000,11.231818
-0.299690,11.233140
-0.299380,11.234466
-0.299070,11.235794
-0.298760,11.237126
-0.298450,11.238461
-0.298140,11.239800
-0.297831,11.241141
-0.297521,11.242488
-0.297211,11.243836
-0.296901,11.245191
-0.296591,11.246548
-0.296281,11.247907
-0.295971,11.249269
-0.295661,11.250635
-0.295351,11.252007
-0.295041,11.253381
-0.294731,11.254756
-0.294421,11.256138
-0.294111,11.257524
-0.293801,11.258909
-0.293492,11.260303
-0.293182,11.261698
-0.292872,11.263098
-0.292562,11.264500
-0.292252,11.265907
-0.291942,11.267317
-0.291632,11.268730
-0.291322,11.270147
-0.291012,11.271569
-0.290702,11.272992
-0.290392,11.274418
-0.290082,11.275852
-0.289772,11.277288
-0.289462,11.278728
-0.289153,11.280171
-0.288843,11.281618
-0.288533,11.283068
-0.288223,11.284524
-0.287913,11.285982
-0.287603,11.287445
-0.287293,11.288911
-0.286983,11.290380
-0.286673,11.291853
-0.286363,11.293330
-0.286053,11.294812
-0.285743,11.296298
-0.285433,11.297787
-0.285124,11.299278
-0.284814,11.300776
-0.284504,11.302278
-0.284194,11.303782
-0.283884,11.305289
-0.283574,11.306802
-0.283264,11.308317
-0.282954,11.309836
-0.282644,11.311362
-0.282334,11.312891
-0.282024,11.314424
-0.281714,11.315960
-0.281404,11.317500
-0.281094,11.319044
-0.280785,11.320595
-0.280475,11.322145
-0.280165,11.323702
-0.279855,11.325263
-0.279545,11.326826
-0.279235,11.328394
-0.278925,11.329968
-0.278615,11.331544
-0.278305,11.333125
-0.277995,11.334712
-0.277685,11.336301
-0.277375,11.337894
-0.277065,11.339492
-0.276755,11.341094
-0.276446,11.342702
-0.276136,11.344310
-0.275826,11.345925
-0.275516,11.347544
-0.275206,11.349167
-0.274896,11.350795
-0.274586,11.352425
-0.274276,11.354060
-0.273966,11.355700
-0.273656,11.357347
-0.273346,11.358994
-0.273036,11.360646
-0.272726,11.362305
-0.272416,11.363966
-0.272107,11.365632
-0.271797,11.367302
-0.271487,11.368976
-0.271177,11.370657
-0.270867,11.372340
-0.270557,11.374027
-0.270247,11.375722
-0.269937,11.377416
-0.269627,11.379119
-0.269317,11.380826
-0.269007,11.382536
-0.268697,11.384251
-0.268387,11.385969
-0.268078,11.387694
-0.267768,11.389421
-0.267458,11.391156
-0.267148,11.392892
-0.266838,11.394633
-0.266528,11.396381
-0.266218,11.398133
-0.265908,11.399887
-0.265598,11.401649
-0.265288,11.403414
-0.264978,11.405185
-0.264668,11.406959
-0.264358,11.408738
-0.264048,11.410522
-0.263739,11.412312
-0.263429,11.414105
-0.263119,11.415904
-0.262809,11.417705
-0.262499,11.419513
-0.262189,11.421325
-0.261879,11.423143
-0.261569,11.424964
-0.261259,11.426792
-0.260949,11.428625
-0.260639,11.430459
-0.260329,11.432302
-0.260019,11.434147
-0.259709,11.435999
-0.259400,11.437856
-0.259090,11.439713
-0.258780,11.441580
-0.258470,11.443451
-0.258160,11.445329
-0.257850,11.447208
-0.257540,11.449094
-0.257230,11.450985
-0.256920,11.452881
-0.256610,11.454779
-0.256300,11.456685
-0.255990,11.458596
-0.255680,11.460510
-0.255371,11.462432
-0.255061,11.464357
-0.254751,11.466290
-0.254441,11.468226
-0.254131,11.470168
-0.253821,11.472114
-0.253511,11.474064
-0.253201,11.476022
-0.252891,11.477983
-0.252581,11.479950
-0.252271,11.481923
-0.251961,11.483900
-0.251651,11.485885
-0.251341,11.487872
-0.251032,11.489864
-0.250722,11.491863
-0.250412,11.493870
-0.250102,11.495877
-0.249792,11.497891
-0.249482,11.499911
-0.249172,11.501936
-0.248862,11.503965
-0.248552,11.506004
-0.248242,11.508046
-0.247932,11.510091
-0.247622,11.512143
-0.247312,11.514203
-0.247002,11.516267
-0.246693,11.518335
-0.246383,11.520411
-0.246073,11.522487
-0.245763,11.524573
-0.245453,11.526664
-0.245143,11.528761
-0.244833,11.530863
-0.244523,11.532971
-0.244213,11.535085
-0.243903,11.537203
-0.243593,11.539327
-0.243283,11.541458
-0.242973,11.543593
-0.242664,11.545733
-0.242354,11.547882
-0.242044,11.550035
-0.241734,11.552193
-0.241424,11.554358
-0.241114,11.556526
-0.240804,11.558702
-0.240494,11.560884
-0.240184,11.563073
-0.239874,11.565268
-0.239564,11.567466
-0.239254,11.569671
-0.238944,11.571882
-0.238634,11.574099
-0.238325,11.576324
-0.238015,11.578551
-0.237705,11.580785
-0.237395,11.583026
-0.237085,11.585273
-0.236775,11.587524
-0.236465,11.589783
-0.236155,11.592048
-0.235845,11.594319
-0.235535,11.596597
-0.235225,11.598879
-0.234915,11.601168
-0.234605,11.603463
-0.234295,11.605763
-0.233986,11.608072
-0.233676,11.610386
-0.233366,11.612704
-0.233056,11.615031
-0.232746,11.617363
-0.232436,11.619702
-0.232126,11.622046
-0.231816,11.624396
-0.231506,11.626753
-0.231196,11.629115
-0.230886,11.631487
-0.230576,11.633862
-0.230266,11.636247
-0.229956,11.638635
-0.229647,11.641029
-0.229337,11.643431
-0.229027,11.645839
-0.228717,11.648252
-0.228407,11.650674
-0.228097,11.653101
-0.227787,11.655535
-0.227477,11.657975
-0.227167,11.660422
-0.226857,11.662878
-0.226547,11.665338
-0.226237,11.667804
-0.225927,11.670278
-0.225618,11.672757
-0.225308,11.675246
-0.224998,11.677736
-0.224688,11.680238
-0.224378,11.682744
-0.224068,11.685257
-0.223758,11.687778
-0.223448,11.690305
-0.223138,11.692839
-0.222828,11.695379
-0.222518,11.697927
-0.222208,11.700479
-0.221898,11.703040
-0.221588,11.705608
-0.221279,11.708181
-0.220969,11.710765
-0.220659,11.713352
-0.220349,11.715949
-0.220039,11.718551
-0.219729,11.721161
-0.219419,11.723776
-0.219109,11.726399
-0.218799,11.729032
-0.218489,11.731668
-0.218179,11.734310
-0.217869,11.736965
-0.217559,11.739623
-0.217249,11.742291
-0.216940,11.744961
-0.216630,11.747643
-0.216320,11.750331
-0.216010,11.753025
-0.215700,11.755726
-0.215390,11.758436
-0.215080,11.761151
-0.214770,11.763874
-0.214460,11.766608
-0.214150,11.769345
-0.213840,11.772091
-0.213530,11.774846
-0.213220,11.777605
-0.212911,11.780374
-0.212601,11.783146
-0.212291,11.785932
-0.211981,11.788721
-0.211671,11.791518
-0.211361,11.794324
-0.211051,11.797137
-0.210741,11.799960
-0.210431,11.802786
-0.210121,11.805621
-0.209811,11.808465
-0.209501,11.811316
-0.209191,11.814177
-0.208881,11.817041
-0.208572,11.819916
-0.208262,11.822797
-0.207952,11.825686
-0.207642,11.828585
-0.207332,11.831487
-0.207022,11.834401
-0.206712,11.837323
-0.206402,11.840251
-0.206092,11.843187
-0.205782,11.846131
-0.205472,11.849085
-0.205162,11.852045
-0.204852,11.855012
-0.204542,11.857990
-0.204233,11.860973
-0.203923,11.863964
-0.203613,11.866965
-0.203303,11.869971
-0.202993,11.872990
-0.202683,11.876014
-0.202373,11.879046
-0.202063,11.882088
-0.201753,11.885138
-0.201443,11.888193
-0.201133,11.891260
-0.200823,11.894333
-0.200513,11.897416
-0.200204,11.900508
-0.199894,11.903605
-0.199584,11.906711
-0.199274,11.909827
-0.198964,11.912952
-0.198654,11.916084
-0.198344,11.919223
-0.198034,11.922372
-0.197724,11.925529
-0.197414,11.928698
-0.197104,11.931870
-0.196794,11.935055
-0.196484,11.938246
-0.196174,11.941446
-0.195865,11.944653
-0.195555,11.947874
-0.195245,11.951099
-0.194935,11.954335
-0.194625,11.957577
-0.194315,11.960830
-0.194005,11.964090
-0.193695,11.967362
-0.193385,11.970639
-0.193075,11.973927
-0.192765,11.977222
-0.192455,11.980530
-0.192145,11.983846
-0.191835,11.987167
-0.191526,11.990499
-0.191216,11.993840
-0.190906,11.997191
-0.190596,12.000549
-0.190286,12.003918
-0.189976,12.007297
-0.189666,12.010684
-0.189356,12.014077
-0.189046,12.017481
-0.188736,12.020895
-0.188426,12.024317
-0.188116,12.027751
-0.187806,12.031192
-0.187496,12.034642
-0.187187,12.038102
-0.186877,12.041574
-0.186567,12.045052
-0.186257,12.048538
-0.185947,12.052037
-0.185637,12.055544
-0.185327,12.059061
-0.185017,12.062588
-0.184707,12.066120
-0.184397,12.069667
-0.184087,12.073222
-0.183777,12.076784
-0.183467,12.080359
-0.183158,12.083942
-0.182848,12.087535
-0.182538,12.091140
-0.182228,12.094750
-0.181918,12.098374
-0.181608,12.102006
-0.181298,12.105645
-0.180988,12.109299
-0.180678,12.112960
-0.180368,12.116630
-0.180058,12.120311
-0.179748,12.124001
-0.179438,12.127705
-0.179128,12.131413
-0.178819,12.135135
-0.178509,12.138865
-0.178199,12.142606
-0.177889,12.146357
-0.177579,12.150118
-0.177269,12.153889
-0.176959,12.157670
-0.176649,12.161462
-0.176339,12.165264
-0.176029,12.169076
-0.175719,12.172898
-0.175409,12.176732
-0.175099,12.180575
-0.174789,12.184426
-0.174480,12.188291
-0.174170,12.192164
-0.173860,12.196048
-0.173550,12.199944
-0.173240,12.203849
-0.172930,12.207766
-0.172620,12.211690
-0.172310,12.215627
-0.172000,12.219575
-0.171690,12.223532
-0.171380,12.227502
-0.171070,12.231481
-0.170760,12.235472
-0.170451,12.239473
-0.170141,12.243484
-0.169831,12.247505
-0.169521,12.251538
-0.169211,12.255584
-0.168901,12.259639
-0.168591,12.263705
-0.168281,12.267779
-0.167971,12.271871
-0.167661,12.275967
-0.167351,12.280077
-0.167041,12.284197
-0.166731,12.288330
-0.166421,12.292470
-0.166112,12.296624
-0.165802,12.300790
-0.165492,12.304967
-0.165182,12.309155
-0.164872,12.313353
-0.164562,12.317563
-0.164252,12.321784
-0.163942,12.326017
-0.163632,12.330262
-0.163322,12.334516
-0.163012,12.338783
-0.162702,12.343061
-0.162392,12.347351
-0.162082,12.351650
-0.161773,12.355964
-0.161463,12.360288
-0.161153,12.364625
-0.160843,12.368971
-0.160533,12.373330
-0.160223,12.377701
-0.159913,12.382084
-0.159603,12.386477
-0.159293,12.390883
-0.158983,12.395301
-0.158673,12.399732
-0.158363,12.404171
-0.158053,12.408626
-0.157744,12.413091
-0.157434,12.417567
-0.157124,12.422056
-0.156814,12.426557
-0.156504,12.431070
-0.156194,12.435596
-0.155884,12.440131
-0.155574,12.444682
-0.155264,12.449243
-0.154954,12.453815
-0.154644,12.458403
-0.154334,12.463001
-0.154024,12.467609
-0.153714,12.472232
-0.153405,12.476865
-0.153095,12.481513
-0.152785,12.486173
-0.152475,12.490847
-0.152165,12.495528
-0.151855,12.500225
-0.151545,12.504934
-0.151235,12.509658
-0.150925,12.514392
-0.150615,12.519137
-0.150305,12.523898
-0.149995,12.528670
-0.149685,12.533455
-0.149375,12.538254
-0.149066,12.543062
-0.148756,12.547886
-0.148446,12.552720
-0.148136,12.557570
-0.147826,12.562430
-0.147516,12.567307
-0.147206,12.572193
-0.146896,12.577095
-0.146586,12.582007
-0.146276,12.586931
-0.145966,12.591872
-0.145656,12.596825
-0.145346,12.601790
-0.145037,12.606769
-0.144727,12.611759
-0.144417,12.616763
-0.144107,12.621782
-0.143797,12.626813
-0.143487,12.631858
-0.143177,12.636914
-0.142867,12.641987
-0.142557,12.647072
-0.142247,12.652170
-0.141937,12.657280
-0.141627,12.662407
-0.141317,12.667543
-0.141007,12.672694
-0.140698,12.677860
-0.140388,12.683038
-0.140078,12.688229
-0.139768,12.693439
-0.139458,12.698657
-0.139148,12.703889
-0.138838,12.709137
-0.138528,12.714398
-0.138218,12.719671
-0.137908,12.724960
-0.137598,12.730263
-0.137288,12.735579
-0.136978,12.740908
-0.136668,12.746253
-0.136359,12.751608
-0.136049,12.756983
-0.135739,12.762368
-0.135429,12.767767
-0.135119,12.773180
-0.134809,12.778608
-0.134499,12.784048
-0.134189,12.789507
-0.133879,12.794975
-0.133569,12.800459
-0.133259,12.805959
-0.132949,12.811472
-0.132639,12.816999
-0.132329,12.822539
-0.132020,12.828098
-0.131710,12.833665
-0.131400,12.839251
-0.131090,12.844850
-0.130780,12.850463
-0.130470,12.856092
-0.130160,12.861732
-0.129850,12.867390
-0.129540,12.873062
-0.129230,12.878747
-0.128920,12.884446
-0.128610,12.890162
-0.128300,12.895892
-0.127991,12.901635
-0.127681,12.907395
-0.127371,12.913169
-0.127061,12.918959
-0.126751,12.924761
-0.126441,12.930580
-0.126131,12.936412
-0.125821,12.942261
-0.125511,12.948124
-0.125201,12.954000
-0.124891,12.959893
-0.124581,12.965802
-0.124271,12.971723
-0.123961,12.977661
-0.123652,12.983612
-0.123342,12.989581
-0.123032,12.995563
-0.122722,13.001560
-0.122412,13.007575
-0.122102,13.013602
-0.121792,13.019645
-0.121482,13.025703
-0.121172,13.031776
-0.120862,13.037865
-0.120552,13.043970
-0.120242,13.050088
-0.119932,13.056221
-0.119622,13.062372
-0.119313,13.068538
-0.119003,13.074719
-0.118693,13.080914
-0.118383,13.087126
-0.118073,13.093352
-0.117763,13.099593
-0.117453,13.105852
-0.117143,13.112124
-0.116833,13.118414
-0.116523,13.124718
-0.116213,13.131037
-0.115903,13.137372
-0.115593,13.143724
-0.115284,13.150088
-0.114974,13.156471
-0.114664,13.162869
-0.114354,13.169283
-0.114044,13.175711
-0.113734,13.182156
-0.113424,13.188616
-0.113114,13.195090
-0.112804,13.201581
-0.112494,13.208089
-0.112184,13.214610
-0.111874,13.221151
-0.111564,13.227705
-0.111254,13.234276
-0.110945,13.240861
-0.110635,13.247464
-0.110325,13.254080
-0.110015,13.260714
-0.109705,13.267364
-0.109395,13.274028
-0.109085,13.280708
-0.108775,13.287406
-0.108465,13.294116
-0.108155,13.300846
-0.107845,13.307590
-0.107535,13.314351
-0.107225,13.321127
-0.106915,13.327919
-0.106606,13.334726
-0.106296,13.341551
-0.105986,13.348391
-0.105676,13.355246
-0.105366,13.362116
-0.105056,13.369004
-0.104746,13.375909
-0.104436,13.382827
-0.104126,13.389761
-0.103816,13.396714
-0.103506,13.403682
-0.103196,13.410664
-0.102886,13.417664
-0.102577,13.424678
-0.102267,13.431709
-0.101957,13.438756
-0.101647,13.445818
-0.101337,13.452898
-0.101027,13.459992
-0.100717,13.467102
-0.100407,13.474229
-0.100097,13.481371
-0.099787,13.488529
-0.099477,13.495703
-0.099167,13.502892
-0.098857,13.510099
-0.098547,13.517321
-0.098238,13.524557
-0.097928,13.531809
-0.097618,13.539081
-0.097308,13.546366
-0.096998,13.553666
-0.096688,13.560982
-0.096378,13.568316
-0.096068,13.575662
-0.095758,13.583026
-0.095448,13.590407
-0.095138,13.597800
-0.094828,13.605212
-0.094518,13.612638
-0.094208,13.620080
-0.093899,13.627540
-0.093589,13.635015
-0.093279,13.642502
-0.092969,13.650007
-0.092659,13.657526
-0.092349,13.665062
-0.092039,13.672612
-0.091729,13.680180
-0.091419,13.687759
-0.091109,13.695358
-0.090799,13.702971
-0.090489,13.710599
-0.090179,13.718242
-0.089869,13.725897
-0.089560,13.733573
-0.089250,13.741261
-0.088940,13.748964
-0.088630,13.756682
-0.088320,13.764418
-0.088010,13.772167
-0.087700,13.779930
-0.087390,13.787710
-0.087080,13.795503
-0.086770,13.803311
-0.086460,13.811135
-0.086150,13.818973
-0.085840,13.826825
-0.085531,13.834692
-0.085221,13.842575
-0.084911,13.850471
-0.084601,13.858381
-0.084291,13.866308
-0.083981,13.874246
-0.083671,13.882201
-0.083361,13.890168
-0.083051,13.898150
-0.082741,13.906147
-0.082431,13.914158
-0.082121,13.922182
-0.081811,13.930219
-0.081501,13.938272
-0.081192,13.946338
-0.080882,13.954419
-0.080572,13.962511
-0.080262,13.970617
-0.079952,13.978736
-0.079642,13.986872
-0.079332,13.995017
-0.079022,14.003177
-0.078712,14.011352
-0.078402,14.019537
-0.078092,14.027736
-0.077782,14.035947
-0.077472,14.044172
-0.077162,14.052411
-0.076853,14.060659
-0.076543,14.068921
-0.076233,14.077196
-0.075923,14.085483
-0.075613,14.093782
-0.075303,14.102094
-0.074993,14.110416
-0.074683,14.118753
-0.074373,14.127099
-0.074063,14.135456
-0.073753,14.143826
-0.073443,14.152209
-0.073133,14.160600
-0.072824,14.169005
-0.072514,14.177422
-0.072204,14.185847
-0.071894,14.194283
-0.071584,14.202728
-0.071274,14.211186
-0.070964,14.219654
-0.070654,14.228135
-0.070344,14.236622
-0.070034,14.245121
-0.069724,14.253628
-0.069414,14.262149
-0.069104,14.270675
-0.068794,14.279212
-0.068485,14.287759
-0.068175,14.296313
-0.067865,14.304876
-0.067555,14.313450
-0.067245,14.322031
-0.066935,14.330622
-0.066625,14.339219
-0.066315,14.347824
-0.066005,14.356441
-0.065695,14.365062
-0.065385,14.373691
-0.065075,14.382327
-0.064765,14.390970
-0.064455,14.399622
-0.064146,14.408280
-0.063836,14.416947
-0.063526,14.425615
-0.063216,14.434295
-0.062906,14.442976
-0.062596,14.451666
-0.062286,14.460360
-0.061976,14.469061
-0.061666,14.477767
-0.061356,14.486476
-0.061046,14.495189
-0.060736,14.503912
-0.060426,14.512634
-0.060117,14.521362
-0.059807,14.530094
-0.059497,14.538830
-0.059187,14.547568
-0.058877,14.556310
-0.058567,14.565056
-0.058257,14.573803
-0.057947,14.582553
-0.057637,14.591303
-0.057327,14.600058
-0.057017,14.608814
-0.056707,14.617570
-0.056397,14.626329
-0.056087,14.635087
-0.055778,14.643846
-0.055468,14.652608
-0.055158,14.661365
-0.054848,14.670125
-0.054538,14.678884
-0.054228,14.687642
-0.053918,14.696399
-0.053608,14.705153
-0.053298,14.713908
-0.052988,14.722658
-0.052678,14.731408
-0.052368,14.740152
-0.052058,14.748896
-0.051748,14.757636
-0.051439,14.766370
-0.051129,14.775103
-0.050819,14.783832
-0.050509,14.792556
-0.050199,14.801272
-0.049889,14.809983
-0.049579,14.818688
-0.049269,14.827391
-0.048959,14.836083
-0.048649,14.844771
-0.048339,14.853452
-0.048029,14.862125
-0.047719,14.870789
-0.047409,14.879444
-0.047100,14.888092
-0.046790,14.896731
-0.046480,14.905358
-0.046170,14.913976
-0.045860,14.922587
-0.045550,14.931186
-0.045240,14.939770
-0.044930,14.948346
-0.044620,14.956908
-0.044310,14.965461
-0.044000,14.973998
-0.043690,14.982523
-0.043380,14.991034
-0.043071,14.999532
-0.042761,15.008015
-0.042451,15.016480
-0.042141,15.024933
-0.041831,15.033369
-0.041521,15.041789
-0.041211,15.050192
-0.040901,15.058577
-0.040591,15.066945
-0.040281,15.075294
-0.039971,15.083624
-0.039661,15.091936
-0.039351,15.100227
-0.039041,15.108500
-0.038732,15.116751
-0.038422,15.124981
-0.038112,15.133187
-0.037802,15.141373
-0.037492,15.149535
-0.037182,15.157675
-0.036872,15.165792
-0.036562,15.173882
-0.036252,15.181948
-0.035942,15.189989
-0.035632,15.198004
-0.035322,15.205991
-0.035012,15.213953
-0.034702,15.221885
-0.034393,15.229790
-0.034083,15.237666
-0.033773,15.245515
-0.033463,15.253329
-0.033153,15.261116
-0.032843,15.268868
-0.032533,15.276594
-0.032223,15.284284
-0.031913,15.291945
-0.031603,15.299568
-0.031293,15.307159
-0.030983,15.314713
-0.030673,15.322232
-0.030364,15.329717
-0.030054,15.337165
-0.029744,15.344575
-0.029434,15.351947
-0.029124,15.359280
-0.028814,15.366575
-0.028504,15.373831
-0.028194,15.381045
-0.027884,15.388219
-0.027574,15.395350
-0.027264,15.402438
-0.026954,15.409485
-0.026644,15.416488
-0.026334,15.423446
-0.026025,15.430358
-0.025715,15.437224
-0.025405,15.444046
-0.025095,15.450818
-0.024785,15.457543
-0.024475,15.464221
-0.024165,15.470848
-0.023855,15.477426
-0.023545,15.483953
-0.023235,15.490431
-0.022925,15.496853
-0.022615,15.503225
-0.022305,15.509544
-0.021995,15.515806
-0.021686,15.522015
-0.021376,15.528172
-0.021066,15.534267
-0.020756,15.540308
-0.020446,15.546291
-0.020136,15.552216
-0.019826,15.558081
-0.019516,15.563887
-0.019206,15.569632
-0.018896,15.575314
-0.018586,15.580935
-0.018276,15.586494
-0.017966,15.591990
-0.017657,15.597422
-0.017347,15.602787
-0.017037,15.608088
-0.016727,15.613323
-0.016417,15.618488
-0.016107,15.623589
-0.015797,15.628618
-0.015487,15.633579
-0.015177,15.638472
-0.014867,15.643291
-0.014557,15.648039
-0.014247,15.652716
-0.013937,15.657320
-0.013627,15.661848
-0.013318,15.666304
-0.013008,15.670681
-0.012698,15.674988
-0.012388,15.679214
-0.012078,15.683367
-0.011768,15.687439
-0.011458,15.691433
-0.011148,15.695347
-0.010838,15.699181
-0.010528,15.702934
-0.010218,15.706604
-0.009908,15.710196
-0.009598,15.713701
-0.009288,15.717123
-0.008979,15.720461
-0.008669,15.723717
-0.008359,15.726881
-0.008049,15.729967
-0.007739,15.732956
-0.007429,15.735863
-0.007119,15.738682
-0.006809,15.741409
-0.006499,15.744049
-0.006189,15.746597
-0.005879,15.749056
-0.005569,15.751423
-0.005259,15.753695
-0.004949,15.755875
-0.004640,15.757963
-0.004330,15.759956
-0.004020,15.761856
-0.003710,15.763659
-0.003400,15.765366
-0.003090,15.766975
-0.002780,15.768492
-0.002470,15.769909
-0.002160,15.771225
-0.001850,15.772446
-0.001540,15.773565
-0.001230,15.774588
-0.000920,15.775509
-0.000611,15.776329
-0.000301,15.777048
0.000009,15.777664
0.000319,15.778179
0.000629,15.778591
0.000939,15.778898
0.001249,15.779106
0.001559,15.779209
0.001869,15.779205
0.002179,15.779099
0.002489,15.778881
0.002799,15.778566
0.003109,15.778143
0.003419,15.777613
0.003728,15.776978
0.004038,15.776232
0.004348,15.775381
0.004658,15.774424
0.004968,15.773355
0.005278,15.772181
0.005588,15.770901
0.005898,15.769508
0.006208,15.768007
0.006518,15.766399
0.006828,15.764681
0.007138,15.762854
0.007448,15.760916
0.007758,15.758869
0.008067,15.756712
0.008377,15.754444
0.008687,15.752066
0.008997,15.749580
0.009307,15.746984
0.009617,15.744274
0.009927,15.741459
0.010237,15.738529
0.010547,15.735493
0.010857,15.732342
0.011167,15.729080
0.011477,15.725714
0.011787,15.722237
0.012096,15.718643
0.012406,15.714945
0.012716,15.711136
0.013026,15.707216
0.013336,15.703188
0.013646,15.699051
0.013956,15.694803
0.014266,15.690447
0.014576,15.685982
0.014886,15.681408
0.015196,15.676727
0.015506,15.671938
0.015816,15.667040
0.016126,15.662035
0.016435,15.656923
0.016745,15.651705
0.017055,15.646381
0.017365,15.640951
0.017675,15.635416
0.017985,15.629776
0.018295,15.624031
0.018605,15.618185
0.018915,15.612230
0.019225,15.606176
0.019535,15.600018
0.019845,15.593758
0.020155,15.587395
0.020465,15.580935
0.020774,15.574373
0.021084,15.567713
0.021394,15.560953
0.021704,15.554094
0.022014,15.547136
0.022324,15.540087
0.022634,15.532934
0.022944,15.525692
0.023254,15.518354
0.023564,15.510921
0.023874,15.503394
0.024184,15.495777
0.024494,15.488068
0.024803,15.480268
0.025113,15.472378
0.025423,15.464398
0.025733,15.456330
0.026043,15.448179
0.026353,15.439938
0.026663,15.431613
0.026973,15.423202
0.027283,15.414707
0.027593,15.406133
0.027903,15.397473
0.028213,15.388737
0.028523,15.379917
0.028833,15.371025
0.029142,15.362049
0.029452,15.353001
0.029762,15.343874
0.030072,15.334675
0.030382,15.325402
0.030692,15.316059
0.031002,15.306643
0.031312,15.297155
0.031622,15.287603
0.031932,15.277979
0.032242,15.268292
0.032552,15.258536
0.032862,15.248719
0.033172,15.238837
0.033481,15.228897
0.033791,15.218891
0.034101,15.208827
0.034411,15.198705
0.034721,15.188527
0.035031,15.178293
0.035341,15.168002
0.035651,15.157659
0.035961,15.147264
0.036271,15.136818
0.036581,15.126321
0.036891,15.115778
0.037201,15.105187
0.037511,15.094547
0.037820,15.083863
0.038130,15.073136
0.038440,15.062368
0.038750,15.051557
0.039060,15.040706
0.039370,15.029819
0.039680,15.018891
0.039990,15.007930
0.040300,14.996931
0.040610,14.985901
0.040920,14.974834
0.041230,14.963740
0.041540,14.952615
0.041849,14.941460
0.042159,14.930279
0.042469,14.919070
0.042779,14.907836
0.043089,14.896578
0.043399,14.885301
0.043709,14.873996
0.044019,14.862674
0.044329,14.851332
0.044639,14.839975
0.044949,14.828596
0.045259,14.817205
0.045569,14.805798
0.045879,14.794381
0.046188,14.782947
0.046498,14.771502
0.046808,14.760050
0.047118,14.748588
0.047428,14.737119
0.047738,14.725640
0.048048,14.714159
0.048358,14.702672
0.048668,14.691182
0.048978,14.679688
0.049288,14.668197
0.049598,14.656702
0.049908,14.645208
0.050218,14.633718
0.050527,14.622226
0.050837,14.610741
0.051147,14.599261
0.051457,14.587787
0.051767,14.576319
0.052077,14.564857
0.052387,14.553404
0.052697,14.541963
0.053007,14.530531
0.053317,14.519109
0.053627,14.507697
0.053937,14.496303
0.054247,14.484918
0.054556,14.473550
0.054866,14.462196
0.055176,14.450860
0.055486,14.439540
0.055796,14.428238
0.056106,14.416954
0.056416,14.405689
0.056726,14.394445
0.057036,14.383219
0.057346,14.372018
0.057656,14.360837
0.057966,14.349678
0.058276,14.338546
0.058586,14.327434
0.058895,14.316347
0.059205,14.305286
0.059515,14.294250
0.059825,14.283242
0.060135,14.272260
0.060445,14.261304
0.060755,14.250379
0.061065,14.239480
0.061375,14.228612
0.061685,14.217773
0.061995,14.206965
0.062305,14.196186
0.062615,14.185435
0.062925,14.174719
0.063234,14.164035
0.063544,14.153383
0.063854,14.142763
0.064164,14.132174
0.064474,14.121620
0.064784,14.111099
0.065094,14.100616
0.065404,14.090161
0.065714,14.079744
0.066024,14.069359
0.066334,14.059012
0.066644,14.048700
0.066954,14.038423
0.067263,14.028184
0.067573,14.017976
0.067883,14.007810
0.068193,13.997677
0.068503,13.987581
0.068813,13.977524
0.069123,13.967502
0.069433,13.957517
0.069743,13.947572
0.070053,13.937660
0.070363,13.927788
0.070673,13.917954
0.070983,13.908157
0.071293,13.898400
0.071602,13.888678
0.071912,13.878995
0.072222,13.869350
0.072532,13.859742
0.072842,13.850174
0.073152,13.840643
0.073462,13.831150
0.073772,13.821694
0.074082,13.812279
0.074392,13.802900
0.074702,13.793561
0.075012,13.784258
0.075322,13.774992
0.075632,13.765764
0.075941,13.756577
0.076251,13.747425
0.076561,13.738311
0.076871,13.729234
0.077181,13.720197
0.077491,13.711195
0.077801,13.702230
0.078111,13.693303
0.078421,13.684414
0.078731,13.675561
0.079041,13.666742
0.079351,13.657965
0.079661,13.649222
0.079970,13.640514
0.080280,13.631842
0.080590,13.623207
0.080900,13.614608
0.081210,13.606046
0.081520,13.597515
0.081830,13.589023
0.082140,13.580564
0.082450,13.572139
0.082760,13.563751
0.083070,13.555397
0.083380,13.547076
0.083690,13.538790
0.084000,13.530538
0.084309,13.522317
0.084619,13.514131
0.084929,13.505977
0.085239,13.497856
0.085549,13.489770
0.085859,13.481712
0.086169,13.473689
0.086479,13.465697
0.086789,13.457736
0.087099,13.449808
0.087409,13.441908
0.087719,13.434041
0.088029,13.426205
0.088339,13.418398
0.088648,13.410621
0.088958,13.402875
0.089268,13.395157
0.089578,13.387466
0.089888,13.379807
0.090198,13.372176
0.090508,13.364571
0.090818,13.356998
0.091128,13.349449
0.091438,13.341930
0.091748,13.334437
0.092058,13.326972
0.092368,13.319531
0.092678,13.312119
0.092987,13.304733
0.093297,13.297372
0.093607,13.290036
0.093917,13.282724
0.094227,13.275440
0.094537,13.268179
0.094847,13.260943
0.095157,13.253731
0.095467,13.246542
0.095777,13.239375
0.096087,13.232233
0.096397,13.225115
0.096707,13.218018
0.097016,13.210945
0.097326,13.203892
0.097636,13.196861
0.097946,13.189853
0.098256,13.182866
0.098566,13.175899
0.098876,13.168953
0.099186,13.162027
0.099496,13.155123
0.099806,13.148238
0.100116,13.141372
0.100426,13.134526
0.100736,13.127700
0.101046,13.120890
0.101355,13.114100
0.101665,13.107329
0.101975,13.100576
0.102285,13.093842
0.102595,13.087122
0.102905,13.080420
0.103215,13.073738
0.103525,13.067070
0.103835,13.060421
0.104145,13.053787
0.104455,13.047170
0.104765,13.040566
0.105075,13.033979
0.105385,13.027409
0.105694,13.020852
0.106004,13.014310
0.106314,13.007784
0.106624,13.001273
0.106934,12.994773
0.107244,12.988289
0.107554,12.981819
0.107864,12.975363
0.108174,12.968918
0.108484,12.962487
0.108794,12.956070
0.109104,12.949664
0.109414,12.943272
0.109723,12.936892
0.110033,12.930522
0.110343,12.924164
0.110653,12.917820
0.110963,12.911487
0.111273,12.905164
0.111583,12.898853
0.111893,12.892552
0.112203,12.886261
0.112513,12.879982
0.112823,12.873713
0.113133,12.867455
0.113443,12.861204
0.113753,12.854965
0.114062,12.848737
0.114372,12.842516
0.114682,12.836304
0.114992,12.830102
0.115302,12.823910
0.115612,12.817723
0.115922,12.811549
0.116232,12.805383
0.116542,12.799224
0.116852,12.793071
0.117162,12.786929
0.117472,12.780794
0.117782,12.774666
0.118092,12.768545
0.118401,12.762433
0.118711,12.756328
0.119021,12.750230
0.119331,12.744139
0.119641,12.738054
0.119951,12.731978
0.120261,12.725905
0.120571,12.719843
0.120881,12.713784
0.121191,12.707732
0.121501,12.701687
0.121811,12.695647
0.122121,12.689614
0.122430,12.683586
0.122740,12.677565
0.123050,12.671547
0.123360,12.665536
0.123670,12.659532
0.123980,12.653532
0.124290,12.647535
0.124600,12.641544
0.124910,12.635560
0.125220,12.629580
0.125530,12.623604
0.125840,12.617633
0.126150,12.611668
0.126460,12.605707
0.126769,12.599751
0.127079,12.593798
0.127389,12.587851
0.127699,12.581907
0.128009,12.575968
0.128319,12.570031
0.128629,12.564099
0.128939,12.558172
0.129249,12.552249
0.129559,12.546329
0.129869,12.540414
0.130179,12.534501
0.130489,12.528593
0.130799,12.522689
0.131108,12.516787
0.131418,12.510890
0.131728,12.504993
0.132038,12.499104
0.132348,12.493216
0.132658,12.487332
0.132968,12.481451
0.133278,12.475572
0.133588,12.469699
0.133898,12.463827
0.134208,12.457959
0.134518,12.452095
0.134828,12.446231
0.135138,12.440374
0.135447,12.434517
0.135757,12.428664
0.136067,12.422815
0.136377,12.416967
0.136687,12.411123
0.136997,12.405281
0.137307,12.399442
0.137617,12.393606
0.137927,12.387773
0.138237,12.381941
0.138547,12.376113
0.138857,12.370287
0.139167,12.364465
0.139476,12.358645
0.139786,12.352829
0.140096,12.347014
0.140406,12.341204
0.140716,12.335394
0.141026,12.329587
0.141336,12.323784
0.141646,12.317981
0.141956,12.312181
0.142266,12.306387
0.142576,12.300593
0.142886,12.294804
0.143196,12.289014
0.143506,12.283228
0.143815,12.277445
0.144125,12.271665
0.144435,12.265885
0.144745,12.260111
0.145055,12.254339
0.145365,12.248568
0.145675,12.242799
0.145985,12.237034
0.146295,12.231273
0.146605,12.225513
0.146915,12.219755
0.147225,12.214001
0.147535,12.208248
0.147845,12.202499
0.148154,12.196754
0.148464,12.191008
0.148774,12.185267
0.149084,12.179528
0.149394,12.173793
0.149704,12.168060
0.150014,12.162328
0.150324,12.156602
0.150634,12.150877
0.150944,12.145153
0.151254,12.139434
0.151564,12.133718
0.151874,12.128005
0.152183,12.122294
0.152493,12.116586
0.152803,12.110882
0.153113,12.105181
0.153423,12.099481
0.153733,12.093785
0.154043,12.088091
0.154353,12.082403
0.154663,12.076715
0.154973,12.071032
0.155283,12.065349
0.155593,12.059674
0.155903,12.053998
0.156213,12.048327
0.156522,12.042660
0.156832,12.036994
0.157142,12.031332
0.157452,12.025674
0.157762,12.020020
0.158072,12.014367
0.158382,12.008719
0.158692,12.003075
0.159002,11.997433
0.159312,11.991795
0.159622,11.986160
0.159932,11.980530
0.160242,11.974901
0.160552,11.969277
0.160861,11.963657
0.161171,11.958039
0.161481,11.952427
0.161791,11.946817
0.162101,11.941213
0.162411,11.935609
0.162721,11.930012
0.163031,11.924417
0.163341,11.918826
0.163651,11.913239
0.163961,11.907657
0.164271,11.902077
0.164581,11.896502
0.164890,11.890932
0.165200,11.885364
0.165510,11.879802
0.165820,11.874244
0.166130,11.868690
0.166440,11.863137
0.166750,11.857592
0.167060,11.852050
0.167370,11.846511
0.167680,11.840980
0.167990,11.835449
0.168300,11.829923
0.168610,11.824404
0.168920,11.818886
0.169229,11.813375
0.169539,11.807868
0.169849,11.802365
0.170159,11.796867
0.170469,11.791373
0.170779,11.785886
0.171089,11.780400
0.171399,11.774920
0.171709,11.769446
0.172019,11.763976
0.172329,11.758511
0.172639,11.753049
0.172949,11.747594
0.173259,11.742144
0.173568,11.736695
0.173878,11.731256
0.174188,11.725820
0.174498,11.720387
0.174808,11.714963
0.175118,11.709540
0.175428,11.704124
0.175738,11.698714
0.176048,11.693309
0.176358,11.687908
0.176668,11.682513
0.176978,11.677122
0.177288,11.671739
0.177598,11.666359
0.177907,11.660984
0.178217,11.655615
0.178527,11.650251
0.178837,11.644893
0.179147,11.639542
0.179457,11.634194
0.179767,11.628852
0.180077,11.623516
0.180387,11.618186
0.180697,11.612862
0.181007,11.607541
0.181317,11.602229
0.181627,11.596920
0.181936,11.591619
0.182246,11.586322
0.182556,11.581032
0.182866,11.575745
0.183176,11.570466
0.183486,11.565195
0.183796,11.559927
0.184106,11.554666
0.184416,11.549410
0.184726,11.544160
0.185036,11.538917
0.185346,11.533680
0.185656,11.528449
0.185966,11.523223
0.186275,11.518004
0.186585,11.512792
0.186895,11.507583
0.187205,11.502383
0.187515,11.497189
0.187825,11.492000
0.188135,11.486817
0.188445,11.481643
0.188755,11.476472
0.189065,11.471310
0.189375,11.466152
0.189685,11.461000
0.189995,11.455856
0.190305,11.450719
0.190614,11.445586
0.190924,11.440462
0.191234,11.435342
0.191544,11.430231
0.191854,11.425127
0.192164,11.420027
0.192474,11.414933
0.192784,11.409848
0.193094,11.404767
0.193404,11.399697
0.193714,11.394630
0.194024,11.389572
0.194334,11.384519
0.194643,11.379473
0.194953,11.374434
0.195263,11.369402
0.195573,11.364375
0.195883,11.359356
0.196193,11.354344
0.196503,11.349339
0.196813,11.344341
0.197123,11.339350
0.197433,11.334365
0.197743,11.329387
0.198053,11.324416
0.198363,11.319451
0.198673,11.314496
0.198982,11.309544
0.199292,11.304601
0.199602,11.299665
0.199912,11.294735
0.200222,11.289814
0.200532,11.284899
0.200842,11.279990
0.201152,11.275089
0.201462,11.270195
0.201772,11.265310
0.202082,11.260430
0.202392,11.255557
0.202702,11.250692
0.203012,11.245833
0.203321,11.240983
0.203631,11.236138
0.203941,11.231300
0.204251,11.226472
0.204561,11.221648
0.204871,11.216833
0.205181,11.212026
0.205491,11.207226
0.205801,11.202434
0.206111,11.197646
0.206421,11.192868
0.206731,11.188095
0.207041,11.183332
0.207350,11.178575
0.207660,11.173826
0.207970,11.169084
0.208280,11.164349
0.208590,11.159620
0.208900,11.154901
0.209210,11.150189
0.209520,11.145481
0.209830,11.140784
0.210140,11.136093
0.210450,11.131410
0.210760,11.126735
0.211070,11.122066
0.211380,11.117407
0.211689,11.112753
0.211999,11.108107
0.212309,11.103467
0.212619,11.098835
0.212929,11.094212
0.213239,11.089596
0.213549,11.084988
0.213859,11.080385
0.214169,11.075792
0.214479,11.071206
0.214789,11.066628
0.215099,11.062057
0.215409,11.057492
0.215719,11.052936
0.216028,11.048388
0.216338,11.043846
0.216648,11.039312
0.216958,11.034786
0.217268,11.030269
0.217578,11.025755
0.217888,11.021253
0.218198,11.016757
0.218508,11.012270
0.218818,11.007787
0.219128,11.003315
0.219438,10.998850
0.219748,10.994390
0.220058,10.989941
0.220367,10.985497
0.220677,10.981063
0.220987,10.976636
0.221297,10.972214
0.221607,10.967802
0.221917,10.963396
0.222227,10.958998
0.222537,10.954608
0.222847,10.950226
0.223157,10.945850
0.223467,10.941483
0.223777,10.937123
0.224087,10.932771
0.224396,10.928428
0.224706,10.924089
0.225016,10.919761
0.225326,10.915440
0.225636,10.911125
0.225946,10.906820
0.226256,10.902520
0.226566,10.898230
0.226876,10.893943
0.227186,10.889668
0.227496,10.885400
0.227806,10.881138
0.228116,10.876884
0.228426,10.872639
0.228735,10.868399
0.229045,10.864167
0.229355,10.859946
0.229665,10.855731
0.229975,10.851520
0.230285,10.847322
0.230595,10.843127
0.230905,10.838942
0.231215,10.834764
0.231525,10.830595
0.231835,10.826430
0.232145,10.822275
0.232455,10.818129
0.232765,10.813987
0.233074,10.809853
0.233384,10.805727
0.233694,10.801610
0.234004,10.797500
0.234314,10.793398
0.234624,10.789302
0.234934,10.785214
0.235244,10.781134
0.235554,10.777061
0.235864,10.772995
0.236174,10.768936
0.236484,10.764886
0.236794,10.760844
0.237103,10.756806
0.237413,10.752780
0.237723,10.748758
0.238033,10.744745
0.238343,10.740740
0.238653,10.736742
0.238963,10.732751
0.239273,10.728765
0.239583,10.724792
0.239893,10.720821
0.240203,10.716860
0.240513,10.712907
0.240823,10.708961
0.241133,10.705020
0.241442,10.701089
0.241752,10.697163
0.242062,10.693247
0.242372,10.689338
0.242682,10.685433
0.242992,10.681539
0.243302,10.677652
0.243612,10.673771
0.243922,10.669898
0.244232,10.666032
0.244542,10.662171
0.244852,10.658321
0.245162,10.654477
0.245472,10.650640
0.245781,10.646812
0.246091,10.642989
0.246401,10.639173
0.246711,10.635365
0.247021,10.631563
0.247331,10.627769
0.247641,10.623983
0.247951,10.620205
0.248261,10.616434
0.248571,10.612670
0.248881,10.608911
0.249191,10.605160
0.249501,10.601417
0.249810,10.597682
0.250120,10.593952
0.250430,10.590230
0.250740,10.586516
0.251050,10.582807
0.251360,10.579106
0.251670,10.575414
0.251980,10.571727
0.252290,10.568048
0.252600,10.564375
0.252910,10.560710
0.253220,10.557051
0.253530,10.553401
0.253840,10.549756
0.254149,10.546120
0.254459,10.542489
0.254769,10.538865
0.255079,10.535250
0.255389,10.531639
0.255699,10.528037
0.256009,10.524441
0.256319,10.520853
0.256629,10.517271
0.256939,10.513696
0.257249,10.510130
0.257559,10.506567
0.257869,10.503015
0.258179,10.499467
0.258488,10.495927
0.258798,10.492391
0.259108,10.488866
0.259418,10.485346
0.259728,10.481833
0.260038,10.478326
0.260348,10.474827
0.260658,10.471335
0.260968,10.467847
0.261278,10.464369
0.261588,10.460897
0.261898,10.457432
0.262208,10.453972
0.262518,10.450520
0.262827,10.447072
0.263137,10.443634
0.263447,10.440202
0.263757,10.436777
0.264067,10.433356
0.264377,10.429943
0.264687,10.426538
0.264997,10.423138
0.265307,10.419746
0.265617,10.416361
0.265927,10.412981
0.266237,10.409609
0.266547,10.406242
0.266856,10.402883
0.267166,10.399529
0.267476,10.396182
0.267786,10.392842
0.268096,10.389507
0.268406,10.386181
0.268716,10.382861
0.269026,10.379545
0.269336,10.376238
0.269646,10.372936
0.269956,10.369640
0.270266,10.366353
0.270576,10.363070
0.270886,10.359795
0.271195,10.356524
0.271505,10.353262
0.271815,10.350004
0.272125,10.346754
0.272435,10.343511
0.272745,10.340270
0.273055,10.337041
0.273365,10.333816
0.273675,10.330595
0.273985,10.327384
0.274295,10.324176
0.274605,10.320975
0.274915,10.317781
0.275225,10.314592
0.275534,10.311412
0.275844,10.308235
0.276154,10.305068
0.276464,10.301903
0.276774,10.298747
0.277084,10.295594
0.277394,10.292451
0.277704,10.289311
0.278014,10.286178
0.278324,10.283052
0.278634,10.279931
0.278944,10.276816
0.279254,10.273709
0.279563,10.270607
0.279873,10.267510
0.280183,10.264419
0.280493,10.261334
0.280803,10.258257
0.281113,10.255184
0.281423,10.252117
0.281733,10.249056
0.282043,10.246001
0.282353,10.242952
0.282663,10.239910
0.282973,10.236874
0.283283,10.233842
0.283593,10.230819
0.283902,10.227798
0.284212,10.224784
0.284522,10.221775
0.284832,10.218773
0.285142,10.215779
0.285452,10.212788
0.285762,10.209803
0.286072,10.206823
0.286382,10.203852
0.286692,10.200885
0.287002,10.197922
0.287312,10.194964
0.287622,10.192016
0.287932,10.189072
0.288241,10.186131
0.288551,10.183198
0.288861,10.180271
0.289171,10.177349
0.289481,10.174433
0.289791,10.171522
0.290101,10.168616
0.290411,10.165716
0.290721,10.162824
0.291031,10.159933
0.291341,10.157051
0.291651,10.154174
0.291961,10.151300
0.292270,10.148437
0.292580,10.145575
0.292890,10.142719
0.293200,10.139869
0.293510,10.137027
0.293820,10.134185
0.294130,10.131352
0.294440,10.128522
0.294750,10.125701
0.295060,10.122884
0.295370,10.120071
0.295680,10.117265
0.295990,10.114465
0.296300,10.111668
0.296609,10.108877
0.296919,10.106091
0.297229,10.103311
0.297539,10.100536
0.297849,10.097768
0.298159,10.095003
0.298469,10.092243
0.298779,10.089491
0.299089,10.086741
0.299399,10.083999
0.299709,10.081262
0.300019,10.078528
0.300329,10.075801
0.300639,10.073076
0.300948,10.070361
0.301258,10.067648
0.301568,10.064940
0.301878,10.062240
0.302188,10.059543
0.302498,10.056849
0.302808,10.054162
0.303118,10.051480
0.303428,10.048804
0.303738,10.046133
0.304048,10.043467
0.304358,10.040805
0.304668,10.038149
0.304977,10.035497
0.305287,10.032851
0.305597,10.030208
0.305907,10.027574
0.306217,10.024940
0.306527,10.022315
0.306837,10.019691
0.307147,10.017075
0.307457,10.014463
0.307767,10.011857
0.308077,10.009254
0.308387,10.006658
0.308697,10.004063
0.309007,10.001475
0.309316,9.998892
0.309626,9.996315
0.309936,9.993741
0.310246,9.991173
0.310556,9.988608
0.310866,9.986051
0.311176,9.983497
0.311486,9.980947
0.311796,9.978401
0.312106,9.975863
0.312416,9.973326
0.312726,9.970797
0.313036,9.968268
0.313346,9.965750
0.313655,9.963231
0.313965,9.960721
0.314275,9.958213
0.314585,9.955711
0.314895,9.953212
0.315205,9.950720
0.315515,9.948230
0.315825,9.945744
0.316135,9.943266
0.316445,9.940792
0.316755,9.938320
0.317065,9.935856
0.317375,9.933391
0.317685,9.930935
0.317994,9.928483
0.318304,9.926036
0.318614,9.923592
0.318924,9.921151
0.319234,9.918717
0.319544,9.916287
0.319854,9.913860
0.320164,9.911440
0.320474,9.909022
0.320784,9.906610
0.321094,9.904203
0.321404,9.901799
0.321714,9.899401
0.322023,9.897005
0.322333,9.894612
0.322643,9.892227
0.322953,9.889844
0.323263,9.887468
0.323573,9.885095
0.323883,9.882727
0.324193,9.880360
0.324503,9.878000
0.324813,9.875643
0.325123,9.873291
0.325433,9.870944
0.325743,9.868600
0.326053,9.866259
0.326362,9.863926
0.326672,9.861592
0.326982,9.859268
0.327292,9.856944
0.327602,9.854626
0.327912,9.852312
0.328222,9.850000
0.328532,9.847694
0.328842,9.845393
0.329152,9.843096
0.329462,9.840800
0.329772,9.838511
0.330082,9.836226
0.330392,9.833944
0.330701,9.831668
0.331011,9.829392
0.331321,9.827124
0.331631,9.824859
0.331941,9.822598
0.332251,9.820339
0.332561,9.818086
0.332871,9.815837
0.333181,9.813592
0.333491,9.811350
0.333801,9.809112
0.334111,9.806877
0.334421,9.804648
0.334730,9.802423
0.335040,9.800203
0.335350,9.797982
0.335660,9.795770
0.335970,9.793561
0.336280,9.791351
0.336590,9.789150
0.336900,9.786951
0.337210,9.784756
0.337520,9.782565
0.337830,9.780378
0.338140,9.778195
0.338450,9.776015
0.338760,9.773842
0.339069,9.771668
0.339379,9.769499
0.339689,9.767336
0.339999,9.765176
0.340309,9.763017
0.340619,9.760865
0.340929,9.758717
0.341239,9.756571
0.341549,9.754428
0.341859,9.752290
0.342169,9.750154
0.342479,9.748023
0.342789,9.745898
0.343099,9.743773
0.343408,9.741653
0.343718,9.739536
0.344028,9.737424
0.344338,9.735314
0.344648,9.733210
0.344958,9.731107
0.345268,9.729010
0.345578,9.726915
0.345888,9.724824
0.346198,9.722734
0.346508,9.720652
0.346818,9.718573
0.347128,9.716496
0.347437,9.714421
0.347747,9.712351
0.348057,9.710287
0.348367,9.708222
0.348677,9.706163
0.348987,9.704108
0.349297,9.702055
0.349607,9.700005
0.349917,9.697960
0.350227,9.695918
0.350537,9.693880
0.350847,9.691844
0.351157,9.689813
0.351467,9.687785
0.351776,9.685760
0.352086,9.683736
0.352396,9.681721
0.352706,9.679704
0.353016,9.677694
0.353326,9.675687
0.353636,9.673681
0.353946,9.671681
0.354256,9.669683
0.354566,9.667687
0.354876,9.665694
0.355186,9.663708
0.355496,9.661724
0.355806,9.659740
0.356115,9.657763
0.356425,9.655788
0.356735,9.653815
0.357045,9.651848
0.357355,9.649883
0.357665,9.647920
0.357975,9.645963
0.358285,9.644007
0.358595,9.642054
0.358905,9.640107
0.359215,9.638159
0.359525,9.636216
0.359835,9.634276
0.360145,9.632340
0.360454,9.630408
0.360764,9.628478
0.361074,9.626552
0.361384,9.624626
0.361694,9.622706
0.362004,9.620789
0.362314,9.618876
0.362624,9.616964
0.362934,9.615057
0.363244,9.613151
0.363554,9.611247
0.363864,9.609348
0.364174,9.607454
0.364483,9.605561
0.364793,9.603673
0.365103,9.601786
0.365413,9.599902
0.365723,9.598022
0.366033,9.596145
0.366343,9.594271
0.366653,9.592399
0.366963,9.590529
0.367273,9.588663
0.367583,9.586802
0.367893,9.584941
0.368203,9.583086
0.368513,9.581231
0.368822,9.579381
0.369132,9.577533
0.369442,9.575689
0.369752,9.573845
0.370062,9.572007
0.370372,9.570173
0.370682,9.568336
0.370992,9.566508
0.371302,9.564681
0.371612,9.562858
0.371922,9.561034
0.372232,9.559216
0.372542,9.557403
0.372852,9.555588
0.373161,9.553779
0.373471,9.551970
0.373781,9.550166
0.374091,9.548364
0.374401,9.546566
0.374711,9.544769
0.375021,9.542977
0.375331,9.541185
0.375641,9.539399
0.375951,9.537615
0.376261,9.535833
0.376571,9.534054
0.376881,9.532276
0.377190,9.530503
0.377500,9.528732
0.377810,9.526966
0.378120,9.525197
0.378430,9.523436
0.378740,9.521675
0.379050,9.519918
0.379360,9.518165
0.379670,9.516413
0.379980,9.514663
0.380290,9.512917
0.380600,9.511173
0.380910,9.509433
0.381220,9.507694
0.381529,9.505957
0.381839,9.504224
0.382149,9.502493
0.382459,9.500765
0.382769,9.499042
0.383079,9.497318
0.383389,9.495598
0.383699,9.493882
0.384009,9.492166
0.384319,9.490454
0.384629,9.488745
0.384939,9.487037
0.385249,9.485334
0.385559,9.483633
0.385868,9.481932
0.386178,9.480237
0.386488,9.478543
0.386798,9.476850
0.387108,9.475162
0.387418,9.473475
0.387728,9.471791
0.388038,9.470109
0.388348,9.468432
0.388658,9.466755
0.388968,9.465080
0.389278,9.463410
0.389588,9.461740
0.389897,9.460075
0.390207,9.458411
0.390517,9.456751
0.390827,9.455091
0.391137,9.453434
0.391447,9.451781
0.391757,9.450128
0.392067,9.448480
0.392377,9.446834
0.392687,9.445190
0.392997,9.443546
0.393307,9.441908
0.393617,9.440271
0.393927,9.438633
0.394236,9.437003
0.394546,9.435374
0.394856,9.433744
0.395166,9.432122
0.395476,9.430500
0.395786,9.428879
0.396096,9.427261
0.396406,9.425646
0.396716,9.424031
0.397026,9.422422
0.397336,9.420815
0.397646,9.419207
0.397956,9.417603
0.398266,9.416003
0.398575,9.414403
0.398885,9.412807
0.399195,9.411213
0.399505,9.409620
0.399815,9.408031
0.400125,9.406444
0.400435,9.404855
0.400745,9.403275
0.401055,9.401693
0.401365,9.400115
0.401675,9.398540
0.401985,9.396965
0.402295,9.395393
0.402605,9.393823
0.402914,9.392257
0.403224,9.390692
0.403534,9.389130
0.403844,9.387568
0.404154,9.386010
0.404464,9.384456
0.404774,9.382900
0.405084,9.381349
0.405394,9.379799
0.405704,9.378252
0.406014,9.376707
0.406324,9.375165
0.406634,9.373625
0.406943,9.372087
0.407253,9.370549
0.407563,9.369015
0.407873,9.367484
0.408183,9.365954
0.408493,9.364426
0.408803,9.362901
0.409113,9.361376
0.409423,9.359857
0.409733,9.358336
0.410043,9.356819
0.410353,9.355304
0.410663,9.353792
0.410973,9.352282
0.411282,9.350773
0.411592,9.349266
0.411902,9.347763
0.412212,9.346259
0.412522,9.344758
0.412832,9.343260
0.413142,9.341766
0.413452,9.340272
0.413762,9.338779
0.414072,9.337288
0.414382,9.335803
0.414692,9.334315
0.415002,9.332831
0.415312,9.331350
0.415621,9.329872
0.415931,9.328392
0.416241,9.326917
0.416551,9.325443
0.416861,9.323972
0.417171,9.322503
0.417481,9.321036
0.417791,9.319569
0.418101,9.318106
0.418411,9.316645
0.418721,9.315186
0.419031,9.313728
0.419341,9.312271
0.419650,9.310819
0.419960,9.309366
0.420270,9.307916
0.420580,9.306469
0.420890,9.305023
0.421200,9.303579
0.421510,9.302138
0.421820,9.300696
0.422130,9.299260
0.422440,9.297825
0.422750,9.296388
0.423060,9.294957
0.423370,9.293527
0.423680,9.292098
0.423989,9.290671
0.424299,9.289247
0.424609,9.287824
0.424919,9.286403
0.425229,9.284985
0.425539,9.283567
0.425849,9.282151
0.426159,9.280739
0.426469,9.279327
0.426779,9.277919
0.427089,9.276509
0.427399,9.275105
0.427709,9.273701
0.428019,9.272299
0.428328,9.270898
0.428638,9.269500
0.428948,9.268103
0.429258,9.266709
0.429568,9.265316
0.429878,9.263924
0.430188,9.262536
0.430498,9.261147
0.430808,9.259763
0.431118,9.258377
0.431428,9.256996
0.431738,9.255616
0.432048,9.254238
0.432357,9.252861
0.432667,9.251485
0.432977,9.250113
0.433287,9.248743
0.433597,9.247373
0.433907,9.246003
0.434217,9.244638
0.434527,9.243275
0.434837,9.241910
0.435147,9.240551
0.435457,9.239191
0.435767,9.237835
0.436077,9.236479
0.436387,9.235126
0.436696,9.233773
0.437006,9.232422
0.437316,9.231075
0.437626,9.229730
0.437936,9.228383
0.438246,9.227039
0.438556,9.225698
0.438866,9.224360
0.439176,9.223020
0.439486,9.221685
0.439796,9.220348
0.440106,9.219017
0.440416,9.217686
0.440726,9.216354
0.441035,9.215026
0.441345,9.213701
0.441655,9.212374
0.441965,9.211050
0.442275,9.209732
0.442585,9.208411
0.442895,9.207094
0.443205,9.205778
0.443515,9.204462
0.443825,9.203151
0.444135,9.201838
0.444445,9.200528
0.444755,9.199221
0.445065,9.197913
0.445374,9.196609
0.445684,9.195307
0.445994,9.194004
0.446304,9.192704
0.446614,9.191405
0.446924,9.190109
0.447234,9.188814
0.447544,9.187520
0.447854,9.186226
0.448164,9.184938
0.448474,9.183649
0.448784,9.182362
0.449094,9.181075
0.449403,9.179791
0.449713,9.178509
0.450023,9.177229
0.450333,9.175949
0.450643,9.174672
0.450953,9.173395
0.451263,9.172121
0.451573,9.170847
0.451883,9.169576
0.452193,9.168307
0.452503,9.167037
0.452813,9.165770
0.453123,9.164506
0.453433,9.163243
0.453742,9.161982
0.454052,9.160720
0.454362,9.159461
0.454672,9.158204
0.454982,9.156948
0.455292,9.155692
0.455602,9.154437
0.455912,9.153189
0.456222,9.151938
0.456532,9.150690
0.456842,9.149444
0.457152,9.148196
0.457462,9.146952
0.457772,9.145708
0.458081,9.144469
0.458391,9.143228
0.458701,9.141992
0.459011,9.140757
0.459321,9.139521
0.459631,9.138286
0.459941,9.137053
0.460251,9.135822
0.460561,9.134594
0.460871,9.133366
0.461181,9.132140
0.461491,9.130917
0.461801,9.129691
0.462110,9.128469
0.462420,9.127249
0.462730,9.126030
0.463040,9.124811
0.463350,9.123595
0.463660,9.122381
0.463970,9.121168
0.464280,9.119956
0.464590,9.118747
0.464900,9.117537
0.465210,9.116330
0.465520,9.115123
0.465830,9.113918
0.466140,9.112715
0.466449,9.111512
0.466759,9.110312
0.467069,9.109114
0.467379,9.107914
0.467689,9.106720
0.467999,9.105525
0.468309,9.104330
0.468619,9.103138
0.468929,9.101947
0.469239,9.100758
0.469549,9.099571
0.469859,9.098384
0.470169,9.097198
0.470479,9.096016
0.470788,9.094831
0.471098,9.093651
0.471408,9.092471
0.471718,9.091292
0.472028,9.090117
0.472338,9.088940
0.472648,9.087764
0.472958,9.086594
0.473268,9.085421
0.473578,9.084249
0.473888,9.083080
0.474198,9.081912
0.474508,9.080745
0.474817,9.079581
0.475127,9.078416
0.475437,9.077254
0.475747,9.076093
0.476057,9.074935
0.476367,9.073776
0.476677,9.072618
0.476987,9.071463
0.477297,9.070308
0.477607,9.069155
0.477917,9.068003
0.478227,9.066852
0.478537,9.065702
0.478847,9.064557
0.479156,9.063408
0.479466,9.062262
0.479776,9.061120
0.480086,9.059977
0.480396,9.058835
0.480706,9.057693
0.481016,9.056556
0.481326,9.055418
0.481636,9.054281
0.481946,9.053145
0.482256,9.052010
0.482566,9.050879
0.482876,9.049746
0.483186,9.048616
0.483495,9.047489
0.483805,9.046361
0.484115,9.045234
0.484425,9.044108
0.484735,9.042985
0.485045,9.041862
0.485355,9.040740
0.485665,9.039621
0.485975,9.038501
0.486285,9.037385
0.486595,9.036268
0.486905,9.035151
0.487215,9.034039
0.487525,9.032924
0.487834,9.031814
0.488144,9.030702
0.488454,9.029594
0.488764,9.028484
0.489074,9.027379
0.489384,9.026275
0.489694,9.025169
0.490004,9.024067
0.490314,9.022965
0.490624,9.021863
0.490934,9.020765
0.491244,9.019667
0.491554,9.018570
0.491863,9.017471
0.492173,9.016379
0.492483,9.015285
0.492793,9.014192
0.493103,9.013101
0.493413,9.012012
0.493723,9.010921
0.494033,9.009834
0.494343,9.008748
0.494653,9.007663
0.494963,9.006579
0.495273,9.005494
0.495583,9.004414
0.495893,9.003332
0.496202,9.002254
0.496512,9.001175
0.496822,9.000097
0.497132,8.999021
0.497442,8.997947
0.497752,8.996872
0.498062,8.995800
0.498372,8.994728
0.498682,8.993658
0.498992,8.992588
0.499302,8.991521
0.499612,8.990454
0.499922,8.989389
0.500232,8.988321
0.500541,8.987259
0.500851,8.986197
0.501161,8.985135
0.501471,8.984077
0.501781,8.983016
0.502091,8.981958
0.502401,8.980903
0.502711,8.979846
0.503021,8.978791
0.503331,8.977739
0.503641,8.976685
0.503951,8.975634
0.504261,8.974585
0.504570,8.973534
0.504880,8.972488
0.505190,8.971440
0.505500,8.970394
0.505810,8.969348
0.506120,8.968307
0.506430,8.967263
0.506740,8.966220
0.507050,8.965181
0.507360,8.964143
0.507670,8.963104
0.507980,8.962067
0.508290,8.961030
0.508600,8.959994
0.508909,8.958961
0.509219,8.957929
0.509529,8.956897
0.509839,8.955866
0.510149,8.954835
0.510459,8.953808
0.510769,8.952779
0.511079,8.951753
0.511389,8.950728
0.511699,8.949703
0.512009,8.948680
0.512319,8.947658
0.512629,8.946636
0.512939,8.945617
0.513248,8.944596
0.513558,8.943579
0.513868,8.942562
0.514178,8.941545
0.514488,8.940531
0.514798,8.939516
0.515108,8.938504
0.515418,8.937491
0.515728,8.936481
0.516038,8.935472
0.516348,8.934463
0.516658,8.933454
0.516968,8.932446
0.517277,8.931441
0.517587,8.930438
0.517897,8.929433
0.518207,8.928431
0.518517,8.927427
0.518827,8.926426
0.519137,8.925427
0.519447,8.924429
0.519757,8.923432
0.520067,8.922434
0.520377,8.921439
0.520687,8.920445
0.520997,8.919451
0.521307,8.918458
0.521616,8.917467
0.521926,8.916475
0.522236,8.915485
0.522546,8.914495
0.522856,8.913509
0.523166,8.912521
0.523476,8.911535
0.523786,8.910550
0.524096,8.909568
0.524406,8.908585
0.524716,8.907603
0.525026,8.906622
0.525336,8.905642
0.525646,8.904663
0.525955,8.903685
0.526265,8.902706
0.526575,8.901731
0.526885,8.900756
0.527195,8.899780
0.527505,8.898808
0.527815,8.897838
0.528125,8.896865
0.528435,8.895894
0.528745,8.894925
0.529055,8.893956
0.529365,8.892989
0.529675,8.892023
0.529984,8.891057
0.530294,8.890092
0.530604,8.889129
0.530914,8.888166
0.531224,8.887203
0.531534,8.886243
0.531844,8.885282
0.532154,8.884323
0.532464,8.883365
0.532774,8.882408
0.533084,8.881452
0.533394,8.880495
0.533704,8.879541
0.534014,8.878591
0.534323,8.877635
0.534633,8.876684
0.534943,8.875734
0.535253,8.874784
0.535563,8.873834
0.535873,8.872886
0.536183,8.871939
0.536493,8.870992
0.536803,8.870047
0.537113,8.869102
0.537423,8.868159
0.537733,8.867216
0.538043,8.866277
0.538353,8.865335
0.538662,8.864395
0.538972,8.863457
0.539282,8.862517
0.539592,8.861581
0.539902,8.860643
0.540212,8.859708
0.540522,8.858774
0.540832,8.857841
0.541142,8.856907
0.541452,8.855975
0.541762,8.855044
0.542072,8.854114
0.542382,8.853187
0.542692,8.852258
0.543001,8.851329
0.543311,8.850404
0.543621,8.849479
0.543931,8.848554
0.544241,8.847629
0.544551,8.846705
0.544861,8.845783
0.545171,8.844863
0.545481,8.843943
0.545791,8.843021
0.546101,8.842103
0.546411,8.841187
0.546721,8.840269
0.547030,8.839353
0.547340,8.838437
0.547650,8.837523
0.547960,8.836608
0.548270,8.835698
0.548580,8.834783
0.548890,8.833872
0.549200,8.832964
0.549510,8.832052
0.549820,8.831144
0.550130,8.830236
0.550440,8.829329
0.550750,8.828425
0.551060,8.827518
0.551369,8.826613
0.551679,8.825711
0.551989,8.824808
0.552299,8.823908
0.552609,8.823006
0.552919,8.822105
0.553229,8.821207
0.553539,8.820307
0.553849,8.819409
0.554159,8.818512
0.554469,8.817616
0.554779,8.816722
0.555089,8.815825
0.555399,8.814935
0.555708,8.814041
0.556018,8.813148
0.556328,8.812257
0.556638,8.811369
0.556948,8.810477
0.557258,8.809590
0.557568,8.808702
0.557878,8.807815
0.558188,8.806930
0.558498,8.806043
0.558808,8.805159
0.559118,8.804276
0.559428,8.803392
0.559737,8.802509
0.560047,8.801627
0.560357,8.800747
0.560667,8.799869
0.560977,8.798988
0.561287,8.798109
0.561597,8.797233
0.561907,8.796356
0.562217,8.795481
0.562527,8.794604
0.562837,8.793731
0.563147,8.792857
0.563457,8.791986
0.563767,8.791114
0.564076,8.790242
0.564386,8.789371
0.564696,8.788501
0.565006,8.787632
0.565316,8.786764
0.565626,8.785898
0.565936,8.785031
0.566246,8.784166
0.566556,8.783300
0.566866,8.782436
0.567176,8.781573
0.567486,8.780710
0.567796,8.779847
0.568106,8.778988
0.568415,8.778128
0.568725,8.777267
0.569035,8.776409
0.569345,8.775551
0.569655,8.774693
0.569965,8.773836
0.570275,8.772980
0.570585,8.772125
0.570895,8.771273
0.571205,8.770418
0.571515,8.769566
0.571825,8.768714
0.572135,8.767863
0.572444,8.767014
0.572754,8.766161
0.573064,8.765312
0.573374,8.764465
0.573684,8.763618
0.573994,8.762772
0.574304,8.761926
0.574614,8.761080
0.574924,8.760237
0.575234,8.759392
0.575544,8.758549
0.575854,8.757706
0.576164,8.756866
0.576474,8.756023
0.576783,8.755182
0.577093,8.754344
0.577403,8.753507
0.577713,8.752667
0.578023,8.751830
0.578333,8.750994
0.578643,8.750159
0.578953,8.749324
0.579263,8.748490
0.579573,8.747655
0.579883,8.746822
0.580193,8.745991
0.580503,8.745158
0.580813,8.744328
0.581122,8.743500
0.581432,8.742669
0.581742,8.741841
0.582052,8.741014
0.582362,8.740187
0.582672,8.739360
0.582982,8.738535
0.583292,8.737710
0.583602,8.736885
0.583912,8.736062
0.584222,8.735238
0.584532,8.734416
0.584842,8.733595
0.585152,8.732774
0.585461,8.731955
0.585771,8.731134
0.586081,8.730316
0.586391,8.729497
0.586701,8.728681
0.587011,8.727865
0.587321,8.727049
0.587631,8.726233
0.587941,8.725420
0.588251,8.724607
0.588561,8.723794
0.588871,8.722981
0.589181,8.722170
0.589490,8.721358
0.589800,8.720548
0.590110,8.719738
0.590420,8.718929
0.590730,8.718120
0.591040,8.717316
0.591350,8.716507
0.591660,8.715701
0.591970,8.714894
0.592280,8.714089
0.592590,8.713287
0.592900,8.712482
0.593210,8.711680
0.593520,8.710879
0.593829,8.710076
0.594139,8.709278
0.594449,8.708475
0.594759,8.707676
0.595069,8.706878
0.595379,8.706081
0.595689,8.705282
0.595999,8.704487
0.596309,8.703690
0.596619,8.702895
0.596929,8.702099
0.597239,8.701306
0.597549,8.700512
0.597859,8.699720
0.598168,8.698928
0.598478,8.698136
0.598788,8.697345
0.599098,8.696556
0.599408,8.695765
0.599718,8.694978
0.600028,8.694188
0.600338,8.693399
0.600648,8.692615
0.600958,8.691828
0.601268,8.691043
0.601578,8.690258
0.601888,8.689474
0.602197,8.688689
0.602507,8.687908
0.602817,8.687125
0.603127,8.686342
0.603437,8.685562
0.603747,8.684782
0.604057,8.684002
0.604367,8.683224
0.604677,8.682445
0.604987,8.681666
0.605297,8.680890
0.605607,8.680114
0.605917,8.679337
0.606227,8.678560
0.606536,8.677788
0.606846,8.677013
0.607156,8.676240
0.607466,8.675468
0.607776,8.674696
0.608086,8.673924
0.608396,8.673154
0.608706,8.672382
0.609016,8.671613
0.609326,8.670843
0.609636,8.670077
0.609946,8.669309
0.610256,8.668541
0.610566,8.667776
0.610875,8.667009
0.611185,8.666243
0.611495,8.665480
0.611805,8.664716
0.612115,8.663953
0.612425,8.663190
0.612735,8.662428
0.613045,8.661667
0.613355,8.660905
0.613665,8.660145
0.613975,8.659387
0.614285,8.658626
0.614595,8.657868
0.614904,8.657111
0.615214,8.656352
0.615524,8.655597
0.615834,8.654840
0.616144,8.654085
0.616454,8.653332
0.616764,8.652576
0.617074,8.651824
0.617384,8.651069
0.617694,8.650318
0.618004,8.649566
0.618314,8.648815
0.618624,8.648065
0.618934,8.647314
0.619243,8.646566
0.619553,8.645817
0.619863,8.645069
0.620173,8.644321
0.620483,8.643576
0.620793,8.642829
0.621103,8.642082
0.621413,8.641337
0.621723,8.640594
0.622033,8.639849
0.622343,8.639105
0.622653,8.638363
0.622963,8.637621
0.623273,8.636878
0.623582,8.636138
0.623892,8.635397
0.624202,8.634658
0.624512,8.633920
0.624822,8.633181
0.625132,8.632442
0.625442,8.631703
0.625752,8.630967
0.626062,8.630231
0.626372,8.629495
0.626682,8.628759
0.626992,8.628025
0.627302,8.627291
0.627612,8.626558
0.627921,8.625825
0.628231,8.625093
0.628541,8.624360
0.628851,8.623631
0.629161,8.622901
0.629471,8.622171
0.629781,8.621442
0.630091,8.620712
0.630401,8.619985
0.630711,8.619256
0.631021,8.618527
0.631331,8.617802
0.631641,8.617076
0.631950,8.616350
0.632260,8.615626
0.632570,8.614900
0.632880,8.614179
0.633190,8.613455
0.633500,8.612731
0.633810,8.612010
0.634120,8.611288
0.634430,8.610568
0.634740,8.609847
0.635050,8.609126
0.635360,8.608408
0.635670,8.607690
0.635980,8.606972
0.636289,8.606255
0.636599,8.605537
0.636909,8.604819
0.637219,8.604103
0.637529,8.603389
0.637839,8.602674
0.638149,8.601962
0.638459,8.601247
0.638769,8.600533
0.639079,8.599820
0.639389,8.599109
0.639699,8.598397
0.640009,8.597687
0.640319,8.596975
0.640628,8.596266
0.640938,8.595558
0.641248,8.594849
0.641558,8.594141
0.641868,8.593433
0.642178,8.592727
0.642488,8.592019
0.642798,8.591312
0.643108,8.590608
0.643418,8.589902
0.643728,8.589198
0.644038,8.588493
0.644348,8.587792
0.644657,8.587088
0.644967,8.586386
0.645277,8.585685
0.645587,8.584981
0.645897,8.584281
0.646207,8.583583
0.646517,8.582883
0.646827,8.582183
0.647137,8.581484
0.647447,8.580787
0.647757,8.580089
0.648067,8.579392
0.648377,8.578695
0.648687,8.578002
0.648996,8.577307
0.649306,8.576609
0.649616,8.575916
0.649926,8.575222
0.650236,8.574528
0.650546,8.573836
0.650856,8.573144
0.651166,8.572453
0.651476,8.571760
0.651786,8.571069
0.652096,8.570380
0.652406,8.569692
0.652716,8.569003
0.653026,8.568314
0.653335,8.567626
0.653645,8.566937
0.653955,8.566251
0.654265,8.565563
0.654575,8.564878
0.654885,8.564194
0.655195,8.563508
0.655505,8.562824
0.655815,8.562140
0.656125,8.561455
0.656435,8.560774
0.656745,8.560090
0.657055,8.559408
0.657364,8.558727
0.657674,8.558048
0.657984,8.557366
0.658294,8.556687
0.658604,8.556007
0.658914,8.555328
0.659224,8.554650
0.659534,8.553972
0.659844,8.553295
0.660154,8.552618
0.660464,8.551943
0.660774,8.551265
0.661084,8.550590
0.661394,8.549916
0.661703,8.549242
0.662013,8.548568
0.662323,8.547896
0.662633,8.547222
0.662943,8.546550
0.663253,8.545878
0.663563,8.545206
0.663873,8.544537
0.664183,8.543866
0.664493,8.543196
0.664803,8.542526
0.665113,8.541858
0.665423,8.541189
0.665733,8.540523
0.666042,8.539854
0.666352,8.539187
0.666662,8.538522
0.666972,8.537856
0.667282,8.537190
0.667592,8.536526
0.667902,8.535861
0.668212,8.535198
0.668522,8.534535
0.668832,8.533872
0.669142,8.533209
0.669452,8.532546
0.669762,8.531885
0.670072,8.531223
0.670381,8.530564
0.670691,8.529903
0.671001,8.529243
0.671311,8.528584
0.671621,8.527925
0.671931,8.527268
0.672241,8.526611
0.672551,8.525954
0.672861,8.525297
0.673171,8.524640
0.673481,8.523986
0.673791,8.523331
0.674101,8.522675
0.674410,8.522019
0.674720,8.521369
0.675030,8.520714
0.675340,8.520061
0.675650,8.519410
0.675960,8.518758
0.676270,8.518106
0.676580,8.517454
0.676890,8.516805
0.677200,8.516153
0.677510,8.515505
0.677820,8.514856
0.678130,8.514208
0.678440,8.513559
0.678749,8.512912
0.679059,8.512264
0.679369,8.511617
0.679679,8.510972
0.679989,8.510325
0.680299,8.509682
0.680609,8.509034
0.680919,8.508390
0.681229,8.507748
0.681539,8.507105
0.681849,8.506460
0.682159,8.505818
0.682469,8.505177
0.682779,8.504534
0.683088,8.503893
0.683398,8.503253
0.683708,8.502613
0.684018,8.501973
0.684328,8.501334
0.684638,8.500696
0.684948,8.500056
0.685258,8.499418
0.685568,8.498781
0.685878,8.498145
0.686188,8.497507
0.686498,8.496871
0.686808,8.496236
0.687117,8.495601
0.687427,8.494967
0.687737,8.494333
0.688047,8.493699
0.688357,8.493066
0.688667,8.492432
0.688977,8.491800
0.689287,8.491167
0.689597,8.490536
0.689907,8.489905
0.690217,8.489273
0.690527,8.488644
0.690837,8.488015
0.691147,8.487385
0.691456,8.486754
0.691766,8.486128
0.692076,8.485498
0.692386,8.484873
0.692696,8.484244
0.693006,8.483618
0.693316,8.482993
0.693626,8.482367
0.693936,8.481741
0.694246,8.481118
0.694556,8.480493
0.694866,8.479868
0.695176,8.479244
0.695486,8.478621
0.695795,8.477999
0.696105,8.477376
0.696415,8.476755
0.696725,8.476133
0.697035,8.475514
0.697345,8.474893
0.697655,8.474273
0.697965,8.473652
0.698275,8.473035
0.698585,8.472415
0.698895,8.471797
0.699205,8.471178
0.699515,8.470562
0.699824,8.469945
0.700134,8.469327
0.700444,8.468711
0.700754,8.468097
0.701064,8.467480
0.701374,8.466866
0.701684,8.466251
0.701994,8.465636
0.702304,8.465025
0.702614,8.464411
0.702924,8.463799
0.703234,8.463185
0.703544,8.462576
0.703854,8.461964
0.704163,8.461353
0.704473,8.460743
0.704783,8.460131
0.705093,8.459521
0.705403,8.458913
0.705713,8.458304
0.706023,8.457696
0.706333,8.457088
0.706643,8.456480
0.706953,8.455873
0.707263,8.455267
0.707573,8.454659
0.707883,8.454053
0.708193,8.453449
0.708502,8.452843
0.708812,8.452239
0.709122,8.451635
0.709432,8.451031
0.709742,8.450428
0.710052,8.449825
0.710362,8.449223
0.710672,8.448620
0.710982,8.448018
0.711292,8.447417
0.711602,8.446816
0.711912,8.446216
0.712222,8.445617
0.712532,8.445017
0.712841,8.444418
0.713151,8.443818
0.713461,8.443220
0.713771,8.442623
0.714081,8.442026
0.714391,8.441427
0.714701,8.440831
0.715011,8.440236
0.715321,8.439639
0.715631,8.439044
0.715941,8.438448
0.716251,8.437854
0.716561,8.437260
0.716870,8.436665
0.717180,8.436072
0.717490,8.435480
0.717800,8.434887
0.718110,8.434294
0.718420,8.433702
0.718730,8.433110
0.719040,8.432520
0.719350,8.431931
0.719660,8.431339
0.719970,8.430751
0.720280,8.430161
0.720590,8.429570
0.720900,8.428984
0.721209,8.428393
0.721519,8.427809
0.721829,8.427220
0.722139,8.426634
0.722449,8.426046
0.722759,8.425459
0.723069,8.424874
0.723379,8.424288
0.723689,8.423704
0.723999,8.423120
0.724309,8.422535
0.724619,8.421951
0.724929,8.421368
0.725239,8.420785
0.725548,8.420203
0.725858,8.419621
0.726168,8.419038
0.726478,8.418457
0.726788,8.417876
0.727098,8.417294
0.727408,8.416715
0.727718,8.416136
0.728028,8.415558
0.728338,8.414978
0.728648,8.414398
0.728958,8.413821
0.729268,8.413242
0.729577,8.412665
0.729887,8.412088
0.730197,8.411512
0.730507,8.410934
0.730817,8.410359
0.731127,8.409783
0.731437,8.409208
0.731747,8.408633
0.732057,8.408059
0.732367,8.407487
0.732677,8.406912
0.732987,8.406338
0.733297,8.405766
0.733607,8.405194
0.733916,8.404621
0.734226,8.404051
0.734536,8.403478
0.734846,8.402908
0.735156,8.402338
0.735466,8.401767
0.735776,8.401198
0.736086,8.400629
0.736396,8.400060
0.736706,8.399490
0.737016,8.398922
0.737326,8.398354
0.737636,8.397786
0.737946,8.397220
0.738255,8.396655
0.738565,8.396087
0.738875,8.395521
0.739185,8.394957
0.739495,8.394391
0.739805,8.393826
0.740115,8.393261
0.740425,8.392696
0.740735,8.392135
0.741045,8.391571
0.741355,8.391007
0.741665,8.390446
0.741975,8.389883
0.742284,8.389321
0.742594,8.388759
0.742904,8.388201
0.743214,8.387640
0.743524,8.387077
0.743834,8.386518
0.744144,8.385958
0.744454,8.385400
0.744764,8.384842
0.745074,8.384283
0.745384,8.383727
0.745694,8.383167
0.746004,8.382607
0.746314,8.382052
0.746623,8.381495
0.746933,8.380940
0.747243,8.380384
0.747553,8.379827
0.747863,8.379274
0.748173,8.378719
0.748483,8.378164
0.748793,8.377611
0.749103,8.377057
0.749413,8.376505
0.749723,8.375951
0.750033,8.375399
0.750343,8.374846
0.750653,8.374295
0.750962,8.373743
0.751272,8.373193
0.751582,8.372642
0.751892,8.372092
0.752202,8.371543
0.752512,8.370992
0.752822,8.370442
0.753132,8.369893
0.753442,8.369346
0.753752,8.368797
0.754062,8.368249
0.754372,8.367702
0.754682,8.367155
0.754991,8.366609
0.755301,8.366061
0.755611,8.365515
0.755921,8.364971
0.756231,8.364425
0.756541,8.363880
0.756851,8.363337
0.757161,8.362791
0.757471,8.362249
0.757781,8.361705
0.758091,8.361160
0.758401,8.360618
0.758711,8.360075
0.759021,8.359533
0.759330,8.358992
0.759640,8.358451
0.759950,8.357910
0.760260,8.357369
0.760570,8.356828
0.760880,8.356288
0.761190,8.355749
0.761500,8.355211
0.761810,8.354672
0.762120,8.354133
0.762430,8.353595
0.762740,8.353056
0.763050,8.352520
0.763360,8.351983
0.763669,8.351445
0.763979,8.350908
0.764289,8.350374
0.764599,8.349837
0.764909,8.349300
0.765219,8.348767
0.765529,8.348234
0.765839,8.347699
0.766149,8.347165
0.766459,8.346630
0.766769,8.346097
0.767079,8.345565
0.767389,8.345032
0.767699,8.344499
0.768008,8.343967
0.768318,8.343437
0.768628,8.342904
0.768938,8.342374
0.769248,8.341843
0.769558,8.341314
0.769868,8.340785
0.770178,8.340255
0.770488,8.339725
0.770798,8.339196
0.771108,8.338667
0.771418,8.338140
0.771728,8.337610
0.772037,8.337083
0.772347,8.336558
0.772657,8.336032
0.772967,8.335503
0.773277,8.334979
0.773587,8.334452
0.773897,8.333926
0.774207,8.333402
0.774517,8.332878
0.774827,8.332355
0.775137,8.331829
0.775447,8.331305
0.775757,8.330782
0.776067,8.330258
0.776376,8.329738
0.776686,8.329212
0.776996,8.328692
0.777306,8.328171
0.777616,8.327649
0.777926,8.327127
0.778236,8.326608
0.778546,8.326087
0.778856,8.325567
0.779166,8.325046
0.779476,8.324530
0.779786,8.324009
0.780096,8.323490
0.780406,8.322971
0.780715,8.322454
0.781025,8.321936
0.781335,8.321419
0.781645,8.320902
0.781955,8.320385
0.782265,8.319868
0.782575,8.319353
0.782885,8.318837
0.783195,8.318322
0.783505,8.317807
0.783815,8.317291
0.784125,8.316777
0.784435,8.316264
0.784744,8.315751
0.785054,8.315236
0.785364,8.314724
0.785674,8.314212
0.785984,8.313701
0.786294,8.313187
0.786604,8.312676
0.786914,8.312164
0.787224,8.311653
0.787534,8.311142
0.787844,8.310633
0.788154,8.310121
0.788464,8.309611
0.788774,8.309101
0.789083,8.308595
0.789393,8.308084
0.789703,8.307576
0.790013,8.307068
0.790323,8.306560
0.790633,8.306052
0.790943,8.305545
0.791253,8.305038
0.791563,8.304529
0.791873,8.304026
0.792183,8.303519
0.792493,8.303016
0.792803,8.302509
0.793113,8.302004
0.793422,8.301500
0.793732,8.300996
0.794042,8.300492
0.794352,8.299988
0.794662,8.299483
0.794972,8.298982
0.795282,8.298480
0.795592,8.297975
0.795902,8.297474
0.796212,8.296973
0.796522,8.296471
0.796832,8.295969
0.797142,8.295470
0.797451,8.294968
0.797761,8.294469
0.798071,8.293969
0.798381,8.293469
0.798691,8.292971
0.799001,8.292471
0.799311,8.291971
0.799621,8.291473
0.799931,8.290977
0.800241,8.290478
0.800551,8.289981
0.800861,8.289483
0.801171,8.288987
0.801481,8.288491
0.801790,8.287995
0.802100,8.287500
0.802410,8.287003
0.802720,8.286510
0.803030,8.286015
0.803340,8.285519
0.803650,8.285026
0.803960,8.284531
0.804270,8.284039
0.804580,8.283545
0.804890,8.283052
0.805200,8.282558
0.805510,8.282066
0.805820,8.281572
0.806129,8.281082
0.806439,8.280592
0.806749,8.280100
0.807059,8.279610
0.807369,8.279119
0.807679,8.278629
0.807989,8.278139
0.808299,8.277648
0.808609,8.277159
0.808919,8.276671
0.809229,8.276183
0.809539,8.275695
0.809849,8.275207
0.810159,8.274718
0.810468,8.274230
0.810778,8.273745
0.811088,8.273258
0.811398,8.272771
0.811708,8.272283
0.812018,8.271798
0.812328,8.271313
0.812638,8.270826
0.812948,8.270342
0.813258,8.269856
0.813568,8.269373
0.813878,8.268889
0.814188,8.268405
0.814497,8.267922
0.814807,8.267439
0.815117,8.266954
0.815427,8.266472
0.815737,8.265989
0.816047,8.265510
0.816357,8.265027
0.816667,8.264545
0.816977,8.264063
0.817287,8.263584
0.817597,8.263102
0.817907,8.262624
0.818217,8.262143
0.818527,8.261664
0.818836,8.261184
0.819146,8.260706
0.819456,8.260225
0.819766,8.259748
0.820076,8.259269
0.820386,8.258792
0.820696,8.258315
0.821006,8.257838
0.821316,8.257360
0.821626,8.256884
0.821936,8.256408
0.822246,8.255932
0.822556,8.255456
0.822866,8.254981
0.823175,8.254505
0.823485,8.254031
0.823795,8.253555
0.824105,8.253081
0.824415,8.252608
0.824725,8.252133
0.825035,8.251659
0.825345,8.251188
0.825655,8.250713
0.825965,8.250241
0.826275,8.249769
0.826585,8.249298
0.826895,8.248825
0.827204,8.248355
0.827514,8.247883
0.827824,8.247414
0.828134,8.246943
0.828444,8.246471
0.828754,8.246003
0.829064,8.245534
0.829374,8.245063
0.829684,8.244595
0.829994,8.244125
0.830304,8.243656
0.830614,8.243191
0.830924,8.242723
0.831234,8.242251
0.831543,8.241787
0.831853,8.241321
0.832163,8.240853
0.832473,8.240386
0.832783,8.239919
0.833093,8.239456
0.833403,8.238987
0.833713,8.238524
0.834023,8.238058
0.834333,8.237592
0.834643,8.237129
0.834953,8.236666
0.835263,8.236200
0.835573,8.235738
0.835882,8.235273
0.836192,8.234812
0.836502,8.234346
0.836812,8.233884
0.837122,8.233423
0.837432,8.232962
0.837742,8.232501
0.838052,8.232040
0.838362,8.231578
0.838672,8.231117
0.838982,8.230656
0.839292,8.230194
0.839602,8.229736
0.839911,8.229276
0.840221,8.228816
0.840531,8.228359
0.840841,8.227900
0.841151,8.227441
0.841461,8.226983
0.841771,8.226522
0.842081,8.226067
0.842391,8.225608
0.842701,8.225152
0.843011,8.224695
0.843321,8.224240
0.843631,8.223782
0.843941,8.223327
0.844250,8.222871
0.844560,8.222415
0.844870,8.221960
0.845180,8.221504
0.845490,8.221052
0.845800,8.220596
0.846110,8.220142
0.846420,8.219688
0.846730,8.219234
0.847040,8.218782
0.847350,8.218328
0.847660,8.217877
0.847970,8.217423
0.848280,8.216971
0.848589,8.216518
0.848899,8.216067
0.849209,8.215617
0.849519,8.215165
0.849829,8.214715
0.850139,8.214265
0.850449,8.213814
0.850759,8.213363
0.851069,8.212914
0.851379,8.212465
0.851689,8.212016
0.851999,8.211567
0.852309,8.211118
0.852619,8.210670
0.852928,8.210220
0.853238,8.209775
0.853548,8.209327
0.853858,8.208880
0.854168,8.208432
0.854478,8.207985
0.854788,8.207540
0.855098,8.207094
0.855408,8.206647
0.855718,8.206201
0.856028,8.205756
0.856338,8.205311
0.856648,8.204867
0.856957,8.204421
0.857267,8.203978
0.857577,8.203533
0.857887,8.203090
0.858197,8.202646
0.858507,8.202204
0.858817,8.201760
0.859127,8.201317
0.859437,8.200874
0.859747,8.200435
0.860057,8.199992
0.860367,8.199549
0.860677,8.199109
0.860987,8.198668
0.861296,8.198226
0.861606,8.197787
0.861916,8.197346
0.862226,8.196905
0.862536,8.196465
0.862846,8.196027
0.863156,8.195587
0.863466,8.195147
0.863776,8.194709
0.864086,8.194269
0.864396,8.193833
0.864706,8.193395
0.865016,8.192957
0.865326,8.192519
0.865635,8.192082
0.865945,8.191644
0.866255,8.191209
0.866565,8.190771
0.866875,8.190336
0.867185,8.189901
0.867495,8.189465
0.867805,8.189029
0.868115,8.188594
0.868425,8.188159
0.868735,8.187725
0.869045,8.187290
0.869355,8.186856
0.869664,8.186424
0.869974,8.185987
0.870284,8.185555
0.870594,8.185122
0.870904,8.184690
0.871214,8.184258
0.871524,8.183825
0.871834,8.183394
0.872144,8.182961
0.872454,8.182531
0.872764,8.182100
0.873074,8.181667
0.873384,8.181237
0.873694,8.180807
0.874003,8.180377
0.874313,8.179947
0.874623,8.179517
0.874933,8.179089
0.875243,8.178659
0.875553,8.178230
0.875863,8.177801
0.876173,8.177374
0.876483,8.176945
0.876793,8.176517
0.877103,8.176089
0.877413,8.175661
0.877723,8.175237
0.878033,8.174809
0.878342,8.174382
0.878652,8.173955
0.878962,8.173531
0.879272,8.173103
0.879582,8.172678
0.879892,8.172254
0.880202,8.171828
0.880512,8.171403
0.880822,8.170979
0.881132,8.170553
0.881442,8.170129
0.881752,8.169706
0.882062,8.169283
0.882371,8.168859
0.882681,8.168435
0.882991,8.168015
0.883301,8.167590
0.883611,8.167169
0.883921,8.166747
0.884231,8.166326
0.884541,8.165904
0.884851,8.165482
0.885161,8.165062
0.885471,8.164640
0.885781,8.164220
0.886091,8.163799
0.886401,8.163380
0.886710,8.162959
0.887020,8.162539
0.887330,8.162120
0.887640,8.161702
0.887950,8.161283
0.888260,8.160866
0.888570,8.160445
0.888880,8.160028
0.889190,8.159610
0.889500,8.159192
0.889810,8.158774
0.890120,8.158359
0.890430,8.157940
0.890740,8.157524
0.891049,8.157108
0.891359,8.156693
0.891669,8.156275
0.891979,8.155860
0.892289,8.155445
0.892599,8.155030
0.892909,8.154614
0.893219,8.154202
0.893529,8.153785
0.893839,8.153371
0.894149,8.152958
0.894459,8.152544
0.894769,8.152130
0.895079,8.151718
0.895388,8.151304
0.895698,8.150892
0.896008,8.150478
0.896318,8.150066
0.896628,8.149655
0.896938,8.149241
0.897248,8.148830
0.897558,8.148422
0.897868,8.148008
0.898178,8.147599
0.898488,8.147188
0.898798,8.146776
0.899108,8.146368
0.899417,8.145958
0.899727,8.145549
0.900037,8.145139
0.900347,8.144731
0.900657,8.144322
0.900967,8.143914
0.901277,8.143503
0.901587,8.143098
0.901897,8.142690
0.902207,8.142282
0.902517,8.141874
0.902827,8.141467
0.903137,8.141060
0.903447,8.140653
0.903756,8.140244
0.904066,8.139841
0.904376,8.139434
0.904686,8.139029
0.904996,8.138622
0.905306,8.138217
0.905616,8.137812
0.905926,8.137407
0.906236,8.137001
0.906546,8.136600
0.906856,8.136194
0.907166,8.135790
0.907476,8.135387
0.907786,8.134983
0.908095,8.134582
0.908405,8.134177
0.908715,8.133776
0.909025,8.133371
0.909335,8.132970
0.909645,8.132567
0.909955,8.132166
0.910265,8.131764
0.910575,8.131363
0.910885,8.130962
0.911195,8.130562
0.911505,8.130160
0.911815,8.129761
0.912124,8.129359
0.912434,8.128960
0.912744,8.128558
0.913054,8.128161
0.913364,8.127764
0.913674,8.127363
0.913984,8.126965
0.914294,8.126565
0.914604,8.126167
0.914914,8.125768
0.915224,8.125372
0.915534,8.124973
0.915844,8.124578
0.916154,8.124178
0.916463,8.123782
0.916773,8.123383
0.917083,8.122990
0.917393,8.122592
0.917703,8.122196
0.918013,8.121801
0.918323,8.121406
0.918633,8.121011
0.918943,8.120618
0.919253,8.120221
0.919563,8.119824
0.919873,8.119432
0.920183,8.119039
0.920493,8.118644
0.920802,8.118249
0.921112,8.117856
0.921422,8.117462
0.921732,8.117071
0.922042,8.116677
0.922352,8.116283
0.922662,8.115892
0.922972,8.115500
0.923282,8.115108
0.923592,8.114717
0.923902,8.114326
0.924212,8.113934
0.924522,8.113543
0.924831,8.113151
0.925141,8.112762
0.925451,8.112371
0.925761,8.111982
0.926071,8.111591
0.926381,8.111201
0.926691,8.110813
0.927001,8.110424
0.927311,8.110035
0.927621,8.109646
0.927931,8.109258
0.928241,8.108868
0.928551,8.108479
0.928861,8.108094
0.929170,8.107706
0.929480,8.107318
0.929790,8.106931
0.930100,8.106544
0.930410,8.106158
0.930720,8.105771
0.931030,8.105384
0.931340,8.104997
0.931650,8.104611
0.931960,8.104227
0.932270,8.103840
0.932580,8.103457
0.932890,8.103071
0.933200,8.102685
0.933509,8.102302
0.933819,8.101918
0.934129,8.101532
0.934439,8.101150
0.934749,8.100765
0.935059,8.100383
0.935369,8.099999
0.935679,8.099615
0.935989,8.099233
0.936299,8.098850
0.936609,8.098466
0.936919,8.098086
0.937229,8.097702
0.937539,8.097322
0.937848,8.096941
0.938158,8.096559
0.938468,8.096179
0.938778,8.095798
0.939088,8.095417
0.939398,8.095037
0.939708,8.094657
0.940018,8.094276
0.940328,8.093897
0.940638,8.093517
0.940948,8.093137
0.941258,8.092758
0.941568,8.092379
0.941877,8.092002
0.942187,8.091623
0.942497,8.091243
0.942807,8.090868
0.943117,8.090487
0.943427,8.090112
0.943737,8.089734
0.944047,8.089357
0.944357,8.088980
0.944667,8.088602
0.944977,8.088227
0.945287,8.087850
0.945597,8.087475
0.945907,8.087097
0.946216,8.086721
0.946526,8.086347
0.946836,8.085972
0.947146,8.085596
0.947456,8.085222
0.947766,8.084847
0.948076,8.084473
0.948386,8.084097
0.948696,8.083725
0.949006,8.083351
0.949316,8.082975
0.949626,8.082602
0.949936,8.082230
0.950246,8.081857
0.950555,8.081484
0.950865,8.081111
0.951175,8.080740
0.951485,8.080369
0.951795,8.079994
0.952105,8.079623
0.952415,8.079253
0.952725,8.078881
0.953035,8.078510
0.953345,8.078140
0.953655,8.077767
0.953965,8.077398
0.954275,8.077029
0.954584,8.076657
0.954894,8.076288
0.955204,8.075919
0.955514,8.075549
0.955824,8.075181
0.956134,8.074812
0.956444,8.074443
0.956754,8.074076
0.957064,8.073707
0.957374,8.073338
0.957684,8.072970
0.957994,8.072604
0.958304,8.072235
0.958614,8.071868
0.958923,8.071501
0.959233,8.071135
0.959543,8.070767
0.959853,8.070402
0.960163,8.070035
0.960473,8.069668
0.960783,8.069303
0.961093,8.068935
0.961403,8.068571
0.961713,8.068206
0.962023,8.067842
0.962333,8.067477
0.962643,8.067113
0.962953,8.066747
0.963262,8.066384
0.963572,8.066019
0.963882,8.065656
0.964192,8.065293
0.964502,8.064929
0.964812,8.064566
0.965122,8.064203
0.965432,8.063839
0.965742,8.063477
0.966052,8.063115
0.966362,8.062754
0.966672,8.062391
0.966982,8.062030
0.967291,8.061668
0.967601,8.061306
0.967911,8.060946
0.968221,8.060582
0.968531,8.060222
0.968841,8.059863
0.969151,8.059502
0.969461,8.059142
0.969771,8.058781
0.970081,8.058422
0.970391,8.058063
0.970701,8.057704
0.971011,8.057343
0.971321,8.056985
0.971630,8.056624
0.971940,8.056268
0.972250,8.055907
0.972560,8.055551
0.972870,8.055193
0.973180,8.054836
0.973490,8.054478
0.973800,8.054119
0.974110,8.053762
0.974420,8.053405
0.974730,8.053049
0.975040,8.052692
0.975350,8.052338
0.975660,8.051980
0.975969,8.051624
0.976279,8.051268
0.976589,8.050913
0.976899,8.050558
0.977209,8.050202
0.977519,8.049847
0.977829,8.049494
0.978139,8.049135
0.978449,8.048784
0.978759,8.048429
0.979069,8.048076
0.979379,8.047722
0.979689,8.047368
0.979998,8.047015
0.980308,8.046660
0.980618,8.046307
0.980928,8.045956
0.981238,8.045602
0.981548,8.045250
0.981858,8.044899
0.982168,8.044546
0.982478,8.044193
0.982788,8.043843
0.983098,8.043490
0.983408,8.043140
0.983718,8.042788
0.984028,8.042439
0.984337,8.042086
0.984647,8.041737
0.984957,8.041388
0.985267,8.041037
0.985577,8.040688
0.985887,8.040335
0.986197,8.039989
0.986507,8.039638
0.986817,8.039289
0.987127,8.038939
0.987437,8.038591
0.987747,8.038240
0.988057,8.037893
0.988367,8.037546
0.988676,8.037200
0.988986,8.036851
0.989296,8.036502
0.989606,8.036154
0.989916,8.035808
0.990226,8.035460
0.990536,8.035112
0.990846,8.034768
0.991156,8.034421
0.991466,8.034074
0.991776,8.033728
0.992086,8.033382
0.992396,8.033035
0.992706,8.032691
0.993015,8.032344
0.993325,8.032000
0.993635,8.031654
0.993945,8.031310
0.994255,8.030966
0.994565,8.030622
0.994875,8.030276
0.995185,8.029934
0.995495,8.029589
0.995805,8.029246
0.996115,8.028902
0.996425,8.028561
0.996735,8.028216
0.997044,8.027873
0.997354,8.027532
0.997664,8.027187
0.997974,8.026846
0.998284,8.026505
0.998594,8.026163
0.998904,8.025821
0.999214,8.025478
0.999524,8.025138
0.999834,8.024796
1.000144,8.024456
1.000454,8.024115
1.000764,8.023773
1.001074,8.023433
1.001383,8.023093
1.001693,8.022752
1.002003,8.022412
1.002313,8.022072
1.002623,8.021733
1.002933,8.021394
1.003243,8.021055
1.003553,8.020717
1.003863,8.020377
1.004173,8.020039
1.004483,8.019702
1.004793,8.019361
1.005103,8.019025
1.005413,8.018686
1.005722,8.018348
1.006032,8.018010
1.006342,8.017674
1.006652,8.017336
1.006962,8.016999
1.007272,8.016663
1.007582,8.016326
1.007892,8.015987
1.008202,8.015655
1.008512,8.015318
1.008822,8.014982
1.009132,8.014645
1.009442,8.014311
1.009751,8.013974
1.010061,8.013638
1.010371,8.013305
1.010681,8.012969
1.010991,8.012635
1.011301,8.012301
1.011611,8.011968
1.011921,8.011633
1.012231,8.011299
1.012541,8.010964
1.012851,8.010631
1.013161,8.010298
1.013471,8.009964
1.013781,8.009633
1.014090,8.009300
1.014400,8.008967
1.014710,8.008635
1.015020,8.008301
1.015330,8.007971
1.015640,8.007639
1.015950,8.007305
1.016260,8.006975
1.016570,8.006644
1.016880,8.006312
1.017190,8.005982
1.017500,8.005651
1.017810,8.005320
1.018120,8.004990
1.018429,8.004659
1.018739,8.004329
1.019049,8.004000
1.019359,8.003669
1.019669,8.003340
1.019979,8.003012
1.020289,8.002682
1.020599,8.002354
1.020909,8.002023
1.021219,8.001695
1.021529,8.001366
1.021839,8.001038
1.022149,8.000710
1.022458,8.000382
1.022768,8.000054
1.023078,7.999726
1.023388,7.999399
1.023698,7.999071
1.024008,7.998744
1.024318,7.998416
1.024628,7.998091
1.024938,7.997764
1.025248,7.997438
1.025558,7.997109
1.025868,7.996785
1.026178,7.996458
1.026488,7.996133
1.026797,7.995809
1.027107,7.995483
1.027417,7.995156
1.027727,7.994833
1.028037,7.994508
1.028347,7.994184
1.028657,7.993858
1.028967,7.993534
1.029277,7.993209
1.029587,7.992887
1.029897,7.992561
1.030207,7.992237
1.030517,7.991916
1.030827,7.991590
1.031136,7.991268
1.031446,7.990946
1.031756,7.990623
1.032066,7.990301
1.032376,7.989979
1.032686,7.989655
1.032996,7.989332
1.033306,7.989010
1.033616,7.988688
1.033926,7.988368
1.034236,7.988047
1.034546,7.987726
1.034856,7.987405
1.035166,7.987083
1.035475,7.986762
1.035785,7.986442
1.036095,7.986122
1.036405,7.985804
1.036715,7.985482
1.037025,7.985162
1.037335,7.984842
1.037645,7.984523
1.037955,7.984203
1.038265,7.983885
1.038575,7.983565
1.038885,7.983245
1.039195,7.982927
1.039504,7.982610
1.039814,7.982290
1.040124,7.981972
1.040434,7.981654
1.040744,7.981338
1.041054,7.981019
1.041364,7.980701
1.041674,7.980383
1.041984,7.980067
1.042294,7.979750
1.042604,7.979433
1.042914,7.979115
1.043224,7.978799
1.043534,7.978483
1.043843,7.978167
1.044153,7.977850
1.044463,7.977534
1.044773,7.977221
1.045083,7.976904
1.045393,7.976588
1.045703,7.976274
1.046013,7.975958
1.046323,7.975645
1.046633,7.975329
1.046943,7.975014
1.047253,7.974699
1.047563,7.974386
1.047873,7.974072
1.048182,7.973758
1.048492,7.973445
1.048802,7.973132
1.049112,7.972819
1.049422,7.972504
1.049732,7.972191
1.050042,7.971877
1.050352,7.971566
1.050662,7.971253
1.050972,7.970941
1.051282,7.970630
1.051592,7.970317
1.051902,7.970005
1.052211,7.969694
1.052521,7.969381
1.052831,7.969070
1.053141,7.968759
1.053451,7.968447
1.053761,7.968137
1.054071,7.967826
1.054381,7.967516
1.054691,7.967204
1.055001,7.966894
1.055311,7.966586
1.055621,7.966274
1.055931,7.965964
1.056241,7.965656
1.056550,7.965345
1.056860,7.965035
1.057170,7.964727
1.057480,7.964418
1.057790,7.964110
1.058100,7.963799
1.058410,7.963491
1.058720,7.963183
1.059030,7.962875
1.059340,7.962567
1.059650,7.962259
1.059960,7.961951
1.060270,7.961643
1.060580,7.961338
1.060889,7.961030
1.061199,7.960723
1.061509,7.960416
1.061819,7.960108
1.062129,7.959804
1.062439,7.959495
1.062749,7.959189
1.063059,7.958884
1.063369,7.958577
1.063679,7.958272
1.063989,7.957966
1.064299,7.957661
1.064609,7.957356
1.064918,7.957050
1.065228,7.956745
1.065538,7.956441
1.065848,7.956135
1.066158,7.955832
1.066468,7.955526
1.066778,7.955223
1.067088,7.954919
1.067398,7.954616
1.067708,7.954311
1.068018,7.954008
1.068328,7.953703
1.068638,7.953401
1.068948,7.953098
1.069257,7.952793
1.069567,7.952491
1.069877,7.952190
1.070187,7.951886
1.070497,7.951583
1.070807,7.951282
1.071117,7.950979
1.071427,7.950677
1.071737,7.950377
1.072047,7.950074
1.072357,7.949774
1.072667,7.949472
1.072977,7.949169
1.073287,7.948871
1.073596,7.948569
1.073906,7.948270
1.074216,7.947968
1.074526,7.947669
1.074836,7.947368
1.075146,7.947068
1.075456,7.946767
1.075766,7.946469
1.076076,7.946169
1.076386,7.945869
1.076696,7.945570
1.077006,7.945270
1.077316,7.944973
1.077626,7.944673
1.077935,7.944376
1.078245,7.944077
1.078555,7.943777
1.078865,7.943480
1.079175,7.943181
1.079485,7.942883
1.079795,7.942585
1.080105,7.942288
1.080415,7.941990
1.080725,7.941692
1.081035,7.941395
1.081345,7.941100
1.081655,7.940802
1.081964,7.940506
1.082274,7.940208
1.082584,7.939914
1.082894,7.939617
1.083204,7.939322
1.083514,7.939024
1.083824,7.938729
1.084134,7.938434
1.084444,7.938137
1.084754,7.937841
1.085064,7.937546
1.085374,7.937252
1.085684,7.936956
1.085994,7.936664
1.086303,7.936368
1.086613,7.936073
1.086923,7.935781
1.087233,7.935486
1.087543,7.935191
1.087853,7.934896
1.088163,7.934604
1.088473,7.934310
1.088783,7.934015
1.089093,7.933724
1.089403,7.933431
1.089713,7.933137
1.090023,7.932845
1.090333,7.932551
1.090642,7.932258
1.090952,7.931967
1.091262,7.931675
1.091572,7.931381
1.091882,7.931093
1.092192,7.930799
1.092502,7.930509
1.092812,7.930218
1.093122,7.929924
1.093432,7.929633
1.093742,7.929342
1.094052,7.929052
1.094362,7.928760
1.094671,7.928472
1.094981,7.928181
1.095291,7.927890
1.095601,7.927601
1.095911,7.927309
1.096221,7.927021
1.096531,7.926730
1.096841,7.926439
1.097151,7.926151
1.097461,7.925860
1.097771,7.925572
1.098081,7.925284
1.098391,7.924994
1.098701,7.924705
1.099010,7.924417
1.099320,7.924129
1.099630,7.923841
1.099940,7.923554
1.100250,7.923264
1.100560,7.922976
1.100870,7.922690
1.101180,7.922400
1.101490,7.922113
1.101800,7.921827
1.102110,7.921540
1.102420,7.921253
1.102730,7.920966
1.103040,7.920680
1.103349,7.920392
1.103659,7.920107
1.103969,7.919819
1.104279,7.919534
1.104589,7.919247
1.104899,7.918962
1.105209,7.918674
1.105519,7.918392
1.105829,7.918105
1.106139,7.917820
1.106449,7.917536
1.106759,7.917251
1.107069,7.916965
1.107378,7.916680
1.107688,7.916394
1.107998,7.916111
1.108308,7.915827
1.108618,7.915543
1.108928,7.915258
1.109238,7.914975
1.109548,7.914690
1.109858,7.914408
1.110168,7.914124
1.110478,7.913843
1.110788,7.913558
1.111098,7.913276
1.111408,7.912993
1.111717,7.912710
1.112027,7.912426
1.112337,7.912143
1.112647,7.911860
1.112957,7.911580
1.113267,7.911298
1.113577,7.911015
1.113887,7.910733
1.114197,7.910453
1.114507,7.910170
1.114817,7.909891
1.115127,7.909607
1.115437,7.909327
1.115747,7.909045
1.116056,7.908765
1.116366,7.908484
1.116676,7.908203
1.116986,7.907922
1.117296,7.907642
1.117606,7.907363
1.117916,7.907084
1.118226,7.906802
1.118536,7.906524
1.118846,7.906243
1.119156,7.905963
1.119466,7.905685
1.119776,7.905407
1.120086,7.905127
1.120395,7.904847
1.120705,7.904569
1.121015,7.904289
1.121325,7.904013
1.121635,7.903734
1.121945,7.903456
1.122255,7.903177
1.122565,7.902900
1.122875,7.902620
1.123185,7.902344
1.123495,7.902067
1.123805,7.901788
1.124115,7.901510
1.124424,7.901234
1.124734,7.900957
1.125044,7.900680
1.125354,7.900404
1.125664,7.900127
1.125974,7.899850
1.126284,7.899573
1.126594,7.899296
1.126904,7.899021
1.127214,7.898746
1.127524,7.898469
1.127834,7.898195
1.128144,7.897919
1.128454,7.897643
1.128763,7.897367
1.129073,7.897094
1.129383,7.896817
1.129693,7.896544
1.130003,7.896269
1.130313,7.895992
1.130623,7.895717
1.130933,7.895444
1.131243,7.895170
1.131553,7.894897
1.131863,7.894621
1.132173,7.894348
1.132483,7.894074
1.132793,7.893802
1.133102,7.893528
1.133412,7.893254
1.133722,7.892981
1.134032,7.892708
1.134342,7.892435
1.134652,7.892164
1.134962,7.891891
1.135272,7.891617
1.135582,7.891344
1.135892,7.891073
1.136202,7.890801
1.136512,7.890529
1.136822,7.890258
1.137131,7.889984
1.137441,7.889713
1.137751,7.889441
1.138061,7.889170
1.138371,7.888901
1.138681,7.888628
1.138991,7.888356
1.139301,7.888085
1.139611,7.887815
1.139921,7.887545
1.140231,7.887273
1.140541,7.887003
1.140851,7.886734
1.141161,7.886464
1.141470,7.886194
1.141780,7.885925
1.142090,7.885654
1.142400,7.885384
1.142710,7.885116
1.143020,7.884845
1.143330,7.884575
1.143640,7.884308
1.143950,7.884039
1.144260,7.883769
1.144570,7.883501
1.144880,7.883232
1.145190,7.882965
1.145500,7.882696
1.145809,7.882428
1.146119,7.882160
1.146429,7.881890
1.146739,7.881624
1.147049,7.881357
1.147359,7.881087
1.147669,7.880820
1.147979,7.880555
1.148289,7.880287
1.148599,7.880020
1.148909,7.879750
1.149219,7.879487
1.149529,7.879220
1.149838,7.878952
1.150148,7.878687
1.150458,7.878420
1.150768,7.878154
1.151078,7.877889
1.151388,7.877623
1.151698,7.877357
1.152008,7.877090
1.152318,7.876825
1.152628,7.876559
1.152938,7.876292
1.153248,7.876029
1.153558,7.875764
1.153868,7.875500
1.154177,7.875234
1.154487,7.874969
1.154797,7.874704
1.155107,7.874440
1.155417,7.874176
1.155727,7.873911
1.156037,7.873649
1.156347,7.873385
1.156657,7.873119
1.156967,7.872855
1.157277,7.872592
1.157587,7.872330
1.157897,7.872066
1.158207,7.871802
1.158516,7.871540
1.158826,7.871277
1.159136,7.871014
1.159446,7.870752
1.159756,7.870488
1.160066,7.870226
1.160376,7.869963
1.160686,7.869701
1.160996,7.869441
1.161306,7.869176
1.161616,7.868916
1.161926,7.868654
1.162236,7.868392
1.162546,7.868132
1.162855,7.867870
1.163165,7.867608
1.163475,7.867346
1.163785,7.867086
1.164095,7.866824
1.164405,7.866563
1.164715,7.866302
1.165025,7.866043
1.165335,7.865781
1.165645,7.865522
1.165955,7.865262
1.166265,7.865001
1.166575,7.864741
1.166884,7.864481
1.167194,7.864222
1.167504,7.863962
1.167814,7.863704
1.168124,7.863442
1.168434,7.863184
1.168744,7.862926
1.169054,7.862666
1.169364,7.862407
1.169674,7.862147
1.169984,7.861891
1.170294,7.861631
1.170604,7.861372
1.170914,7.861113
1.171223,7.860855
1.171533,7.860598
1.171843,7.860341
1.172153,7.860082
1.172463,7.859824
1.172773,7.859567
1.173083,7.859310
1.173393,7.859052
1.173703,7.858794
1.174013,7.858537
1.174323,7.858279
1.174633,7.858022
1.174943,7.857766
1.175253,7.857508
1.175562,7.857253
1.175872,7.856997
1.176182,7.856740
1.176492,7.856483
1.176802,7.856228
1.177112,7.855970
1.177422,7.855716
1.177732,7.855459
1.178042,7.855204
1.178352,7.854948
1.178662,7.854692
1.178972,7.854436
1.179282,7.854182
1.179591,7.853929
1.179901,7.853672
1.180211,7.853415
1.180521,7.853162
1.180831,7.852906
1.181141,7.852653
1.181451,7.852398
1.181761,7.852143
1.182071,7.851890
1.182381,7.851636
1.182691,7.851381
1.183001,7.851127
1.183311,7.850873
1.183621,7.850619
1.183930,7.850366
1.184240,7.850113
1.184550,7.849860
1.184860,7.849607
1.185170,7.849353
1.185480,7.849100
1.185790,7.848848
1.186100,7.848595
1.186410,7.848341
1.186720,7.848089
1.187030,7.847836
1.187340,7.847585
1.187650,7.847331
1.187960,7.847080
1.188269,7.846828
1.188579,7.846578
1.188889,7.846324
1.189199,7.846071
1.189509,7.845821
1.189819,7.845570
1.190129,7.845320
1.190439,7.845067
1.190749,7.844816
1.191059,7.844565
1.191369,7.844314
1.191679,7.844064
1.191989,7.843813
1.192298,7.843562
1.192608,7.843311
1.192918,7.843060
1.193228,7.842811
1.193538,7.842562
1.193848,7.842311
1.194158,7.842061
1.194468,7.841809
1.194778,7.841559
1.195088,7.841310
1.195398,7.841062
1.195708,7.840811
1.196018,7.840562
1.196328,7.840314
1.196637,7.840065
1.196947,7.839816
1.197257,7.839566
1.197567,7.839318
1.197877,7.839070
1.198187,7.838820
1.198497,7.838571
1.198807,7.838323
1.199117,7.838076
1.199427,7.837828
1.199737,7.837580
1.200047,7.837332
1.200357,7.837085
1.200667,7.836837
1.200976,7.836589
1.201286,7.836341
1.201596,7.836094
1.201906,7.835846
1.202216,7.835598
1.202526,7.835350
1.202836,7.835105
1.203146,7.834858
1.203456,7.834611
1.203766,7.834364
1.204076,7.834116
1.204386,7.833872
1.204696,7.833625
1.205006,7.833379
1.205315,7.833132
1.205625,7.832885
1.205935,7.832640
1.206245,7.832395
1.206555,7.832148
1.206865,7.831903
1.207175,7.831658
1.207485,7.831412
1.207795,7.831165
1.208105,7.830921
1.208415,7.830676
1.208725,7.830431
1.209035,7.830184
1.209344,7.829942
1.209654,7.829696
1.209964,7.829452
1.210274,7.829206
1.210584,7.828963
1.210894,7.828718
1.211204,7.828472
1.211514,7.828229
1.211824,7.827987
1.212134,7.827742
1.212444,7.827497
1.212754,7.827253
1.213064,7.827009
1.213374,7.826767
1.213683,7.826523
1.213993,7.826280
1.214303,7.826036
1.214613,7.825791
1.214923,7.825550
1.215233,7.825306
1.215543,7.825065
1.215853,7.824821
1.216163,7.824578
1.216473,7.824337
1.216783,7.824093
1.217093,7.823852
1.217403,7.823608
1.217713,7.823366
1.218022,7.823126
1.218332,7.822883
1.218642,7.822641
1.218952,7.822399
1.219262,7.822158
1.219572,7.821916
1.219882,7.821674
1.220192,7.821434
1.220502,7.821191
1.220812,7.820950
1.221122,7.820708
1.221432,7.820469
1.221742,7.820227
1.222051,7.819986
1.222361,7.819746
1.222671,7.819505
1.222981,7.819264
1.223291,7.819023
1.223601,7.818783
1.223911,7.818544
1.224221,7.818302
1.224531,7.818065
1.224841,7.817823
1.225151,7.817583
1.225461,7.817343
1.225771,7.817103
1.226081,7.816866
1.226390,7.816624
1.226700,7.816385
1.227010,7.816146
1.227320,7.815907
1.227630,7.815667
1.227940,7.815429
1.228250,7.815188
1.228560,7.814950
1.228870,7.814711
1.229180,7.814474
1.229490,7.814233
1.229800,7.813994
1.230110,7.813759
1.230420,7.813519
1.230729,7.813279
1.231039,7.813042
1.231349,7.812805
1.231659,7.812568
1.231969,7.812329
1.232279,7.812092
1.232589,7.811852
1.232899,7.811615
1.233209,7.811378
1.233519,7.811140
1.233829,7.810904
1.234139,7.810665
1.234449,7.810430
1.234758,7.810189
1.235068,7.809954
1.235378,7.809715
1.235688,7.809480
1.235998,7.809243
1.236308,7.809006
1.236618,7.808770
1.236928,7.808535
1.237238,7.808297
1.237548,7.808061
1.237858,7.807825
1.238168,7.807589
1.238478,7.807353
1.238788,7.807119
1.239097,7.806881
1.239407,7.806646
1.239717,7.806410
1.240027,7.806174
1.240337,7.805938
1.240647,7.805705
1.240957,7.805470
1.241267,7.805233
1.241577,7.804997
1.241887,7.804760
1.242197,7.804525
1.242507,7.804293
1.242817,7.804057
1.243127,7.803823
1.243436,7.803589
1.243746,7.803354
1.244056,7.803118
1.244366,7.802886
1.244676,7.802650
1.244986,7.802416
1.245296,7.802182
1.245606,7.801949
1.245916,7.801714
1.246226,7.801479
1.246536,7.801247
1.246846,7.801014
1.247156,7.800777
1.247465,7.800545
1.247775,7.800312
1.248085,7.800078
1.248395,7.799843
1.248705,7.799611
1.249015,7.799379
1.249325,7.799146
1.249635,7.798913
1.249945,7.798680
1.250255,7.798447
1.250565,7.798214
1.250875,7.797983
1.251185,7.797750
1.251495,7.797517
1.251804,7.797283
1.252114,7.797050
1.252424,7.796820
1.252734,7.796587
1.253044,7.796354
1.253354,7.796124
1.253664,7.795892
1.253974,7.795659
1.254284,7.795428
1.254594,7.795196
1.254904,7.794964
1.255214,7.794733
1.255524,7.794500
1.255834,7.794269
1.256143,7.794038
1.256453,7.793807
1.256763,7.793576
1.257073,7.793344
1.257383,7.793114
1.257693,7.792884
1.258003,7.792653
1.258313,7.792421
1.258623,7.792189
1.258933,7.791960
1.259243,7.791729
1.259553,7.791499
1.259863,7.791269
1.260173,7.791039
1.260482,7.790808
1.260792,7.790577
1.261102,7.790348
1.261412,7.790118
1.261722,7.789887
1.262032,7.789657
1.262342,7.789427
1.262652,7.789199
1.262962,7.788966
1.263272,7.788740
1.263582,7.788509
1.263892,7.788280
1.264202,7.788050
1.264511,7.787821
1.264821,7.787592
1.265131,7.787363
1.265441,7.787133
1.265751,7.786903
1.266061,7.786675
1.266371,7.786447
1.266681,7.786220
1.266991,7.785989
1.267301,7.785761
1.267611,7.785532
1.267921,7.785304
1.268231,7.785076
1.268541,7.784845
1.268850,7.784617
1.269160,7.784389
1.269470,7.784162
1.269780,7.783933
1.270090,7.783705
1.270400,7.783479
1.270710,7.783250
1.271020,7.783023
1.271330,7.782796
1.271640,7.782565
1.271950,7.782339
1.272260,7.782109
1.272570,7.781883
1.272880,7.781655
1.273189,7.781427
1.273499,7.781201
1.273809,7.780974
1.274119,7.780746
1.274429,7.780519
1.274739,7.780294
1.275049,7.780066
1.275359,7.779840
1.275669,7.779610
1.275979,7.779386
1.276289,7.779159
1.276599,7.778933
1.276909,7.778706
1.277218,7.778478
1.277528,7.778253
1.277838,7.778028
1.278148,7.777799
1.278458,7.777575
1.278768,7.777348
1.279078,7.777121
1.279388,7.776896
1.279698,7.776670
1.280008,7.776444
1.280318,7.776217
1.280628,7.775992
1.280938,7.775767
1.281248,7.775538
1.281557,7.775314
1.281867,7.775089
1.282177,7.774862
1.282487,7.774639
1.282797,7.774413
1.283107,7.774189
1.283417,7.773962
1.283727,7.773737
1.284037,7.773511
1.284347,7.773287
1.284657,7.773062
1.284967,7.772839
1.285277,7.772613
1.285587,7.772387
1.285896,7.772162
1.286206,7.771937
1.286516,7.771712
1.286826,7.771490
1.287136,7.771264
1.287446,7.771040
1.287756,7.770816
1.288066,7.770589
1.288376,7.770367
1.288686,7.770142
1.288996,7.769917
1.289306,7.769693
1.289616,7.769470
1.289925,7.769245
1.290235,7.769021
1.290545,7.768799
1.290855,7.768575
1.291165,7.768350
1.291475,7.768126
1.291785,7.767901
1.292095,7.767679
1.292405,7.767455
1.292715,7.767230
1.293025,7.767009
1.293335,7.766784
1.293645,7.766562
1.293955,7.766338
1.294264,7.766113
1.294574,7.765892
1.294884,7.765666
1.295194,7.765444
1.295504,7.765222
1.295814,7.764997
1.296124,7.764775
1.296434,7.764551
1.296744,7.764330
1.297054,7.764107
1.297364,7.763885
1.297674,7.763661
1.297984,7.763437
1.298294,7.763215
1.298603,7.762993
1.298913,7.762771
1.299223,7.762547
1.299533,7.762324
1.299843,7.762103
1.300153,7.761881
1.300463,7.761658
1.300773,7.761436
1.301083,7.761212
1.301393,7.760992
1.301703,7.760768
1.302013,7.760548
1.302323,7.760324
1.302633,7.760102
1.302942,7.759882
1.303252,7.759659
1.303562,7.759436
1.303872,7.759216
1.304182,7.758994
1.304492,7.758770
1.304802,7.758549
1.305112,7.758329
1.305422,7.758107
1.305732,7.757884
1.306042,7.757662
1.306352,7.757442
1.306662,7.757221
1.306971,7.756998
1.307281,7.756777
1.307591,7.756557
1.307901,7.756334
1.308211,7.756114
1.308521,7.755893
1.308831,7.755671
1.309141,7.755449
1.309451,7.755228
1.309761,7.755008
1.310071,7.754786
1.310381,7.754565
1.310691,7.754345
1.311001,7.754123
1.311310,7.753903
1.311620,7.753682
1.311930,7.753461
1.312240,7.753241
1.312550,7.753017
1.312860,7.752798
1.313170,7.752579
1.313480,7.752357
1.313790,7.752136
1.314100,7.751916
1.314410,7.751695
1.314720,7.751474
1.315030,7.751254
1.315340,7.751034
1.315649,7.750813
1.315959,7.750593
1.316269,7.750372
1.316579,7.750152
1.316889,7.749931
1.317199,7.749711
1.317509,7.749491
1.317819,7.749271
1.318129,7.749052
1.318439,7.748829
1.318749,7.748609
1.319059,7.748388
1.319369,7.748171
1.319678,7.747952
1.319988,7.747731
1.320298,7.747509
1.320608,7.747291
1.320918,7.747070
1.321228,7.746852
1.321538,7.746632
1.321848,7.746408
1.322158,7.746190
1.322468,7.745971
1.322778,7.745751
1.323088,7.745530
1.323398,7.745310
1.323708,7.745093
1.324017,7.744870
1.324327,7.744653
1.324637,7.744431
1.324947,7.744213
1.325257,7.743992
1.325567,7.743774
1.325877,7.743553
1.326187,7.743333
1.326497,7.743113
1.326807,7.742895
1.327117,7.742675
1.327427,7.742455
1.327737,7.742236
1.328047,7.742016
1.328356,7.741797
1.328666,7.741578
1.328976,7.741358
1.329286,7.741139
1.329596,7.740919
1.329906,7.740698
1.330216,7.740479
1.330526,7.740260
1.330836,7.740043
1.331146,7.739822
1.331456,7.739604
1.331766,7.739385
1.332076,7.739164
1.332385,7.738945
1.332695,7.738726
1.333005,7.738507
1.333315,7.738288
1.333625,7.738069
1.333935,7.737848
1.334245,7.737629
1.334555,7.737411
1.334865,7.737191
1.335175,7.736972
1.335485,7.736753
1.335795,7.736535
1.336105,7.736316
1.336415,7.736096
1.336724,7.735875
1.337034,7.735659
1.337344,7.735437
1.337654,7.735220
1.337964,7.735000
1.338274,7.734779
1.338584,7.734562
1.338894,7.734343
1.339204,7.734123
1.339514,7.733906
1.339824,7.733685
1.340134,7.733465
1.340444,7.733246
1.340754,7.733027
1.341063,7.732809
1.341373,7.732589
1.341683,7.732371
1.341993,7.732150
1.342303,7.731932
1.342613,7.731712
1.342923,7.731494
1.343233,7.731274
1.343543,7.731055
1.343853,7.730837
1.344163,7.730618
1.344473,7.730397
1.344783,7.730179
1.345093,7.729959
1.345402,7.729741
1.345712,7.729521
1.346022,7.729301
1.346332,7.729082
1.346642,7.728862
1.346952,7.728644
1.347262,7.728424
1.347572,7.728206
1.347882,7.727985
1.348192,7.727768
1.348502,7.727548
1.348812,7.727328
1.349122,7.727109
1.349431,7.726892
1.349741,7.726670
1.350051,7.726451
1.350361,7.726232
1.350671,7.726012
1.350981,7.725793
1.351291,7.725574
1.351601,7.725355
1.351911,7.725135
1.352221,7.724916
1.352531,7.724696
1.352841,7.724478
1.353151,7.724257
1.353461,7.724037
1.353770,7.723819
1.354080,7.723598
1.354390,7.723378
1.354700,7.723160
1.355010,7.722939
1.355320,7.722721
1.355630,7.722501
1.355940,7.722280
1.356250,7.722063
1.356560,7.721842
1.356870,7.721622
1.357180,7.721402
1.357490,7.721182
1.357800,7.720962
1.358109,7.720742
1.358419,7.720522
1.358729,7.720302
1.359039,7.720083
1.359349,7.719864
1.359659,7.719641
1.359969,7.719422
1.360279,7.719202
1.360589,7.718982
1.360899,7.718762
1.361209,7.718542
1.361519,7.718322
1.361829,7.718101
1.362138,7.717881
1.362448,7.717660
1.362758,7.717439
1.363068,7.717219
1.363378,7.717001
1.363688,7.716780
1.363998,7.716559
1.364308,7.716339
1.364618,7.716118
1.364928,7.715896
1.365238,7.715677
1.365548,7.715456
1.365858,7.715234
1.366168,7.715014
1.366477,7.714792
1.366787,7.714571
1.367097,7.714351
1.367407,7.714129
1.367717,7.713908
1.368027,7.713688
1.368337,7.713468
1.368647,7.713244
1.368957,7.713023
1.369267,7.712802
1.369577,7.712583
1.369887,7.712360
1.370197,7.712139
1.370507,7.711917
1.370816,7.711698
1.371126,7.711474
1.371436,7.711254
1.371746,7.711031
1.372056,7.710810
1.372366,7.710588
1.372676,7.710364
1.372986,7.710143
1.373296,7.709921
1.373606,7.709700
1.373916,7.709479
1.374226,7.709254
1.374536,7.709034
1.374845,7.708812
1.375155,7.708589
1.375465,7.708365
1.375775,7.708143
1.376085,7.707920
1.376395,7.707699
1.376705,7.707475
1.377015,7.707253
1.377325,7.707030
1.377635,7.706807
1.377945,7.706585
1.378255,7.706363
1.378565,7.706138
1.378875,7.705916
1.379184,7.705691
1.379494,7.705470
1.379804,7.705243
1.380114,7.705021
1.380424,7.704799
1.380734,7.704574
1.381044,7.704352
1.381354,7.704128
1.381664,7.703903
1.381974,7.703680
1.382284,7.703457
1.382594,7.703233
1.382904,7.703008
1.383214,7.702784
1.383523,7.702559
1.383833,7.702334
1.384143,7.702110
1.384453,7.701885
1.384763,7.701662
1.385073,7.701437
1.385383,7.701210
1.385693,7.700987
1.386003,7.700761
1.386313,7.700538
1.386623,7.700312
1.386933,7.700087
1.387243,7.699862
1.387553,7.699637
1.387862,7.699410
1.388172,7.699183
1.388482,7.698959
1.388792,7.698732
1.389102,7.698508
1.389412,7.698280
1.389722,7.698053
1.390032,7.697830
1.390342,7.697604
1.390652,7.697375
1.390962,7.697149
1.391272,7.696923
1.391582,7.696696
1.391891,7.696469
1.392201,7.696240
1.392511,7.696014
1.392821,7.695789
1.393131,7.695561
1.393441,7.695333
1.393751,7.695105
1.394061,7.694880
1.394371,7.694653
1.394681,7.694423
1.394991,7.694194
1.395301,7.693968
1.395611,7.693740
1.395921,7.693511
1.396230,7.693283
1.396540,7.693055
1.396850,7.692825
1.397160,7.692596
1.397470,7.692369
1.397780,7.692139
1.398090,7.691909
1.398400,7.691680
1.398710,7.691451
1.399020,7.691222
1.399330,7.690992
1.399640,7.690762
1.399950,7.690533
1.400260,7.690303
1.400569,7.690072
1.400879,7.689844
1.401189,7.689612
1.401499,7.689381
1.401809,7.689150
1.402119,7.688919
1.402429,7.688688
1.402739,7.688457
1.403049,7.688227
1.403359,7.687994
1.403669,7.687765
1.403979,7.687532
1.404289,7.687302
1.404598,7.687069
1.404908,7.686837
1.405218,7.686605
1.405528,7.686371
1.405838,7.686138
1.406148,7.685905
1.406458,7.685674
1.406768,7.685440
1.407078,7.685208
1.407388,7.684975
1.407698,7.684742
1.408008,7.684508
1.408318,7.684275
1.408628,7.684041
1.408937,7.683807
1.409247,7.683573
1.409557,7.683338
1.409867,7.683102
1.410177,7.682868
1.410487,7.682635
1.410797,7.682399
1.411107,7.682163
1.411417,7.681930
1.411727,7.681694
1.412037,7.681458
1.412347,7.681222
1.412657,7.680984
1.412967,7.680751
1.413276,7.680512
1.413586,7.680277
1.413896,7.680041
1.414206,7.679803
1.414516,7.679564
1.414826,7.679327
1.415136,7.679091
1.415446,7.678853
1.415756,7.678617
1.416066,7.678377
1.416376,7.678140
1.416686,7.677901
1.416996,7.677662
1.417305,7.677423
1.417615,7.677186
1.417925,7.676946
1.418235,7.676705
1.418545,7.676468
1.418855,7.676226
1.419165,7.675987
1.419475,7.675748
1.419785,7.675506
1.420095,7.675267
1.420405,7.675026
1.420715,7.674786
1.421025,7.674543
1.421335,7.674301
1.421644,7.674060
1.421954,7.673820
1.422264,7.673576
1.422574,7.673334
1.422884,7.673093
1.423194,7.672849
1.423504,7.672606
1.423814,7.672362
1.424124,7.672119
1.424434,7.671878
1.424744,7.671634
1.425054,7.671391
1.425364,7.671147
1.425674,7.670902
1.425983,7.670656
1.426293,7.670412
1.426603,7.670167
1.426913,7.669922
1.427223,7.669677
1.427533,7.669431
1.427843,7.669184
1.428153,7.668938
1.428463,7.668691
1.428773,7.668446
1.429083,7.668197
1.429393,7.667952
1.429703,7.667704
1.430013,7.667456
1.430322,7.667209
1.430632,7.666959
1.430942,7.666711
1.431252,7.666463
1.431562,7.666213
1.431872,7.665964
1.432182,7.665715
1.432492,7.665465
1.432802,7.665215
1.433112,7.664966
1.433422,7.664716
1.433732,7.664464
1.434042,7.664214
1.434351,7.663961
1.434661,7.663712
1.434971,7.663459
1.435281,7.663207
1.435591,7.662955
1.435901,7.662700
1.436211,7.662449
1.436521,7.662195
1.436831,7.661941
1.437141,7.661688
1.437451,7.661434
1.437761,7.661180
1.438071,7.660925
1.438381,7.660670
1.438690,7.660415
1.439000,7.660160
1.439310,7.659904
1.439620,7.659648
1.439930,7.659392
1.440240,7.659136
1.440550,7.658878
1.440860,7.658622
1.441170,7.658365
1.441480,7.658108
1.441790,7.657848
1.442100,7.657590
1.442410,7.657331
1.442720,7.657071
1.443029,7.656812
1.443339,7.656552
1.443649,7.656293
1.443959,7.656034
1.444269,7.655773
1.444579,7.655512
1.444889,7.655251
1.445199,7.654987
1.445509,7.654725
1.445819,7.654465
1.446129,7.654202
1.446439,7.653939
1.446749,7.653675
1.447058,7.653413
1.447368,7.653148
1.447678,7.652883
1.447988,7.652619
1.448298,7.652353
1.448608,7.652090
1.448918,7.651823
1.449228,7.651557
1.449538,7.651291
1.449848,7.651026
1.450158,7.650758
1.450468,7.650491
1.450778,7.650222
1.451088,7.649954
1.451397,7.649685
1.451707,7.649417
1.452017,7.649148
1.452327,7.648877
1.452637,7.648608
1.452947,7.648339
1.453257,7.648067
1.453567,7.647796
1.453877,7.647525
1.454187,7.647253
1.454497,7.646981
1.454807,7.646708
1.455117,7.646435
1.455427,7.646161
1.455736,7.645888
1.456046,7.645615
1.456356,7.645339
1.456666,7.645064
1.456976,7.644790
1.457286,7.644514
1.457596,7.644238
1.457906,7.643961
1.458216,7.643683
1.458526,7.643407
1.458836,7.643130
1.459146,7.642851
1.459456,7.642574
1.459765,7.642294
1.460075,7.642015
1.460385,7.641736
1.460695,7.641455
1.461005,7.641173
1.461315,7.640892
1.461625,7.640611
1.461935,7.640330
1.462245,7.640047
1.462555,7.639763
1.462865,7.639481
1.463175,7.639197
1.463485,7.638912
1.463795,7.638626
1.464104,7.638343
1.464414,7.638057
1.464724,7.637773
1.465034,7.637486
1.465344,7.637199
1.465654,7.636911
1.465964,7.636623
1.466274,7.636335
1.466584,7.636047
1.466894,7.635756
1.467204,7.635468
1.467514,7.635177
1.467824,7.634887
1.468134,7.634597
1.468443,7.634304
1.468753,7.634011
1.469063,7.633720
1.469373,7.633427
1.469683,7.633133
1.469993,7.632838
1.470303,7.632545
1.470613,7.632251
1.470923,7.631954
1.471233,7.631660
1.471543,7.631361
1.471853,7.631063
1.472163,7.630767
1.472472,7.630470
1.472782,7.630172
1.473092,7.629872
1.473402,7.629573
1.473712,7.629271
1.474022,7.628973
1.474332,7.628672
1.474642,7.628369
1.474952,7.628067
1.475262,7.627763
1.475572,7.627460
1.475882,7.627157
1.476192,7.626853
1.476502,7.626547
1.476811,7.626243
1.477121,7.625937
1.477431,7.625628
1.477741,7.625323
1.478051,7.625014
1.478361,7.624706
1.478671,7.624397
1.478981,7.624087
1.479291,7.623778
1.479601,7.623468
1.479911,7.623158
1.480221,7.622846
1.480531,7.622532
1.480841,7.622219
1.481150,7.621906
1.481460,7.621593
1.481770,7.621278
1.482080,7.620963
1.482390,7.620646
1.482700,7.620332
1.483010,7.620013
1.483320,7.619698
1.483630,7.619379
1.483940,7.619060
1.484250,7.618740
1.484560,7.618420
1.484870,7.618098
1.485180,7.617779
1.485489,7.617456
1.485799,7.617133
1.486109,7.616809
1.486419,7.616488
1.486729,7.616161
1.487039,7.615836
1.487349,7.615511
1.487659,7.615186
1.487969,7.614856
1.488279,7.614530
1.488589,7.614201
1.488899,7.613873
1.489209,7.613541
1.489518,7.613212
1.489828,7.612881
1.490138,7.612549
1.490448,7.612215
1.490758,7.611883
1.491068,7.611549
1.491378,7.611215
1.491688,7.610880
1.491998,7.610544
1.492308,7.610209
1.492618,7.609871
1.492928,7.609532
1.493238,7.609194
1.493548,7.608853
1.493857,7.608514
1.494167,7.608174
1.494477,7.607832
1.494787,7.607489
1.495097,7.607146
1.495407,7.606802
1.495717,7.606458
1.496027,7.606114
1.496337,7.605765
1.496647,7.605421
1.496957,7.605073
1.497267,7.604725
1.497577,7.604377
1.497887,7.604027
1.498196,7.603676
1.498506,7.603327
1.498816,7.602974
1.499126,7.602621
1.499436,7.602267
1.499746,7.601912
1.500056,7.601558
1.500366,7.601203
1.500676,7.600846
1.500986,7.600487
1.501296,7.600130
1.501606,7.599771
1.501916,7.599410
1.502225,7.599050
1.502535,7.598688
1.502845,7.598327
1.503155,7.597963
1.503465,7.597599
1.503775,7.597233
1.504085,7.596869
1.504395,7.596503
1.504705,7.596136
1.505015,7.595768
1.505325,7.595400
1.505635,7.595028
1.505945,7.594657
1.506255,7.594286
1.506564,7.593915
1.506874,7.593541
1.507184,7.593168
1.507494,7.592793
1.507804,7.592417
1.508114,7.592040
1.508424,7.591662
1.508734,7.591285
1.509044,7.590904
1.509354,7.590526
1.509664,7.590143
1.509974,7.589760
1.510284,7.589378
1.510594,7.588993
1.510903,7.588609
1.511213,7.588223
1.511523,7.587836
1.511833,7.587449
1.512143,7.587061
1.512453,7.586672
1.512763,7.586282
1.513073,7.585890
1.513383,7.585498
1.513693,7.585106
1.514003,7.584710
1.514313,7.584315
1.514623,7.583919
1.514932,7.583523
1.515242,7.583126
1.515552,7.582725
1.515862,7.582326
1.516172,7.581925
1.516482,7.581523
1.516792,7.581120
1.517102,7.580715
1.517412,7.580310
1.517722,7.579905
1.518032,7.579497
1.518342,7.579090
1.518652,7.578681
1.518962,7.578271
1.519271,7.577859
1.519581,7.577448
1.519891,7.577034
1.520201,7.576621
1.520511,7.576204
1.520821,7.575788
1.521131,7.575372
1.521441,7.574953
1.521751,7.574534
1.522061,7.574113
1.522371,7.573692
1.522681,7.573269
1.522991,7.572845
1.523301,7.572420
1.523610,7.571994
1.523920,7.571567
1.524230,7.571139
1.524540,7.570709
1.524850,7.570281
1.525160,7.569847
1.525470,7.569416
1.525780,7.568982
1.526090,7.568546
1.526400,7.568111
1.526710,7.567673
1.527020,7.567234
1.527330,7.566796
1.527640,7.566354
1.527949,7.565914
1.528259,7.565471
1.528569,7.565026
1.528879,7.564581
1.529189,7.564134
1.529499,7.563687
1.529809,7.563238
1.530119,7.562789
1.530429,7.562336
1.530739,7.561884
1.531049,7.561432
1.531359,7.560975
1.531669,7.560519
1.531978,7.560062
1.532288,7.559606
1.532598,7.559144
1.532908,7.558683
1.533218,7.558220
1.533528,7.557756
1.533838,7.557293
1.534148,7.556826
1.534458,7.556357
1.534768,7.555890
1.535078,7.555421
1.535388,7.554952
1.535698,7.554476
1.536008,7.554003
1.536317,7.553528
1.536627,7.553052
1.536937,7.552574
1.537247,7.552094
1.537557,7.551616
1.537867,7.551134
1.538177,7.550650
1.538487,7.550165
1.538797,7.549680
1.539107,7.549192
1.539417,7.548704
1.539727,7.548214
1.540037,7.547725
1.540347,7.547231
1.540656,7.546738
1.540966,7.546243
1.541276,7.545746
1.541586,7.545246
1.541896,7.544749
1.542206,7.544247
1.542516,7.543746
1.542826,7.543242
1.543136,7.542738
1.543446,7.542230
1.543756,7.541724
1.544066,7.541212
1.544376,7.540703
1.544685,7.540190
1.544995,7.539676
1.545305,7.539160
1.545615,7.538645
1.545925,7.538126
1.546235,7.537607
1.546545,7.537085
1.546855,7.536562
1.547165,7.536038
1.547475,7.535513
1.547785,7.534985
1.548095,7.534456
1.548405,7.533927
1.548715,7.533395
1.549024,7.532862
1.549334,7.532327
1.549644,7.531790
1.549954,7.531252
1.550264,7.530712
1.550574,7.530170
1.550884,7.529630
1.551194,7.529083
1.551504,7.528539
1.551814,7.527990
1.552124,7.527441
1.552434,7.526891
1.552744,7.526340
1.553054,7.525785
1.553363,7.525230
1.553673,7.524674
1.553983,7.524114
1.554293,7.523553
1.554603,7.522991
1.554913,7.522429
1.555223,7.521862
1.555533,7.521296
1.555843,7.520728
1.556153,7.520155
1.556463,7.519585
1.556773,7.519011
1.557083,7.518436
1.557392,7.517857
1.557702,7.517278
1.558012,7.516699
1.558322,7.516116
1.558632,7.515531
1.558942,7.514945
1.559252,7.514358
1.559562,7.513768
1.559872,7.513176
1.560182,7.512584
1.560492,7.511991
1.560802,7.511394
1.561112,7.510794
1.561422,7.510195
1.561731,7.509593
1.562041,7.508989
1.562351,7.508384
1.562661,7.507775
1.562971,7.507167
1.563281,7.506556
1.563591,7.505941
1.563901,7.505327
1.564211,7.504711
1.564521,7.504091
1.564831,7.503472
1.565141,7.502849
1.565451,7.502225
1.565761,7.501601
1.566070,7.500972
1.566380,7.500340
1.566690,7.499709
1.567000,7.499075
1.567310,7.498441
1.567620,7.497803
1.567930,7.497163
1.568240,7.496520
1.568550,7.495877
1.568860,7.495233
1.569170,7.494583
1.569480,7.493937
1.569790,7.493282
1.570100,7.492631
1.570409,7.491975
1.570719,7.491316
1.571029,7.490657
1.571339,7.489995
1.571649,7.489332
1.571959,7.488667
1.572269,7.487999
1.572579,7.487328
1.572889,7.486656
1.573199,7.485982
1.573509,7.485306
1.573819,7.484627
1.574129,7.483948
1.574438,7.483265
1.574748,7.482579
1.575058,7.481894
1.575368,7.481205
1.575678,7.480513
1.575988,7.479820
1.576298,7.479126
1.576608,7.478428
1.576918,7.477728
1.577228,7.477025
1.577538,7.476321
1.577848,7.475616
1.578158,7.474908
1.578468,7.474197
1.578777,7.473483
1.579087,7.472768
1.579397,7.472052
1.579707,7.471332
1.580017,7.470608
1.580327,7.469884
1.580637,7.469159
1.580947,7.468431
1.581257,7.467700
1.581567,7.466965
1.581877,7.466229
1.582187,7.465492
1.582497,7.464749
1.582807,7.464008
1.583116,7.463264
1.583426,7.462515
1.583736,7.461766
1.584046,7.461013
1.584356,7.460258
1.584666,7.459502
1.584976,7.458743
1.585286,7.457982
1.585596,7.457216
1.585906,7.456450
1.586216,7.455683
1.586526,7.454911
1.586836,7.454138
1.587145,7.453360
1.587455,7.452580
1.587765,7.451799
1.588075,7.451015
1.588385,7.450230
1.588695,7.449440
1.589005,7.448649
1.589315,7.447857
1.589625,7.447059
1.589935,7.446260
1.590245,7.445459
1.590555,7.444655
1.590865,7.443850
1.591175,7.443039
1.591484,7.442228
1.591794,7.441413
1.592104,7.440597
1.592414,7.439777
1.592724,7.438955
1.593034,7.438129
1.593344,7.437301
1.593654,7.436473
1.593964,7.435638
1.594274,7.434805
1.594584,7.433967
1.594894,7.433125
1.595204,7.432281
1.595514,7.431435
1.595823,7.430586
1.596133,7.429734
1.596443,7.428882
1.596753,7.428022
1.597063,7.427163
1.597373,7.426300
1.597683,7.425434
1.597993,7.424566
1.598303,7.423697
1.598613,7.422821
1.598923,7.421945
1.599233,7.421066
1.599543,7.420182
1.599852,7.419298
1.600162,7.418410
1.600472,7.417520
1.600782,7.416625
1.601092,7.415730
1.601402,7.414830
1.601712,7.413926
1.602022,7.413020
1.602332,7.412113
1.602642,7.411203
1.602952,7.410288
1.603262,7.409371
1.603572,7.408450
1.603882,7.407527
1.604191,7.406601
1.604501,7.405671
1.604811,7.404739
1.605121,7.403805
1.605431,7.402868
1.605741,7.401925
1.606051,7.400982
1.606361,7.400034
1.606671,7.399084
1.606981,7.398130
1.607291,7.397176
1.607601,7.396215
1.607911,7.395252
1.608221,7.394287
1.608530,7.393318
1.608840,7.392346
1.609150,7.391372
1.609460,7.390393
1.609770,7.389413
1.610080,7.388425
1.610390,7.387439
1.610700,7.386449
1.611010,7.385453
1.611320,7.384457
1.611630,7.383455
1.611940,7.382451
1.612250,7.381443
1.612560,7.380434
1.612869,7.379421
1.613179,7.378404
1.613489,7.377384
1.613799,7.376359
1.614109,7.375332
1.614419,7.374303
1.614729,7.373267
1.615039,7.372232
1.615349,7.371191
1.615659,7.370148
1.615969,7.369100
1.616279,7.368050
1.616589,7.366996
1.616898,7.365939
1.617208,7.364879
1.617518,7.363813
1.617828,7.362746
1.618138,7.361676
1.618448,7.360600
1.618758,7.359522
1.619068,7.358442
1.619378,7.357354
1.619688,7.356267
1.619998,7.355176
1.620308,7.354080
1.620618,7.352982
1.620928,7.351879
1.621237,7.350772
1.621547,7.349664
1.621857,7.348549
1.622167,7.347433
1.622477,7.346313
1.622787,7.345188
1.623097,7.344060
1.623407,7.342928
1.623717,7.341793
1.624027,7.340654
1.624337,7.339511
1.624647,7.338365
1.624957,7.337214
1.625267,7.336062
1.625576,7.334904
1.625886,7.333743
1.626196,7.332577
1.626506,7.331409
1.626816,7.330237
1.627126,7.329061
1.627436,7.327881
1.627746,7.326698
1.628056,7.325509
1.628366,7.324317
1.628676,7.323121
1.628986,7.321921
1.629296,7.320720
1.629605,7.319511
1.629915,7.318301
1.630225,7.317087
1.630535,7.315868
1.630845,7.314646
1.631155,7.313419
1.631465,7.312188
1.631775,7.310955
1.632085,7.309717
1.632395,7.308474
1.632705,7.307226
1.633015,7.305977
1.633325,7.304722
1.633635,7.303462
1.633944,7.302201
1.634254,7.300935
1.634564,7.299664
1.634874,7.298389
1.635184,7.297110
1.635494,7.295828
1.635804,7.294541
1.636114,7.293249
1.636424,7.291955
1.636734,7.290653
1.637044,7.289351
1.637354,7.288042
1.637664,7.286730
1.637974,7.285416
1.638283,7.284095
1.638593,7.282769
1.638903,7.281440
1.639213,7.280107
1.639523,7.278769
1.639833,7.277429
1.640143,7.276081
1.640453,7.274732
1.640763,7.273377
1.641073,7.272018
1.641383,7.270657
1.641693,7.269287
1.642003,7.267917
1.642312,7.266540
1.642622,7.265159
1.642932,7.263775
1.643242,7.262384
1.643552,7.260991
1.643862,7.259592
1.644172,7.258189
1.644482,7.256783
1.644792,7.255369
1.645102,7.253954
1.645412,7.252534
1.645722,7.251108
1.646032,7.249678
1.646342,7.248243
1.646651,7.246805
1.646961,7.245361
1.647271,7.243914
1.647581,7.242462
1.647891,7.241006
1.648201,7.239541
1.648511,7.238075
1.648821,7.236605
1.649131,7.235129
1.649441,7.233648
1.649751,7.232163
1.650061,7.230675
1.650371,7.229180
1.650681,7.227679
1.650990,7.226176
1.651300,7.224668
1.651610,7.223156
1.651920,7.221639
1.652230,7.220114
1.652540,7.218586
1.652850,7.217052
1.653160,7.215516
1.653470,7.213976
1.653780,7.212428
1.654090,7.210877
1.654400,7.209320
1.654710,7.207759
1.655020,7.206193
1.655329,7.204621
1.655639,7.203045
1.655949,7.201465
1.656259,7.199879
1.656569,7.198287
1.656879,7.196692
1.657189,7.195090
1.657499,7.193483
1.657809,7.191874
1.658119,7.190258
1.658429,7.188638
1.658739,7.187009
1.659049,7.185380
1.659358,7.183744
1.659668,7.182103
1.659978,7.180456
1.660288,7.178806
1.660598,7.177150
1.660908,7.175488
1.661218,7.173822
1.661528,7.172153
1.661838,7.170472
1.662148,7.168791
1.662458,7.167105
1.662768,7.165410
1.663078,7.163713
1.663388,7.162010
1.663697,7.160301
1.664007,7.158588
1.664317,7.156870
1.664627,7.155149
1.664937,7.153418
1.665247,7.151683
1.665557,7.149944
1.665867,7.148198
1.666177,7.146447
1.666487,7.144693
1.666797,7.142932
1.667107,7.141166
1.667417,7.139393
1.667727,7.137615
1.668036,7.135833
1.668346,7.134045
1.668656,7.132250
1.668966,7.130452
1.669276,7.128648
1.669586,7.126839
1.669896,7.125022
1.670206,7.123200
1.670516,7.121374
1.670826,7.119542
1.671136,7.117706
1.671446,7.115862
1.671756,7.114015
1.672065,7.112159
1.672375,7.110299
1.672685,7.108434
1.672995,7.106564
1.673305,7.104687
1.673615,7.102804
1.673925,7.100916
1.674235,7.099023
1.674545,7.097124
1.674855,7.095219
1.675165,7.093309
1.675475,7.091392
1.675785,7.089470
1.676095,7.087542
1.676404,7.085606
1.676714,7.083670
1.677024,7.081724
1.677334,7.079774
1.677644,7.077818
1.677954,7.075854
1.678264,7.073887
1.678574,7.071913
1.678884,7.069933
1.679194,7.067947
1.679504,7.065956
1.679814,7.063958
1.680124,7.061954
1.680434,7.059945
1.680743,7.057930
1.681053,7.055908
1.681363,7.053883
1.681673,7.051848
1.681983,7.049811
1.682293,7.047765
1.682603,7.045714
1.682913,7.043656
1.683223,7.041595
1.683533,7.039527
1.683843,7.037451
1.684153,7.035370
1.684463,7.033281
1.684772,7.031191
1.685082,7.029091
1.685392,7.026985
1.685702,7.024873
1.686012,7.022758
1.686322,7.020634
1.686632,7.018503
1.686942,7.016369
1.687252,7.014226
1.687562,7.012076
1.687872,7.009923
1.688182,7.007763
1.688492,7.005596
1.688802,7.003424
1.689111,7.001244
1.689421,6.999059
1.689731,6.996865
1.690041,6.994669
1.690351,6.992465
1.690661,6.990254
1.690971,6.988037
1.691281,6.985815
1.691591,6.983584
1.691901,6.981350
1.692211,6.979106
1.692521,6.976859
1.692831,6.974604
1.693141,6.972343
1.693450,6.970075
1.693760,6.967801
1.694070,6.965522
1.694380,6.963234
1.694690,6.960941
1.695000,6.958642
1.695310,6.956335
1.695620,6.954023
1.695930,6.951704
1.696240,6.949379
1.696550,6.947048
1.696860,6.944711
1.697170,6.942366
1.697479,6.940013
1.697789,6.937655
1.698099,6.935289
1.698409,6.932920
1.698719,6.930541
1.699029,6.928157
1.699339,6.925768
1.699649,6.923369
1.699959,6.920966
1.700269,6.918556
1.700579,6.916139
1.700889,6.913713
1.701199,6.911284
1.701509,6.908849
1.701818,6.906404
1.702128,6.903955
1.702438,6.901496
1.702748,6.899034
1.703058,6.896562
1.703368,6.894085
1.703678,6.891603
1.703988,6.889110
1.704298,6.886615
1.704608,6.884111
1.704918,6.881598
1.705228,6.879081
1.705538,6.876558
1.705848,6.874027
1.706157,6.871488
1.706467,6.868945
1.706777,6.866392
1.707087,6.863833
1.707397,6.861269
1.707707,6.858697
1.708017,6.856119
1.708327,6.853534
1.708637,6.850941
1.708947,6.848342
1.709257,6.845735
1.709567,6.843122
1.709877,6.840502
1.710187,6.837877
1.710496,6.835242
1.710806,6.832602
1.711116,6.829953
1.711426,6.827299
1.711736,6.824638
1.712046,6.821968
1.712356,6.819294
1.712666,6.816612
1.712976,6.813923
1.713286,6.811225
1.713596,6.808522
1.713906,6.805813
1.714216,6.803095
1.714525,6.800370
1.714835,6.797641
1.715145,6.794901
1.715455,6.792156
1.715765,6.789404
1.716075,6.786645
1.716385,6.783878
1.716695,6.781104
1.717005,6.778324
1.717315,6.775535
1.717625,6.772741
1.717935,6.769939
1.718245,6.767131
1.718555,6.764314
1.718864,6.761492
1.719174,6.758661
1.719484,6.755822
1.719794,6.752978
1.720104,6.750125
1.720414,6.747269
1.720724,6.744401
1.721034,6.741530
1.721344,6.738650
1.721654,6.735761
1.721964,6.732866
1.722274,6.729966
1.722584,6.727056
1.722894,6.724139
1.723203,6.721216
1.723513,6.718285
1.723823,6.715348
1.724133,6.712402
1.724443,6.709452
1.724753,6.706492
1.725063,6.703526
1.725373,6.700552
1.725683,6.697571
1.725993,6.694580
1.726303,6.691586
1.726613,6.688582
1.726923,6.685574
1.727232,6.682555
1.727542,6.679532
1.727852,6.676499
1.728162,6.673460
1.728472,6.670413
1.728782,6.667359
1.729092,6.664300
1.729402,6.661231
1.729712,6.658154
1.730022,6.655072
1.730332,6.651982
1.730642,6.648883
1.730952,6.645779
1.731262,6.642669
1.731571,6.639547
1.731881,6.636421
1.732191,6.633286
1.732501,6.630145
1.732811,6.626997
1.733121,6.623840
1.733431,6.620679
1.733741,6.617507
1.734051,6.614329
1.734361,6.611144
1.734671,6.607951
1.734981,6.604751
1.735291,6.601544
1.735601,6.598329
1.735910,6.595107
1.736220,6.591879
1.736530,6.588640
1.736840,6.585395
1.737150,6.582144
1.737460,6.578884
1.737770,6.575621
1.738080,6.572345
1.738390,6.569064
1.738700,6.565777
1.739010,6.562480
1.739320,6.559176
1.739630,6.555865
1.739939,6.552550
1.740249,6.549222
1.740559,6.545890
1.740869,6.542548
1.741179,6.539201
1.741489,6.535847
1.741799,6.532484
1.742109,6.529116
1.742419,6.525738
1.742729,6.522354
1.743039,6.518962
1.743349,6.515562
1.743659,6.512156
1.743969,6.508743
1.744278,6.505322
1.744588,6.501892
1.744898,6.498458
1.745208,6.495012
1.745518,6.491561
1.745828,6.488102
1.746138,6.484638
1.746448,6.481166
1.746758,6.477685
1.747068,6.474196
1.747378,6.470700
1.747688,6.467199
1.747998,6.463688
1.748308,6.460172
1.748617,6.456648
1.748927,6.453115
1.749237,6.449575
1.749547,6.446030
1.749857,6.442474
1.750167,6.438915
1.750477,6.435346
1.750787,6.431769
1.751097,6.428185
1.751407,6.424596
1.751717,6.420996
1.752027,6.417391
1.752337,6.413776
1.752647,6.410159
1.752956,6.406531
1.753266,6.402896
1.753576,6.399253
1.753886,6.395604
1.754196,6.391947
1.754506,6.388282
1.754816,6.384610
1.755126,6.380933
1.755436,6.377247
1.755746,6.373553
1.756056,6.369852
1.756366,6.366143
1.756676,6.362429
1.756985,6.358706
1.757295,6.354975
1.757605,6.351240
1.757915,6.347493
1.758225,6.343741
1.758535,6.339983
1.758845,6.336215
1.759155,6.332444
1.759465,6.328662
1.759775,6.324876
1.760085,6.321081
1.760395,6.317275
1.760705,6.313467
1.761015,6.309650
1.761324,6.305828
1.761634,6.301995
1.761944,6.298159
1.762254,6.294312
1.762564,6.290459
1.762874,6.286598
1.763184,6.282729
1.763494,6.278857
1.763804,6.274975
1.764114,6.271089
1.764424,6.267190
1.764734,6.263287
1.765044,6.259377
1.765354,6.255460
1.765663,6.251537
1.765973,6.247605
1.766283,6.243667
1.766593,6.239719
1.766903,6.235767
1.767213,6.231807
1.767523,6.227840
1.767833,6.223868
1.768143,6.219887
1.768453,6.215899
1.768763,6.211903
1.769073,6.207899
1.769383,6.203892
1.769692,6.199875
1.770002,6.195853
1.770312,6.191823
1.770622,6.187785
1.770932,6.183740
1.771242,6.179689
1.771552,6.175632
1.771862,6.171565
1.772172,6.167496
1.772482,6.163417
1.772792,6.159330
1.773102,6.155237
1.773412,6.151138
1.773722,6.147031
1.774031,6.142919
1.774341,6.138798
1.774651,6.134669
1.774961,6.130537
1.775271,6.126396
1.775581,6.122249
1.775891,6.118094
1.776201,6.113933
1.776511,6.109766
1.776821,6.105592
1.777131,6.101410
1.777441,6.097221
1.777751,6.093026
1.778061,6.088825
1.778370,6.084617
1.778680,6.080401
1.778990,6.076180
1.779300,6.071954
1.779610,6.067717
1.779920,6.063474
1.780230,6.059227
1.780540,6.054973
1.780850,6.050712
1.781160,6.046442
1.781470,6.042169
1.781780,6.037889
1.782090,6.033599
1.782399,6.029304
1.782709,6.025002
1.783019,6.020697
1.783329,6.016381
1.783639,6.012063
1.783949,6.007734
1.784259,6.003402
1.784569,5.999063
1.784879,5.994715
1.785189,5.990364
1.785499,5.986005
1.785809,5.981639
1.786119,5.977265
1.786429,5.972890
1.786738,5.968504
1.787048,5.964111
1.787358,5.959717
1.787668,5.955314
1.787978,5.950903
1.788288,5.946486
1.788598,5.942066
1.788908,5.937636
1.789218,5.933201
1.789528,5.928762
1.789838,5.924315
1.790148,5.919861
1.790458,5.915402
1.790768,5.910936
1.791077,5.906465
1.791387,5.901987
1.791697,5.897506
1.792007,5.893014
1.792317,5.888517
1.792627,5.884015
1.792937,5.879509
1.793247,5.874993
1.793557,5.870475
1.793867,5.865951
1.794177,5.861417
1.794487,5.856879
1.794797,5.852335
1.795107,5.847787
1.795416,5.843230
1.795726,5.838669
1.796036,5.834103
1.796346,5.829532
1.796656,5.824950
1.796966,5.820367
1.797276,5.815777
1.797586,5.811179
1.797896,5.806579
1.798206,5.801973
1.798516,5.797360
1.798826,5.792740
1.799136,5.788115
1.799445,5.783484
1.799755,5.778850
1.800065,5.774211
1.800375,5.769563
1.800685,5.764910
1.800995,5.760251
1.801305,5.755589
1.801615,5.750918
1.801925,5.746245
1.802235,5.741567
1.802545,5.736881
1.802855,5.732191
1.803165,5.727494
1.803475,5.722795
1.803784,5.718085
1.804094,5.713373
1.804404,5.708658
1.804714,5.703934
1.805024,5.699206
1.805334,5.694475
1.805644,5.689734
1.805954,5.684993
1.806264,5.680243
1.806574,5.675490
1.806884,5.670731
1.807194,5.665966
1.807504,5.661199
1.807814,5.656422
1.808123,5.651645
1.808433,5.646859
1.808743,5.642073
1.809053,5.637278
1.809363,5.632479
1.809673,5.627672
1.809983,5.622862
1.810293,5.618052
1.810603,5.613230
1.810913,5.608409
1.811223,5.603580
1.811533,5.598745
1.811843,5.593907
1.812152,5.589066
1.812462,5.584217
1.812772,5.579368
1.813082,5.574509
1.813392,5.569650
1.813702,5.564782
1.814012,5.559913
1.814322,5.555036
1.814632,5.550155
1.814942,5.545270
1.815252,5.540384
1.815562,5.535492
1.815872,5.530593
1.816182,5.525689
1.816491,5.520783
1.816801,5.515872
1.817111,5.510957
1.817421,5.506038
1.817731,5.501114
1.818041,5.496185
1.818351,5.491252
1.818661,5.486313
1.818971,5.481374
1.819281,5.476429
1.819591,5.471482
1.819901,5.466527
1.820211,5.461568
1.820521,5.456607
1.820830,5.451639
1.821140,5.446671
1.821450,5.441695
1.821760,5.436720
1.822070,5.431738
1.822380,5.426753
1.822690,5.421761
1.823000,5.416766
1.823310,5.411771
1.823620,5.406768
1.823930,5.401764
1.824240,5.396757
1.824550,5.391743
1.824859,5.386725
1.825169,5.381705
1.825479,5.376682
1.825789,5.371654
1.826099,5.366627
1.826409,5.361589
1.826719,5.356553
1.827029,5.351510
1.827339,5.346464
1.827649,5.341415
1.827959,5.336365
1.828269,5.331307
1.828579,5.326249
1.828889,5.321187
1.829198,5.316122
1.829508,5.311052
1.829818,5.305980
1.830128,5.300903
1.830438,5.295827
1.830748,5.290745
1.831058,5.285657
1.831368,5.280568
1.831678,5.275480
1.831988,5.270382
1.832298,5.265285
1.832608,5.260184
1.832918,5.255081
1.833228,5.249974
1.833537,5.244864
1.833847,5.239751
1.834157,5.234635
1.834467,5.229518
1.834777,5.224396
1.835087,5.219273
1.835397,5.214144
1.835707,5.209015
1.836017,5.203882
1.836327,5.198748
1.836637,5.193609
1.836947,5.188467
1.837257,5.183328
1.837567,5.178179
1.837876,5.173031
1.838186,5.167880
1.838496,5.162725
1.838806,5.157570
1.839116,5.152411
1.839426,5.147250
1.839736,5.142086
1.840046,5.136919
1.840356,5.131753
1.840666,5.126582
1.840976,5.121408
1.841286,5.116233
1.841596,5.111056
1.841905,5.105878
1.842215,5.100697
1.842525,5.095510
1.842835,5.090325
1.843145,5.085137
1.843455,5.079949
1.843765,5.074757
1.844075,5.069563
1.844385,5.064364
1.844695,5.059167
1.845005,5.053966
1.845315,5.048765
1.845625,5.043561
1.845935,5.038356
1.846244,5.033150
1.846554,5.027941
1.846864,5.022728
1.847174,5.017514
1.847484,5.012302
1.847794,5.007085
1.848104,5.001868
1.848414,4.996648
1.848724,4.991426
1.849034,4.986206
1.849344,4.980981
1.849654,4.975757
1.849964,4.970528
1.850274,4.965302
1.850583,4.960073
1.850893,4.954839
1.851203,4.949606
1.851513,4.944373
1.851823,4.939141
1.852133,4.933903
1.852443,4.928665
1.852753,4.923428
1.853063,4.918186
1.853373,4.912947
1.853683,4.907704
1.853993,4.902462
1.854303,4.897219
1.854612,4.891971
1.854922,4.886726
1.855232,4.881479
1.855542,4.876230
1.855852,4.870981
1.856162,4.865733
1.856472,4.860481
1.856782,4.855230
1.857092,4.849978
1.857402,4.844724
1.857712,4.839469
1.858022,4.834215
1.858332,4.828961
1.858642,4.823706
1.858951,4.818448
1.859261,4.813190
1.859571,4.807934
1.859881,4.802676
1.860191,4.797417
1.860501,4.792159
1.860811,4.786898
1.861121,4.781639
1.861431,4.776381
1.861741,4.771118
1.862051,4.765855
1.862361,4.760597
1.862671,4.755336
1.862981,4.750072
1.863290,4.744813
1.863600,4.739548
1.863910,4.734287
1.864220,4.729024
1.864530,4.723762
1.864840,4.718501
1.865150,4.713239
1.865460,4.707975
1.865770,4.702712
1.866080,4.697448
1.866390,4.692186
1.866700,4.686925
1.867010,4.681664
1.867319,4.676398
1.867629,4.671139
1.867939,4.665877
1.868249,4.660618
1.868559,4.655355
1.868869,4.650094
1.869179,4.644836
1.869489,4.639575
1.869799,4.634316
1.870109,4.629055
1.870419,4.623796
1.870729,4.618540
1.871039,4.613281
1.871349,4.608025
1.871658,4.602768
1.871968,4.597512
1.872278,4.592257
1.872588,4.587004
1.872898,4.581748
1.873208,4.576494
1.873518,4.571245
1.873828,4.565992
1.874138,4.560740
1.874448,4.555491
1.874758,4.550242
1.875068,4.544992
1.875378,4.539745
1.875688,4.534499
1.875997,4.529254
1.876307,4.524009
1.876617,4.518764
1.876927,4.513523
1.877237,4.508281
1.877547,4.503041
1.877857,4.497803
1.878167,4.492566
1.878477,4.487329
1.878787,4.482092
1.879097,4.476857
1.879407,4.471624
1.879717,4.466394
1.880027,4.461163
1.880336,4.455935
1.880646,4.450706
1.880956,4.445478
1.881266,4.440254
1.881576,4.435031
1.881886,4.429812
1.882196,4.424590
1.882506,4.419374
1.882816,4.414154
1.883126,4.408937
1.883436,4.403722
1.883746,4.398512
1.884056,4.393300
1.884365,4.388091
1.884675,4.382884
1.884985,4.377677
1.885295,4.372476
1.885605,4.367271
1.885915,4.362072
1.886225,4.356874
1.886535,4.351678
1.886845,4.346484
1.887155,4.341291
1.887465,4.336101
1.887775,4.330911
1.888085,4.325725
1.888395,4.320541
1.888704,4.315360
1.889014,4.310180
1.889324,4.305000
1.889634,4.299822
1.889944,4.294649
1.890254,4.289476
1.890564,4.284307
1.890874,4.279142
1.891184,4.273975
1.891494,4.268812
1.891804,4.263650
1.892114,4.258494
1.892424,4.253337
1.892734,4.248187
1.893043,4.243037
1.893353,4.237887
1.893663,4.232739
1.893973,4.227596
1.894283,4.222457
1.894593,4.217317
1.894903,4.212183
1.895213,4.207049
1.895523,4.201921
1.895833,4.196790
1.896143,4.191665
1.896453,4.186543
1.896763,4.181422
1.897072,4.176308
1.897382,4.171192
1.897692,4.166081
1.898002,4.160971
1.898312,4.155866
1.898622,4.150764
1.898932,4.145661
1.899242,4.140567
1.899552,4.135472
1.899862,4.130378
1.900172,4.125294
1.900482,4.120205
1.900792,4.115124
1.901102,4.110044
1.901411,4.104969
1.901721,4.099895
1.902031,4.094825
1.902341,4.089757
1.902651,4.084694
1.902961,4.079634
1.903271,4.074576
1.903581,4.069523
1.903891,4.064474
1.904201,4.059426
1.904511,4.054380
1.904821,4.049338
1.905131,4.044302
1.905441,4.039268
1.905750,4.034239
1.906060,4.029210
1.906370,4.024186
1.906680,4.019164
1.906990,4.014148
1.907300,4.009135
1.907610,4.004123
1.907920,3.999118
1.908230,3.994116
1.908540,3.989115
1.908850,3.984120
1.909160,3.979127
1.909470,3.974141
1.909779,3.969154
1.910089,3.964174
1.910399,3.959197
1.910709,3.954222
1.911019,3.949253
1.911329,3.944286
1.911639,3.939325
1.911949,3.934366
1.912259,3.929411
1.912569,3.924461
1.912879,3.919513
1.913189,3.914571
1.913499,3.909630
1.913809,3.904695
1.914118,3.899763
1.914428,3.894837
1.914738,3.889913
1.915048,3.884995
1.915358,3.880081
1.915668,3.875167
1.915978,3.870260
1.916288,3.865356
1.916598,3.860460
1.916908,3.855562
1.917218,3.850674
1.917528,3.845787
1.917838,3.840904
1.918148,3.836025
1.918457,3.831148
1.918767,3.826282
1.919077,3.821417
1.919387,3.816556
1.919697,3.811698
1.920007,3.806845
1.920317,3.801996
1.920627,3.797154
1.920937,3.792315
1.921247,3.787478
1.921557,3.782647
1.921867,3.777822
1.922177,3.772998
1.922486,3.768180
1.922796,3.763369
1.923106,3.758559
1.923416,3.753755
1.923726,3.748953
1.924036,3.744162
1.924346,3.739371
1.924656,3.734584
1.924966,3.729802
1.925276,3.725027
1.925586,3.720256
1.925896,3.715490
1.926206,3.710724
1.926516,3.705966
1.926825,3.701211
1.927135,3.696465
1.927445,3.691720
1.927755,3.686981
1.928065,3.682245
1.928375,3.677518
1.928685,3.672793
1.928995,3.668072
1.929305,3.663356
1.929615,3.658648
1.929925,3.653942
1.930235,3.649239
1.930545,3.644544
1.930855,3.639852
1.931164,3.635165
1.931474,3.630486
1.931784,3.625812
1.932094,3.621138
1.932404,3.616473
1.932714,3.611811
1.933024,3.607153
1.933334,3.602502
1.933644,3.597857
1.933954,3.593214
1.934264,3.588578
1.934574,3.583947
1.934884,3.579322
1.935194,3.574700
1.935503,3.570084
1.935813,3.565474
1.936123,3.560869
1.936433,3.556268
1.936743,3.551673
1.937053,3.547084
1.937363,3.542495
1.937673,3.537916
1.937983,3.533345
1.938293,3.528774
1.938603,3.524208
1.938913,3.519652
1.939223,3.515097
1.939532,3.510547
1.939842,3.506006
1.940152,3.501467
1.940462,3.496937
1.940772,3.492408
1.941082,3.487886
1.941392,3.483369
1.941702,3.478858
1.942012,3.474353
1.942322,3.469853
1.942632,3.465357
1.942942,3.460869
1.943252,3.456384
1.943562,3.451903
1.943871,3.447431
1.944181,3.442963
1.944491,3.438502
1.944801,3.434045
1.945111,3.429592
1.945421,3.425148
1.945731,3.420708
1.946041,3.416273
1.946351,3.411841
1.946661,3.407420
1.946971,3.403001
1.947281,3.398589
1.947591,3.394181
1.947901,3.389777
1.948210,3.385383
1.948520,3.380991
1.948830,3.376608
1.949140,3.372230
1.949450,3.367854
1.949760,3.363487
1.950070,3.359126
1.950380,3.354769
1.950690,3.350418
1.951000,3.346073
1.951310,3.341733
1.951620,3.337398
1.951930,3.333071
1.952239,3.328747
1.952549,3.324429
1.952859,3.320119
1.953169,3.315815
1.953479,3.311516
1.953789,3.307223
1.954099,3.302934
1.954409,3.298650
1.954719,3.294373
1.955029,3.290103
1.955339,3.285839
1.955649,3.281578
1.955959,3.277326
1.956269,3.273079
1.956578,3.268837
1.956888,3.264601
1.957198,3.260370
1.957508,3.256146
1.957818,3.251929
1.958128,3.247720
1.958438,3.243509
1.958748,3.239308
1.959058,3.235113
1.959368,3.230925
1.959678,3.226742
1.959988,3.222566
1.960298,3.218394
1.960608,3.214228
1.960917,3.210068
1.961227,3.205915
1.961537,3.201768
1.961847,3.197625
1.962157,3.193492
1.962467,3.189361
1.962777,3.185236
1.963087,3.181118
1.963397,3.177006
1.963707,3.172903
1.964017,3.168803
1.964327,3.164708
1.964637,3.160619
1.964946,3.156537
1.965256,3.152462
1.965566,3.148393
1.965876,3.144329
1.966186,3.140270
1.966496,3.136220
1.966806,3.132172
1.967116,3.128132
1.967426,3.124097
1.967736,3.120069
1.968046,3.116052
1.968356,3.112035
1.968666,3.108024
1.968976,3.104020
1.969285,3.100022
1.969595,3.096032
1.969905,3.092047
1.970215,3.088068
1.970525,3.084093
1.970835,3.080128
1.971145,3.076166
1.971455,3.072210
1.971765,3.068264
1.972075,3.064321
1.972385,3.060386
1.972695,3.056454
1.973005,3.052530
1.973315,3.048612
1.973624,3.044698
1.973934,3.040794
1.974244,3.036892
1.974554,3.033000
1.974864,3.029113
1.975174,3.025231
1.975484,3.021355
1.975794,3.017485
1.976104,3.013623
1.976414,3.009765
1.976724,3.005917
1.977034,3.002071
1.977344,2.998234
1.977654,2.994400
1.977963,2.990574
1.978273,2.986754
1.978583,2.982939
1.978893,2.979134
1.979203,2.975334
1.979513,2.971535
1.979823,2.967746
1.980133,2.963963
1.980443,2.960187
1.980753,2.956414
1.981063,2.952652
1.981373,2.948892
1.981683,2.945141
1.981992,2.941395
1.982302,2.937655
1.982612,2.933921
1.982922,2.930193
1.983232,2.926472
1.983542,2.922759
1.983852,2.919048
1.984162,2.915346
1.984472,2.911648
1.984782,2.907959
1.985092,2.904276
1.985402,2.900599
1.985712,2.896926
1.986022,2.893259
1.986331,2.889599
1.986641,2.885947
1.986951,2.882300
1.987261,2.878659
1.987571,2.875026
1.987881,2.871397
1.988191,2.867773
1.988501,2.864157
1.988811,2.860548
1.989121,2.856944
1.989431,2.853346
1.989741,2.849756
1.990051,2.846171
1.990361,2.842591
1.990670,2.839018
1.990980,2.835450
1.991290,2.831889
1.991600,2.828335
1.991910,2.824789
1.992220,2.821246
1.992530,2.817710
1.992840,2.814183
1.993150,2.810659
1.993460,2.807140
1.993770,2.803631
1.994080,2.800125
1.994390,2.796626
1.994699,2.793133
1.995009,2.789647
1.995319,2.786166
1.995629,2.782694
1.995939,2.779227
1.996249,2.775764
1.996559,2.772309
1.996869,2.768860
1.997179,2.765416
1.997489,2.761978
1.997799,2.758548
1.998109,2.755124
1.998419,2.751707
1.998729,2.748294
1.999038,2.744888
1.999348,2.741485
1.999658,2.738093
1.999968,2.734703
2.000278,2.731323
2.000588,2.727947
2.000898,2.724578
2.001208,2.721215
2.001518,2.717860
2.001828,2.714510
2.002138,2.711164
2.002448,2.707824
2.002758,2.704492
2.003068,2.701164
2.003377,2.697845
2.003687,2.694531
2.003997,2.691221
2.004307,2.687919
2.004617,2.684623
2.004927,2.681335
2.005237,2.678050
2.005547,2.674771
2.005857,2.671504
2.006167,2.668238
2.006477,2.664976
2.006787,2.661725
2.007097,2.658477
2.007406,2.655235
2.007716,2.652000
2.008026,2.648770
2.008336,2.645547
2.008646,2.642333
2.008956,2.639119
2.009266,2.635915
2.009576,2.632715
2.009886,2.629521
2.010196,2.626339
2.010506,2.623157
2.010816,2.619983
2.011126,2.616816
2.011436,2.613651
2.011745,2.610496
2.012055,2.607344
2.012365,2.604199
2.012675,2.601061
2.012985,2.597927
2.013295,2.594802
2.013605,2.591681
2.013915,2.588566
2.014225,2.585457
2.014535,2.582357
2.014845,2.579261
2.015155,2.576170
2.015465,2.573085
2.015775,2.570006
2.016084,2.566934
2.016394,2.563866
2.016704,2.560806
2.017014,2.557750
2.017324,2.554702
2.017634,2.551659
2.017944,2.548621
2.018254,2.545590
2.018564,2.542564
2.018874,2.539548
2.019184,2.536533
2.019494,2.533528
2.019804,2.530525
2.020114,2.527529
2.020423,2.524539
2.020733,2.521554
2.021043,2.518577
2.021353,2.515605
2.021663,2.512638
2.021973,2.509677
2.022283,2.506723
2.022593,2.503775
2.022903,2.500831
2.023213,2.497896
2.023523,2.494964
2.023833,2.492038
2.024143,2.489120
2.024452,2.486204
2.024762,2.483298
2.025072,2.480395
2.025382,2.477500
2.025692,2.474608
2.026002,2.471724
2.026312,2.468844
2.026622,2.465971
2.026932,2.463104
2.027242,2.460244
2.027552,2.457389
2.027862,2.454538
2.028172,2.451692
2.028482,2.448853
2.028791,2.446022
2.029101,2.443195
2.029411,2.440371
2.029721,2.437557
2.030031,2.434748
2.030341,2.431942
2.030651,2.429144
2.030961,2.426350
2.031271,2.423563
2.031581,2.420785
2.031891,2.418008
2.032201,2.415239
2.032511,2.412473
2.032821,2.409713
2.033130,2.406961
2.033440,2.404212
2.033750,2.401470
2.034060,2.398736
2.034370,2.396002
2.034680,2.393279
2.034990,2.390560
2.035300,2.387846
2.035610,2.385137
2.035920,2.382434
2.036230,2.379740
2.036540,2.377047
2.036850,2.374362
2.037159,2.371680
2.037469,2.369005
2.037779,2.366335
2.038089,2.363672
2.038399,2.361015
2.038709,2.358360
2.039019,2.355713
2.039329,2.353072
2.039639,2.350437
2.039949,2.347806
2.040259,2.345181
2.040569,2.342563
2.040879,2.339948
2.041189,2.337339
2.041498,2.334735
2.041808,2.332138
2.042118,2.329545
2.042428,2.326958
2.042738,2.324376
2.043048,2.321802
2.043358,2.319231
2.043668,2.316664
2.043978,2.314104
2.044288,2.311550
2.044598,2.309004
2.044908,2.306460
2.045218,2.303921
2.045528,2.301388
2.045837,2.298860
2.046147,2.296338
2.046457,2.293822
2.046767,2.291309
2.047077,2.288803
2.047387,2.286302
2.047697,2.283806
2.048007,2.281317
2.048317,2.278831
2.048627,2.276352
2.048937,2.273879
2.049247,2.271408
2.049557,2.268946
2.049866,2.266487
2.050176,2.264035
2.050486,2.261585
2.050796,2.259143
2.051106,2.256706
2.051416,2.254273
2.051726,2.251847
2.052036,2.249426
2.052346,2.247009
2.052656,2.244596
2.052966,2.242191
2.053276,2.239791
2.053586,2.237394
2.053896,2.235004
2.054205,2.232619
2.054515,2.230238
2.054825,2.227862
2.055135,2.225492
2.055445,2.223128
2.055755,2.220767
2.056065,2.218412
2.056375,2.216061
2.056685,2.213717
2.056995,2.211378
2.057305,2.209044
2.057615,2.206715
2.057925,2.204392
2.058235,2.202074
2.058544,2.199759
2.058854,2.197448
2.059164,2.195144
2.059474,2.192845
2.059784,2.190551
2.060094,2.188262
2.060404,2.185977
2.060714,2.183697
2.061024,2.181423
2.061334,2.179155
2.061644,2.176892
2.061954,2.174635
2.062264,2.172378
2.062574,2.170129
2.062883,2.167885
2.063193,2.165645
2.063503,2.163410
2.063813,2.161182
2.064123,2.158957
2.064433,2.156735
2.064743,2.154521
2.065053,2.152312
2.065363,2.150106
2.065673,2.147906
2.065983,2.145710
2.066293,2.143522
2.066603,2.141337
2.066912,2.139154
2.067222,2.136978
2.067532,2.134806
2.067842,2.132639
2.068152,2.130476
2.068462,2.128320
2.068772,2.126170
2.069082,2.124021
2.069392,2.121879
2.069702,2.119741
2.070012,2.117607
2.070322,2.115482
2.070632,2.113357
2.070942,2.111238
2.071251,2.109124
2.071561,2.107013
2.071871,2.104909
2.072181,2.102808
2.072491,2.100712
2.072801,2.098622
2.073111,2.096537
2.073421,2.094456
2.073731,2.092378
2.074041,2.090306
2.074351,2.088238
2.074661,2.086177
2.074971,2.084118
2.075281,2.082065
2.075590,2.080015
2.075900,2.077972
2.076210,2.075931
2.076520,2.073896
2.076830,2.071865
2.077140,2.069839
2.077450,2.067818
2.077760,2.065800
2.078070,2.063787
2.078380,2.061778
2.078690,2.059775
2.079000,2.057777
2.079310,2.055784
2.079619,2.053793
2.079929,2.051807
2.080239,2.049827
2.080549,2.047850
2.080859,2.045877
2.081169,2.043909
2.081479,2.041947
2.081789,2.039987
2.082099,2.038032
2.082409,2.036083
2.082719,2.034138
2.083029,2.032195
2.083339,2.030260
2.083649,2.028328
2.083958,2.026401
2.084268,2.024477
2.084578,2.022558
2.084888,2.020642
2.085198,2.018731
2.085508,2.016825
2.085818,2.014922
2.086128,2.013026
2.086438,2.011133
2.086748,2.009243
2.087058,2.007358
2.087368,2.005477
2.087678,2.003604
2.087988,2.001732
2.088297,1.999864
2.088607,1.998000
2.088917,1.996142
2.089227,1.994285
2.089537,1.992435
2.089847,1.990589
2.090157,1.988745
2.090467,1.986909
2.090777,1.985074
2.091087,1.983245
2.091397,1.981420
2.091707,1.979597
2.092017,1.977782
2.092326,1.975967
2.092636,1.974159
2.092946,1.972355
2.093256,1.970554
2.093566,1.968757
2.093876,1.966964
2.094186,1.965177
2.094496,1.963392
2.094806,1.961613
2.095116,1.959837
2.095426,1.958065
2.095736,1.956296
2.096046,1.954532
2.096356,1.952774
2.096665,1.951019
2.096975,1.949267
2.097285,1.947518
2.097595,1.945774
2.097905,1.944034
2.098215,1.942299
2.098525,1.940567
2.098835,1.938839
2.099145,1.937116
2.099455,1.935395
2.099765,1.933680
2.100075,1.931968
2.100385,1.930259
2.100695,1.928558
2.101004,1.926857
2.101314,1.925161
2.101624,1.923468
2.101934,1.921779
2.102244,1.920095
2.102554,1.918416
2.102864,1.916739
2.103174,1.915067
2.103484,1.913397
2.103794,1.911731
2.104104,1.910070
2.104414,1.908412
2.104724,1.906758
2.105034,1.905110
2.105343,1.903463
2.105653,1.901823
2.105963,1.900184
2.106273,1.898548
2.106583,1.896919
2.106893,1.895291
2.107203,1.893668
2.107513,1.892047
2.107823,1.890432
2.108133,1.888821
2.108443,1.887212
2.108753,1.885607
2.109063,1.884007
2.109372,1.882409
2.109682,1.880816
2.109992,1.879227
2.110302,1.877640
2.110612,1.876058
2.110922,1.874480
2.111232,1.872903
2.111542,1.871332
2.111852,1.869766
2.112162,1.868201
2.112472,1.866641
2.112782,1.865084
2.113092,1.863529
2.113402,1.861981
2.113711,1.860434
2.114021,1.858892
2.114331,1.857354
2.114641,1.855817
2.114951,1.854287
2.115261,1.852759
2.115571,1.851233
2.115881,1.849714
2.116191,1.848195
2.116501,1.846680
2.116811,1.845170
2.117121,1.843664
2.117431,1.842160
2.117741,1.840661
2.118050,1.839164
2.118360,1.837671
2.118670,1.836181
2.118980,1.834696
2.119290,1.833212
2.119600,1.831734
2.119910,1.830257
2.120220,1.828785
2.120530,1.827317
2.120840,1.825850
2.121150,1.824389
2.121460,1.822930
2.121770,1.821473
2.122079,1.820023
2.122389,1.818575
2.122699,1.817130
2.123009,1.815688
2.123319,1.814250
2.123629,1.812815
2.123939,1.811383
2.124249,1.809954
2.124559,1.808528
2.124869,1.807107
2.125179,1.805689
2.125489,1.804274
2.125799,1.802863
2.126109,1.801454
2.126418,1.800049
2.126728,1.798649
2.127038,1.797249
2.127348,1.795853
2.127658,1.794461
2.127968,1.793074
2.128278,1.791687
2.128588,1.790305
2.128898,1.788925
2.129208,1.787549
2.129518,1.786177
2.129828,1.784807
2.130138,1.783441
2.130448,1.782077
2.130757,1.780718
2.131067,1.779362
2.131377,1.778008
2.131687,1.776659
2.131997,1.775312
2.132307,1.773965
2.132617,1.772625
2.132927,1.771287
2.133237,1.769953
2.133547,1.768621
2.133857,1.767293
2.134167,1.765968
2.134477,1.764645
2.134786,1.763326
2.135096,1.762012
2.135406,1.760697
2.135716,1.759387
2.136026,1.758080
2.136336,1.756777
2.136646,1.755476
2.136956,1.754177
2.137266,1.752882
2.137576,1.751592
2.137886,1.750304
2.138196,1.749016
2.138506,1.747735
2.138816,1.746455
2.139125,1.745178
2.139435,1.743905
2.139745,1.742634
2.140055,1.741367
2.140365,1.740102
2.140675,1.738839
2.140985,1.737582
2.141295,1.736326
2.141605,1.735072
2.141915,1.733823
2.142225,1.732575
2.142535,1.731330
2.142845,1.730089
2.143155,1.728850
2.143464,1.727615
2.143774,1.726383
2.144084,1.725154
2.144394,1.723926
2.144704,1.722703
2.145014,1.721481
2.145324,1.720264
2.145634,1.719049
2.145944,1.717835
2.146254,1.716626
2.146564,1.715418
2.146874,1.714215
2.147184,1.713013
2.147493,1.711814
2.147803,1.710620
2.148113,1.709427
2.148423,1.708236
2.148733,1.707049
2.149043,1.705864
2.149353,1.704682
2.149663,1.703503
2.149973,1.702328
2.150283,1.701154
2.150593,1.699982
2.150903,1.698815
2.151213,1.697649
2.151523,1.696487
2.151832,1.695328
2.152142,1.694171
2.152452,1.693016
2.152762,1.691865
2.153072,1.690715
2.153382,1.689569
2.153692,1.688425
2.154002,1.687284
2.154312,1.686147
2.154622,1.685010
2.154932,1.683877
2.155242,1.682747
2.155552,1.681620
2.155862,1.680494
2.156171,1.679371
2.156481,1.678251
2.156791,1.677135
2.157101,1.676020
2.157411,1.674908
2.157721,1.673798
2.158031,1.672691
2.158341,1.671586
2.158651,1.670485
2.158961,1.669387
2.159271,1.668289
2.159581,1.667195
2.159891,1.666104
2.160201,1.665014
2.160510,1.663929
2.160820,1.662845
2.161130,1.661764
2.161440,1.660685
2.161750,1.659609
2.162060,1.658535
2.162370,1.657464
2.162680,1.656394
2.162990,1.655329
2.163300,1.654265
2.163610,1.653203
2.163920,1.652144
2.164230,1.651088
2.164539,1.650034
2.164849,1.648983
2.165159,1.647934
2.165469,1.646887
2.165779,1.645844
2.166089,1.644801
2.166399,1.643762
2.166709,1.642726
2.167019,1.641689
2.167329,1.640658
2.167639,1.639627
2.167949,1.638602
2.168259,1.637577
2.168569,1.636554
2.168878,1.635533
2.169188,1.634516
2.169498,1.633501
2.169808,1.632488
2.170118,1.631478
2.170428,1.630468
2.170738,1.629463
2.171048,1.628460
2.171358,1.627459
2.171668,1.626460
2.171978,1.625462
2.172288,1.624467
2.172598,1.623477
2.172908,1.622487
2.173217,1.621499
2.173527,1.620514
2.173837,1.619532
2.174147,1.618550
2.174457,1.617572
2.174767,1.616596
2.175077,1.615622
2.175387,1.614650
2.175697,1.613682
2.176007,1.612715
2.176317,1.611750
2.176627,1.610788
2.176937,1.609827
2.177246,1.608869
2.177556,1.607912
2.177866,1.606959
2.178176,1.606008
2.178486,1.605059
2.178796,1.604110
2.179106,1.603167
2.179416,1.602223
2.179726,1.601283
2.180036,1.600345
2.180346,1.599410
2.180656,1.598475
2.180966,1.597544
2.181276,1.596614
2.181585,1.595685
2.181895,1.594761
2.182205,1.593837
2.182515,1.592917
2.182825,1.591997
2.183135,1.591081
2.183445,1.590166
2.183755,1.589253
2.184065,1.588343
2.184375,1.587435
2.184685,1.586527
2.184995,1.585624
2.185305,1.584720
2.185615,1.583820
2.185924,1.582923
2.186234,1.582026
2.186544,1.581132
2.186854,1.580240
2.187164,1.579351
2.187474,1.578465
2.187784,1.577578
2.188094,1.576694
2.188404,1.575813
2.188714,1.574933
2.189024,1.574056
2.189334,1.573179
2.189644,1.572306
2.189953,1.571435
2.190263,1.570565
2.190573,1.569697
2.190883,1.568833
2.191193,1.567969
2.191503,1.567108
2.191813,1.566248
2.192123,1.565391
2.192433,1.564535
2.192743,1.563681
2.193053,1.562829
2.193363,1.561978
2.193673,1.561131
2.193983,1.560286
2.194292,1.559442
2.194602,1.558600
2.194912,1.557759
2.195222,1.556921
2.195532,1.556085
2.195842,1.555251
2.196152,1.554420
2.196462,1.553588
2.196772,1.552760
2.197082,1.551933
2.197392,1.551107
2.197702,1.550284
2.198012,1.549463
2.198322,1.548645
2.198631,1.547827
2.198941,1.547013
2.199251,1.546198
2.199561,1.545387
2.199871,1.544577
2.200181,1.543768
2.200491,1.542963
2.200801,1.542158
2.201111,1.541355
2.201421,1.540555
2.201731,1.539756
2.202041,1.538959
2.202351,1.538163
2.202661,1.537370
2.202970,1.536578
2.203280,1.535789
2.203590,1.535001
2.203900,1.534214
2.204210,1.533430
2.204520,1.532647
2.204830,1.531868
2.205140,1.531089
2.205450,1.530310
2.205760,1.529534
2.206070,1.528760
2.206380,1.527988
2.206690,1.527217
2.206999,1.526450
2.207309,1.525683
2.207619,1.524917
2.207929,1.524155
2.208239,1.523393
2.208549,1.522634
2.208859,1.521874
2.209169,1.521118
2.209479,1.520364
2.209789,1.519610
2.210099,1.518860
2.210409,1.518110
2.210719,1.517362
2.211029,1.516614
2.211338,1.515871
2.211648,1.515128
2.211958,1.514386
2.212268,1.513647
2.212578,1.512910
2.212888,1.512174
2.213198,1.511439
2.213508,1.510705
2.213818,1.509975
2.214128,1.509244
2.214438,1.508517
2.214748,1.507792
2.215058,1.507066
2.215368,1.506342
2.215677,1.505621
2.215987,1.504902
2.216297,1.504183
2.216607,1.503467
2.216917,1.502752
2.217227,1.502039
2.217537,1.501326
2.217847,1.500617
2.218157,1.499908
2.218467,1.499200
2.218777,1.498495
2.219087,1.497791
2.219397,1.497089
2.219706,1.496389
2.220016,1.495689
2.220326,1.494993
2.220636,1.494295
2.220946,1.493601
2.221256,1.492909
2.221566,1.492217
2.221876,1.491529
2.222186,1.490840
2.222496,1.490154
2.222806,1.489466
2.223116,1.488785
2.223426,1.488103
2.223736,1.487421
2.224045,1.486742
2.224355,1.486065
2.224665,1.485388
2.224975,1.484715
2.225285,1.484041
2.225595,1.483370
2.225905,1.482700
2.226215,1.482032
2.226525,1.481365
2.226835,1.480698
2.227145,1.480034
2.227455,1.479373
2.227765,1.478711
2.228075,1.478051
2.228384,1.477391
2.228694,1.476736
2.229004,1.476081
2.229314,1.475428
2.229624,1.474774
2.229934,1.474124
2.230244,1.473474
2.230554,1.472827
2.230864,1.472180
2.231174,1.471534
2.231484,1.470890
2.231794,1.470249
2.232104,1.469607
2.232413,1.468967
2.232723,1.468329
2.233033,1.467692
2.233343,1.467058
2.233653,1.466424
2.233963,1.465791
2.234273,1.465160
2.234583,1.464531
2.234893,1.463902
2.235203,1.463276
2.235513,1.462650
2.235823,1.462026
2.236133,1.461403
2.236443,1.460782
2.236752,1.460161
2.237062,1.459542
2.237372,1.458924
2.237682,1.458309
2.237992,1.457695
2.238302,1.457081
2.238612,1.456469
2.238922,1.455860
2.239232,1.455249
2.239542,1.454641
2.239852,1.454034
2.240162,1.453431
2.240472,1.452826
2.240782,1.452223
2.241091,1.451621
2.241401,1.451022
2.241711,1.450422
2.242021,1.449826
2.242331,1.449229
2.242641,1.448633
2.242951,1.448042
2.243261,1.447449
2.243571,1.446858
2.243881,1.446268
2.244191,1.445680
2.244501,1.445093
2.244811,1.444507
2.245121,1.443923
2.245430,1.443338
2.245740,1.442757
2.246050,1.442176
2.246360,1.441596
2.246670,1.441019
2.246980,1.440442
2.247290,1.439865
2.247600,1.439292
2.247910,1.438719
2.248220,1.438147
2.248530,1.437576
2.248840,1.437008
2.249150,1.436440
2.249459,1.435872
2.249769,1.435305
2.250079,1.434741
2.250389,1.434178
2.250699,1.433615
2.251009,1.433054
2.251319,1.432495
2.251629,1.431938
2.251939,1.431380
2.252249,1.430823
2.252559,1.430268
2.252869,1.429714
2.253179,1.429162
2.253489,1.428612
2.253798,1.428060
2.254108,1.427512
2.254418,1.426965
2.254728,1.426419
2.255038,1.425873
2.255348,1.425328
2.255658,1.424785
2.255968,1.424243
2.256278,1.423702
2.256588,1.423163
2.256898,1.422624
2.257208,1.422087
2.257518,1.421550
2.257828,1.421016
2.258137,1.420482
2.258447,1.419949
2.258757,1.419417
2.259067,1.418888
2.259377,1.418358
2.259687,1.417830
2.259997,1.417303
2.260307,1.416777
2.260617,1.416252
2.260927,1.415728
2.261237,1.415206
2.261547,1.414685
2.261857,1.414163
2.262166,1.413645
2.262476,1.413127
2.262786,1.412611
2.263096,1.412094
2.263406,1.411578
2.263716,1.411065
2.264026,1.410553
2.264336,1.410041
2.264646,1.409530
2.264956,1.409021
2.265266,1.408513
2.265576,1.408005
2.265886,1.407498
2.266196,1.406994
2.266505,1.406491
2.266815,1.405987
2.267125,1.405486
2.267435,1.404983
2.267745,1.404484
2.268055,1.403986
2.268365,1.403488
2.268675,1.402991
2.268985,1.402496
2.269295,1.402001
2.269605,1.401507
2.269915,1.401015
2.270225,1.400524
2.270535,1.400034
2.270844,1.399544
2.271154,1.399055
2.271464,1.398569
2.271774,1.398081
2.272084,1.397596
2.272394,1.397111
2.272704,1.396630
2.273014,1.396148
2.273324,1.395666
2.273634,1.395185
2.273944,1.394706
2.274254,1.394227
2.274564,1.393750
2.274873,1.393274
2.275183,1.392799
2.275493,1.392324
2.275803,1.391851
2.276113,1.391379
2.276423,1.390908
2.276733,1.390436
2.277043,1.389967
2.277353,1.389499
2.277663,1.389032
2.277973,1.388566
2.278283,1.388099
2.278593,1.387635
2.278903,1.387173
2.279212,1.386710
2.279522,1.386248
2.279832,1.385786
2.280142,1.385327
2.280452,1.384868
2.280762,1.384410
2.281072,1.383954
2.281382,1.383497
2.281692,1.383043
2.282002,1.382588
2.282312,1.382135
2.282622,1.381683
2.282932,1.381233
2.283242,1.380781
2.283551,1.380333
2.283861,1.379884
2.284171,1.379436
2.284481,1.378990
2.284791,1.378544
2.285101,1.378099
2.285411,1.377656
2.285721,1.377211
2.286031,1.376769
2.286341,1.376330
2.286651,1.375889
2.286961,1.375449
2.287271,1.375011
2.287581,1.374574
2.287890,1.374137
2.288200,1.373700
2.288510,1.373266
2.288820,1.372831
2.289130,1.372398
2.289440,1.371966
2.289750,1.371536
2.290060,1.371106
2.290370,1.370675
2.290680,1.370246
2.290990,1.369819
2.291300,1.369391
2.291610,1.368965
2.291919,1.368539
2.292229,1.368114
2.292539,1.367692
2.292849,1.367269
2.293159,1.366846
2.293469,1.366427
2.293779,1.366006
2.294089,1.365586
2.294399,1.365168
2.294709,1.364750
2.295019,1.364334
2.295329,1.363918
2.295639,1.363503
2.295949,1.363088
2.296258,1.362675
2.296568,1.362262
2.296878,1.361850
2.297188,1.361441
2.297498,1.361030
2.297808,1.360621
2.298118,1.360212
2.298428,1.359803
2.298738,1.359397
2.299048,1.358992
2.299358,1.358586
2.299668,1.358182
2.299978,1.357779
2.300288,1.357375
2.300597,1.356974
2.300907,1.356573
2.301217,1.356173
2.301527,1.355773
2.301837,1.355375
2.302147,1.354975
2.302457,1.354579
2.302767,1.354182
2.303077,1.353787
2.303387,1.353392
2.303697,1.352999
2.304007,1.352605
2.304317,1.352213
2.304626,1.351821
2.304936,1.351429
2.305246,1.351039
2.305556,1.350649
2.305866,1.350261
2.306176,1.349873
2.306486,1.349487
2.306796,1.349101
2.307106,1.348715
2.307416,1.348330
2.307726,1.347946
2.308036,1.347563
2.308346,1.347180
2.308656,1.346798
2.308965,1.346417
2.309275,1.346038
2.309585,1.345659
2.309895,1.345279
2.310205,1.344901
2.310515,1.344524
2.310825,1.344148
2.311135,1.343772
2.311445,1.343397
2.311755,1.343024
2.312065,1.342649
2.312375,1.342277
2.312685,1.341904
2.312995,1.341533
2.313304,1.341161
2.313614,1.340792
2.313924,1.340422
2.314234,1.340054
2.314544,1.339686
2.314854,1.339319
2.315164,1.338952
2.315474,1.338588
2.315784,1.338223
2.316094,1.337858
2.316404,1.337494
2.316714,1.337133
2.317024,1.336770
2.317333,1.336409
2.317643,1.336047
2.317953,1.335688
2.318263,1.335328
2.318573,1.334968
2.318883,1.334611
2.319193,1.334254
2.319503,1.333898
2.319813,1.333541
2.320123,1.333187
2.320433,1.332832
2.320743,1.332478
2.321053,1.332126
2.321363,1.331774
2.321672,1.331421
2.321982,1.331071
2.322292,1.330720
2.322602,1.330370
2.322912,1.330020
2.323222,1.329674
2.323532,1.329324
2.323842,1.328978
2.324152,1.328631
2.324462,1.328286
2.324772,1.327941
2.325082,1.327596
2.325392,1.327252
2.325702,1.326910
2.326011,1.326566
2.326321,1.326225
2.326631,1.325884
2.326941,1.325543
2.327251,1.325202
2.327561,1.324864
2.327871,1.324525
2.328181,1.324188
2.328491,1.323850
2.328801,1.323514
2.329111,1.323178
2.329421,1.322842
2.329731,1.322507
2.330041,1.322173
2.330350,1.321842
2.330660,1.321508
2.330970,1.321174
2.331280,1.320844
2.331590,1.320511
2.331900,1.320182
2.332210,1.319853
2.332520,1.319523
2.332830,1.319193
2.333140,1.318866
2.333450,1.318540
2.333760,1.318213
2.334070,1.317887
2.334379,1.317561
2.334689,1.317237
2.334999,1.316913
2.335309,1.316589
2.335619,1.316266
2.335929,1.315944
2.336239,1.315622
2.336549,1.315300
2.336859,1.314981
2.337169,1.314659
2.337479,1.314341
2.337789,1.314022
2.338099,1.313705
2.338409,1.313387
2.338718,1.313069
2.339028,1.312752
2.339338,1.312438
2.339648,1.312122
2.339958,1.311807
2.340268,1.311493
2.340578,1.311179
2.340888,1.310866
2.341198,1.310553
2.341508,1.310243
2.341818,1.309931
2.342128,1.309621
2.342438,1.309311
2.342748,1.309002
2.343057,1.308692
2.343367,1.308384
2.343677,1.308076
2.343987,1.307769
2.344297,1.307462
2.344607,1.307156
2.344917,1.306851
2.345227,1.306545
2.345537,1.306241
2.345847,1.305938
2.346157,1.305634
2.346467,1.305331
2.346777,1.305030
2.347086,1.304728
2.347396,1.304427
2.347706,1.304126
2.348016,1.303826
2.348326,1.303526
2.348636,1.303228
2.348946,1.302929
2.349256,1.302632
2.349566,1.302333
2.349876,1.302038
2.350186,1.301742
2.350496,1.301446
2.350806,1.301150
2.351116,1.300856
2.351425,1.300562
2.351735,1.300269
2.352045,1.299975
2.352355,1.299683
2.352665,1.299392
2.352975,1.299100
2.353285,1.298810
2.353595,1.298520
2.353905,1.298230
2.354215,1.297939
2.354525,1.297652
2.354835,1.297363
2.355145,1.297076
2.355455,1.296788
2.355764,1.296501
2.356074,1.296215
2.356384,1.295930
2.356694,1.295645
2.357004,1.295360
2.357314,1.295075
2.357624,1.294792
2.357934,1.294508
2.358244,1.294226
2.358554,1.293943
2.358864,1.293662
2.359174,1.293382
2.359484,1.293101
2.359793,1.292820
2.360103,1.292540
2.360413,1.292262
2.360723,1.291983
2.361033,1.291704
2.361343,1.291427
2.361653,1.291150
2.361963,1.290873
2.362273,1.290597
2.362583,1.290321
2.362893,1.290046
2.363203,1.289771
2.363513,1.289497
2.363823,1.289223
2.364132,1.288950
2.364442,1.288678
2.364752,1.288405
2.365062,1.288133
2.365372,1.287862
2.365682,1.287592
2.365992,1.287320
2.366302,1.287051
2.366612,1.286782
2.366922,1.286512
2.367232,1.286243
2.367542,1.285976
2.367852,1.285708
2.368162,1.285441
2.368471,1.285174
2.368781,1.284908
2.369091,1.284643
2.369401,1.284377
2.369711,1.284113
2.370021,1.283847
2.370331,1.283584
2.370641,1.283321
2.370951,1.283058
2.371261,1.282797
2.371571,1.282534
2.371881,1.282272
2.372191,1.282011
2.372501,1.281749
2.372810,1.281490
2.373120,1.281229
2.373430,1.280971
2.373740,1.280713
2.374050,1.280453
2.374360,1.280196
2.374670,1.279937
2.374980,1.279681
2.375290,1.279424
2.375600,1.279168
2.375910,1.278911
2.376220,1.278657
2.376530,1.278401
2.376839,1.278148
2.377149,1.277893
2.377459,1.277639
2.377769,1.277386
2.378079,1.277135
2.378389,1.276881
2.378699,1.276630
2.379009,1.276377
2.379319,1.276127
2.379629,1.275876
2.379939,1.275625
2.380249,1.275377
2.380559,1.275127
2.380869,1.274877
2.381178,1.274630
2.381488,1.274382
2.381798,1.274134
2.382108,1.273887
2.382418,1.273640
2.382728,1.273394
2.383038,1.273147
2.383348,1.272901
2.383658,1.272657
2.383968,1.272412
2.384278,1.272168
2.384588,1.271924
2.384898,1.271681
2.385208,1.271438
2.385517,1.271195
2.385827,1.270952
2.386137,1.270712
2.386447,1.270469
2.386757,1.270228
2.387067,1.269988
2.387377,1.269748
2.387687,1.269506
2.387997,1.269268
2.388307,1.269028
2.388617,1.268789
2.388927,1.268553
2.389237,1.268315
2.389546,1.268076
2.389856,1.267840
2.390166,1.267604
2.390476,1.267367
2.390786,1.267132
2.391096,1.266895
2.391406,1.266660
2.391716,1.266426
2.392026,1.266191
2.392336,1.265957
2.392646,1.265724
2.392956,1.265490
2.393266,1.265258
2.393576,1.265026
2.393885,1.264794
2.394195,1.264562
2.394505,1.264330
2.394815,1.264099
2.395125,1.263868
2.395435,1.263639
2.395745,1.263408
2.396055,1.263179
2.396365,1.262951
2.396675,1.262722
2.396985,1.262494
2.397295,1.262266
2.397605,1.262039
2.397915,1.261811
2.398224,1.261585
2.398534,1.261359
2.398844,1.261132
2.399154,1.260907
2.399464,1.260681
2.399774,1.260457
2.400084,1.260232
2.400394,1.260007
2.400704,1.259783
2.401014,1.259560
2.401324,1.259338
2.401634,1.259115
2.401944,1.258892
2.402253,1.258669
2.402563,1.258448
2.402873,1.258227
2.403183,1.258007
2.403493,1.257786
2.403803,1.257565
2.404113,1.257346
2.404423,1.257126
2.404733,1.256906
2.405043,1.256688
2.405353,1.256470
2.405663,1.256251
2.405973,1.256033
2.406283,1.255815
2.406592,1.255599
2.406902,1.255383
2.407212,1.255167
2.407522,1.254951
2.407832,1.254734
2.408142,1.254518
2.408452,1.254304
2.408762,1.254088
2.409072,1.253875
2.409382,1.253660
2.409692,1.253447
2.410002,1.253233
2.410312,1.253020
2.410622,1.252808
2.410931,1.252596
2.411241,1.252384
2.411551,1.252171
2.411861,1.251961
2.412171,1.251750
2.412481,1.251539
2.412791,1.251329
2.413101,1.251118
2.413411,1.250909
2.413721,1.250700
2.414031,1.250491
2.414341,1.250282
2.414651,1.250074
2.414960,1.249866
2.415270,1.249659
2.415580,1.249450
2.415890,1.249244
2.416200,1.249038
2.416510,1.248830
2.416820,1.248625
2.417130,1.248418
2.417440,1.248213
2.417750,1.248009
2.418060,1.247804
2.418370,1.247598
2.418680,1.247395
2.418990,1.247190
2.419299,1.246988
2.419609,1.246784
2.419919,1.246582
2.420229,1.246378
2.420539,1.246176
2.420849,1.245975
2.421159,1.245773
2.421469,1.245571
2.421779,1.245371
2.422089,1.245170
2.422399,1.244969
2.422709,1.244770
2.423019,1.244570
2.423329,1.244370
2.423638,1.244170
2.423948,1.243972
2.424258,1.243772
2.424568,1.243575
2.424878,1.243378
2.425188,1.243179
2.425498,1.242982
2.425808,1.242784
2.426118,1.242589
2.426428,1.242391
2.426738,1.242196
2.427048,1.242000
2.427358,1.241804
2.427668,1.241609
2.427977,1.241413
2.428287,1.241218
2.428597,1.241025
2.428907,1.240830
2.429217,1.240637
2.429527,1.240443
2.429837,1.240250
2.430147,1.240056
2.430457,1.239865
2.430767,1.239673
2.431077,1.239480
2.431387,1.239288
2.431697,1.239097
2.432006,1.238905
2.432316,1.238715
2.432626,1.238524
2.432936,1.238333
2.433246,1.238144
2.433556,1.237954
2.433866,1.237765
2.434176,1.237575
2.434486,1.237387
2.434796,1.237198
2.435106,1.237010
2.435416,1.236822
2.435726,1.236633
2.436036,1.236446
2.436345,1.236259
2.436655,1.236072
2.436965,1.235886
2.437275,1.235699
2.437585,1.235513
2.437895,1.235327
2.438205,1.235141
2.438515,1.234957
2.438825,1.234771
2.439135,1.234586
2.439445,1.234403
2.439755,1.234218
2.440065,1.234034
2.440375,1.233850
2.440684,1.233667
2.440994,1.233483
2.441304,1.233301
2.441614,1.233118
2.441924,1.232936
2.442234,1.232753
2.442544,1.232572
2.442854,1.232390
2.443164,1.232209
2.443474,1.232028
2.443784,1.231848
2.444094,1.231667
2.444404,1.231487
2.444713,1.231307
2.445023,1.231127
2.445333,1.230949
2.445643,1.230768
2.445953,1.230589
2.446263,1.230411
2.446573,1.230233
2.446883,1.230055
2.447193,1.229877
2.447503,1.229699
2.447813,1.229522
2.448123,1.229344
2.448433,1.229166
2.448743,1.228990
2.449052,1.228815
2.449362,1.228638
2.449672,1.228462
2.449982,1.228287
2.450292,1.228111
2.450602,1.227937
2.450912,1.227762
2.451222,1.227589
2.451532,1.227414
2.451842,1.227239
2.452152,1.227065
2.452462,1.226892
2.452772,1.226718
2.453082,1.226546
2.453391,1.226372
2.453701,1.226199
2.454011,1.226027
2.454321,1.225855
2.454631,1.225684
2.454941,1.225513
2.455251,1.225341
2.455561,1.225169
2.455871,1.224999
2.456181,1.224828
2.456491,1.224657
2.456801,1.224487
2.457111,1.224317
2.457420,1.224148
2.457730,1.223978
2.458040,1.223808
2.458350,1.223639
2.458660,1.223471
2.458970,1.223302
2.459280,1.223134
2.459590,1.222967
2.459900,1.222797
2.460210,1.222632
2.460520,1.222464
2.460830,1.222297
2.461140,1.222129
2.461450,1.221962
2.461759,1.221797
2.462069,1.221630
2.462379,1.221464
2.462689,1.221298
2.462999,1.221134
2.463309,1.220968
2.463619,1.220804
2.463929,1.220638
2.464239,1.220474
2.464549,1.220309
2.464859,1.220146
2.465169,1.219981
2.465479,1.219818
2.465789,1.219654
2.466098,1.219491
2.466408,1.219328
2.466718,1.219164
2.467028,1.219003
2.467338,1.218841
2.467648,1.218679
2.467958,1.218516
2.468268,1.218354
2.468578,1.218192
2.468888,1.218033
2.469198,1.217872
2.469508,1.217710
2.469818,1.217551
2.470128,1.217390
2.470437,1.217229
2.470747,1.217069
2.471057,1.216910
2.471367,1.216750
2.471677,1.216592
2.471987,1.216432
2.472297,1.216274
2.472607,1.216115
2.472917,1.215957
2.473227,1.215798
2.473537,1.215639
2.473847,1.215482
2.474157,1.215325
2.474466,1.215168
2.474776,1.215012
2.475086,1.214853
2.475396,1.214698
2.475706,1.214541
2.476016,1.214385
2.476326,1.214229
2.476636,1.214073
2.476946,1.213917
2.477256,1.213761
2.477566,1.213606
2.477876,1.213452
2.478186,1.213296
2.478496,1.213141
2.478805,1.212988
2.479115,1.212834
2.479425,1.212680
2.479735,1.212526
2.480045,1.212373
2.480355,1.212218
2.480665,1.212065
2.480975,1.211913
2.481285,1.211758
2.481595,1.211607
2.481905,1.211456
2.482215,1.211303
2.482525,1.211151
2.482835,1.210999
2.483144,1.210848
2.483454,1.210696
2.483764,1.210545
2.484074,1.210394
2.484384,1.210244
2.484694,1.210093
2.485004,1.209943
2.485314,1.209792
2.485624,1.209641
2.485934,1.209493
2.486244,1.209343
2.486554,1.209194
2.486864,1.209044
2.487173,1.208896
2.487483,1.208746
2.487793,1.208598
2.488103,1.208450
2.488413,1.208301
2.488723,1.208153
2.489033,1.208006
2.489343,1.207858
2.489653,1.207711
2.489963,1.207564
2.490273,1.207416
2.490583,1.207270
2.490893,1.207123
2.491203,1.206976
2.491512,1.206829
2.491822,1.206683
2.492132,1.206537
2.492442,1.206393
2.492752,1.206247
2.493062,1.206101
2.493372,1.205957
2.493682,1.205809
2.493992,1.205667
2.494302,1.205522
2.494612,1.205377
2.494922,1.205233
2.495232,1.205089
2.495542,1.204945
2.495851,1.204802
2.496161,1.204657
2.496471,1.204513
2.496781,1.204372
2.497091,1.204228
2.497401,1.204085
2.497711,1.203944
2.498021,1.203800
2.498331,1.203658
2.498641,1.203516
2.498951,1.203375
2.499261,1.203232
2.499571,1.203091
2.499880,1.202950
2.500190,1.202809
2.500500,1.202667
2.500810,1.202527
2.501120,1.202386
2.501430,1.202246
2.501740,1.202105
2.502050,1.201965
2.502360,1.201826
2.502670,1.201685
2.502980,1.201545
2.503290,1.201407
2.503600,1.201267
2.503910,1.201128
2.504219,1.200989
2.504529,1.200851
2.504839,1.200713
2.505149,1.200574
2.505459,1.200436
2.505769,1.200296
2.506079,1.200159
2.506389,1.200022
2.506699,1.199884
2.507009,1.199746
2.507319,1.199609
2.507629,1.199473
2.507939,1.199336
2.508249,1.199200
2.508558,1.199062
2.508868,1.198926
2.509178,1.198791
2.509488,1.198654
2.509798,1.198518
2.510108,1.198383
2.510418,1.198247
2.510728,1.198112
2.511038,1.197977
2.511348,1.197841
2.511658,1.197708
2.511968,1.197572
2.512278,1.197438
2.512588,1.197304
2.512897,1.197170
2.513207,1.197036
2.513517,1.196900
2.513827,1.196767
2.514137,1.196634
2.514447,1.196501
2.514757,1.196368
2.515067,1.196235
2.515377,1.196102
2.515687,1.195969
2.515997,1.195836
2.516307,1.195704
2.516617,1.195572
2.516926,1.195440
2.517236,1.195308
2.517546,1.195177
2.517856,1.195044
2.518166,1.194913
2.518476,1.194782
2.518786,1.194651
2.519096,1.194520
2.519406,1.194389
2.519716,1.194260
2.520026,1.194128
2.520336,1.193998
2.520646,1.193869
2.520956,1.193737
2.521265,1.193607
2.521575,1.193478
2.521885,1.193349
2.522195,1.193220
2.522505,1.193090
2.522815,1.192960
2.523125,1.192832
2.523435,1.192702
2.523745,1.192573
2.524055,1.192446
2.524365,1.192317
2.524675,1.192189
2.524985,1.192062
2.525295,1.191934
2.525604,1.191806
2.525914,1.191678
2.526224,1.191550
2.526534,1.191423
2.526844,1.191296
2.527154,1.191169
2.527464,1.191043
2.527774,1.190915
2.528084,1.190789
2.528394,1.190663
2.528704,1.190537
2.529014,1.190411
2.529324,1.190284
2.529633,1.190159
2.529943,1.190032
2.530253,1.189908
2.530563,1.189783
2.530873,1.189657
2.531183,1.189531
2.531493,1.189408
2.531803,1.189283
2.532113,1.189159
2.532423,1.189033
2.532733,1.188909
2.533043,1.188784
2.533353,1.188661
2.533663,1.188537
2.533972,1.188412
2.534282,1.188290
2.534592,1.188165
2.534902,1.188042
2.535212,1.187919
2.535522,1.187796
2.535832,1.187674
2.536142,1.187551
2.536452,1.187428
2.536762,1.187305
2.537072,1.187183
2.537382,1.187060
2.537692,1.186940
2.538002,1.186817
2.538311,1.186695
2.538621,1.186574
2.538931,1.186451
2.539241,1.186330
2.539551,1.186209
2.539861,1.186089
2.540171,1.185968
2.540481,1.185847
2.540791,1.185725
2.541101,1.185606
2.541411,1.185485
2.541721,1.185366
2.542031,1.185243
2.542340,1.185125
2.542650,1.185004
2.542960,1.184884
2.543270,1.184765
2.543580,1.184647
2.543890,1.184527
2.544200,1.184408
2.544510,1.184289
2.544820,1.184169
2.545130,1.184052
2.545440,1.183932
2.545750,1.183813
2.546060,1.183696
2.546370,1.183577
2.546679,1.183458
2.546989,1.183341
2.547299,1.183223
2.547609,1.183107
2.547919,1.182987
2.548229,1.182870
2.548539,1.182753
2.548849,1.182636
2.549159,1.182518
2.549469,1.182401
2.549779,1.182285
2.550089,1.182168
2.550399,1.182051
2.550709,1.181934
2.551018,1.181818
2.551328,1.181703
2.551638,1.181587
2.551948,1.181471
2.552258,1.181354
2.552568,1.181239
2.552878,1.181124
2.553188,1.181009
2.553498,1.180893
2.553808,1.180778
2.554118,1.180662
2.554428,1.180548
2.554738,1.180433
2.555048,1.180319
2.555357,1.180205
2.555667,1.180089
2.555977,1.179976
2.556287,1.179861
2.556597,1.179747
2.556907,1.179634
2.557217,1.179520
2.557527,1.179406
2.557837,1.179293
2.558147,1.179179
2.558457,1.179066
2.558767,1.178954
2.559077,1.178840
2.559386,1.178727
2.559696,1.178614
2.560006,1.178502
2.560316,1.178389
2.560626,1.178277
2.560936,1.178164
2.561246,1.178052
2.561556,1.177941
2.561866,1.177828
2.562176,1.177716
2.562486,1.177605
2.562796,1.177492
2.563106,1.177381
2.563416,1.177269
2.563725,1.177158
2.564035,1.177047
2.564345,1.176937
2.564655,1.176826
2.564965,1.176715
2.565275,1.176604
2.565585,1.176494
2.565895,1.176383
2.566205,1.176273
2.566515,1.176163
2.566825,1.176054
2.567135,1.175943
2.567445,1.175833
2.567755,1.175724
2.568064,1.175614
2.568374,1.175505
2.568684,1.175397
2.568994,1.175285
2.569304,1.175177
2.569614,1.175068
2.569924,1.174959
2.570234,1.174850
2.570544,1.174742
2.570854,1.174633
2.571164,1.174525
2.571474,1.174417
2.571784,1.174309
2.572093,1.174200
2.572403,1.174093
2.572713,1.173985
2.573023,1.173876
2.573333,1.173769
2.573643,1.173662
2.573953,1.173554
2.574263,1.173446
2.574573,1.173340
2.574883,1.173233
2.575193,1.173126
2.575503,1.173018
2.575813,1.172912
2.576123,1.172805
2.576432,1.172699
2.576742,1.172593
2.577052,1.172486
2.577362,1.172380
2.577672,1.172274
2.577982,1.172168
2.578292,1.172062
2.578602,1.171956
2.578912,1.171851
2.579222,1.171746
2.579532,1.171640
2.579842,1.171535
2.580152,1.171429
2.580462,1.171324
2.580771,1.171220
2.581081,1.171115
2.581391,1.171010
2.581701,1.170906
2.582011,1.170800
2.582321,1.170696
2.582631,1.170592
2.582941,1.170487
2.583251,1.170385
2.583561,1.170279
2.583871,1.170176
2.584181,1.170072
2.584491,1.169968
2.584800,1.169865
2.585110,1.169760
2.585420,1.169658
2.585730,1.169554
2.586040,1.169451
2.586350,1.169349
2.586660,1.169245
2.586970,1.169144
2.587280,1.169040
2.587590,1.168936
2.587900,1.168835
2.588210,1.168733
2.588520,1.168630
2.588830,1.168528
2.589139,1.168426
2.589449,1.168323
2.589759,1.168222
2.590069,1.168119
2.590379,1.168018
2.590689,1.167916
2.590999,1.167814
2.591309,1.167714
2.591619,1.167612
2.591929,1.167511
2.592239,1.167409
2.592549,1.167310
2.592859,1.167209
2.593169,1.167107
2.593478,1.167006
2.593788,1.166905
2.594098,1.166805
2.594408,1.166706
2.594718,1.166604
2.595028,1.166505
2.595338,1.166404
2.595648,1.166304
2.595958,1.166205
2.596268,1.166105
2.596578,1.166004
2.596888,1.165905
2.597198,1.165806
2.597508,1.165707
2.597817,1.165606
2.598127,1.165508
2.598437,1.165409
2.598747,1.165309
2.599057,1.165210
2.599367,1.165112
2.599677,1.165012
2.599987,1.164914
2.600297,1.164815
2.600607,1.164717
2.600917,1.164619
2.601227,1.164521
2.601537,1.164422
2.601846,1.164325
2.602156,1.164227
2.602466,1.164129
2.602776,1.164032
2.603086,1.163932
2.603396,1.163836
2.603706,1.163738
2.604016,1.163641
2.604326,1.163543
2.604636,1.163446
2.604946,1.163349
2.605256,1.163252
2.605566,1.163155
2.605876,1.163058
2.606185,1.162961
2.606495,1.162864
2.606805,1.162769
2.607115,1.162672
2.607425,1.162575
2.607735,1.162479
2.608045,1.162383
2.608355,1.162287
2.608665,1.162191
2.608975,1.162094
2.609285,1.162000
2.609595,1.161904
2.609905,1.161808
2.610215,1.161713
2.610524,1.161616
2.610834,1.161523
2.611144,1.161426
2.611454,1.161331
2.611764,1.161236
2.612074,1.161141
2.612384,1.161046
2.612694,1.160952
2.613004,1.160858
2.613314,1.160763
2.613624,1.160667
2.613934,1.160573
2.614244,1.160479
2.614553,1.160385
2.614863,1.160291
2.615173,1.160196
2.615483,1.160103
2.615793,1.160008
2.616103,1.159915
2.616413,1.159822
2.616723,1.159726
2.617033,1.159635
2.617343,1.159542
2.617653,1.159448
2.617963,1.159355
2.618273,1.159260
2.618583,1.159167
2.618892,1.159075
2.619202,1.158981
2.619512,1.158888
2.619822,1.158796
2.620132,1.158703
2.620442,1.158610
2.620752,1.158518
2.621062,1.158425
2.621372,1.158334
2.621682,1.158242
2.621992,1.158149
2.622302,1.158057
2.622612,1.157965
2.622922,1.157873
2.623231,1.157781
2.623541,1.157689
2.623851,1.157599
2.624161,1.157506
2.624471,1.157415
2.624781,1.157322
2.625091,1.157231
2.625401,1.157141
2.625711,1.157051
2.626021,1.156959
2.626331,1.156867
2.626641,1.156777
2.626951,1.156685
2.627260,1.156595
2.627570,1.156504
2.627880,1.156414
2.628190,1.156324
2.628500,1.156232
2.628810,1.156142
2.629120,1.156052
2.629430,1.155963
2.629740,1.155873
2.630050,1.155783
2.630360,1.155692
2.630670,1.155603
2.630980,1.155513
2.631290,1.155423
2.631599,1.155334
2.631909,1.155245
2.632219,1.155156
2.632529,1.155065
2.632839,1.154977
2.633149,1.154886
2.633459,1.154799
2.633769,1.154710
2.634079,1.154620
2.634389,1.154531
2.634699,1.154441
2.635009,1.154354
2.635319,1.154265
2.635629,1.154178
2.635938,1.154088
2.636248,1.154000
2.636558,1.153913
2.636868,1.153824
2.637178,1.153735
2.637488,1.153648
2.637798,1.153560
2.638108,1.153472
2.638418,1.153384
2.638728,1.153296
2.639038,1.153208
2.639348,1.153122
2.639658,1.153034
2.639967,1.152946
2.640277,1.152858
2.640587,1.152772
2.640897,1.152684
2.641207,1.152597
2.641517,1.152511
2.641827,1.152424
2.642137,1.152337
2.642447,1.152250
2.642757,1.152164
2.643067,1.152077
2.643377,1.151991
2.643687,1.151904
2.643997,1.151817
2.644306,1.151731
2.644616,1.151645
2.644926,1.151559
2.645236,1.151472
2.645546,1.151387
2.645856,1.151299
2.646166,1.151216
2.646476,1.151130
2.646786,1.151044
2.647096,1.150958
2.647406,1.150873
2.647716,1.150787
2.648026,1.150701
2.648336,1.150617
2.648645,1.150531
2.648955,1.150446
2.649265,1.150360
2.649575,1.150275
2.649885,1.150191
2.650195,1.150106
2.650505,1.150021
2.650815,1.149936
2.651125,1.149851
2.651435,1.149766
2.651745,1.149683
2.652055,1.149599
2.652365,1.149513
2.652675,1.149429
2.652984,1.149346
2.653294,1.149261
2.653604,1.149177
2.653914,1.149093
2.654224,1.149009
2.654534,1.148925
2.654844,1.148841
2.655154,1.148758
2.655464,1.148674
2.655774,1.148590
2.656084,1.148508
2.656394,1.148424
2.656704,1.148340
2.657013,1.148257
2.657323,1.148174
2.657633,1.148091
2.657943,1.148007
2.658253,1.147925
2.658563,1.147842
2.658873,1.147759
2.659183,1.147676
2.659493,1.147593
2.659803,1.147511
2.660113,1.147428
2.660423,1.147346
2.660733,1.147264
2.661043,1.147181
2.661352,1.147098
2.661662,1.147017
2.661972,1.146935
2.662282,1.146853
2.662592,1.146770
2.662902,1.146690
2.663212,1.146606
2.663522,1.146525
2.663832,1.146443
2.664142,1.146362
2.664452,1.146281
2.664762,1.146198
2.665072,1.146117
2.665382,1.146035
2.665691,1.145955
2.666001,1.145874
2.666311,1.145792
2.666621,1.145711
2.666931,1.145630
2.667241,1.145549
2.667551,1.145468
2.667861,1.145388
2.668171,1.145307
2.668481,1.145226
2.668791,1.145146
2.669101,1.145065
2.669411,1.144984
2.669720,1.144905
2.670030,1.144823
2.670340,1.144744
2.670650,1.144663
2.670960,1.144583
2.671270,1.144504
2.671580,1.144423
2.671890,1.144343
2.672200,1.144264
2.672510,1.144183
2.672820,1.144104
2.673130,1.144024
2.673440,1.143945
2.673750,1.143865
2.674059,1.143785
2.674369,1.143706
2.674679,1.143628
2.674989,1.143547
2.675299,1.143468
2.675609,1.143389
2.675919,1.143310
2.676229,1.143232
2.676539,1.143152
2.676849,1.143073
2.677159,1.142994
2.677469,1.142916
2.677779,1.142837
2.678089,1.142759
2.678398,1.142681
2.678708,1.142602
2.679018,1.142524
2.679328,1.142445
2.679638,1.142366
2.679948,1.142288
2.680258,1.142211
2.680568,1.142133
2.680878,1.142053
2.681188,1.141975
2.681498,1.141898
2.681808,1.141819
2.682118,1.141742
2.682427,1.141665
2.682737,1.141587
2.683047,1.141510
2.683357,1.141432
2.683667,1.141354
2.683977,1.141277
2.684287,1.141200
2.684597,1.141123
2.684907,1.141046
2.685217,1.140968
2.685527,1.140892
2.685837,1.140815
2.686147,1.140739
2.686457,1.140660
2.686766,1.140584
2.687076,1.140507
2.687386,1.140430
2.687696,1.140355
2.688006,1.140277
2.688316,1.140200
2.688626,1.140124
2.688936,1.140048
2.689246,1.139972
2.689556,1.139895
2.689866,1.139819
2.690176,1.139743
2.690486,1.139666
2.690796,1.139590
2.691105,1.139515
2.691415,1.139439
2.691725,1.139363
2.692035,1.139288
2.692345,1.139211
2.692655,1.139136
2.692965,1.139061
2.693275,1.138985
2.693585,1.138909
2.693895,1.138834
2.694205,1.138759
2.694515,1.138683
2.694825,1.138608
2.695135,1.138533
2.695444,1.138458
2.695754,1.138384
2.696064,1.138308
2.696374,1.138233
2.696684,1.138159
2.696994,1.138084
2.697304,1.138010
2.697614,1.137934
2.697924,1.137859
2.698234,1.137784
2.698544,1.137710
2.698854,1.137637
2.699164,1.137563
2.699473,1.137486
2.699783,1.137414
2.700093,1.137339
2.700403,1.137265
2.700713,1.137191
2.701023,1.137116
2.701333,1.137042
2.701643,1.136969
2.701953,1.136895
2.702263,1.136821
2.702573,1.136748
2.702883,1.136673
2.703193,1.136601
2.703503,1.136527
2.703812,1.136454
2.704122,1.136380
2.704432,1.136307
2.704742,1.136233
2.705052,1.136160
2.705362,1.136087
2.705672,1.136014
2.705982,1.135939
2.706292,1.135866
2.706602,1.135794
2.706912,1.135721
2.707222,1.135649
2.707532,1.135576
2.707842,1.135503
2.708151,1.135431
2.708461,1.135358
2.708771,1.135284
2.709081,1.135212
2.709391,1.135140
2.709701,1.135067
2.710011,1.134995
2.710321,1.134923
2.710631,1.134850
2.710941,1.134780
2.711251,1.134706
2.711561,1.134634
2.711871,1.134563
2.712180,1.134490
2.712490,1.134418
2.712800,1.134347
2.713110,1.134275
2.713420,1.134204
2.713730,1.134132
2.714040,1.134059
2.714350,1.133988
2.714660,1.133917
2.714970,1.133845
2.715280,1.133775
2.715590,1.133702
2.715900,1.133630
2.716210,1.133560
2.716519,1.133489
2.716829,1.133418
2.717139,1.133347
2.717449,1.133275
2.717759,1.133204
2.718069,1.133133
2.718379,1.133063
2.718689,1.132993
2.718999,1.132921
2.719309,1.132851
2.719619,1.132781
2.719929,1.132710
2.720239,1.132639
2.720549,1.132569
2.720858,1.132498
2.721168,1.132429
2.721478,1.132358
2.721788,1.132288
2.722098,1.132215
2.722408,1.132147
2.722718,1.132077
2.723028,1.132007
2.723338,1.131936
2.723648,1.131867
2.723958,1.131796
2.724268,1.131727
2.724578,1.131657
2.724887,1.131588
2.725197,1.131519
2.725507,1.131448
2.725817,1.131379
2.726127,1.131310
2.726437,1.131240
2.726747,1.131171
2.727057,1.131101
2.727367,1.131031
2.727677,1.130963
2.727987,1.130894
2.728297,1.130825
2.728607,1.130754
2.728917,1.130687
2.729226,1.130618
2.729536,1.130549
2.729846,1.130480
2.730156,1.130411
2.730466,1.130341
2.730776,1.130273
2.731086,1.130204
2.731396,1.130136
2.731706,1.130068
2.732016,1.129999
2.732326,1.129930
2.732636,1.129863
2.732946,1.129794
2.733256,1.129726
2.733565,1.129657
2.733875,1.129589
2.734185,1.129521
2.734495,1.129452
2.734805,1.129385
2.735115,1.129316
2.735425,1.129249
2.735735,1.129180
2.736045,1.129113
2.736355,1.129044
2.736665,1.128978
2.736975,1.128908
2.737285,1.128841
2.737595,1.128774
2.737904,1.128707
2.738214,1.128640
2.738524,1.128571
2.738834,1.128505
2.739144,1.128437
2.739454,1.128370
2.739764,1.128302
2.740074,1.128235
2.740384,1.128169
2.740694,1.128101
2.741004,1.128034
2.741314,1.127967
2.741624,1.127899
2.741933,1.127834
2.742243,1.127767
2.742553,1.127700
2.742863,1.127632
2.743173,1.127566
2.743483,1.127499
2.743793,1.127433
2.744103,1.127367
2.744413,1.127300
2.744723,1.127234
2.745033,1.127167
2.745343,1.127101
2.745653,1.127035
2.745963,1.126969
2.746272,1.126902
2.746582,1.126836
2.746892,1.126770
2.747202,1.126704
2.747512,1.126638
2.747822,1.126571
2.748132,1.126506
2.748442,1.126440
2.748752,1.126374
2.749062,1.126309
2.749372,1.126243
2.749682,1.126177
2.749992,1.126111
2.750302,1.126046
2.750611,1.125980
2.750921,1.125915
2.751231,1.125850
2.751541,1.125785
2.751851,1.125720
2.752161,1.125654
2.752471,1.125588
2.752781,1.125524
2.753091,1.125457
2.753401,1.125393
2.753711,1.125329
2.754021,1.125262
2.754331,1.125197
2.754640,1.125133
2.754950,1.125068
2.755260,1.125004
2.755570,1.124939
2.755880,1.124874
2.756190,1.124810
2.756500,1.124744
2.756810,1.124680
2.757120,1.124615
2.757430,1.124552
2.757740,1.124486
2.758050,1.124421
2.758360,1.124358
2.758670,1.124293
2.758979,1.124229
2.759289,1.124164
2.759599,1.124101
2.759909,1.124036
2.760219,1.123972
2.760529,1.123908
2.760839,1.123845
2.761149,1.123781
2.761459,1.123717
2.761769,1.123654
2.762079,1.123589
2.762389,1.123526
2.762699,1.123463
2.763009,1.123398
2.763318,1.123335
2.763628,1.123271
2.763938,1.123208
2.764248,1.123144
2.764558,1.123082
2.764868,1.123018
2.765178,1.122953
2.765488,1.122892
2.765798,1.122828
2.766108,1.122764
2.766418,1.122701
2.766728,1.122638
2.767038,1.122576
2.767347,1.122512
2.767657,1.122450
2.767967,1.122385
2.768277,1.122324
2.768587,1.122260
2.768897,1.122198
2.769207,1.122135
2.769517,1.122071
2.769827,1.122009
2.770137,1.121948
2.770447,1.121884
2.770757,1.121822
2.771067,1.121758
2.771377,1.121698
2.771686,1.121635
2.771996,1.121572
2.772306,1.121510
2.772616,1.121448
2.772926,1.121385
2.773236,1.121323
2.773546,1.121262
2.773856,1.121199
2.774166,1.121137
2.774476,1.121075
2.774786,1.121014
2.775096,1.120952
2.775406,1.120890
2.775716,1.120827
2.776025,1.120766
2.776335,1.120705
2.776645,1.120642
2.776955,1.120581
2.777265,1.120519
2.777575,1.120458
2.777885,1.120396
2.778195,1.120335
2.778505,1.120274
2.778815,1.120211
2.779125,1.120150
2.779435,1.120090
2.779745,1.120028
2.780055,1.119967
2.780364,1.119906
2.780674,1.119844
2.780984,1.119784
2.781294,1.119722
2.781604,1.119661
2.781914,1.119600
2.782224,1.119539
2.782534,1.119479
2.782844,1.119417
2.783154,1.119357
2.783464,1.119296
2.783774,1.119236
2.784084,1.119175
2.784393,1.119115
2.784703,1.119054
2.785013,1.118994
2.785323,1.118933
2.785633,1.118873
2.785943,1.118813
2.786253,1.118751
2.786563,1.118691
2.786873,1.118632
2.787183,1.118571
2.787493,1.118511
2.787803,1.118451
2.788113,1.118391
2.788423,1.118330
2.788732,1.118271
2.789042,1.118210
2.789352,1.118150
2.789662,1.118091
2.789972,1.118032
2.790282,1.117971
2.790592,1.117910
2.790902,1.117851
2.791212,1.117791
2.791522,1.117733
2.791832,1.117673
2.792142,1.117613
2.792452,1.117553
2.792762,1.117494
2.793071,1.117434
2.793381,1.117375
2.793691,1.117316
2.794001,1.117257
2.794311,1.117198
2.794621,1.117139
2.794931,1.117079
2.795241,1.117021
2.795551,1.116961
2.795861,1.116902
2.796171,1.116843
2.796481,1.116784
2.796791,1.116725
2.797100,1.116666
2.797410,1.116607
2.797720,1.116548
2.798030,1.116489
2.798340,1.116430
2.798650,1.116372
2.798960,1.116314
2.799270,1.116254
2.799580,1.116195
2.799890,1.116137
2.800200,1.116079
2.800510,1.116021
2.800820,1.115961
2.801130,1.115904
2.801439,1.115845
2.801749,1.115789
2.802059,1.115729
2.802369,1.115671
2.802679,1.115613
2.802989,1.115554
2.803299,1.115496
2.803609,1.115438
2.803919,1.115380
2.804229,1.115322
2.804539,1.115264
2.804849,1.115206
2.805159,1.115149
2.805469,1.115092
2.805778,1.115032
2.806088,1.114974
2.806398,1.114918
2.806708,1.114860
2.807018,1.114802
2.807328,1.114745
2.807638,1.114686
2.807948,1.114629
2.808258,1.114572
2.808568,1.114515
2.808878,1.114457
2.809188,1.114399
2.809498,1.114342
2.809807,1.114285
2.810117,1.114227
2.810427,1.114171
2.810737,1.114114
2.811047,1.114056
2.811357,1.113999
2.811667,1.113943
2.811977,1.113886
2.812287,1.113828
2.812597,1.113771
2.812907,1.113715
2.813217,1.113658
2.813527,1.113601
2.813837,1.113544
2.814146,1.113487
2.814456,1.113431
2.814766,1.113374
2.815076,1.113318
2.815386,1.113261
2.815696,1.113204
2.816006,1.113146
2.816316,1.113091
2.816626,1.113035
2.816936,1.112979
2.817246,1.112921
2.817556,1.112865
2.817866,1.112810
2.818176,1.112753
2.818485,1.112697
2.818795,1.112641
2.819105,1.112585
2.819415,1.112529
2.819725,1.112472
2.820035,1.112417
2.820345,1.112361
2.820655,1.112304
2.820965,1.112249
2.821275,1.112192
2.821585,1.112138
2.821895,1.112082
2.822205,1.112025
2.822515,1.111970
2.822824,1.111914
2.823134,1.111858
2.823444,1.111804
2.823754,1.111748
2.824064,1.111692
2.824374,1.111637
2.824684,1.111582
2.824994,1.111526
2.825304,1.111470
2.825614,1.111415
2.825924,1.111359
2.826234,1.111305
2.826544,1.111249
2.826853,1.111193
2.827163,1.111138
2.827473,1.111085
2.827783,1.111029
2.828093,1.110974
2.828403,1.110919
2.828713,1.110863
2.829023,1.110808
2.829333,1.110753
2.829643,1.110699
2.829953,1.110645
2.830263,1.110589
2.830573,1.110535
2.830883,1.110480
2.831192,1.110425
2.831502,1.110371
2.831812,1.110316
2.832122,1.110262
2.832432,1.110206
2.832742,1.110152
2.833052,1.110098
2.833362,1.110044
2.833672,1.109989
2.833982,1.109935
2.834292,1.109880
2.834602,1.109826
2.834912,1.109773
2.835222,1.109716
2.835531,1.109663
2.835841,1.109610
2.836151,1.109555
2.836461,1.109501
2.836771,1.109448
2.837081,1.109393
2.837391,1.109339
2.837701,1.109285
2.838011,1.109232
2.838321,1.109178
2.838631,1.109123
2.838941,1.109070
2.839251,1.109016
2.839560,1.108962
2.839870,1.108909
2.840180,1.108855
2.840490,1.108802
2.840800,1.108748
2.841110,1.108694
2.841420,1.108640
2.841730,1.108587
2.842040,1.108534
2.842350,1.108481
2.842660,1.108426
2.842970,1.108375
2.843280,1.108320
2.843590,1.108268
2.843899,1.108214
2.844209,1.108161
2.844519,1.108109
2.844829,1.108055
2.845139,1.108003
2.845449,1.107949
2.845759,1.107895
2.846069,1.107843
2.846379,1.107789
2.846689,1.107737
2.846999,1.107684
2.847309,1.107631
2.847619,1.107579
2.847929,1.107525
2.848238,1.107473
2.848548,1.107419
2.848858,1.107368
2.849168,1.107315
2.849478,1.107263
2.849788,1.107210
2.850098,1.107157
2.850408,1.107105
2.850718,1.107053
2.851028,1.107000
2.851338,1.106948
2.851648,1.106895
2.851958,1.106843
2.852267,1.106790
2.852577,1.106739
2.852887,1.106686
2.853197,1.106634
2.853507,1.106582
2.853817,1.106529
2.854127,1.106478
2.854437,1.106426
2.854747,1.106374
2.855057,1.106322
2.855367,1.106269
2.855677,1.106218
2.855987,1.106166
2.856297,1.106114
2.856606,1.106062
2.856916,1.106011
2.857226,1.105959
2.857536,1.105907
2.857846,1.105856
2.858156,1.105802
2.858466,1.105752
2.858776,1.105702
2.859086,1.105650
2.859396,1.105599
2.859706,1.105546
2.860016,1.105495
2.860326,1.105443
2.860636,1.105392
2.860945,1.105341
2.861255,1.105289
2.861565,1.105238
2.861875,1.105186
2.862185,1.105137
2.862495,1.105083
2.862805,1.105033
2.863115,1.104982
2.863425,1.104932
2.863735,1.104881
2.864045,1.104828
2.864355,1.104779
2.864665,1.104726
2.864974,1.104676
2.865284,1.104625
2.865594,1.104574
2.865904,1.104524
2.866214,1.104473
2.866524,1.104422
2.866834,1.104372
2.867144,1.104320
2.867454,1.104270
2.867764,1.104220
2.868074,1.104169
2.868384,1.104117
2.868694,1.104067
2.869004,1.104017
2.869313,1.103966
2.869623,1.103916
2.869933,1.103866
2.870243,1.103816
2.870553,1.103766
2.870863,1.103716
2.871173,1.103664
2.871483,1.103615
2.871793,1.103565
2.872103,1.103514
2.872413,1.103465
2.872723,1.103414
2.873033,1.103365
2.873343,1.103313
2.873652,1.103264
2.873962,1.103213
2.874272,1.103164
2.874582,1.103115
2.874892,1.103065
2.875202,1.103015
2.875512,1.102966
2.875822,1.102916
2.876132,1.102864
2.876442,1.102816
2.876752,1.102766
2.877062,1.102716
2.877372,1.102666
2.877682,1.102617
2.877991,1.102566
2.878301,1.102519
2.878611,1.102468
2.878921,1.102419
2.879231,1.102369
2.879541,1.102320
2.879851,1.102271
2.880161,1.102223
2.880471,1.102172
2.880781,1.102123
2.881091,1.102074
2.881401,1.102024
2.881711,1.101976
2.882020,1.101928
2.882330,1.101877
2.882640,1.101828
2.882950,1.101779
2.883260,1.101729
2.883570,1.101681
2.883880,1.101632
2.884190,1.101583
2.884500,1.101534
2.884810,1.101486
2.885120,1.101436
2.885430,1.101388
2.885740,1.101339
2.886050,1.101290
2.886359,1.101241
2.886669,1.101193
2.886979,1.101144
2.887289,1.101095
2.887599,1.101047
2.887909,1.100998
2.888219,1.100950
2.888529,1.100902
2.888839,1.100853
2.889149,1.100804
2.889459,1.100756
2.889769,1.100708
2.890079,1.100659
2.890389,1.100610
2.890698,1.100562
2.891008,1.100515
2.891318,1.100465
2.891628,1.100418
2.891938,1.100371
2.892248,1.100322
2.892558,1.100274
2.892868,1.100226
2.893178,1.100177
2.893488,1.100130
2.893798,1.100082
2.894108,1.100033
2.894418,1.099986
2.894727,1.099938
2.895037,1.099890
2.895347,1.099843
2.895657,1.099795
2.895967,1.099746
2.896277,1.099699
2.896587,1.099651
2.896897,1.099604
2.897207,1.099556
2.897517,1.099509
2.897827,1.099461
2.898137,1.099413
2.898447,1.099365
2.898757,1.099318
2.899066,1.099270
2.899376,1.099223
2.899686,1.099176
2.899996,1.099129
2.900306,1.099082
2.900616,1.099035
2.900926,1.098987
2.901236,1.098940
2.901546,1.098893
2.901856,1.098845
2.902166,1.098799
2.902476,1.098751
2.902786,1.098704
2.903096,1.098656
2.903405,1.098610
2.903715,1.098563
2.904025,1.098516
2.904335,1.098469
2.904645,1.098422
2.904955,1.098376
2.905265,1.098328
2.905575,1.098281
2.905885,1.098233
2.906195,1.098187
2.906505,1.098141
2.906815,1.098094
2.907125,1.098049
2.907434,1.098001
2.907744,1.097955
2.908054,1.097908
2.908364,1.097861
2.908674,1.097814
2.908984,1.097768
2.909294,1.097721
2.909604,1.097676
2.909914,1.097628
2.910224,1.097582
2.910534,1.097537
2.910844,1.097491
2.911154,1.097443
2.911464,1.097397
2.911773,1.097351
2.912083,1.097304
2.912393,1.097259
2.912703,1.097212
2.913013,1.097165
2.913323,1.097120
2.913633,1.097073
2.913943,1.097028
2.914253,1.096982
2.914563,1.096936
2.914873,1.096890
2.915183,1.096843
2.915493,1.096799
2.915803,1.096753
2.916112,1.096707
2.916422,1.096661
2.916732,1.096615
2.917042,1.096569
2.917352,1.096523
2.917662,1.096478
2.917972,1.096432
2.918282,1.096387
2.918592,1.096341
2.918902,1.096295
2.919212,1.096250
2.919522,1.096204
2.919832,1.096160
2.920142,1.096113
2.920451,1.096067
2.920761,1.096022
2.921071,1.095977
2.921381,1.095931
2.921691,1.095886
2.922001,1.095840
2.922311,1.095796
2.922621,1.095750
2.922931,1.095705
2.923241,1.095660
2.923551,1.095615
2.923861,1.095570
2.924171,1.095525
2.924480,1.095479
2.924790,1.095435
2.925100,1.095390
2.925410,1.095345
2.925720,1.095300
2.926030,1.095255
2.926340,1.095210
2.926650,1.095164
2.926960,1.095120
2.927270,1.095074
2.927580,1.095030
2.927890,1.094985
2.928200,1.094941
2.928510,1.094896
2.928819,1.094851
2.929129,1.094806
2.929439,1.094762
2.929749,1.094719
2.930059,1.094674
2.930369,1.094629
2.930679,1.094585
2.930989,1.094539
2.931299,1.094495
2.931609,1.094451
2.931919,1.094406
2.932229,1.094361
2.932539,1.094318
2.932849,1.094274
2.933158,1.094229
2.933468,1.094185
2.933778,1.094141
2.934088,1.094096
2.934398,1.094051
2.934708,1.094008
2.935018,1.093963
2.935328,1.093920
2.935638,1.093876
2.935948,1.093832
2.936258,1.093787
2.936568,1.093744
2.936878,1.093699
2.937187,1.093656
2.937497,1.093612
2.937807,1.093567
2.938117,1.093524
2.938427,1.093480
2.938737,1.093437
2.939047,1.093392
2.939357,1.093349
2.939667,1.093304
2.939977,1.093261
2.940287,1.093218
2.940597,1.093174
2.940907,1.093129
2.941217,1.093086
2.941526,1.093044
2.941836,1.093000
2.942146,1.092956
2.942456,1.092913
2.942766,1.092870
2.943076,1.092826
2.943386,1.092783
2.943696,1.092739
2.944006,1.092695
2.944316,1.092652
2.944626,1.092609
2.944936,1.092566
2.945246,1.092523
2.945556,1.092480
2.945865,1.092436
2.946175,1.092393
2.946485,1.092350
2.946795,1.092307
2.947105,1.092264
2.947415,1.092219
2.947725,1.092178
2.948035,1.092135
2.948345,1.092092
2.948655,1.092047
2.948965,1.092005
2.949275,1.091964
2.949585,1.091920
2.949894,1.091877
2.950204,1.091834
2.950514,1.091791
2.950824,1.091748
2.951134,1.091706
2.951444,1.091663
2.951754,1.091621
2.952064,1.091578
2.952374,1.091535
2.952684,1.091492
2.952994,1.091451
2.953304,1.091407
2.953614,1.091365
2.953924,1.091323
2.954233,1.091280
2.954543,1.091238
2.954853,1.091195
2.955163,1.091153
2.955473,1.091111
2.955783,1.091068
2.956093,1.091026
2.956403,1.090985
2.956713,1.090942
2.957023,1.090899
2.957333,1.090858
2.957643,1.090815
2.957953,1.090773
2.958263,1.090730
2.958572,1.090689
2.958882,1.090647
2.959192,1.090605
2.959502,1.090563
2.959812,1.090521
2.960122,1.090479
2.960432,1.090436
2.960742,1.090395
2.961052,1.090352
2.961362,1.090311
2.961672,1.090268
2.961982,1.090227
2.962292,1.090185
2.962602,1.090143
2.962911,1.090102
2.963221,1.090060
2.963531,1.090017
2.963841,1.089977
2.964151,1.089935
2.964461,1.089893
2.964771,1.089852
2.965081,1.089811
2.965391,1.089769
2.965701,1.089727
2.966011,1.089687
2.966321,1.089645
2.966631,1.089603
2.966940,1.089562
2.967250,1.089520
2.967560,1.089479
2.967870,1.089438
2.968180,1.089397
2.968490,1.089355
2.968800,1.089314
2.969110,1.089272
2.969420,1.089232
2.969730,1.089190
2.970040,1.089149
2.970350,1.089108
2.970660,1.089066
2.970970,1.089026
2.971279,1.088984
2.971589,1.088943
2.971899,1.088903
2.972209,1.088860
2.972519,1.088820
2.972829,1.088780
2.973139,1.088738
2.973449,1.088698
2.973759,1.088657
2.974069,1.088615
2.974379,1.088575
2.974689,1.088534
2.974999,1.088494
2.975309,1.088453
2.975618,1.088413
2.975928,1.088371
2.976238,1.088332
2.976548,1.088291
2.976858,1.088250
2.977168,1.088209
2.977478,1.088169
2.977788,1.088128
2.978098,1.088087
2.978408,1.088047
2.978718,1.088007
2.979028,1.087966
2.979338,1.087926
2.979647,1.087886
2.979957,1.087845
2.980267,1.087805
2.980577,1.087765
2.980887,1.087724
2.981197,1.087683
2.981507,1.087645
2.981817,1.087604
2.982127,1.087563
2.982437,1.087522
2.982747,1.087483
2.983057,1.087443
2.983367,1.087402
2.983677,1.087363
2.983986,1.087323
2.984296,1.087283
2.984606,1.087243
2.984916,1.087203
2.985226,1.087162
2.985536,1.087123
2.985846,1.087083
2.986156,1.087044
2.986466,1.087004
2.986776,1.086964
2.987086,1.086924
2.987396,1.086884
2.987706,1.086844
2.988016,1.086804
2.988325,1.086765
2.988635,1.086725
2.988945,1.086685
2.989255,1.086646
2.989565,1.086606
2.989875,1.086566
2.990185,1.086528
2.990495,1.086488
2.990805,1.086448
2.991115,1.086409
2.991425,1.086369
2.991735,1.086330
2.992045,1.086291
2.992354,1.086250
2.992664,1.086212
2.992974,1.086173
2.993284,1.086134
2.993594,1.086093
2.993904,1.086055
2.994214,1.086015
2.994524,1.085976
2.994834,1.085937
2.995144,1.085897
2.995454,1.085859
2.995764,1.085820
2.996074,1.085780
2.996384,1.085741
2.996693,1.085702
2.997003,1.085663
2.997313,1.085624
2.997623,1.085585
2.997933,1.085546
2.998243,1.085508
2.998553,1.085469
2.998863,1.085429
2.999173,1.085391
2.999483,1.085352
2.999793,1.085313
3.000103,1.085274
3.000413,1.085235
3.000723,1.085197
3.001032,1.085158
3.001342,1.085120
3.001652,1.085081
3.001962,1.085042
3.002272,1.085005
3.002582,1.084964
3.002892,1.084926
3.003202,1.084888
3.003512,1.084850
3.003822,1.084809
3.004132,1.084772
3.004442,1.084733
3.004752,1.084696
3.005062,1.084657
3.005371,1.084618
3.005681,1.084580
3.005991,1.084543
3.006301,1.084504
3.006611,1.084465
3.006921,1.084427
3.007231,1.084388
3.007541,1.084350
3.007851,1.084312
3.008161,1.084274
3.008471,1.084236
3.008781,1.084198
3.009091,1.084160
3.009400,1.084123
3.009710,1.084082
3.010020,1.084045
3.010330,1.084007
3.010640,1.083970
3.010950,1.083933
3.011260,1.083895
3.011570,1.083856
3.011880,1.083818
3.012190,1.083780
3.012500,1.083743
3.012810,1.083704
3.013120,1.083667
3.013430,1.083629
3.013739,1.083591
3.014049,1.083553
3.014359,1.083516
3.014669,1.083478
3.014979,1.083440
3.015289,1.083403
3.015599,1.083365
3.015909,1.083327
3.016219,1.083290
3.016529,1.083253
3.016839,1.083215
3.017149,1.083177
3.017459,1.083139
3.017769,1.083102
3.018078,1.083064
3.018388,1.083027
3.018698,1.082990
3.019008,1.082952
3.019318,1.082916
3.019628,1.082878
3.019938,1.082841
3.020248,1.082804
3.020558,1.082766
3.020868,1.082729
3.021178,1.082691
3.021488,1.082654
3.021798,1.082618
3.022107,1.082580
3.022417,1.082543
3.022727,1.082507
3.023037,1.082469
3.023347,1.082432
3.023657,1.082395
3.023967,1.082357
3.024277,1.082322
3.024587,1.082284
3.024897,1.082247
3.025207,1.082210
3.025517,1.082173
3.025827,1.082137
3.026137,1.082101
3.026446,1.082063
3.026756,1.082026
3.027066,1.081990
3.027376,1.081953
3.027686,1.081916
3.027996,1.081880
3.028306,1.081842
3.028616,1.081805
3.028926,1.081769
3.029236,1.081733
3.029546,1.081695
3.029856,1.081659
3.030166,1.081623
3.030476,1.081587
3.030785,1.081550
3.031095,1.081513
3.031405,1.081476
3.031715,1.081440
3.032025,1.081404
3.032335,1.081368
3.032645,1.081331
3.032955,1.081295
3.033265,1.081258
3.033575,1.081223
3.033885,1.081186
3.034195,1.081149
3.034505,1.081113
3.034814,1.081077
3.035124,1.081041
3.035434,1.081006
3.035744,1.080969
3.036054,1.080933
3.036364,1.080897
3.036674,1.080860
3.036984,1.080824
3.037294,1.080789
3.037604,1.080752
3.037914,1.080716
3.038224,1.080680
3.038534,1.080645
3.038844,1.080608
3.039153,1.080573
3.039463,1.080537
3.039773,1.080501
3.040083,1.080465
3.040393,1.080428
3.040703,1.080394
3.041013,1.080357
3.041323,1.080321
3.041633,1.080286
3.041943,1.080250
3.042253,1.080213
3.042563,1.080179
3.042873,1.080142
3.043183,1.080108
3.043492,1.080071
3.043802,1.080036
3.044112,1.080000
3.044422,1.079965
3.044732,1.079931
3.045042,1.079894
3.045352,1.079859
3.045662,1.079824
3.045972,1.079788
3.046282,1.079753
3.046592,1.079717
3.046902,1.079682
3.047212,1.079646
3.047522,1.079610
3.047831,1.079576
3.048141,1.079540
3.048451,1.079505
3.048761,1.079470
3.049071,1.079434
3.049381,1.079400
3.049691,1.079364
3.050001,1.079329
3.050311,1.079293
3.050621,1.079259
3.050931,1.079224
3.051241,1.079189
3.051551,1.079153
3.051860,1.079119
3.052170,1.079083
3.052480,1.079048
3.052790,1.079013
3.053100,1.078979
3.053410,1.078944
3.053720,1.078909
3.054030,1.078875
3.054340,1.078840
3.054650,1.078804
3.054960,1.078769
3.055270,1.078734
3.055580,1.078699
3.055890,1.078665
3.056199,1.078630
3.056509,1.078596
3.056819,1.078560
3.057129,1.078525
3.057439,1.078492
3.057749,1.078458
3.058059,1.078423
3.058369,1.078387
3.058679,1.078353
3.058989,1.078319
3.059299,1.078285
3.059609,1.078250
3.059919,1.078216
3.060229,1.078181
3.060538,1.078146
3.060848,1.078111
3.061158,1.078078
3.061468,1.078044
3.061778,1.078009
3.062088,1.077974
3.062398,1.077939
3.062708,1.077906
3.063018,1.077873
3.063328,1.077838
3.063638,1.077803
3.063948,1.077769
3.064258,1.077735
3.064567,1.077700
3.064877,1.077666
3.065187,1.077633
3.065497,1.077598
3.065807,1.077564
3.066117,1.077531
3.066427,1.077497
3.066737,1.077462
3.067047,1.077428
3.067357,1.077396
3.067667,1.077360
3.067977,1.077327
3.068287,1.077292
3.068597,1.077258
3.068906,1.077225
3.069216,1.077191
3.069526,1.077156
3.069836,1.077123
3.070146,1.077089
3.070456,1.077056
3.070766,1.077022
3.071076,1.076987
3.071386,1.076955
3.071696,1.076921
3.072006,1.076886
3.072316,1.076854
3.072626,1.076820
3.072936,1.076786
3.073245,1.076753
3.073555,1.076719
3.073865,1.076686
3.074175,1.076652
3.074485,1.076619
3.074795,1.076585
3.075105,1.076551
3.075415,1.076518
3.075725,1.076485
3.076035,1.076451
3.076345,1.076417
3.076655,1.076385
3.076965,1.076351
3.077274,1.076318
3.077584,1.076285
3.077894,1.076251
3.078204,1.076218
3.078514,1.076185
3.078824,1.076153
3.079134,1.076118
3.079444,1.076086
3.079754,1.076052
3.080064,1.076019
3.080374,1.075986
3.080684,1.075953
3.080994,1.075918
3.081304,1.075887
3.081613,1.075854
3.081923,1.075821
3.082233,1.075788
3.082543,1.075754
3.082853,1.075722
3.083163,1.075689
3.083473,1.075656
3.083783,1.075623
3.084093,1.075590
3.084403,1.075558
3.084713,1.075524
3.085023,1.075492
3.085333,1.075459
3.085643,1.075426
3.085952,1.075393
3.086262,1.075361
3.086572,1.075328
3.086882,1.075295
3.087192,1.075263
3.087502,1.075230
3.087812,1.075198
3.088122,1.075165
3.088432,1.075132
3.088742,1.075100
3.089052,1.075067
3.089362,1.075034
3.089672,1.075002
3.089981,1.074969
3.090291,1.074936
3.090601,1.074905
3.090911,1.074872
3.091221,1.074840
3.091531,1.074808
3.091841,1.074775
3.092151,1.074743
3.092461,1.074710
3.092771,1.074678
3.093081,1.074645
3.093391,1.074613
3.093701,1.074581
3.094011,1.074548
3.094320,1.074517
3.094630,1.074485
3.094940,1.074452
3.095250,1.074420
3.095560,1.074389
3.095870,1.074357
3.096180,1.074323
3.096490,1.074292
3.096800,1.074261
3.097110,1.074228
3.097420,1.074196
3.097730,1.074164
3.098040,1.074132
3.098350,1.074100
3.098659,1.074068
3.098969,1.074034
3.099279,1.074004
3.099589,1.073971
3.099899,1.073940
3.100209,1.073908
3.100519,1.073876
3.100829,1.073844
3.101139,1.073813
3.101449,1.073781
3.101759,1.073750
3.102069,1.073718
3.102379,1.073687
3.102689,1.073654
3.102998,1.073623
3.103308,1.073591
3.103618,1.073559
3.103928,1.073527
3.104238,1.073496
3.104548,1.073465
3.104858,1.073433
3.105168,1.073402
3.105478,1.073369
3.105788,1.073339
3.106098,1.073307
3.106408,1.073275
3.106718,1.073245
3.107027,1.073214
3.107337,1.073181
3.107647,1.073150
3.107957,1.073119
3.108267,1.073087
3.108577,1.073057
3.108887,1.073026
3.109197,1.072993
3.109507,1.072962
3.109817,1.072930
3.110127,1.072900
3.110437,1.072868
3.110747,1.072837
3.111057,1.072805
3.111366,1.072775
3.111676,1.072744
3.111986,1.072713
3.112296,1.072681
3.112606,1.072650
3.112916,1.072619
3.113226,1.072588
3.113536,1.072557
3.113846,1.072527
3.114156,1.072496
3.114466,1.072465
3.114776,1.072434
3.115086,1.072403
3.115396,1.072372
3.115705,1.072342
3.116015,1.072311
3.116325,1.072279
3.116635,1.072249
3.116945,1.072218
3.117255,1.072187
3.117565,1.072157
3.117875,1.072126
3.118185,1.072095
3.118495,1.072064
3.118805,1.072034
3.119115,1.072002
3.119425,1.071972
3.119734,1.071941
3.120044,1.071911
3.120354,1.071880
3.120664,1.071850
3.120974,1.071820
3.121284,1.071789
3.121594,1.071759
3.121904,1.071727
3.122214,1.071697
3.122524,1.071666
3.122834,1.071636
3.123144,1.071606
3.123454,1.071575
3.123764,1.071545
3.124073,1.071514
3.124383,1.071484
3.124693,1.071455
3.125003,1.071423
3.125313,1.071393
3.125623,1.071363
3.125933,1.071332
3.126243,1.071303
3.126553,1.071271
3.126863,1.071242
3.127173,1.071211
3.127483,1.071181
3.127793,1.071152
3.128103,1.071121
3.128412,1.071091
3.128722,1.071062
3.129032,1.071031
3.129342,1.071001
3.129652,1.070971
3.129962,1.070942
3.130272,1.070911
3.130582,1.070881
3.130892,1.070851
3.131202,1.070821
3.131512,1.070791
3.131822,1.070761
3.132132,1.070732
3.132441,1.070701
3.132751,1.070672
3.133061,1.070642
3.133371,1.070612
3.133681,1.070582
3.133991,1.070553
3.134301,1.070523
3.134611,1.070493
3.134921,1.070464
3.135231,1.070434
3.135541,1.070404
3.135851,1.070374
3.136161,1.070344
3.136471,1.070316
3.136780,1.070285
3.137090,1.070256
3.137400,1.070226
3.137710,1.070198
3.138020,1.070166
3.138330,1.070137
3.138640,1.070108
3.138950,1.070080
3.139260,1.070049
3.139570,1.070019
3.139880,1.069990
3.140190,1.069962
3.140500,1.069932
3.140810,1.069902
3.141119,1.069874
3.141429,1.069844
3.141739,1.069814
3.142049,1.069785
3.142359,1.069756
3.142669,1.069726
3.142979,1.069697
3.143289,1.069668
3.143599,1.069638
3.143909,1.069610
3.144219,1.069580
3.144529,1.069551
3.144839,1.069522
3.145149,1.069494
3.145458,1.069465
3.145768,1.069435
3.146078,1.069405
3.146388,1.069377
3.146698,1.069347
3.147008,1.069319
3.147318,1.069289
3.147628,1.069261
3.147938,1.069232
3.148248,1.069203
3.148558,1.069175
3.148868,1.069145
3.149178,1.069116
3.149487,1.069088
3.149797,1.069058
3.150107,1.069030
3.150417,1.069000
3.150727,1.068972
3.151037,1.068944
3.151347,1.068915
3.151657,1.068885
3.151967,1.068858
3.152277,1.068829
3.152587,1.068798
3.152897,1.068770
3.153207,1.068742
3.153517,1.068714
3.153826,1.068686
3.154136,1.068657
3.154446,1.068629
3.154756,1.068600
3.155066,1.068571
3.155376,1.068542
3.155686,1.068513
3.155996,1.068486
3.156306,1.068457
3.156616,1.068429
3.156926,1.068400
3.157236,1.068372
3.157546,1.068344
3.157856,1.068314
3.158165,1.068287
3.158475,1.068258
3.158785,1.068230
3.159095,1.068201
3.159405,1.068172
3.159715,1.068145
3.160025,1.068117
3.160335,1.068088
3.160645,1.068060
3.160955,1.068032
3.161265,1.068003
3.161575,1.067975
3.161885,1.067947
3.162194,1.067919
3.162504,1.067891
3.162814,1.067863
3.163124,1.067835
3.163434,1.067807
3.163744,1.067779
3.164054,1.067751
3.164364,1.067722
3.164674,1.067694
3.164984,1.067666
3.165294,1.067639
3.165604,1.067611
3.165914,1.067583
3.166224,1.067556
3.166533,1.067526
3.166843,1.067500
3.167153,1.067472
3.167463,1.067444
3.167773,1.067416
3.168083,1.067388
3.168393,1.067360
3.168703,1.067333
3.169013,1.067304
3.169323,1.067277
3.169633,1.067249
3.169943,1.067221
3.170253,1.067194
3.170563,1.067165
3.170872,1.067139
3.171182,1.067111
3.171492,1.067083
3.171802,1.067056
3.172112,1.067028
3.172422,1.067001
3.172732,1.066973
3.173042,1.066945
3.173352,1.066918
3.173662,1.066890
3.173972,1.066862
3.174282,1.066836
3.174592,1.066808
3.174901,1.066780
3.175211,1.066753
3.175521,1.066726
3.175831,1.066699
3.176141,1.066670
3.176451,1.066644
3.176761,1.066615
3.177071,1.066590
3.177381,1.066562
3.177691,1.066535
3.178001,1.066507
3.178311,1.066479
3.178621,1.066453
3.178931,1.066426
3.179240,1.066399
3.179550,1.066372
3.179860,1.066345
3.180170,1.066317
3.180480,1.066290
3.180790,1.066263
3.181100,1.066236
3.181410,1.066208
3.181720,1.066181
3.182030,1.066154
3.182340,1.066127
3.182650,1.066100
3.182960,1.066073
3.183270,1.066046
3.183579,1.066020
3.183889,1.065994
3.184199,1.065965
3.184509,1.065939
3.184819,1.065912
3.185129,1.065885
3.185439,1.065859
3.185749,1.065832
3.186059,1.065805
3.186369,1.065778
3.186679,1.065751
3.186989,1.065724
3.187299,1.065698
3.187609,1.065672
3.187918,1.065643
3.188228,1.065617
3.188538,1.065591
3.188848,1.065564
3.189158,1.065539
3.189468,1.065511
3.189778,1.065485
3.190088,1.065458
3.190398,1.065431
3.190708,1.065405
3.191018,1.065378
3.191328,1.065353
3.191638,1.065325
3.191947,1.065298
3.192257,1.065271
3.192567,1.065246
3.192877,1.065219
3.193187,1.065192
3.193497,1.065167
3.193807,1.065140
3.194117,1.065114
3.194427,1.065087
3.194737,1.065061
3.195047,1.065035
3.195357,1.065009
3.195667,1.064982
3.195977,1.064956
3.196286,1.064931
3.196596,1.064903
3.196906,1.064877
3.197216,1.064851
3.197526,1.064824
3.197836,1.064798
3.198146,1.064771
3.198456,1.064746
3.198766,1.064720
3.199076,1.064694
3.199386,1.064667
3.199696,1.064641
3.200006,1.064615
3.200316,1.064591
3.200625,1.064564
3.200935,1.064537
3.201245,1.064511
3.201555,1.064486
3.201865,1.064459
3.202175,1.064433
3.202485,1.064408
3.202795,1.064381
3.203105,1.064356
3.203415,1.064330
3.203725,1.064304
3.204035,1.064278
3.204345,1.064253
3.204654,1.064227
3.204964,1.064201
3.205274,1.064176
3.205584,1.064149
3.205894,1.064123
3.206204,1.064097
3.206514,1.064072
3.206824,1.064046
3.207134,1.064021
3.207444,1.063995
3.207754,1.063970
3.208064,1.063944
3.208374,1.063918
3.208684,1.063892
3.208993,1.063868
3.209303,1.063842
3.209613,1.063817
3.209923,1.063790
3.210233,1.063765
3.210543,1.063740
3.210853,1.063714
3.211163,1.063688
3.211473,1.063663
3.211783,1.063637
3.212093,1.063612
3.212403,1.063587
3.212713,1.063562
3.213023,1.063536
3.213332,1.063511
3.213642,1.063485
3.213952,1.063460
3.214262,1.063436
3.214572,1.063410
3.214882,1.063384
3.215192,1.063359
3.215502,1.063333
3.215812,1.063308
3.216122,1.063283
3.216432,1.063257
3.216742,1.063233
3.217052,1.063207
3.217361,1.063182
3.217671,1.063157
3.217981,1.063132
3.218291,1.063107
3.218601,1.063082
3.218911,1.063057
3.219221,1.063032
3.219531,1.063007
3.219841,1.062982
3.220151,1.062957
3.220461,1.062932
3.220771,1.062908
3.221081,1.062882
3.221391,1.062857
3.221700,1.062832
3.222010,1.062808
3.222320,1.062782
3.222630,1.062757
3.222940,1.062733
3.223250,1.062708
3.223560,1.062682
3.223870,1.062658
3.224180,1.062634
3.224490,1.062608
3.224800,1.062584
3.225110,1.062559
3.225420,1.062534
3.225730,1.062510
3.226039,1.062485
3.226349,1.062460
3.226659,1.062435
3.226969,1.062411
3.227279,1.062385
3.227589,1.062362
3.227899,1.062337
3.228209,1.062312
3.228519,1.062288
3.228829,1.062263
3.229139,1.062239
3.229449,1.062214
3.229759,1.062188
3.230069,1.062165
3.230378,1.062140
3.230688,1.062117
3.230998,1.062091
3.231308,1.062067
3.231618,1.062042
3.231928,1.062018
3.232238,1.061994
3.232548,1.061970
3.232858,1.061945
3.233168,1.061921
3.233478,1.061897
3.233788,1.061872
3.234098,1.061848
3.234407,1.061824
3.234717,1.061799
3.235027,1.061775
3.235337,1.061751
3.235647,1.061727
3.235957,1.061702
3.236267,1.061678
3.236577,1.061653
3.236887,1.061630
3.237197,1.061606
3.237507,1.061582
3.237817,1.061558
3.238127,1.061532
3.238437,1.061509
3.238746,1.061485
3.239056,1.061462
3.239366,1.061437
3.239676,1.061414
3.239986,1.061390
3.240296,1.061365
3.240606,1.061342
3.240916,1.061318
3.241226,1.061293
3.241536,1.061270
3.241846,1.061246
3.242156,1.061221
3.242466,1.061198
3.242776,1.061174
3.243085,1.061150
3.243395,1.061126
3.243705,1.061103
3.244015,1.061079
3.244325,1.061054
3.244635,1.061031
3.244945,1.061008
3.245255,1.060984
3.245565,1.060960
3.245875,1.060936
3.246185,1.060913
3.246495,1.060889
3.246805,1.060865
3.247114,1.060841
3.247424,1.060819
3.247734,1.060795
3.248044,1.060771
3.248354,1.060747
3.248664,1.060724
3.248974,1.060700
3.249284,1.060676
3.249594,1.060653
3.249904,1.060629
3.250214,1.060606
3.250524,1.060582
3.250834,1.060559
3.251144,1.060536
3.251453,1.060512
3.251763,1.060489
3.252073,1.060465
3.252383,1.060441
3.252693,1.060419
3.253003,1.060396
3.253313,1.060372
3.253623,1.060350
3.253933,1.060325
3.254243,1.060302
3.254553,1.060278
3.254863,1.060256
3.255173,1.060232
3.255483,1.060208
3.255792,1.060186
3.256102,1.060162
3.256412,1.060139
3.256722,1.060117
3.257032,1.060093
3.257342,1.060070
3.257652,1.060047
3.257962,1.060025
3.258272,1.060000
3.258582,1.059977
3.258892,1.059955
3.259202,1.059932
3.259512,1.059908
3.259821,1.059885
3.260131,1.059863
3.260441,1.059839
3.260751,1.059816
3.261061,1.059794
3.261371,1.059770
3.261681,1.059746
3.261991,1.059725
3.262301,1.059702
3.262611,1.059679
3.262921,1.059656
3.263231,1.059634
3.263541,1.059610
3.263851,1.059588
3.264160,1.059565
3.264470,1.059542
3.264780,1.059518
3.265090,1.059497
3.265400,1.059473
3.265710,1.059451
3.266020,1.059428
3.266330,1.059405
3.266640,1.059382
3.266950,1.059360
3.267260,1.059338
3.267570,1.059314
3.267880,1.059292
3.268190,1.059270
3.268499,1.059246
3.268809,1.059224
3.269119,1.059203
3.269429,1.059179
3.269739,1.059156
3.270049,1.059134
3.270359,1.059111
3.270669,1.059089
3.270979,1.059067
3.271289,1.059044
3.271599,1.059021
3.271909,1.058998
3.272219,1.058976
3.272529,1.058953
3.272838,1.058932
3.273148,1.058909
3.273458,1.058887
3.273768,1.058865
3.274078,1.058842
3.274388,1.058820
3.274698,1.058798
3.275008,1.058775
3.275318,1.058753
3.275628,1.058730
3.275938,1.058709
3.276248,1.058686
3.276558,1.058664
3.276867,1.058643
3.277177,1.058620
3.277487,1.058598
3.277797,1.058575
3.278107,1.058553
3.278417,1.058531
3.278727,1.058510
3.279037,1.058487
3.279347,1.058465
3.279657,1.058443
3.279967,1.058421
3.280277,1.058399
3.280587,1.058377
3.280897,1.058354
3.281206,1.058333
3.281516,1.058312
3.281826,1.058288
3.282136,1.058267
3.282446,1.058246
3.282756,1.058223
3.283066,1.058202
3.283376,1.058179
3.283686,1.058157
3.283996,1.058136
3.284306,1.058113
3.284616,1.058091
3.284926,1.058070
3.285236,1.058047
3.285545,1.058027
3.285855,1.058005
3.286165,1.057983
3.286475,1.057961
3.286785,1.057939
3.287095,1.057917
3.287405,1.057896
3.287715,1.057874
3.288025,1.057853
3.288335,1.057832
3.288645,1.057809
3.288955,1.057787
3.289265,1.057766
3.289574,1.057743
3.289884,1.057722
3.290194,1.057700
3.290504,1.057680
3.290814,1.057657
3.291124,1.057635
3.291434,1.057615
3.291744,1.057593
3.292054,1.057571
3.292364,1.057550
3.292674,1.057528
3.292984,1.057507
3.293294,1.057485
3.293604,1.057464
3.293913,1.057442
3.294223,1.057421
3.294533,1.057400
3.294843,1.057379
3.295153,1.057357
3.295463,1.057335
3.295773,1.057314
3.296083,1.057294
3.296393,1.057272
3.296703,1.057251
3.297013,1.057229
3.297323,1.057208
3.297633,1.057188
3.297943,1.057166
3.298252,1.057144
3.298562,1.057124
3.298872,1.057102
3.299182,1.057081
3.299492,1.057059
3.299802,1.057039
3.300112,1.057018
3.300422,1.056996
3.300732,1.056975
3.301042,1.056954
3.301352,1.056933
3.301662,1.056912
3.301972,1.056891
3.302281,1.056871
3.302591,1.056849
3.302901,1.056828
3.303211,1.056807
3.303521,1.056786
3.303831,1.056766
3.304141,1.056745
3.304451,1.056724
3.304761,1.056702
3.305071,1.056681
3.305381,1.056659
3.305691,1.056639
3.306001,1.056620
3.306311,1.056598
3.306620,1.056577
3.306930,1.056555
3.307240,1.056536
3.307550,1.056515
3.307860,1.056494
3.308170,1.056473
3.308480,1.056452
3.308790,1.056432
3.309100,1.056410
3.309410,1.056389
3.309720,1.056369
3.310030,1.056349
3.310340,1.056329
3.310650,1.056307
3.310959,1.056287
3.311269,1.056266
3.311579,1.056245
3.311889,1.056225
3.312199,1.056204
3.312509,1.056183
3.312819,1.056163
3.313129,1.056143
3.313439,1.056122
3.313749,1.056102
3.314059,1.056081
3.314369,1.056061
3.314679,1.056040
3.314988,1.056020
3.315298,1.056000
3.315608,1.055978
3.315918,1.055958
3.316228,1.055939
3.316538,1.055918
3.316848,1.055898
3.317158,1.055876
3.317468,1.055857
3.317778,1.055836
3.318088,1.055816
3.318398,1.055796
3.318708,1.055775
3.319018,1.055755
3.319327,1.055735
3.319637,1.055715
3.319947,1.055695
3.320257,1.055674
3.320567,1.055654
3.320877,1.055634
3.321187,1.055614
3.321497,1.055594
3.321807,1.055573
3.322117,1.055552
3.322427,1.055533
3.322737,1.055512
3.323047,1.055491
3.323357,1.055473
3.323666,1.055453
3.323976,1.055432
3.324286,1.055412
3.324596,1.055393
3.324906,1.055373
3.325216,1.055352
3.325526,1.055332
3.325836,1.055313
3.326146,1.055292
3.326456,1.055272
3.326766,1.055251
3.327076,1.055232
3.327386,1.055212
3.327696,1.055192
3.328005,1.055174
3.328315,1.055153
3.328625,1.055134
3.328935,1.055113
3.329245,1.055093
3.329555,1.055073
3.329865,1.055054
3.330175,1.055034
3.330485,1.055015
3.330795,1.054994
3.331105,1.054975
3.331415,1.054955
3.331725,1.054935
3.332034,1.054916
3.332344,1.054896
3.332654,1.054876
3.332964,1.054857
3.333274,1.054836
3.333584,1.054816
3.333894,1.054797
3.334204,1.054777
3.334514,1.054757
3.334824,1.054739
3.335134,1.054718
3.335444,1.054699
3.335754,1.054681
3.336064,1.054660
3.336373,1.054640
3.336683,1.054622
3.336993,1.054602
3.337303,1.054582
3.337613,1.054564
3.337923,1.054543
3.338233,1.054524
3.338543,1.054505
3.338853,1.054485
3.339163,1.054465
3.339473,1.054446
3.339783,1.054427
3.340093,1.054408
3.340403,1.054389
3.340712,1.054369
3.341022,1.054350
3.341332,1.054330
3.341642,1.054311
3.341952,1.054292
3.342262,1.054272
3.342572,1.054253
3.342882,1.054234
3.343192,1.054215
3.343502,1.054195
3.343812,1.054177
3.344122,1.054158
3.344432,1.054138
3.344741,1.054119
3.345051,1.054100
3.345361,1.054081
3.345671,1.054061
3.345981,1.054042
3.346291,1.054023
3.346601,1.054004
3.346911,1.053985
3.347221,1.053965
3.347531,1.053947
3.347841,1.053928
3.348151,1.053908
3.348461,1.053889
3.348771,1.053870
3.349080,1.053851
3.349390,1.053833
3.349700,1.053815
3.350010,1.053794
3.350320,1.053777
3.350630,1.053758
3.350940,1.053739
3.351250,1.053720
3.351560,1.053700
3.351870,1.053681
3.352180,1.053663
3.352490,1.053644
3.352800,1.053626
3.353110,1.053606
3.353419,1.053587
3.353729,1.053569
3.354039,1.053550
3.354349,1.053531
3.354659,1.053512
3.354969,1.053494
3.355279,1.053474
3.355589,1.053456
3.355899,1.053437
3.356209,1.053419
3.356519,1.053400
3.356829,1.053381
3.357139,1.053363
3.357448,1.053344
3.357758,1.053326
3.358068,1.053306
3.358378,1.053288
3.358688,1.053270
3.358998,1.053251
3.359308,1.053232
3.359618,1.053214
3.359928,1.053195
3.360238,1.053177
3.360548,1.053157
3.360858,1.053139
3.361168,1.053121
3.361478,1.053103
3.361787,1.053085
3.362097,1.053066
3.362407,1.053048
3.362717,1.053030
3.363027,1.053011
3.363337,1.052992
3.363647,1.052973
3.363957,1.052956
3.364267,1.052938
3.364577,1.052920
3.364887,1.052901
3.365197,1.052883
3.365507,1.052864
3.365817,1.052847
3.366126,1.052828
3.366436,1.052809
3.366746,1.052791
3.367056,1.052773
3.367366,1.052756
3.367676,1.052736
3.367986,1.052719
3.368296,1.052699
3.368606,1.052681
3.368916,1.052664
3.369226,1.052645
3.369536,1.052627
3.369846,1.052610
3.370156,1.052592
3.370465,1.052572
3.370775,1.052555
3.371085,1.052538
3.371395,1.052518
3.371705,1.052500
3.372015,1.052483
3.372325,1.052465
3.372635,1.052446
3.372945,1.052429
3.373255,1.052410
3.373565,1.052392
3.373875,1.052374
3.374185,1.052357
3.374494,1.052339
3.374804,1.052321
3.375114,1.052303
3.375424,1.052285
3.375734,1.052268
3.376044,1.052250
3.376354,1.052231
3.376664,1.052213
3.376974,1.052196
3.377284,1.052178
3.377594,1.052160
3.377904,1.052142
3.378214,1.052124
3.378524,1.052107
3.378833,1.052088
3.379143,1.052071
3.379453,1.052054
3.379763,1.052035
3.380073,1.052018
3.380383,1.052001
3.380693,1.051982
3.381003,1.051965
3.381313,1.051948
3.381623,1.051930
3.381933,1.051913
3.382243,1.051895
3.382553,1.051876
3.382863,1.051859
3.383172,1.051841
3.383482,1.051825
3.383792,1.051807
3.384102,1.051788
3.384412,1.051772
3.384722,1.051753
3.385032,1.051736
3.385342,1.051720
3.385652,1.051702
3.385962,1.051685
3.386272,1.051667
3.386582,1.051648
3.386892,1.051632
3.387201,1.051614
3.387511,1.051597
3.387821,1.051579
3.388131,1.051562
3.388441,1.051545
3.388751,1.051528
3.389061,1.051510
3.389371,1.051493
3.389681,1.051475
3.389991,1.051458
3.390301,1.051441
3.390611,1.051423
3.390921,1.051406
3.391231,1.051389
3.391540,1.051372
3.391850,1.051355
3.392160,1.051337
3.392470,1.051321
3.392780,1.051303
3.393090,1.051286
3.393400,1.051269
3.393710,1.051252
3.394020,1.051234
3.394330,1.051217
3.394640,1.051199
3.394950,1.051183
3.395260,1.051166
3.395570,1.051149
3.395879,1.051131
3.396189,1.051114
3.396499,1.051097
3.396809,1.051081
3.397119,1.051064
3.397429,1.051046
3.397739,1.051029
3.398049,1.051012
3.398359,1.050995
3.398669,1.050978
3.398979,1.050961
3.399289,1.050944
3.399599,1.050928
3.399908,1.050911
3.400218,1.050894
3.400528,1.050877
3.400838,1.050860
3.401148,1.050842
3.401458,1.050826
3.401768,1.050810
3.402078,1.050793
3.402388,1.050775
3.402698,1.050760
3.403008,1.050742
3.403318,1.050726
3.403628,1.050708
3.403938,1.050692
3.404247,1.050676
3.404557,1.050659
3.404867,1.050642
3.405177,1.050626
3.405487,1.050609
3.405797,1.050591
3.406107,1.050575
3.406417,1.050559
3.406727,1.050541
3.407037,1.050525
3.407347,1.050508
3.407657,1.050491
3.407967,1.050475
3.408277,1.050458
3.408586,1.050442
3.408896,1.050425
3.409206,1.050409
3.409516,1.050393
3.409826,1.050377
3.410136,1.050360
3.410446,1.050342
3.410756,1.050327
3.411066,1.050310
3.411376,1.050293
3.411686,1.050276
3.411996,1.050260
3.412306,1.050244
3.412616,1.050227
3.412925,1.050211
3.413235,1.050195
3.413545,1.050179
3.413855,1.050163
3.414165,1.050145
3.414475,1.050129
3.414785,1.050114
3.415095,1.050097
3.415405,1.050081
3.415715,1.050064
3.416025,1.050048
3.416335,1.050032
3.416645,1.050015
3.416954,1.049999
3.417264,1.049982
3.417574,1.049966
3.417884,1.049951
3.418194,1.049935
3.418504,1.049917
3.418814,1.049901
3.419124,1.049885
3.419434,1.049869
3.419744,1.049854
3.420054,1.049837
3.420364,1.049821
3.420674,1.049805
3.420984,1.049789
3.421293,1.049773
3.421603,1.049757
3.421913,1.049740
3.422223,1.049724
3.422533,1.049708
3.422843,1.049692
3.423153,1.049676
3.423463,1.049661
3.423773,1.049643
3.424083,1.049627
3.424393,1.049612
3.424703,1.049596
3.425013,1.049581
3.425323,1.049564
3.425632,1.049548
3.425942,1.049533
3.426252,1.049516
3.426562,1.049502
3.426872,1.049484
3.427182,1.049469
3.427492,1.049452
3.427802,1.049436
3.428112,1.049422
3.428422,1.049406
3.428732,1.049390
3.429042,1.049375
3.429352,1.049359
3.429661,1.049343
3.429971,1.049327
3.430281,1.049310
3.430591,1.049294
3.430901,1.049280
3.431211,1.049264
3.431521,1.049248
3.431831,1.049233
3.432141,1.049217
3.432451,1.049200
3.432761,1.049185
3.433071,1.049170
3.433381,1.049154
3.433691,1.049139
3.434000,1.049122
3.434310,1.049108
3.434620,1.049092
3.434930,1.049076
3.435240,1.049060
3.435550,1.049045
3.435860,1.049028
3.436170,1.049014
3.436480,1.048998
3.436790,1.048982
3.437100,1.048967
3.437410,1.048952
3.437720,1.048935
3.438030,1.048921
3.438339,1.048904
3.438649,1.048890
3.438959,1.048874
3.439269,1.048859
3.439579,1.048843
3.439889,1.048828
3.440199,1.048813
3.440509,1.048797
3.440819,1.048783
3.441129,1.048767
3.441439,1.048752
3.441749,1.048736
3.442059,1.048720
3.442368,1.048706
3.442678,1.048690
3.442988,1.048675
3.443298,1.048660
3.443608,1.048644
3.443918,1.048630
3.444228,1.048614
3.444538,1.048598
3.444848,1.048583
3.445158,1.048568
3.445468,1.048554
3.445778,1.048538
3.446088,1.048522
3.446398,1.048507
3.446707,1.048493
3.447017,1.048477
3.447327,1.048462
3.447637,1.048447
3.447947,1.048432
3.448257,1.048416
3.448567,1.048402
3.448877,1.048387
3.449187,1.048371
3.449497,1.048356
3.449807,1.048341
3.450117,1.048326
3.450427,1.048311
3.450737,1.048296
3.451046,1.048281
3.451356,1.048266
3.451666,1.048251
3.451976,1.048237
3.452286,1.048222
3.452596,1.048206
3.452906,1.048191
3.453216,1.048177
3.453526,1.048162
3.453836,1.048146
3.454146,1.048132
3.454456,1.048117
3.454766,1.048101
3.455076,1.048087
3.455385,1.048072
3.455695,1.048058
3.456005,1.048043
3.456315,1.048028
3.456625,1.048014
3.456935,1.047999
3.457245,1.047984
3.457555,1.047969
3.457865,1.047955
3.458175,1.047940
3.458485,1.047925
3.458795,1.047910
3.459105,1.047895
3.459414,1.047880
3.459724,1.047866
3.460034,1.047851
3.460344,1.047836
3.460654,1.047821
3.460964,1.047807
3.461274,1.047793
3.461584,1.047778
3.461894,1.047763
3.462204,1.047749
3.462514,1.047734
3.462824,1.047720
3.463134,1.047705
3.463444,1.047690
3.463753,1.047677
3.464063,1.047662
3.464373,1.047646
3.464683,1.047632
3.464993,1.047618
3.465303,1.047604
3.465613,1.047589
3.465923,1.047575
3.466233,1.047561
3.466543,1.047546
3.466853,1.047531
3.467163,1.047517
3.467473,1.047502
3.467783,1.047487
3.468092,1.047473
3.468402,1.047459
3.468712,1.047445
3.469022,1.047431
3.469332,1.047417
3.469642,1.047402
3.469952,1.047388
3.470262,1.047374
3.470572,1.047360
3.470882,1.047345
3.471192,1.047331
3.471502,1.047317
3.471812,1.047302
3.472121,1.047287
3.472431,1.047273
3.472741,1.047259
3.473051,1.047245
3.473361,1.047231
3.473671,1.047217
3.473981,1.047203
3.474291,1.047188
3.474601,1.047174
3.474911,1.047160
3.475221,1.047146
3.475531,1.047132
3.475841,1.047117
3.476151,1.047103
3.476460,1.047089
3.476770,1.047075
3.477080,1.047061
3.477390,1.047047
3.477700,1.047034
3.478010,1.047020
3.478320,1.047005
3.478630,1.046991
3.478940,1.046977
3.479250,1.046963
3.479560,1.046950
3.479870,1.046935
3.480180,1.046922
3.480490,1.046908
3.480799,1.046893
3.481109,1.046878
3.481419,1.046865
3.481729,1.046852
3.482039,1.046838
3.482349,1.046824
3.482659,1.046810
3.482969,1.046797
3.483279,1.046782
3.483589,1.046768
3.483899,1.046754
3.484209,1.046740
3.484519,1.046726
3.484828,1.046713
3.485138,1.046700
3.485448,1.046685
3.485758,1.046672
3.486068,1.046659
3.486378,1.046644
3.486688,1.046631
3.486998,1.046617
3.487308,1.046603
3.487618,1.046589
3.487928,1.046576
3.488238,1.046563
3.488548,1.046549
3.488858,1.046535
3.489167,1.046520
3.489477,1.046507
3.489787,1.046494
3.490097,1.046479
3.490407,1.046467
3.490717,1.046453
3.491027,1.046439
3.491337,1.046426
3.491647,1.046412
3.491957,1.046399
3.492267,1.046385
3.492577,1.046371
3.492887,1.046358
3.493197,1.046345
3.493506,1.046332
3.493816,1.046317
3.494126,1.046304
3.494436,1.046291
3.494746,1.046277
3.495056,1.046263
3.495366,1.046251
3.495676,1.046236
3.495986,1.046224
3.496296,1.046211
3.496606,1.046196
3.496916,1.046183
3.497226,1.046169
3.497536,1.046156
3.497845,1.046143
3.498155,1.046130
3.498465,1.046116
3.498775,1.046103
3.499085,1.046090
3.499395,1.046076
3.499705,1.046063
3.500015,1.046049
3.500325,1.046037
3.500635,1.046024
3.500945,1.046011
3.501255,1.045997
3.501565,1.045984
3.501874,1.045971
3.502184,1.045957
3.502494,1.045944
3.502804,1.045931
3.503114,1.045918
3.503424,1.045905
3.503734,1.045892
3.504044,1.045877
3.504354,1.045866
3.504664,1.045853
3.504974,1.045840
3.505284,1.045826
3.505594,1.045813
3.505904,1.045799
3.506213,1.045786
3.506523,1.045774
3.506833,1.045760
3.507143,1.045747
3.507453,1.045734
3.507763,1.045721
3.508073,1.045708
3.508383,1.045695
3.508693,1.045682
3.509003,1.045670
3.509313,1.045655
3.509623,1.045643
3.509933,1.045630
3.510243,1.045617
3.510552,1.045604
3.510862,1.045591
3.511172,1.045579
3.511482,1.045565
3.511792,1.045553
3.512102,1.045540
3.512412,1.045527
3.512722,1.045516
3.513032,1.045501
3.513342,1.045489
3.513652,1.045476
3.513962,1.045463
3.514272,1.045449
3.514581,1.045437
3.514891,1.045424
3.515201,1.045411
3.515511,1.045399
3.515821,1.045386
3.516131,1.045373
3.516441,1.045361
3.516751,1.045347
3.517061,1.045336
3.517371,1.045322
3.517681,1.045310
3.517991,1.045297
3.518301,1.045285
3.518611,1.045272
3.518920,1.045259
3.519230,1.045247
3.519540,1.045234
3.519850,1.045222
3.520160,1.045209
3.520470,1.045195
3.520780,1.045184
3.521090,1.045172
3.521400,1.045159
3.521710,1.045146
3.522020,1.045133
3.522330,1.045120
3.522640,1.045108
3.522950,1.045095
3.523259,1.045083
3.523569,1.045071
3.523879,1.045058
3.524189,1.045045
3.524499,1.045032
3.524809,1.045020
3.525119,1.045008
3.525429,1.044995
3.525739,1.044982
3.526049,1.044970
3.526359,1.044958
3.526669,1.044947
3.526979,1.044934
3.527288,1.044921
3.527598,1.044908
3.527908,1.044896
3.528218,1.044883
3.528528,1.044871
3.528838,1.044859
3.529148,1.044848
3.529458,1.044835
3.529768,1.044822
3.530078,1.044810
3.530388,1.044798
3.530698,1.044785
3.531008,1.044773
3.531318,1.044762
3.531627,1.044748
3.531937,1.044737
3.532247,1.044724
3.532557,1.044713
3.532867,1.044699
3.533177,1.044687
3.533487,1.044676
3.533797,1.044665
3.534107,1.044651
3.534417,1.044639
3.534727,1.044627
3.535037,1.044614
3.535347,1.044603
3.535657,1.044590
3.535966,1.044579
3.536276,1.044567
3.536586,1.044555
3.536896,1.044542
3.537206,1.044531
3.537516,1.044518
3.537826,1.044505
3.538136,1.044494
3.538446,1.044482
3.538756,1.044470
3.539066,1.044458
3.539376,1.044447
3.539686,1.044433
3.539995,1.044422
3.540305,1.044410
3.540615,1.044398
3.540925,1.044386
3.541235,1.044373
3.541545,1.044362
3.541855,1.044349
3.542165,1.044338
3.542475,1.044326
3.542785,1.044314
3.543095,1.044302
3.543405,1.044291
3.543715,1.044279
3.544025,1.044267
3.544334,1.044255
3.544644,1.044244
3.544954,1.044232
3.545264,1.044219
3.545574,1.044207
3.545884,1.044196
3.546194,1.044185
3.546504,1.044173
3.546814,1.044161
3.547124,1.044149
3.547434,1.044137
3.547744,1.044125
3.548054,1.044114
3.548364,1.044103
3.548673,1.044090
3.548983,1.044078
3.549293,1.044067
3.549603,1.044055
3.549913,1.044044
3.550223,1.044032
3.550533,1.044020
3.550843,1.044009
3.551153,1.043998
3.551463,1.043986
3.551773,1.043974
3.552083,1.043963
3.552393,1.043951
3.552703,1.043939
3.553012,1.043928
3.553322,1.043916
3.553632,1.043905
3.553942,1.043893
3.554252,1.043882
3.554562,1.043870
3.554872,1.043858
3.555182,1.043847
3.555492,1.043836
3.555802,1.043824
3.556112,1.043812
3.556422,1.043801
3.556732,1.043789
3.557041,1.043778
3.557351,1.043766
3.557661,1.043755
3.557971,1.043744
3.558281,1.043733
3.558591,1.043720
3.558901,1.043710
3.559211,1.043698
3.559521,1.043686
3.559831,1.043675
3.560141,1.043665
3.560451,1.043653
3.560761,1.043640
3.561071,1.043629
3.561380,1.043619
3.561690,1.043607
3.562000,1.043597
3.562310,1.043586
3.562620,1.043573
3.562930,1.043563
3.563240,1.043551
3.563550,1.043539
3.563860,1.043529
3.564170,1.043518
3.564480,1.043506
3.564790,1.043495
3.565100,1.043484
3.565410,1.043473
3.565719,1.043462
3.566029,1.043451
3.566339,1.043439
3.566649,1.043428
3.566959,1.043417
3.567269,1.043406
3.567579,1.043394
3.567889,1.043383
3.568199,1.043372
3.568509,1.043362
3.568819,1.043350
3.569129,1.043339
3.569439,1.043328
3.569748,1.043317
3.570058,1.043306
3.570368,1.043295
3.570678,1.043284
3.570988,1.043273
3.571298,1.043262
3.571608,1.043251
3.571918,1.043239
3.572228,1.043230
3.572538,1.043217
3.572848,1.043207
3.573158,1.043195
3.573468,1.043185
3.573778,1.043173
3.574087,1.043163
3.574397,1.043153
3.574707,1.043141
3.575017,1.043131
3.575327,1.043120
3.575637,1.043108
3.575947,1.043098
3.576257,1.043087
3.576567,1.043076
3.576877,1.043066
3.577187,1.043054
3.577497,1.043044
3.577807,1.043033
3.578117,1.043022
3.578426,1.043012
3.578736,1.043000
3.579046,1.042990
3.579356,1.042979
3.579666,1.042969
3.579976,1.042957
3.580286,1.042947
3.580596,1.042935
3.580906,1.042926
3.581216,1.042915
3.581526,1.042904
3.581836,1.042893
3.582146,1.042882
3.582455,1.042871
3.582765,1.042861
3.583075,1.042850
3.583385,1.042840
3.583695,1.042829
3.584005,1.042819
3.584315,1.042807
3.584625,1.042798
3.584935,1.042787
3.585245,1.042776
3.585555,1.042766
3.585865,1.042754
3.586175,1.042745
3.586485,1.042734
3.586794,1.042722
3.587104,1.042713
3.587414,1.042702
3.587724,1.042691
3.588034,1.042681
3.588344,1.042670
3.588654,1.042660
3.588964,1.042650
3.589274,1.042639
3.589584,1.042629
3.589894,1.042618
3.590204,1.042608
3.590514,1.042597
3.590824,1.042587
3.591133,1.042578
3.591443,1.042566
3.591753,1.042555
3.592063,1.042545
3.592373,1.042534
3.592683,1.042524
3.592993,1.042513
3.593303,1.042504
3.593613,1.042494
3.593923,1.042483
3.594233,1.042473
3.594543,1.042462
3.594853,1.042452
3.595163,1.042443
3.595472,1.042432
3.595782,1.042420
3.596092,1.042410
3.596402,1.042401
3.596712,1.042390
3.597022,1.042380
3.597332,1.042370
3.597642,1.042359
3.597952,1.042350
3.598262,1.042340
3.598572,1.042329
3.598882,1.042319
3.599192,1.042308
3.599501,1.042299
3.599811,1.042289
3.600121,1.042278
3.600431,1.042268
3.600741,1.042258
3.601051,1.042248
3.601361,1.042238
3.601671,1.042227
3.601981,1.042217
3.602291,1.042208
3.602601,1.042197
3.602911,1.042186
3.603221,1.042177
3.603531,1.042167
3.603840,1.042156
3.604150,1.042147
3.604460,1.042138
3.604770,1.042126
3.605080,1.042116
3.605390,1.042107
3.605700,1.042097
3.606010,1.042087
3.606320,1.042076
3.606630,1.042066
3.606940,1.042058
3.607250,1.042048
3.607560,1.042037
3.607870,1.042027
3.608179,1.042017
3.608489,1.042007
3.608799,1.041996
3.609109,1.041987
3.609419,1.041978
3.609729,1.041968
3.610039,1.041958
3.610349,1.041948
3.610659,1.041937
3.610969,1.041928
3.611279,1.041918
3.611589,1.041909
3.611899,1.041898
3.612208,1.041889
3.612518,1.041878
3.612828,1.041870
3.613138,1.041859
3.613448,1.041849
3.613758,1.041840
3.614068,1.041829
3.614378,1.041820
3.614688,1.041810
3.614998,1.041801
3.615308,1.041790
3.615618,1.041781
3.615928,1.041772
3.616238,1.041762
3.616547,1.041753
3.616857,1.041744
3.617167,1.041733
3.617477,1.041724
3.617787,1.041712
3.618097,1.041703
3.618407,1.041694
3.618717,1.041685
3.619027,1.041675
3.619337,1.041666
3.619647,1.041655
3.619957,1.041647
3.620267,1.041636
3.620577,1.041627
3.620886,1.041618
3.621196,1.041608
3.621506,1.041598
3.621816,1.041589
3.622126,1.041580
3.622436,1.041569
3.622746,1.041560
3.623056,1.041551
3.623366,1.041542
3.623676,1.041532
3.623986,1.041522
3.624296,1.041513
3.624606,1.041504
3.624915,1.041495
3.625225,1.041484
3.625535,1.041475
3.625845,1.041466
3.626155,1.041456
3.626465,1.041447
3.626775,1.041438
3.627085,1.041428
3.627395,1.041419
3.627705,1.041409
3.628015,1.041400
3.628325,1.041391
3.628635,1.041381
3.628945,1.041372
3.629254,1.041362
3.629564,1.041353
3.629874,1.041344
3.630184,1.041335
3.630494,1.041324
3.630804,1.041316
3.631114,1.041307
3.631424,1.041297
3.631734,1.041288
3.632044,1.041279
3.632354,1.041270
3.632664,1.041261
3.632974,1.041252
3.633284,1.041242
3.633593,1.041233
3.633903,1.041223
3.634213,1.041215
3.634523,1.041205
3.634833,1.041195
3.635143,1.041187
3.635453,1.041177
3.635763,1.041169
3.636073,1.041159
3.636383,1.041150
3.636693,1.041142
3.637003,1.041131
3.637313,1.041122
3.637623,1.041113
3.637932,1.041104
3.638242,1.041095
3.638552,1.041087
3.638862,1.041077
3.639172,1.041066
3.639482,1.041059
3.639792,1.041050
3.640102,1.041041
3.640412,1.041032
3.640722,1.041023
3.641032,1.041013
3.641342,1.041004
3.641652,1.040996
3.641961,1.040987
3.642271,1.040978
3.642581,1.040969
3.642891,1.040960
3.643201,1.040951
3.643511,1.040942
3.643821,1.040933
3.644131,1.040925
3.644441,1.040915
3.644751,1.040907
3.645061,1.040897
3.645371,1.040889
3.645681,1.040879
3.645991,1.040871
3.646300,1.040862
3.646610,1.040854
3.646920,1.040845
3.647230,1.040836
3.647540,1.040826
3.647850,1.040817
3.648160,1.040809
3.648470,1.040800
3.648780,1.040791
3.649090,1.040783
3.649400,1.040774
3.649710,1.040766
3.650020,1.040757
3.650330,1.040747
3.650639,1.040738
3.650949,1.040731
3.651259,1.040722
3.651569,1.040712
3.651879,1.040704
3.652189,1.040695
3.652499,1.040686
3.652809,1.040678
3.653119,1.040668
3.653429,1.040660
3.653739,1.040652
3.654049,1.040643
3.654359,1.040634
3.654668,1.040626
3.654978,1.040617
3.655288,1.040608
3.655598,1.040601
3.655908,1.040591
3.656218,1.040583
3.656528,1.040575
3.656838,1.040566
3.657148,1.040557
3.657458,1.040548
3.657768,1.040540
3.658078,1.040531
3.658388,1.040523
3.658698,1.040512
3.659007,1.040506
3.659317,1.040497
3.659627,1.040488
3.659937,1.040479
3.660247,1.040472
3.660557,1.040462
3.660867,1.040455
3.661177,1.040445
3.661487,1.040437
3.661797,1.040429
3.662107,1.040420
3.662417,1.040413
3.662727,1.040403
3.663037,1.040395
3.663346,1.040386
3.663656,1.040378
3.663966,1.040370
3.664276,1.040361
3.664586,1.040353
3.664896,1.040345
3.665206,1.040336
3.665516,1.040328
3.665826,1.040320
3.666136,1.040312
3.666446,1.040304
3.666756,1.040295
3.667066,1.040287
3.667375,1.040279
3.667685,1.040270
3.667995,1.040261
3.668305,1.040253
3.668615,1.040244
3.668925,1.040237
3.669235,1.040227
3.669545,1.040220
3.669855,1.040212
3.670165,1.040203
3.670475,1.040194
3.670785,1.040187
3.671095,1.040179
3.671405,1.040170
3.671714,1.040163
3.672024,1.040154
3.672334,1.040146
3.672644,1.040138
3.672954,1.040130
3.673264,1.040121
3.673574,1.040114
3.673884,1.040105
3.674194,1.040097
3.674504,1.040089
3.674814,1.040081
3.675124,1.040073
3.675434,1.040065
3.675744,1.040057
3.676053,1.040047
3.676363,1.040040
3.676673,1.040033
3.676983,1.040025
3.677293,1.040016
3.677603,1.040008
3.677913,1.039999
3.678223,1.039992
3.678533,1.039984
3.678843,1.039976
3.679153,1.039967
3.679463,1.039960
3.679773,1.039952
3.680083,1.039944
3.680392,1.039936
3.680702,1.039928
3.681012,1.039920
3.681322,1.039912
3.681632,1.039904
3.681942,1.039897
3.682252,1.039888
3.682562,1.039880
3.682872,1.039873
3.683182,1.039865
3.683492,1.039856
3.683802,1.039849
3.684112,1.039842
3.684421,1.039833
3.684731,1.039825
3.685041,1.039817
3.685351,1.039809
3.685661,1.039802
3.685971,1.039794
3.686281,1.039786
3.686591,1.039778
3.686901,1.039771
3.687211,1.039763
3.687521,1.039754
3.687831,1.039747
3.688141,1.039739
3.688451,1.039731
3.688760,1.039724
3.689070,1.039716
3.689380,1.039708
3.689690,1.039699
3.690000,1.039692
3.690310,1.039686
3.690620,1.039677
3.690930,1.039669
3.691240,1.039662
3.691550,1.039654
3.691860,1.039647
3.692170,1.039639
3.692480,1.039631
3.692790,1.039623
3.693099,1.039616
3.693409,1.039609
3.693719,1.039601
3.694029,1.039593
3.694339,1.039586
3.694649,1.039577
3.694959,1.039569
3.695269,1.039561
3.695579,1.039554
3.695889,1.039546
3.696199,1.039540
3.696509,1.039532
3.696819,1.039524
3.697128,1.039517
3.697438,1.039509
3.697748,1.039501
3.698058,1.039494
3.698368,1.039487
3.698678,1.039479
3.698988,1.039472
3.699298,1.039464
3.699608,1.039456
3.699918,1.039449
3.700228,1.039442
3.700538,1.039434
3.700848,1.039427
3.701158,1.039419
3.701467,1.039412
3.701777,1.039404
3.702087,1.039397
3.702397,1.039390
3.702707,1.039383
3.703017,1.039375
3.703327,1.039366
3.703637,1.039360
3.703947,1.039352
3.704257,1.039345
3.704567,1.039338
3.704877,1.039330
3.705187,1.039323
3.705497,1.039315
3.705806,1.039308
3.706116,1.039301
3.706426,1.039293
3.706736,1.039286
3.707046,1.039278
3.707356,1.039273
3.707666,1.039265
3.707976,1.039257
3.708286,1.039251
3.708596,1.039243
3.708906,1.039235
3.709216,1.039230
3.709526,1.039221
3.709835,1.039214
3.710145,1.039206
3.710455,1.039199
3.710765,1.039191
3.711075,1.039185
3.711385,1.039177
3.711695,1.039170
3.712005,1.039163
3.712315,1.039156
3.712625,1.039148
3.712935,1.039141
3.713245,1.039134
3.713555,1.039128
3.713865,1.039120
3.714174,1.039112
3.714484,1.039105
3.714794,1.039099
3.715104,1.039091
3.715414,1.039084
3.715724,1.039077
3.716034,1.039070
3.716344,1.039063
3.716654,1.039057
3.716964,1.039049
3.717274,1.039041
3.717584,1.039035
3.717894,1.039029
3.718204,1.039020
3.718513,1.039014
3.718823,1.039007
3.719133,1.038999
3.719443,1.038993
3.719753,1.038986
3.720063,1.038978
3.720373,1.038972
3.720683,1.038964
3.720993,1.038957
3.721303,1.038949
3.721613,1.038944
3.721923,1.038936
3.722233,1.038929
3.722543,1.038924
3.722852,1.038916
3.723162,1.038909
3.723472,1.038902
3.723782,1.038895
3.724092,1.038888
3.724402,1.038882
3.724712,1.038874
3.725022,1.038868
3.725332,1.038860
3.725642,1.038854
3.725952,1.038847
3.726262,1.038840
3.726572,1.038833
3.726881,1.038827
3.727191,1.038819
3.727501,1.038813
3.727811,1.038806
3.728121,1.038799
3.728431,1.038792
3.728741,1.038787
3.729051,1.038779
3.729361,1.038772
3.729671,1.038766
3.729981,1.038759
3.730291,1.038751
3.730601,1.038745
3.730911,1.038739
3.731220,1.038732
3.731530,1.038725
3.731840,1.038719
3.732150,1.038712
3.732460,1.038705
3.732770,1.038698
3.733080,1.038691
3.733390,1.038685
3.733700,1.038677
3.734010,1.038671
3.734320,1.038665
3.734630,1.038657
3.734940,1.038652
3.735250,1.038646
3.735559,1.038637
3.735869,1.038632
3.736179,1.038625
3.736489,1.038618
3.736799,1.038612
3.737109,1.038604
3.737419,1.038598
3.737729,1.038592
3.738039,1.038586
3.738349,1.038580
3.738659,1.038572
3.738969,1.038565
3.739279,1.038560
3.739588,1.038553
3.739898,1.038546
3.740208,1.038539
3.740518,1.038533
3.740828,1.038526
3.741138,1.038520
3.741448,1.038514
3.741758,1.038506
3.742068,1.038501
3.742378,1.038494
3.742688,1.038488
3.742998,1.038480
3.743308,1.038474
3.743618,1.038468
3.743927,1.038463
3.744237,1.038456
3.744547,1.038449
3.744857,1.038442
3.745167,1.038435
3.745477,1.038430
3.745787,1.038424
3.746097,1.038417
3.746407,1.038411
3.746717,1.038404
3.747027,1.038397
3.747337,1.038392
3.747647,1.038385
3.747957,1.038378
3.748266,1.038373
3.748576,1.038366
3.748886,1.038360
3.749196,1.038353
3.749506,1.038347
3.749816,1.038340
3.750126,1.038334
3.750436,1.038328
3.750746,1.038322
3.751056,1.038316
3.751366,1.038309
3.751676,1.038303
3.751986,1.038297
3.752295,1.038290
3.752605,1.038284
3.752915,1.038279
3.753225,1.038271
3.753535,1.038266
3.753845,1.038258
3.754155,1.038253
3.754465,1.038248
3.754775,1.038241
3.755085,1.038234
3.755395,1.038229
3.755705,1.038222
3.756015,1.038216
3.756325,1.038211
3.756634,1.038204
3.756944,1.038199
3.757254,1.038191
3.757564,1.038185
3.757874,1.038179
3.758184,1.038173
3.758494,1.038167
3.758804,1.038162
3.759114,1.038155
3.759424,1.038150
3.759734,1.038142
3.760044,1.038136
3.760354,1.038131
3.760664,1.038126
3.760973,1.038119
3.761283,1.038113
3.761593,1.038107
3.761903,1.038101
3.762213,1.038094
3.762523,1.038088
3.762833,1.038082
3.763143,1.038077
3.763453,1.038070
3.763763,1.038064
3.764073,1.038058
3.764383,1.038053
3.764693,1.038046
3.765003,1.038040
3.765312,1.038035
3.765622,1.038029
3.765932,1.038023
3.766242,1.038017
3.766552,1.038010
3.766862,1.038005
3.767172,1.038000
3.767482,1.037993
3.767792,1.037987
3.768102,1.037981
3.768412,1.037975
3.768722,1.037969
3.769032,1.037963
3.769341,1.037957
3.769651,1.037952
3.769961,1.037946
3.770271,1.037940
3.770581,1.037935
3.770891,1.037928
3.771201,1.037923
3.771511,1.037916
3.771821,1.037912
3.772131,1.037906
3.772441,1.037900
3.772751,1.037894
3.773061,1.037887
3.773371,1.037883
3.773680,1.037876
3.773990,1.037871
3.774300,1.037866
3.774610,1.037859
3.774920,1.037854
3.775230,1.037847
3.775540,1.037842
3.775850,1.037835
3.776160,1.037831
3.776470,1.037824
3.776780,1.037821
3.777090,1.037813
3.777400,1.037807
3.777710,1.037802
3.778019,1.037796
3.778329,1.037791
3.778639,1.037785
3.778949,1.037780
3.779259,1.037774
3.779569,1.037768
3.779879,1.037762
3.780189,1.037757
3.780499,1.037751
3.780809,1.037745
3.781119,1.037740
3.781429,1.037735
3.781739,1.037730
3.782048,1.037723
3.782358,1.037717
3.782668,1.037712
3.782978,1.037707
3.783288,1.037700
3.783598,1.037695
3.783908,1.037689
3.784218,1.037684
3.784528,1.037679
3.784838,1.037674
3.785148,1.037669
3.785458,1.037663
3.785768,1.037656
3.786078,1.037651
3.786387,1.037646
3.786697,1.037641
3.787007,1.037635
3.787317,1.037630
3.787627,1.037624
3.787937,1.037619
3.788247,1.037613
3.788557,1.037608
3.788867,1.037602
3.789177,1.037597
3.789487,1.037591
3.789797,1.037586
3.790107,1.037581
3.790417,1.037576
3.790726,1.037569
3.791036,1.037565
3.791346,1.037559
3.791656,1.037553
3.791966,1.037548
3.792276,1.037542
3.792586,1.037537
3.792896,1.037533
3.793206,1.037526
3.793516,1.037521
3.793826,1.037516
3.794136,1.037511
3.794446,1.037505
3.794755,1.037500
3.795065,1.037495
3.795375,1.037489
3.795685,1.037484
3.795995,1.037479
3.796305,1.037473
3.796615,1.037467
3.796925,1.037462
3.797235,1.037457
3.797545,1.037452
3.797855,1.037446
3.798165,1.037442
3.798475,1.037438
3.798785,1.037432
3.799094,1.037427
3.799404,1.037420
3.799714,1.037415
3.800024,1.037410
3.800334,1.037405
3.800644,1.037400
3.800954,1.037396
3.801264,1.037390
3.801574,1.037384
3.801884,1.037381
3.802194,1.037376
3.802504,1.037369
3.802814,1.037364
3.803124,1.037359
3.803433,1.037354
3.803743,1.037350
3.804053,1.037344
3.804363,1.037339
3.804673,1.037333
3.804983,1.037328
3.805293,1.037323
3.805603,1.037318
3.805913,1.037313
3.806223,1.037307
3.806533,1.037302
3.806843,1.037297
3.807153,1.037293
3.807462,1.037288
3.807772,1.037284
3.808082,1.037278
3.808392,1.037273
3.808702,1.037268
3.809012,1.037263
3.809322,1.037259
3.809632,1.037252
3.809942,1.037248
3.810252,1.037243
3.810562,1.037238
3.810872,1.037232
3.811182,1.037228
3.811492,1.037223
3.811801,1.037217
3.812111,1.037212
3.812421,1.037208
3.812731,1.037203
3.813041,1.037199
3.813351,1.037194
3.813661,1.037188
3.813971,1.037183
3.814281,1.037178
3.814591,1.037174
3.814901,1.037169
3.815211,1.037163
3.815521,1.037158
3.815831,1.037154
3.816140,1.037149
3.816450,1.037144
3.816760,1.037139
3.817070,1.037134
3.817380,1.037129
3.817690,1.037125
3.818000,1.037119
3.818310,1.037115
3.818620,1.037112
3.818930,1.037105
3.819240,1.037100
3.819550,1.037097
3.819860,1.037091
3.820170,1.037086
3.820479,1.037080
3.820789,1.037077
3.821099,1.037072
3.821409,1.037067
3.821719,1.037063
3.822029,1.037058
3.822339,1.037053
3.822649,1.037047
3.822959,1.037045
3.823269,1.037039
3.823579,1.037034
3.823889,1.037030
3.824199,1.037025
3.824508,1.037020
3.824818,1.037015
3.825128,1.037011
3.825438,1.037006
3.825748,1.037001
3.826058,1.036997
3.826368,1.036991
3.826678,1.036989
3.826988,1.036982
3.827298,1.036977
3.827608,1.036974
3.827918,1.036969
3.828228,1.036964
3.828538,1.036959
3.828847,1.036956
3.829157,1.036951
3.829467,1.036945
3.829777,1.036941
3.830087,1.036936
3.830397,1.036932
3.830707,1.036927
3.831017,1.036922
3.831327,1.036919
3.831637,1.036913
3.831947,1.036907
3.832257,1.036904
3.832567,1.036901
3.832877,1.036896
3.833186,1.036891
3.833496,1.036886
3.833806,1.036882
3.834116,1.036878
3.834426,1.036873
3.834736,1.036869
3.835046,1.036864
3.835356,1.036860
3.835666,1.036855
3.835976,1.036850
3.836286,1.036846
3.836596,1.036841
3.836906,1.036837
3.837215,1.036834
3.837525,1.036828
3.837835,1.036823
3.838145,1.036819
3.838455,1.036815
3.838765,1.036811
3.839075,1.036807
3.839385,1.036802
3.839695,1.036798
3.840005,1.036793
3.840315,1.036789
3.840625,1.036784
3.840935,1.036780
3.841245,1.036776
3.841554,1.036770
3.841864,1.036768
3.842174,1.036762
3.842484,1.036758
3.842794,1.036754
3.843104,1.036750
3.843414,1.036746
3.843724,1.036741
3.844034,1.036736
3.844344,1.036733
3.844654,1.036727
3.844964,1.036724
3.845274,1.036719
3.845584,1.036716
3.845893,1.036711
3.846203,1.036707
3.846513,1.036703
3.846823,1.036698
3.847133,1.036693
3.847443,1.036690
3.847753,1.036685
3.848063,1.036681
3.848373,1.036677
3.848683,1.036672
3.848993,1.036668
3.849303,1.036664
3.849613,1.036661
3.849922,1.036655
3.850232,1.036652
3.850542,1.036648
3.850852,1.036644
3.851162,1.036639
3.851472,1.036636
3.851782,1.036630
3.852092,1.036626
3.852402,1.036622
3.852712,1.036618
3.853022,1.036615
3.853332,1.036611
3.853642,1.036606
3.853952,1.036602
3.854261,1.036598
3.854571,1.036594
3.854881,1.036589
3.855191,1.036585
3.855501,1.036582
3.855811,1.036577
3.856121,1.036573
3.856431,1.036569
3.856741,1.036565
3.857051,1.036561
3.857361,1.036558
3.857671,1.036553
3.857981,1.036550
3.858291,1.036545
3.858600,1.036541
3.858910,1.036537
3.859220,1.036533
3.859530,1.036528
3.859840,1.036524
3.860150,1.036520
3.860460,1.036517
3.860770,1.036513
3.861080,1.036509
3.861390,1.036505
3.861700,1.036500
3.862010,1.036497
3.862320,1.036493
3.862630,1.036489
3.862939,1.036485
3.863249,1.036481
3.863559,1.036477
3.863869,1.036474
3.864179,1.036470
3.864489,1.036466
3.864799,1.036462
3.865109,1.036458
3.865419,1.036453
3.865729,1.036450
3.866039,1.036446
3.866349,1.036442
3.866659,1.036439
3.866968,1.036435
3.867278,1.036430
3.867588,1.036427
3.867898,1.036423
3.868208,1.036420
3.868518,1.036415
3.868828,1.036411
3.869138,1.036407
3.869448,1.036404
3.869758,1.036401
3.870068,1.036396
3.870378,1.036393
3.870688,1.036388
3.870998,1.036384
3.871307,1.036380
3.871617,1.036377
3.871927,1.036373
3.872237,1.036369
3.872547,1.036365
3.872857,1.036362
3.873167,1.036357
3.873477,1.036354
3.873787,1.036352
3.874097,1.036348
3.874407,1.036342
3.874717,1.036339
3.875027,1.036335
3.875337,1.036332
3.875646,1.036329
3.875956,1.036325
3.876266,1.036322
3.876576,1.036316
3.876886,1.036313
3.877196,1.036309
3.877506,1.036308
3.877816,1.036302
3.878126,1.036299
3.878436,1.036295
3.878746,1.036292
3.879056,1.036288
3.879366,1.036284
3.879675,1.036280
3.879985,1.036277
3.880295,1.036274
3.880605,1.036270
3.880915,1.036266
3.881225,1.036263
3.881535,1.036259
3.881845,1.036255
3.882155,1.036252
3.882465,1.036249
3.882775,1.036245
3.883085,1.036242
3.883395,1.036238
3.883705,1.036234
3.884014,1.036230
3.884324,1.036227
3.884634,1.036224
3.884944,1.036219
3.885254,1.036216
3.885564,1.036213
3.885874,1.036210
3.886184,1.036205
3.886494,1.036202
3.886804,1.036199
3.887114,1.036196
3.887424,1.036191
3.887734,1.036188
3.888044,1.036186
3.888353,1.036180
3.888663,1.036178
3.888973,1.036175
3.889283,1.036171
3.889593,1.036168
3.889903,1.036165
3.890213,1.036160
3.890523,1.036157
3.890833,1.036154
3.891143,1.036150
3.891453,1.036147
3.891763,1.036144
3.892073,1.036139
3.892382,1.036136
3.892692,1.036133
3.893002,1.036131
3.893312,1.036127
3.893622,1.036123
3.893932,1.036120
3.894242,1.036116
3.894552,1.036113
3.894862,1.036110
3.895172,1.036107
3.895482,1.036104
3.895792,1.036099
3.896102,1.036097
3.896412,1.036093
3.896721,1.036089
3.897031,1.036086
3.897341,1.036083
3.897651,1.036080
3.897961,1.036076
3.898271,1.036073
3.898581,1.036070
3.898891,1.036067
3.899201,1.036063
3.899511,1.036059
3.899821,1.036057
3.900131,1.036053
3.900441,1.036050
3.900751,1.036047
3.901060,1.036044
3.901370,1.036041
3.901680,1.036037
3.901990,1.036034
3.902300,1.036031
3.902610,1.036027
3.902920,1.036024
3.903230,1.036021
3.903540,1.036019
3.903850,1.036015
3.904160,1.036011
3.904470,1.036009
3.904780,1.036005
3.905090,1.036003
3.905399,1.035999
3.905709,1.035996
3.906019,1.035992
3.906329,1.035989
3.906639,1.035987
3.906949,1.035983
3.907259,1.035980
3.907569,1.035978
3.907879,1.035973
3.908189,1.035970
3.908499,1.035967
3.908809,1.035964
3.909119,1.035961
3.909428,1.035959
3.909738,1.035955
3.910048,1.035953
3.910358,1.035949
3.910668,1.035946
3.910978,1.035943
3.911288,1.035939
3.911598,1.035938
3.911908,1.035933
3.912218,1.035930
3.912528,1.035927
3.912838,1.035925
3.913148,1.035922
3.913458,1.035918
3.913767,1.035915
3.914077,1.035913
3.914387,1.035909
3.914697,1.035907
3.915007,1.035904
3.915317,1.035901
3.915627,1.035897
3.915937,1.035895
3.916247,1.035891
3.916557,1.035889
3.916867,1.035886
3.917177,1.035882
3.917487,1.035880
3.917797,1.035877
3.918106,1.035873
3.918416,1.035871
3.918726,1.035868
3.919036,1.035866
3.919346,1.035863
3.919656,1.035859
3.919966,1.035856
3.920276,1.035854
3.920586,1.035850
3.920896,1.035848
3.921206,1.035844
3.921516,1.035841
3.921826,1.035840
3.922135,1.035836
3.922445,1.035832
3.922755,1.035831
3.923065,1.035827
3.923375,1.035825
3.923685,1.035822
3.923995,1.035819
3.924305,1.035816
3.924615,1.035813
3.924925,1.035811
3.925235,1.035808
3.925545,1.035804
3.925855,1.035803
3.926165,1.035800
3.926474,1.035797
3.926784,1.035794
3.927094,1.035790
3.927404,1.035789
3.927714,1.035785
3.928024,1.035782
3.928334,1.035779
3.928644,1.035776
3.928954,1.035774
3.929264,1.035771
3.929574,1.035768
3.929884,1.035766
3.930194,1.035764
3.930504,1.035760
3.930813,1.035758
3.931123,1.035755
3.931433,1.035751
3.931743,1.035749
3.932053,1.035747
3.932363,1.035744
3.932673,1.035742
3.932983,1.035738
3.933293,1.035736
3.933603,1.035733
3.933913,1.035730
3.934223,1.035729
3.934533,1.035726
3.934842,1.035722
3.935152,1.035721
3.935462,1.035718
3.935772,1.035715
3.936082,1.035712
3.936392,1.035710
3.936702,1.035707
3.937012,1.035704
3.937322,1.035702
3.937632,1.035699
3.937942,1.035697
3.938252,1.035693
3.938562,1.035691
3.938872,1.035689
3.939181,1.035685
3.939491,1.035684
3.939801,1.035681
3.940111,1.035679
3.940421,1.035676
3.940731,1.035673
3.941041,1.035670
3.941351,1.035668
3.941661,1.035664
3.941971,1.035663
3.942281,1.035661
3.942591,1.035658
3.942901,1.035655
3.943211,1.035653
3.943520,1.035650
3.943830,1.035648
3.944140,1.035645
3.944450,1.035642
3.944760,1.035641
3.945070,1.035637
3.945380,1.035635
3.945690,1.035633
3.946000,1.035631
3.946310,1.035628
3.946620,1.035626
3.946930,1.035623
3.947240,1.035621
3.947550,1.035617
3.947859,1.035615
3.948169,1.035613
3.948479,1.035610
3.948789,1.035607
3.949099,1.035605
3.949409,1.035604
3.949719,1.035601
3.950029,1.035598
3.950339,1.035596
3.950649,1.035593
3.950959,1.035591
3.951269,1.035589
3.951579,1.035587
3.951888,1.035583
3.952198,1.035581
3.952508,1.035579
3.952818,1.035577
3.953128,1.035575
3.953438,1.035572
3.953748,1.035570
3.954058,1.035568
3.954368,1.035565
3.954678,1.035563
3.954988,1.035562
3.955298,1.035559
3.955608,1.035557
3.955918,1.035554
3.956227,1.035552
3.956537,1.035549
3.956847,1.035547
3.957157,1.035545
3.957467,1.035542
3.957777,1.035540
3.958087,1.035538
3.958397,1.035535
3.958707,1.035534
3.959017,1.035531
3.959327,1.035528
3.959637,1.035526
3.959947,1.035524
3.960257,1.035522
3.960566,1.035519
3.960876,1.035517
3.961186,1.035515
3.961496,1.035512
3.961806,1.035511
3.962116,1.035508
3.962426,1.035506
3.962736,1.035504
3.963046,1.035502
3.963356,1.035500
3.963666,1.035497
3.963976,1.035496
3.964286,1.035493
3.964595,1.035491
3.964905,1.035490
3.965215,1.035486
3.965525,1.035486
3.965835,1.035483
3.966145,1.035480
3.966455,1.035478
3.966765,1.035477
3.967075,1.035473
3.967385,1.035472
3.967695,1.035470
3.968005,1.035467
3.968315,1.035465
3.968625,1.035463
3.968934,1.035462
3.969244,1.035459
3.969554,1.035457
3.969864,1.035455
3.970174,1.035452
3.970484,1.035450
3.970794,1.035448
3.971104,1.035447
3.971414,1.035444
3.971724,1.035443
3.972034,1.035441
3.972344,1.035438
3.972654,1.035436
3.972964,1.035434
3.973273,1.035432
3.973583,1.035430
3.973893,1.035428
3.974203,1.035426
3.974513,1.035424
3.974823,1.035421
3.975133,1.035420
3.975443,1.035418
3.975753,1.035416
3.976063,1.035414
3.976373,1.035412
3.976683,1.035410
3.976993,1.035408
3.977302,1.035407
3.977612,1.035404
3.977922,1.035402
3.978232,1.035401
3.978542,1.035399
3.978852,1.035396
3.979162,1.035394
3.979472,1.035392
3.979782,1.035390
3.980092,1.035390
3.980402,1.035385
3.980712,1.035385
3.981022,1.035383
3.981332,1.035380
3.981641,1.035379
3.981951,1.035378
3.982261,1.035374
3.982571,1.035374
3.982881,1.035371
3.983191,1.035369
3.983501,1.035368
3.983811,1.035366
3.984121,1.035364
3.984431,1.035361
3.984741,1.035361
3.985051,1.035358
3.985361,1.035356
3.985671,1.035355
3.985980,1.035352
3.986290,1.035351
3.986600,1.035348
3.986910,1.035347
3.987220,1.035346
3.987530,1.035344
3.987840,1.035342
3.988150,1.035340
3.988460,1.035339
3.988770,1.035337
3.989080,1.035336
3.989390,1.035332
3.989700,1.035331
3.990010,1.035330
3.990319,1.035327
3.990629,1.035326
3.990939,1.035324
3.991249,1.035322
3.991559,1.035320
3.991869,1.035319
3.992179,1.035317
3.992489,1.035316
3.992799,1.035313
3.993109,1.035312
3.993419,1.035310
3.993729,1.035308
3.994039,1.035306
3.994348,1.035305
3.994658,1.035303
3.994968,1.035302
3.995278,1.035300
3.995588,1.035298
3.995898,1.035297
3.996208,1.035295
3.996518,1.035294
3.996828,1.035292
3.997138,1.035290
3.997448,1.035288
3.997758,1.035287
3.998068,1.035285
3.998378,1.035283
3.998687,1.035281
3.998997,1.035279
3.999307,1.035278
3.999617,1.035275
3.999927,1.035275
4.000237,1.035273
4.000547,1.035272
4.000857,1.035270
4.001167,1.035268
4.001477,1.035268
4.001787,1.035265
4.002097,1.035264
4.002407,1.035262
4.002717,1.035260
4.003026,1.035259
4.003336,1.035257
4.003646,1.035256
4.003956,1.035254
4.004266,1.035253
4.004576,1.035251
4.004886,1.035248
4.005196,1.035248
4.005506,1.035246
4.005816,1.035246
4.006126,1.035243
4.006436,1.035241
4.006746,1.035241
4.007055,1.035238
4.007365,1.035236
4.007675,1.035235
4.007985,1.035234
4.008295,1.035233
4.008605,1.035231
4.008915,1.035230
4.009225,1.035228
4.009535,1.035228
4.009845,1.035224
4.010155,1.035224
4.010465,1.035222
4.010775,1.035221
4.011085,1.035219
4.011394,1.035218
4.011704,1.035217
4.012014,1.035214
4.012324,1.035213
4.012634,1.035212
4.012944,1.035210
4.013254,1.035209
4.013564,1.035208
4.013874,1.035206
4.014184,1.035205
4.014494,1.035204
4.014804,1.035202
4.015114,1.035200
4.015424,1.035199
4.015733,1.035199
4.016043,1.035197
4.016353,1.035195
4.016663,1.035193
4.016973,1.035193
4.017283,1.035191
4.017593,1.035190
4.017903,1.035188
4.018213,1.035187
4.018523,1.035186
4.018833,1.035185
4.019143,1.035183
4.019453,1.035182
4.019762,1.035180
4.020072,1.035179
4.020382,1.035177
4.020692,1.035177
4.021002,1.035174
4.021312,1.035174
4.021622,1.035172
4.021932,1.035171
4.022242,1.035169
4.022552,1.035168
4.022862,1.035168
4.023172,1.035165
4.023482,1.035164
4.023792,1.035162
4.024101,1.035162
4.024411,1.035161
4.024721,1.035159
4.025031,1.035158
4.025341,1.035158
4.025651,1.035156
4.025961,1.035154
4.026271,1.035153
4.026581,1.035152
4.026891,1.035151
4.027201,1.035149
4.027511,1.035149
4.027821,1.035147
4.028131,1.035146
4.028440,1.035145
4.028750,1.035144
4.029060,1.035143
4.029370,1.035142
4.029680,1.035140
4.029990,1.035139
4.030300,1.035137
4.030610,1.035136
4.030920,1.035135
4.031230,1.035134
4.031540,1.035132
4.031850,1.035132
4.032160,1.035131
4.032469,1.035129
4.032779,1.035128
4.033089,1.035128
4.033399,1.035126
4.033709,1.035126
4.034019,1.035122
4.034329,1.035123
4.034639,1.035121
4.034949,1.035121
4.035259,1.035119
4.035569,1.035119
4.035879,1.035117
4.036189,1.035115
4.036499,1.035115
4.036808,1.035114
4.037118,1.035113
4.037428,1.035112
4.037738,1.035110
4.038048,1.035109
4.038358,1.035109
4.038668,1.035106
4.038978,1.035107
4.039288,1.035105
4.039598,1.035103
4.039908,1.035103
4.040218,1.035101
4.040528,1.035101
4.040838,1.035100
4.041147,1.035099
4.041457,1.035098
4.041767,1.035097
4.042077,1.035096
4.042387,1.035093
4.042697,1.035094
4.043007,1.035093
4.043317,1.035092
4.043627,1.035091
4.043937,1.035089
4.044247,1.035089
4.044557,1.035088
4.044867,1.035086
4.045177,1.035086
4.045486,1.035085
4.045796,1.035083
4.046106,1.035082
4.046416,1.035082
4.046726,1.035081
4.047036,1.035080
4.047346,1.035079
4.047656,1.035079
4.047966,1.035078
4.048276,1.035076
4.048586,1.035076
4.048896,1.035074
4.049206,1.035074
4.049515,1.035072
4.049825,1.035072
4.050135,1.035070
4.050445,1.035069
4.050755,1.035068
4.051065,1.035068
4.051375,1.035068
4.051685,1.035066
4.051995,1.035065
4.052305,1.035064
4.052615,1.035063
4.052925,1.035063
4.053235,1.035062
4.053545,1.035060
4.053854,1.035060
4.054164,1.035059
4.054474,1.035058
4.054784,1.035057
4.055094,1.035057
4.055404,1.035056
4.055714,1.035056
4.056024,1.035054
4.056334,1.035054
4.056644,1.035053
4.056954,1.035052
4.057264,1.035051
4.057574,1.035050
4.057884,1.035049
4.058193,1.035049
4.058503,1.035047
4.058813,1.035046
4.059123,1.035046
4.059433,1.035045
4.059743,1.035045
4.060053,1.035044
4.060363,1.035043
4.060673,1.035042
4.060983,1.035041
4.061293,1.035042
4.061603,1.035040
4.061913,1.035040
4.062222,1.035038
4.062532,1.035039
4.062842,1.035037
4.063152,1.035037
4.063462,1.035035
4.063772,1.035036
4.064082,1.035034
4.064392,1.035033
4.064702,1.035033
4.065012,1.035032
4.065322,1.035031
4.065632,1.035031
4.065942,1.035031
4.066252,1.035030
4.066561,1.035028
4.066871,1.035027
4.067181,1.035027
4.067491,1.035026
4.067801,1.035026
4.068111,1.035025
4.068421,1.035024
4.068731,1.035024
4.069041,1.035024
4.069351,1.035023
4.069661,1.035022
4.069971,1.035021
4.070281,1.035021
4.070591,1.035020
4.070900,1.035019
4.071210,1.035018
4.071520,1.035018
4.071830,1.035016
4.072140,1.035017
4.072450,1.035017
4.072760,1.035016
4.073070,1.035015
4.073380,1.035014
4.073690,1.035014
4.074000,1.035013
4.074310,1.035013
4.074620,1.035012
4.074929,1.035012
4.075239,1.035011
4.075549,1.035010
4.075859,1.035010
4.076169,1.035009
4.076479,1.035009
4.076789,1.035008
4.077099,1.035007
4.077409,1.035007
4.077719,1.035006
4.078029,1.035005
4.078339,1.035006
4.078649,1.035005
4.078959,1.035004
4.079268,1.035003
4.079578,1.035004
4.079888,1.035002
4.080198,1.035003
4.080508,1.035002
4.080818,1.035000
4.081128,1.035001
4.081438,1.035001
4.081748,1.035000
4.082058,1.035000
4.082368,1.034998
4.082678,1.034998
4.082988,1.034998
4.083298,1.034997
4.083607,1.034996
4.083917,1.034998
4.084227,1.034997
4.084537,1.034997
4.084847,1.034995
4.085157,1.034994
4.085467,1.034994
4.085777,1.034995
4.086087,1.034993
4.086397,1.034993
4.086707,1.034994
4.087017,1.034993
4.087327,1.034992
4.087637,1.034991
4.087946,1.034991
4.088256,1.034990
4.088566,1.034990
4.088876,1.034989
4.089186,1.034990
4.089496,1.034989
4.089806,1.034988
4.090116,1.034988
4.090426,1.034987
4.090736,1.034987
4.091046,1.034986
4.091356,1.034986
4.091666,1.034987
4.091975,1.034986
4.092285,1.034986
4.092595,1.034986
4.092905,1.034985
4.093215,1.034985
4.093525,1.034985
4.093835,1.034984
4.094145,1.034984
4.094455,1.034983
4.094765,1.034983
4.095075,1.034983
4.095385,1.034982
4.095695,1.034983
4.096005,1.034982
4.096314,1.034982
4.096624,1.034981
4.096934,1.034981
4.097244,1.034981
4.097554,1.034980
4.097864,1.034980
4.098174,1.034979
4.098484,1.034979
4.098794,1.034979
4.099104,1.034978
4.099414,1.034979
4.099724,1.034978
4.100034,1.034978
4.100344,1.034977
4.100653,1.034978
4.100963,1.034978
4.101273,1.034976
4.101583,1.034976
4.101893,1.034977
4.102203,1.034976
4.102513,1.034976
4.102823,1.034977
4.103133,1.034976
4.103443,1.034975
4.103753,1.034975
4.104063,1.034975
4.104373,1.034975
4.104682,1.034974
4.104992,1.034975
4.105302,1.034975
4.105612,1.034974
4.105922,1.034975
4.106232,1.034974
4.106542,1.034974
4.106852,1.034974
4.107162,1.034973
4.107472,1.034974
4.107782,1.034973
4.108092,1.034972
4.108402,1.034972
4.108712,1.034973
4.109021,1.034973
4.109331,1.034971
4.109641,1.034973
4.109951,1.034971
4.110261,1.034971
4.110571,1.034971
4.110881,1.034972
4.111191,1.034971
4.111501,1.034971
4.111811,1.034971
4.112121,1.034971
4.112431,1.034971
4.112741,1.034970
4.113051,1.034971
4.113360,1.034970
4.113670,1.034970
4.113980,1.034970
4.114290,1.034970
4.114600,1.034971
4.114910,1.034970
4.115220,1.034971
4.115530,1.034970
4.115840,1.034971
4.116150,1.034970
4.116460,1.034969
4.116770,1.034970
4.117080,1.034969
4.117389,1.034970
4.117699,1.034969
4.118009,1.034970
4.118319,1.034969
4.118629,1.034970
4.118939,1.034969
4.119249,1.034969
4.119559,1.034969
4.119869,1.034970
4.120179,1.034970
4.120489,1.034969
4.120799,1.034970
4.121109,1.034969
4.121419,1.034970
4.121728,1.034970
4.122038,1.034970
4.122348,1.034969
4.122658,1.034970
4.122968,1.034970
4.123278,1.034970
4.123588,1.034969
4.123898,1.034969
4.124208,1.034970
4.124518,1.034970
4.124828,1.034969
4.125138,1.034970
4.125448,1.034970
4.125758,1.034970
4.126067,1.034970
4.126377,1.034970
4.126687,1.034970
4.126997,1.034971
4.127307,1.034970
4.127617,1.034971
4.127927,1.034970
4.128237,1.034970
4.128547,1.034970
4.128857,1.034970
4.129167,1.034970
4.129477,1.034970
4.129787,1.034971
4.130097,1.034971
4.130406,1.034971
4.130716,1.034971
4.131026,1.034971
4.131336,1.034972
4.131646,1.034971
4.131956,1.034971
4.132266,1.034971
4.132576,1.034972
4.132886,1.034971
4.133196,1.034972
4.133506,1.034972
4.133816,1.034973
4.134126,1.034973
4.134435,1.034973
4.134745,1.034973
4.135055,1.034973
4.135365,1.034973
4.135675,1.034973
4.135985,1.034974
4.136295,1.034974
4.136605,1.034974
4.136915,1.034974
4.137225,1.034974
4.137535,1.034976
4.137845,1.034974
4.138155,1.034976
4.138465,1.034975
4.138774,1.034976
4.139084,1.034974
4.139394,1.034976
4.139704,1.034976
4.140014,1.034976
4.140324,1.034976
4.140634,1.034977
4.140944,1.034976
4.141254,1.034978
4.141564,1.034977
4.141874,1.034978
4.142184,1.034979
4.142494,1.034978
4.142804,1.034979
4.143113,1.034979
4.143423,1.034980
4.143733,1.034979
4.144043,1.034979
4.144353,1.034979
4.144663,1.034980
4.144973,1.034980
4.145283,1.034980
4.145593,1.034981
4.145903,1.034981
4.146213,1.034981
4.146523,1.034982
4.146833,1.034982
4.147142,1.034982
4.147452,1.034984
4.147762,1.034983
4.148072,1.034983
4.148382,1.034984
4.148692,1.034984
4.149002,1.034985
4.149312,1.034985
4.149622,1.034985
4.149932,1.034986
4.150242,1.034986
4.150552,1.034986
4.150862,1.034987
4.151172,1.034987
4.151481,1.034987
4.151791,1.034987
4.152101,1.034988
4.152411,1.034988
4.152721,1.034989
4.153031,1.034989
4.153341,1.034989
4.153651,1.034990
4.153961,1.034990
4.154271,1.034991
4.154581,1.034990
4.154891,1.034991
4.155201,1.034992
4.155511,1.034992
4.155820,1.034992
4.156130,1.034992
4.156440,1.034994
4.156750,1.034993
4.157060,1.034994
4.157370,1.034995
4.157680,1.034995
4.157990,1.034996
4.158300,1.034996
4.158610,1.034996
4.158920,1.034997
4.159230,1.034998
4.159540,1.034998
4.159849,1.034999
4.160159,1.034998
4.160469,1.034998
4.160779,1.034999
4.161089,1.035000
4.161399,1.035000
4.161709,1.035000
4.162019,1.035002
4.162329,1.035002
4.162639,1.035003
4.162949,1.035003
4.163259,1.035003
4.163569,1.035004
4.163879,1.035003
4.164188,1.035004
4.164498,1.035005
4.164808,1.035006
4.165118,1.035007
4.165428,1.035006
4.165738,1.035007
4.166048,1.035008
4.166358,1.035008
4.166668,1.035009
4.166978,1.035010
4.167288,1.035009
4.167598,1.035010
4.167908,1.035010
4.168218,1.035012
4.168527,1.035012
4.168837,1.035012
4.169147,1.035014
4.169457,1.035013
4.169767,1.035013
4.170077,1.035015
4.170387,1.035015
4.170697,1.035017
4.171007,1.035017
4.171317,1.035017
4.171627,1.035019
4.171937,1.035018
4.172247,1.035019
4.172557,1.035019
4.172866,1.035020
4.173176,1.035020
4.173486,1.035021
4.173796,1.035021
4.174106,1.035022
4.174416,1.035022
4.174726,1.035023
4.175036,1.035024
4.175346,1.035025
4.175656,1.035025
4.175966,1.035025
4.176276,1.035026
4.176586,1.035027
4.176895,1.035029
4.177205,1.035029
4.177515,1.035029
4.177825,1.035030
4.178135,1.035031
4.178445,1.035031
4.178755,1.035032
4.179065,1.035032
4.179375,1.035034
4.179685,1.035034
4.179995,1.035034
4.180305,1.035035
4.180615,1.035036
4.180925,1.035035
4.181234,1.035037
4.181544,1.035037
4.181854,1.035038
4.182164,1.035040
4.182474,1.035039
4.182784,1.035041
4.183094,1.035042
4.183404,1.035042
4.183714,1.035043
4.184024,1.035044
4.184334,1.035044
4.184644,1.035046
4.184954,1.035046
4.185264,1.035047
4.185573,1.035047
4.185883,1.035048
4.186193,1.035049
4.186503,1.035049
4.186813,1.035050
4.187123,1.035050
4.187433,1.035052
4.187743,1.035052
4.188053,1.035053
4.188363,1.035054
4.188673,1.035055
4.188983,1.035056
4.189293,1.035056
4.189602,1.035057
4.189912,1.035058
4.190222,1.035059
4.190532,1.035060
4.190842,1.035060
4.191152,1.035061
4.191462,1.035061
4.191772,1.035062
4.192082,1.035063
4.192392,1.035063
4.192702,1.035064
4.193012,1.035066
4.193322,1.035067
4.193632,1.035068
4.193941,1.035067
4.194251,1.035069
4.194561,1.035070
4.194871,1.035071
4.195181,1.035071
4.195491,1.035072
4.195801,1.035073
4.196111,1.035073
4.196421,1.035075
4.196731,1.035075
4.197041,1.035077
4.197351,1.035077
4.197661,1.035077
4.197971,1.035079
4.198280,1.035081
4.198590,1.035081
4.198900,1.035081
4.199210,1.035083
4.199520,1.035083
4.199830,1.035083
4.200140,1.035085
4.200450,1.035086
4.200760,1.035086
4.201070,1.035088
4.201380,1.035089
4.201690,1.035089
4.202000,1.035090
4.202309,1.035091
4.202619,1.035092
4.202929,1.035093
4.203239,1.035094
4.203549,1.035095
4.203859,1.035097
4.204169,1.035096
4.204479,1.035097
4.204789,1.035098
4.205099,1.035099
4.205409,1.035101
4.205719,1.035101
4.206029,1.035102
4.206339,1.035102
4.206648,1.035103
4.206958,1.035106
4.207268,1.035105
4.207578,1.035107
4.207888,1.035108
4.208198,1.035109
4.208508,1.035110
4.208818,1.035111
4.209128,1.035112
4.209438,1.035114
4.209748,1.035114
4.210058,1.035115
4.210368,1.035115
4.210678,1.035116
4.210987,1.035117
4.211297,1.035119
4.211607,1.035120
4.211917,1.035121
4.212227,1.035122
4.212537,1.035123
4.212847,1.035124
4.213157,1.035124
4.213467,1.035126
4.213777,1.035126
4.214087,1.035128
4.214397,1.035129
4.214707,1.035129
4.215017,1.035130
4.215326,1.035132
4.215636,1.035132
4.215946,1.035134
4.216256,1.035135
4.216566,1.035135
4.216876,1.035137
4.217186,1.035138
4.217496,1.035139
4.217806,1.035141
4.218116,1.035141
4.218426,1.035142
4.218736,1.035143
4.219046,1.035145
4.219355,1.035146
4.219665,1.035147
4.219975,1.035148
4.220285,1.035149
4.220595,1.035151
4.220905,1.035151
4.221215,1.035152
4.221525,1.035152
4.221835,1.035155
4.222145,1.035155
4.222455,1.035157
4.222765,1.035158
4.223075,1.035159
4.223385,1.035159
4.223694,1.035161
4.224004,1.035162
4.224314,1.035163
4.224624,1.035164
4.224934,1.035165
4.225244,1.035167
4.225554,1.035167
4.225864,1.035169
4.226174,1.035171
4.226484,1.035171
4.226794,1.035172
4.227104,1.035173
4.227414,1.035174
4.227724,1.035174
4.228033,1.035177
4.228343,1.035178
4.228653,1.035179
4.228963,1.035180
4.229273,1.035181
4.229583,1.035182
4.229893,1.035184
4.230203,1.035185
4.230513,1.035186
4.230823,1.035188
4.231133,1.035188
4.231443,1.035189
4.231753,1.035191
4.232062,1.035192
4.232372,1.035193
4.232682,1.035195
4.232992,1.035195
4.233302,1.035197
4.233612,1.035198
4.233922,1.035198
4.234232,1.035201
4.234542,1.035202
4.234852,1.035203
4.235162,1.035203
4.235472,1.035206
4.235782,1.035207
4.236092,1.035209
4.236401,1.035209
4.236711,1.035210
4.237021,1.035211
4.237331,1.035213
4.237641,1.035215
4.237951,1.035215
4.238261,1.035216
4.238571,1.035218
4.238881,1.035218
4.239191,1.035220
4.239501,1.035222
4.239811,1.035223
4.240121,1.035224
4.240431,1.035226
4.240740,1.035228
4.241050,1.035228
4.241360,1.035229
4.241670,1.035231
4.241980,1.035232
4.242290,1.035233
4.242600,1.035235
4.242910,1.035235
4.243220,1.035237
4.243530,1.035238
4.243840,1.035239
4.244150,1.035240
4.244460,1.035242
4.244769,1.035244
4.245079,1.035245
4.245389,1.035247
4.245699,1.035248
4.246009,1.035249
4.246319,1.035250
4.246629,1.035252
4.246939,1.035252
4.247249,1.035254
4.247559,1.035256
4.247869,1.035257
4.248179,1.035259
4.248489,1.035260
4.248799,1.035260
4.249108,1.035262
4.249418,1.035264
4.249728,1.035265
4.250038,1.035267
4.250348,1.035269
4.250658,1.035269
4.250968,1.035270
4.251278,1.035272
4.251588,1.035274
4.251898,1.035275
4.252208,1.035277
4.252518,1.035278
4.252828,1.035279
4.253138,1.035280
4.253447,1.035282
4.253757,1.035283
4.254067,1.035285
4.254377,1.035286
4.254687,1.035287
4.254997,1.035289
4.255307,1.035290
4.255617,1.035292
4.255927,1.035293
4.256237,1.035295
4.256547,1.035297
4.256857,1.035297
4.257167,1.035299
4.257476,1.035300
4.257786,1.035301
4.258096,1.035303
4.258406,1.035305
4.258716,1.035306
4.259026,1.035308
4.259336,1.035309
4.259646,1.035310
4.259956,1.035312
4.260266,1.035312
4.260576,1.035315
4.260886,1.035317
4.261196,1.035318
4.261506,1.035319
4.261815,1.035321
4.262125,1.035323
4.262435,1.035323
4.262745,1.035325
4.263055,1.035326
4.263365,1.035328
4.263675,1.035330
4.263985,1.035331
4.264295,1.035333
4.264605,1.035334
4.264915,1.035336
4.265225,1.035338
4.265535,1.035339
4.265845,1.035340
4.266154,1.035342
4.266464,1.035344
4.266774,1.035345
4.267084,1.035347
4.267394,1.035348
4.267704,1.035349
4.268014,1.035351
4.268324,1.035352
4.268634,1.035354
4.268944,1.035356
4.269254,1.035357
4.269564,1.035358
4.269874,1.035361
4.270184,1.035361
4.270493,1.035362
4.270803,1.035365
4.271113,1.035366
4.271423,1.035369
4.271733,1.035369
4.272043,1.035371
4.272353,1.035372
4.272663,1.035374
4.272973,1.035375
4.273283,1.035378
4.273593,1.035379
4.273903,1.035380
4.274213,1.035381
4.274522,1.035384
4.274832,1.035385
4.275142,1.035387
4.275452,1.035388
4.275762,1.035390
4.276072,1.035392
4.276382,1.035393
4.276692,1.035395
4.277002,1.035397
4.277312,1.035398
4.277622,1.035399
4.277932,1.035402
4.278242,1.035403
4.278552,1.035404
4.278861,1.035406
4.279171,1.035409
4.279481,1.035409
4.279791,1.035412
4.280101,1.035412
4.280411,1.035414
4.280721,1.035416
4.281031,1.035418
4.281341,1.035420
4.281651,1.035420
4.281961,1.035423
4.282271,1.035424
4.282581,1.035425
4.282891,1.035428
4.283200,1.035428
4.283510,1.035432
4.283820,1.035434
4.284130,1.035434
4.284440,1.035437
4.284750,1.035437
4.285060,1.035439
4.285370,1.035442
4.285680,1.035442
4.285990,1.035444
4.286300,1.035446
4.286610,1.035449
4.286920,1.035450
4.287229,1.035450
4.287539,1.035453
4.287849,1.035454
4.288159,1.035456
4.288469,1.035458
4.288779,1.035460
4.289089,1.035461
4.289399,1.035463
4.289709,1.035464
4.290019,1.035467
4.290329,1.035468
4.290639,1.035471
4.290949,1.035472
4.291259,1.035474
4.291568,1.035475
4.291878,1.035478
4.292188,1.035478
4.292498,1.035480
4.292808,1.035483
4.293118,1.035484
4.293428,1.035485
4.293738,1.035488
4.294048,1.035490
4.294358,1.035490
4.294668,1.035492
4.294978,1.035495
4.295288,1.035496
4.295598,1.035498
4.295907,1.035501
4.296217,1.035501
4.296527,1.035503
4.296837,1.035505
4.297147,1.035507
4.297457,1.035509
4.297767,1.035511
4.298077,1.035512
4.298387,1.035514
4.298697,1.035516
4.299007,1.035518
4.299317,1.035519
4.299627,1.035522
4.299936,1.035523
4.300246,1.035525
4.300556,1.035527
4.300866,1.035529
4.301176,1.035530
4.301486,1.035532
4.301796,1.035535
4.302106,1.035536
4.302416,1.035539
4.302726,1.035540
4.303036,1.035541
4.303346,1.035544
4.303656,1.035545
4.303966,1.035547
4.304275,1.035550
4.304585,1.035551
4.304895,1.035553
4.305205,1.035555
4.305515,1.035557
4.305825,1.035559
4.306135,1.035560
4.306445,1.035562
4.306755,1.035563
4.307065,1.035566
4.307375,1.035567
4.307685,1.035569
4.307995,1.035572
4.308305,1.035574
4.308614,1.035575
4.308924,1.035577
4.309234,1.035579
4.309544,1.035581
4.309854,1.035582
4.310164,1.035585
4.310474,1.035586
4.310784,1.035588
4.311094,1.035590
4.311404,1.035592
4.311714,1.035593
4.312024,1.035596
4.312334,1.035597
4.312644,1.035599
4.312953,1.035601
4.313263,1.035603
4.313573,1.035605
4.313883,1.035606
4.314193,1.035609
4.314503,1.035611
4.314813,1.035613
4.315123,1.035616
4.315433,1.035617
4.315743,1.035620
4.316053,1.035621
4.316363,1.035623
4.316673,1.035625
4.316982,1.035627
4.317292,1.035629
4.317602,1.035630
4.317912,1.035633
4.318222,1.035634
4.318532,1.035637
4.318842,1.035639
4.319152,1.035641
4.319462,1.035643
4.319772,1.035644
4.320082,1.035647
4.320392,1.035648
4.320702,1.035650
4.321012,1.035653
4.321321,1.035655
4.321631,1.035656
4.321941,1.035658
4.322251,1.035660
4.322561,1.035662
4.322871,1.035664
4.323181,1.035666
4.323491,1.035668
4.323801,1.035670
4.324111,1.035672
4.324421,1.035674
4.324731,1.035676
4.325041,1.035678
4.325351,1.035681
4.325660,1.035682
4.325970,1.035685
4.326280,1.035686
4.326590,1.035688
4.326900,1.035690
4.327210,1.035693
4.327520,1.035694
4.327830,1.035697
4.328140,1.035699
4.328450,1.035701
4.328760,1.035702
4.329070,1.035704
4.329380,1.035707
4.329689,1.035708
4.329999,1.035711
4.330309,1.035712
4.330619,1.035715
4.330929,1.035716
4.331239,1.035719
4.331549,1.035720
4.331859,1.035724
4.332169,1.035725
4.332479,1.035727
4.332789,1.035729
4.333099,1.035732
4.333409,1.035734
4.333719,1.035735
4.334028,1.035738
4.334338,1.035741
4.334648,1.035742
4.334958,1.035744
4.335268,1.035746
4.335578,1.035749
4.335888,1.035751
4.336198,1.035753
4.336508,1.035755
4.336818,1.035757
4.337128,1.035758
4.337438,1.035761
4.337748,1.035764
4.338058,1.035765
4.338367,1.035767
4.338677,1.035770
4.338987,1.035771
4.339297,1.035774
4.339607,1.035776
4.339917,1.035779
4.340227,1.035780
4.340537,1.035782
4.340847,1.035784
4.341157,1.035787
4.341467,1.035789
4.341777,1.035791
4.342087,1.035793
4.342396,1.035795
4.342706,1.035797
4.343016,1.035799
4.343326,1.035801
4.343636,1.035804
4.343946,1.035806
4.344256,1.035808
4.344566,1.035809
4.344876,1.035812
4.345186,1.035814
4.345496,1.035816
4.345806,1.035819
4.346116,1.035821
4.346426,1.035823
4.346735,1.035825
4.347045,1.035828
4.347355,1.035830
4.347665,1.035832
4.347975,1.035834
4.348285,1.035836
4.348595,1.035839
4.348905,1.035840
4.349215,1.035843
4.349525,1.035844
4.349835,1.035847
4.350145,1.035849
4.350455,1.035851
4.350765,1.035854
4.351074,1.035856
4.351384,1.035858
4.351694,1.035861
4.352004,1.035863
4.352314,1.035864
4.352624,1.035867
4.352934,1.035869
4.353244,1.035872
4.353554,1.035873
4.353864,1.035876
4.354174,1.035877
4.354484,1.035881
4.354794,1.035884
4.355104,1.035884
4.355413,1.035888
4.355723,1.035889
4.356033,1.035892
4.356343,1.035895
4.356653,1.035896
4.356963,1.035899
4.357273,1.035901
4.357583,1.035902
4.357893,1.035905
4.358203,1.035908
4.358513,1.035910
4.358823,1.035912
4.359133,1.035915
4.359442,1.035916
4.359752,1.035919
4.360062,1.035923
4.360372,1.035923
4.360682,1.035926
4.360992,1.035928
4.361302,1.035931
4.361612,1.035932
4.361922,1.035935
4.362232,1.035937
4.362542,1.035939
4.362852,1.035941
4.363162,1.035944
4.363472,1.035947
4.363781,1.035949
4.364091,1.035951
4.364401,1.035954
4.364711,1.035956
4.365021,1.035958
4.365331,1.035959
4.365641,1.035962
4.365951,1.035966
4.366261,1.035967
4.366571,1.035969
4.366881,1.035973
4.367191,1.035975
4.367501,1.035977
4.367811,1.035980
4.368120,1.035982
4.368430,1.035983
4.368740,1.035988
4.369050,1.035988
4.369360,1.035990
4.369670,1.035994
4.369980,1.035995
4.370290,1.035997
4.370600,1.036000
4.370910,1.036002
4.371220,1.036005
4.371530,1.036007
4.371840,1.036010
4.372149,1.036013
4.372459,1.036014
4.372769,1.036017
4.373079,1.036020
4.373389,1.036021
4.373699,1.036024
4.374009,1.036027
4.374319,1.036029
4.374629,1.036032
4.374939,1.036033
4.375249,1.036035
4.375559,1.036038
4.375869,1.036041
4.376179,1.036044
4.376488,1.036045
4.376798,1.036047
4.377108,1.036050
4.377418,1.036053
4.377728,1.036055
4.378038,1.036058
4.378348,1.036060
4.378658,1.036062
4.378968,1.036064
4.379278,1.036067
4.379588,1.036070
4.379898,1.036072
4.380208,1.036075
4.380518,1.036077
4.380827,1.036079
4.381137,1.036082
4.381447,1.036084
4.381757,1.036087
4.382067,1.036089
4.382377,1.036091
4.382687,1.036094
4.382997,1.036096
4.383307,1.036100
4.383617,1.036102
4.383927,1.036104
4.384237,1.036107
4.384547,1.036108
4.384856,1.036112
4.385166,1.036114
4.385476,1.036116
4.385786,1.036118
4.386096,1.036121
4.386406,1.036123
4.386716,1.036127
4.387026,1.036129
4.387336,1.036131
4.387646,1.036134
4.387956,1.036136
4.388266,1.036138
4.388576,1.036141
4.388886,1.036144
4.389195,1.036146
4.389505,1.036149
4.389815,1.036151
4.390125,1.036153
4.390435,1.036155
4.390745,1.036159
4.391055,1.036161
4.391365,1.036164
4.391675,1.036166
4.391985,1.036168
4.392295,1.036170
4.392605,1.036174
4.392915,1.036176
4.393225,1.036178
4.393534,1.036181
4.393844,1.036184
4.394154,1.036186
4.394464,1.036188
4.394774,1.036191
4.395084,1.036194
4.395394,1.036197
4.395704,1.036199
4.396014,1.036201
4.396324,1.036203
4.396634,1.036207
4.396944,1.036209
4.397254,1.036211
4.397564,1.036214
4.397873,1.036217
4.398183,1.036220
4.398493,1.036222
4.398803,1.036224
4.399113,1.036228
4.399423,1.036229
4.399733,1.036232
4.400043,1.036234
4.400353,1.036237
4.400663,1.036240
4.400973,1.036242
4.401283,1.036244
4.401593,1.036248
4.401902,1.036250
4.402212,1.036253
4.402522,1.036255
4.402832,1.036257
4.403142,1.036261
4.403452,1.036263
4.403762,1.036266
4.404072,1.036268
4.404382,1.036271
4.404692,1.036273
4.405002,1.036275
4.405312,1.036278
4.405622,1.036281
4.405932,1.036283
4.406241,1.036286
4.406551,1.036288
4.406861,1.036292
4.407171,1.036295
4.407481,1.036296
4.407791,1.036299
4.408101,1.036302
4.408411,1.036305
4.408721,1.036306
4.409031,1.036310
4.409341,1.036314
4.409651,1.036315
4.409961,1.036318
4.410271,1.036320
4.410580,1.036323
4.410890,1.036325
4.411200,1.036329
4.411510,1.036330
4.411820,1.036334
4.412130,1.036335
4.412440,1.036339
4.412750,1.036341
4.413060,1.036344
4.413370,1.036347
4.413680,1.036349
4.413990,1.036353
4.414300,1.036354
4.414609,1.036357
4.414919,1.036361
4.415229,1.036362
4.415539,1.036366
4.415849,1.036368
4.416159,1.036372
4.416469,1.036373
4.416779,1.036375
4.417089,1.036379
4.417399,1.036382
4.417709,1.036385
4.418019,1.036387
4.418329,1.036390
4.418639,1.036392
4.418948,1.036394
4.419258,1.036397
4.419568,1.036399
4.419878,1.036403
4.420188,1.036405
4.420498,1.036408
4.420808,1.036410
4.421118,1.036414
4.421428,1.036416
4.421738,1.036418
4.422048,1.036421
4.422358,1.036425
4.422668,1.036427
4.422978,1.036430
4.423287,1.036432
4.423597,1.036435
4.423907,1.036438
4.424217,1.036441
4.424527,1.036444
4.424837,1.036447
4.425147,1.036449
4.425457,1.036453
4.425767,1.036454
4.426077,1.036458
4.426387,1.036460
4.426697,1.036463
4.427007,1.036465
4.427316,1.036468
4.427626,1.036471
4.427936,1.036473
4.428246,1.036476
4.428556,1.036479
4.428866,1.036483
4.429176,1.036484
4.429486,1.036488
4.429796,1.036490
4.430106,1.036493
4.430416,1.036495
4.430726,1.036498
4.431036,1.036502
4.431346,1.036503
4.431655,1.036507
4.431965,1.036509
4.432275,1.036512
4.432585,1.036514
4.432895,1.036518
4.433205,1.036520
4.433515,1.036523
4.433825,1.036527
4.434135,1.036529
4.434445,1.036532
4.434755,1.036535
4.435065,1.036537
4.435375,1.036541
4.435685,1.036543
4.435994,1.036546
4.436304,1.036549
4.436614,1.036552
4.436924,1.036554
4.437234,1.036556
4.437544,1.036559
4.437854,1.036562
4.438164,1.036565
4.438474,1.036569
4.438784,1.036571
4.439094,1.036573
4.439404,1.036577
4.439714,1.036579
4.440024,1.036583
4.440333,1.036584
4.440643,1.036588
4.440953,1.036591
4.441263,1.036594
4.441573,1.036596
4.441883,1.036600
4.442193,1.036602
4.442503,1.036605
4.442813,1.036608
4.443123,1.036610
4.443433,1.036613
4.443743,1.036615
4.444053,1.036619
4.444362,1.036622
4.444672,1.036625
4.444982,1.036628
4.445292,1.036630
4.445602,1.036634
4.445912,1.036636
4.446222,1.036640
4.446532,1.036642
4.446842,1.036645
4.447152,1.036648
4.447462,1.036651
4.447772,1.036654
4.448082,1.036656
4.448392,1.036659
4.448701,1.036663
4.449011,1.036665
4.449321,1.036668
4.449631,1.036672
4.449941,1.036673
4.450251,1.036676
4.450561,1.036680
4.450871,1.036682
4.451181,1.036686
4.451491,1.036688
4.451801,1.036691
4.452111,1.036694
4.452421,1.036697
4.452731,1.036700
4.453040,1.036702
4.453350,1.036705
4.453660,1.036709
4.453970,1.036711
4.454280,1.036715
4.454590,1.036717
4.454900,1.036720
4.455210,1.036722
4.455520,1.036726
4.455830,1.036728
4.456140,1.036731
4.456450,1.036735
4.456760,1.036738
4.457069,1.036740
4.457379,1.036744
4.457689,1.036746
4.457999,1.036750
4.458309,1.036752
4.458619,1.036756
4.458929,1.036758
4.459239,1.036762
4.459549,1.036764
4.459859,1.036767
4.460169,1.036769
4.460479,1.036773
4.460789,1.036776
4.461099,1.036778
4.461408,1.036781
4.461718,1.036785
4.462028,1.036787
4.462338,1.036791
4.462648,1.036793
4.462958,1.036796
4.463268,1.036799
4.463578,1.036802
4.463888,1.036805
4.464198,1.036808
4.464508,1.036811
4.464818,1.036814
4.465128,1.036817
4.465438,1.036820
4.465747,1.036824
4.466057,1.036826
4.466367,1.036829
4.466677,1.036832
4.466987,1.036835
4.467297,1.036839
4.467607,1.036841
4.467917,1.036844
4.468227,1.036847
4.468537,1.036851
4.468847,1.036853
4.469157,1.036856
4.469467,1.036859
4.469776,1.036862
4.470086,1.036865
4.470396,1.036868
4.470706,1.036871
4.471016,1.036874
4.471326,1.036877
4.471636,1.036880
4.471946,1.036883
4.472256,1.036885
4.472566,1.036889
4.472876,1.036892
4.473186,1.036895
4.473496,1.036898
4.473806,1.036902
4.474115,1.036904
4.474425,1.036907
4.474735,1.036910
4.475045,1.036913
4.475355,1.036916
4.475665,1.036920
4.475975,1.036922
4.476285,1.036925
4.476595,1.036928
4.476905,1.036931
4.477215,1.036934
4.477525,1.036937
4.477835,1.036940
4.478145,1.036944
4.478454,1.036946
4.478764,1.036950
4.479074,1.036952
4.479384,1.036955
4.479694,1.036959
4.480004,1.036962
4.480314,1.036965
4.480624,1.036967
4.480934,1.036971
4.481244,1.036974
4.481554,1.036977
4.481864,1.036980
4.482174,1.036982
4.482483,1.036986
4.482793,1.036989
4.483103,1.036992
4.483413,1.036995
4.483723,1.036998
4.484033,1.037001
4.484343,1.037005
4.484653,1.037008
4.484963,1.037012
4.485273,1.037015
4.485583,1.037017
4.485893,1.037020
4.486203,1.037023
4.486513,1.037026
4.486822,1.037030
4.487132,1.037032
4.487442,1.037035
4.487752,1.037038
4.488062,1.037042
4.488372,1.037045
4.488682,1.037048
4.488992,1.037051
4.489302,1.037055
4.489612,1.037057
4.489922,1.037060
4.490232,1.037064
4.490542,1.037067
4.490852,1.037070
4.491161,1.037073
4.491471,1.037077
4.491781,1.037080
4.492091,1.037082
4.492401,1.037085
4.492711,1.037089
4.493021,1.037092
4.493331,1.037095
4.493641,1.037098
4.493951,1.037100
4.494261,1.037104
4.494571,1.037107
4.494881,1.037111
4.495191,1.037113
4.495500,1.037118
4.495810,1.037119
4.496120,1.037123
4.496430,1.037126
4.496740,1.037130
4.497050,1.037133
4.497360,1.037135
4.497670,1.037140
4.497980,1.037143
4.498290,1.037144
4.498600,1.037148
4.498910,1.037152
4.499220,1.037154
4.499529,1.037158
4.499839,1.037161
4.500149,1.037164
4.500459,1.037166
4.500769,1.037171
4.501079,1.037173
4.501389,1.037177
4.501699,1.037180
4.502009,1.037183
4.502319,1.037186
4.502629,1.037189
4.502939,1.037192
4.503249,1.037196
4.503559,1.037198
4.503868,1.037203
4.504178,1.037206
4.504488,1.037209
4.504798,1.037212
4.505108,1.037215
4.505418,1.037219
4.505728,1.037221
4.506038,1.037224
4.506348,1.037228
4.506658,1.037231
4.506968,1.037234
4.507278,1.037238
4.507588,1.037240
4.507898,1.037244
4.508207,1.037246
4.508517,1.037250
4.508827,1.037254
4.509137,1.037257
4.509447,1.037261
4.509757,1.037263
4.510067,1.037267
4.510377,1.037270
4.510687,1.037272
4.510997,1.037275
4.511307,1.037279
4.511617,1.037283
4.511927,1.037285
4.512236,1.037290
4.512546,1.037293
4.512856,1.037295
4.513166,1.037298
4.513476,1.037302
4.513786,1.037305
4.514096,1.037308
4.514406,1.037312
4.514716,1.037315
4.515026,1.037318
4.515336,1.037321
4.515646,1.037325
4.515956,1.037328
4.516266,1.037332
4.516575,1.037334
4.516885,1.037338
4.517195,1.037341
4.517505,1.037344
4.517815,1.037348
4.518125,1.037350
4.518435,1.037354
4.518745,1.037356
4.519055,1.037361
4.519365,1.037364
4.519675,1.037367
4.519985,1.037370
4.520295,1.037373
4.520605,1.037377
4.520914,1.037380
4.521224,1.037383
4.521534,1.037387
4.521844,1.037389
4.522154,1.037393
4.522464,1.037396
4.522774,1.037399
4.523084,1.037403
4.523394,1.037406
4.523704,1.037409
4.524014,1.037413
4.524324,1.037417
4.524634,1.037420
4.524943,1.037423
4.525253,1.037426
4.525563,1.037429
4.525873,1.037433
4.526183,1.037436
4.526493,1.037439
4.526803,1.037442
4.527113,1.037446
4.527423,1.037449
4.527733,1.037453
4.528043,1.037455
4.528353,1.037459
4.528663,1.037462
4.528973,1.037466
4.529282,1.037468
4.529592,1.037472
4.529902,1.037475
4.530212,1.037479
4.530522,1.037483
4.530832,1.037486
4.531142,1.037489
4.531452,1.037492
4.531762,1.037495
4.532072,1.037498
4.532382,1.037502
4.532692,1.037505
4.533002,1.037509
4.533312,1.037512
4.533621,1.037515
4.533931,1.037520
4.534241,1.037522
4.534551,1.037526
4.534861,1.037529
4.535171,1.037532
4.535481,1.037536
4.535791,1.037539
4.536101,1.037543
4.536411,1.037546
4.536721,1.037549
4.537031,1.037554
4.537341,1.037555
4.537651,1.037560
4.537960,1.037562
4.538270,1.037567
4.538580,1.037569
4.538890,1.037572
4.539200,1.037576
4.539510,1.037580
4.539820,1.037582
4.540130,1.037586
4.540440,1.037590
4.540750,1.037592
4.541060,1.037596
4.541370,1.037599
4.541680,1.037603
4.541989,1.037606
4.542299,1.037609
4.542609,1.037613
4.542919,1.037617
4.543229,1.037619
4.543539,1.037624
4.543849,1.037626
4.544159,1.037630
4.544469,1.037633
4.544779,1.037636
4.545089,1.037640
4.545399,1.037643
4.545709,1.037647
4.546019,1.037650
4.546328,1.037653
4.546638,1.037656
4.546948,1.037660
4.547258,1.037663
4.547568,1.037667
4.547878,1.037671
4.548188,1.037674
4.548498,1.037677
4.548808,1.037682
4.549118,1.037685
4.549428,1.037687
4.549738,1.037692
4.550048,1.037695
4.550358,1.037699
4.550667,1.037701
4.550977,1.037705
4.551287,1.037709
4.551597,1.037712
4.551907,1.037717
4.552217,1.037718
4.552527,1.037721
4.552837,1.037726
4.553147,1.037729
4.553457,1.037732
4.553767,1.037735
4.554077,1.037739
4.554387,1.037743
4.554696,1.037746
4.555006,1.037751
4.555316,1.037753
4.555626,1.037756
4.555936,1.037760
4.556246,1.037764
4.556556,1.037766
4.556866,1.037770
4.557176,1.037773
4.557486,1.037778
4.557796,1.037781
4.558106,1.037783
4.558416,1.037788
4.558726,1.037790
4.559035,1.037795
4.559345,1.037799
4.559655,1.037801
4.559965,1.037805
4.560275,1.037807
4.560585,1.037811
4.560895,1.037815
4.561205,1.037819
4.561515,1.037822
4.561825,1.037825
4.562135,1.037829
4.562445,1.037832
4.562755,1.037835
4.563065,1.037839
4.563374,1.037843
4.563684,1.037846
4.563994,1.037850
4.564304,1.037853
4.564614,1.037857
4.564924,1.037859
4.565234,1.037863
4.565544,1.037867
4.565854,1.037871
4.566164,1.037874
4.566474,1.037877
4.566784,1.037881
4.567094,1.037884
4.567403,1.037888
4.567713,1.037891
4.568023,1.037895
4.568333,1.037899
4.568643,1.037902
4.568953,1.037906
4.569263,1.037908
4.569573,1.037912
4.569883,1.037916
4.570193,1.037920
4.570503,1.037923
4.570813,1.037928
4.571123,1.037930
4.571433,1.037934
4.571742,1.037937
4.572052,1.037941
4.572362,1.037943
4.572672,1.037948
4.572982,1.037951
4.573292,1.037954
4.573602,1.037958
4.573912,1.037962
4.574222,1.037966
4.574532,1.037969
4.574842,1.037974
4.575152,1.037976
4.575462,1.037980
4.575772,1.037983
4.576081,1.037986
4.576391,1.037990
4.576701,1.037994
4.577011,1.037997
4.577321,1.038001
4.577631,1.038004
4.577941,1.038007
4.578251,1.038011
4.578561,1.038015
4.578871,1.038018
4.579181,1.038023
4.579491,1.038026
4.579801,1.038028
4.580111,1.038033
4.580420,1.038036
4.580730,1.038039
4.581040,1.038043
4.581350,1.038047
4.581660,1.038050
4.581970,1.038054
4.582280,1.038057
4.582590,1.038061
4.582900,1.038064
4.583210,1.038069
4.583520,1.038072
4.583830,1.038075
4.584140,1.038079
4.584449,1.038083
4.584759,1.038086
4.585069,1.038089
4.585379,1.038093
4.585689,1.038096
4.585999,1.038100
4.586309,1.038103
4.586619,1.038108
4.586929,1.038110
4.587239,1.038115
4.587549,1.038118
4.587859,1.038123
4.588169,1.038126
4.588479,1.038129
4.588788,1.038133
4.589098,1.038136
4.589408,1.038139
4.589718,1.038143
4.590028,1.038147
4.590338,1.038150
4.590648,1.038155
4.590958,1.038158
4.591268,1.038161
4.591578,1.038164
4.591888,1.038168
4.592198,1.038172
4.592508,1.038175
4.592818,1.038179
4.593127,1.038183
4.593437,1.038186
4.593747,1.038189
4.594057,1.038193
4.594367,1.038198
4.594677,1.038201
4.594987,1.038205
4.595297,1.038209
4.595607,1.038212
4.595917,1.038215
4.596227,1.038219
4.596537,1.038223
4.596847,1.038227
4.597156,1.038230
4.597466,1.038233
4.597776,1.038237
4.598086,1.038241
4.598396,1.038243
4.598706,1.038248
4.599016,1.038251
4.599326,1.038256
4.599636,1.038259
4.599946,1.038263
4.600256,1.038266
4.600566,1.038269
4.600876,1.038274
4.601186,1.038277
4.601495,1.038281
4.601805,1.038285
4.602115,1.038288
4.602425,1.038292
4.602735,1.038296
4.603045,1.038299
4.603355,1.038303
4.603665,1.038306
4.603975,1.038310
4.604285,1.038315
4.604595,1.038318
4.604905,1.038321
4.605215,1.038324
4.605525,1.038328
4.605834,1.038332
4.606144,1.038335
4.606454,1.038340
4.606764,1.038343
4.607074,1.038346
4.607384,1.038351
4.607694,1.038353
4.608004,1.038358
4.608314,1.038362
4.608624,1.038366
4.608934,1.038368
4.609244,1.038372
4.609554,1.038376
4.609863,1.038379
4.610173,1.038384
4.610483,1.038387
4.610793,1.038391
4.611103,1.038394
4.611413,1.038398
4.611723,1.038401
4.612033,1.038406
4.612343,1.038409
4.612653,1.038412
4.612963,1.038416
4.613273,1.038421
4.613583,1.038424
4.613893,1.038428
4.614202,1.038431
4.614512,1.038434
4.614822,1.038438
4.615132,1.038442
4.615442,1.038445
4.615752,1.038449
4.616062,1.038454
4.616372,1.038458
4.616682,1.038461
4.616992,1.038465
4.617302,1.038468
4.617612,1.038472
4.617922,1.038476
4.618232,1.038479
4.618541,1.038483
4.618851,1.038487
4.619161,1.038491
4.619471,1.038494
4.619781,1.038498
4.620091,1.038502
4.620401,1.038505
4.620711,1.038508
4.621021,1.038513
4.621331,1.038517
4.621641,1.038520
4.621951,1.038523
4.622261,1.038528
4.622571,1.038531
4.622880,1.038533
4.623190,1.038539
4.623500,1.038543
4.623810,1.038546
4.624120,1.038550
4.624430,1.038553
4.624740,1.038558
4.625050,1.038562
4.625360,1.038565
4.625670,1.038568
4.625980,1.038573
4.626290,1.038575
4.626600,1.038580
4.626909,1.038584
4.627219,1.038588
4.627529,1.038591
4.627839,1.038594
4.628149,1.038599
4.628459,1.038602
4.628769,1.038606
4.629079,1.038610
4.629389,1.038613
4.629699,1.038618
4.630009,1.038621
4.630319,1.038625
4.630629,1.038628
4.630939,1.038632
4.631248,1.038636
4.631558,1.038641
4.631868,1.038644
4.632178,1.038647
4.632488,1.038651
4.632798,1.038654
4.633108,1.038658
4.633418,1.038662
4.633728,1.038667
4.634038,1.038669
4.634348,1.038674
4.634658,1.038677
4.634968,1.038681
4.635278,1.038686
4.635587,1.038689
4.635897,1.038691
4.636207,1.038696
4.636517,1.038700
4.636827,1.038704
4.637137,1.038706
4.637447,1.038711
4.637757,1.038715
4.638067,1.038719
4.638377,1.038724
4.638687,1.038726
4.638997,1.038731
4.639307,1.038734
4.639616,1.038738
4.639926,1.038741
4.640236,1.038746
4.640546,1.038749
4.640856,1.038753
4.641166,1.038756
4.641476,1.038761
4.641786,1.038765
4.642096,1.038767
4.642406,1.038772
4.642716,1.038775
4.643026,1.038780
4.643336,1.038783
4.643646,1.038788
4.643955,1.038791
4.644265,1.038796
4.644575,1.038799
4.644885,1.038803
4.645195,1.038806
4.645505,1.038810
4.645815,1.038814
4.646125,1.038818
4.646435,1.038821
4.646745,1.038825
4.647055,1.038829
4.647365,1.038833
4.647675,1.038836
4.647985,1.038841
4.648294,1.038845
4.648604,1.038847
4.648914,1.038852
4.649224,1.038855
4.649534,1.038860
4.649844,1.038864
4.650154,1.038868
4.650464,1.038872
4.650774,1.038875
4.651084,1.038879
4.651394,1.038882
4.651704,1.038886
4.652014,1.038890
4.652323,1.038894
4.652633,1.038898
4.652943,1.038901
4.653253,1.038906
4.653563,1.038910
4.653873,1.038912
4.654183,1.038917
4.654493,1.038921
4.654803,1.038924
4.655113,1.038929
4.655423,1.038932
4.655733,1.038937
4.656043,1.038940
4.656353,1.038944
4.656662,1.038948
4.656972,1.038951
4.657282,1.038955
4.657592,1.038959
4.657902,1.038962
4.658212,1.038968
4.658522,1.038971
4.658832,1.038974
4.659142,1.038978
4.659452,1.038983
4.659762,1.038987
4.660072,1.038990
4.660382,1.038995
4.660692,1.038997
4.661001,1.039002
4.661311,1.039006
4.661621,1.039010
4.661931,1.039015
4.662241,1.039017
4.662551,1.039021
4.662861,1.039024
4.663171,1.039028
4.663481,1.039033
4.663791,1.039036
4.664101,1.039040
4.664411,1.039045
4.664721,1.039048
4.665031,1.039052
4.665340,1.039056
4.665650,1.039060
4.665960,1.039063
4.666270,1.039067
4.666580,1.039071
4.666890,1.039075
4.667200,1.039079
4.667510,1.039083
4.667820,1.039088
4.668130,1.039091
4.668440,1.039095
4.668750,1.039099
4.669060,1.039103
4.669369,1.039107
4.669679,1.039112
4.669989,1.039113
4.670299,1.039119
4.670609,1.039122
4.670919,1.039125
4.671229,1.039130
4.671539,1.039134
4.671849,1.039138
4.672159,1.039141
4.672469,1.039144
4.672779,1.039150
4.673089,1.039153
4.673399,1.039157
4.673708,1.039161
4.674018,1.039165
4.674328,1.039168
4.674638,1.039173
4.674948,1.039177
4.675258,1.039180
4.675568,1.039184
4.675878,1.039189
4.676188,1.039193
4.676498,1.039196
4.676808,1.039200
4.677118,1.039204
4.677428,1.039208
4.677738,1.039211
4.678047,1.039216
4.678357,1.039220
4.678667,1.039224
4.678977,1.039227
4.679287,1.039232
4.679597,1.039236
4.679907,1.039239
4.680217,1.039243
4.680527,1.039247
4.680837,1.039252
4.681147,1.039255
4.681457,1.039259
4.681767,1.039264
4.682076,1.039266
4.682386,1.039271
4.682696,1.039275
4.683006,1.039279
4.683316,1.039283
4.683626,1.039286
4.683936,1.039290
4.684246,1.039295
4.684556,1.039299
4.684866,1.039302
4.685176,1.039307
4.685486,1.039310
4.685796,1.039316
4.686106,1.039319
4.686415,1.039322
4.686725,1.039326
4.687035,1.039330
4.687345,1.039335
4.687655,1.039338
4.687965,1.039342
4.688275,1.039346
4.688585,1.039350
4.688895,1.039354
4.689205,1.039357
4.689515,1.039361
4.689825,1.039365
4.690135,1.039370
4.690445,1.039373
4.690754,1.039378
4.691064,1.039381
4.691374,1.039384
4.691684,1.039390
4.691994,1.039393
4.692304,1.039397
4.692614,1.039402
4.692924,1.039406
4.693234,1.039408
4.693544,1.039413
4.693854,1.039418
4.694164,1.039420
4.694474,1.039425
4.694783,1.039429
4.695093,1.039433
4.695403,1.039437
4.695713,1.039441
4.696023,1.039446
4.696333,1.039449
4.696643,1.039454
4.696953,1.039457
4.697263,1.039461
4.697573,1.039465
4.697883,1.039469
4.698193,1.039473
4.698503,1.039477
4.698813,1.039481
4.699122,1.039485
4.699432,1.039489
4.699742,1.039493
4.700052,1.039497
4.700362,1.039501
4.700672,1.039505
4.700982,1.039509
4.701292,1.039513
4.701602,1.039518
4.701912,1.039521
4.702222,1.039525
4.702532,1.039529
4.702842,1.039533
4.703152,1.039536
4.703461,1.039540
4.703771,1.039544
4.704081,1.039549
4.704391,1.039553
4.704701,1.039557
4.705011,1.039561
4.705321,1.039566
4.705631,1.039569
4.705941,1.039573
4.706251,1.039577
4.706561,1.039581
4.706871,1.039585
4.707181,1.039588
4.707490,1.039593
4.707800,1.039597
4.708110,1.039601
4.708420,1.039605
4.708730,1.039608
4.709040,1.039613
4.709350,1.039616
4.709660,1.039621
4.709970,1.039626
4.710280,1.039629
4.710590,1.039633
4.710900,1.039637
4.711210,1.039641
4.711520,1.039645
4.711829,1.039649
4.712139,1.039653
4.712449,1.039657
4.712759,1.039661
4.713069,1.039665
4.713379,1.039669
4.713689,1.039674
4.713999,1.039678
4.714309,1.039682
4.714619,1.039685
4.714929,1.039690
4.715239,1.039695
4.715549,1.039698
4.715859,1.039702
4.716168,1.039705
4.716478,1.039710
4.716788,1.039714
4.717098,1.039719
4.717408,1.039722
4.717718,1.039726
4.718028,1.039729
4.718338,1.039734
4.718648,1.039737
4.718958,1.039743
4.719268,1.039746
4.719578,1.039750
4.719888,1.039754
4.720198,1.039758
4.720507,1.039762
4.720817,1.039766
4.721127,1.039771
4.721437,1.039775
4.721747,1.039778
4.722057,1.039782
4.722367,1.039787
4.722677,1.039791
4.722987,1.039795
4.723297,1.039800
4.723607,1.039803
4.723917,1.039807
4.724227,1.039812
4.724536,1.039815
4.724846,1.039820
4.725156,1.039823
4.725466,1.039828
4.725776,1.039831
4.726086,1.039836
4.726396,1.039840
4.726706,1.039843
4.727016,1.039848
4.727326,1.039851
4.727636,1.039856
4.727946,1.039860
4.728256,1.039863
4.728566,1.039869
4.728875,1.039872
4.729185,1.039876
4.729495,1.039881
4.729805,1.039885
4.730115,1.039889
4.730425,1.039892
4.730735,1.039897
4.731045,1.039900
4.731355,1.039905
4.731665,1.039909
4.731975,1.039913
4.732285,1.039917
4.732595,1.039921
4.732905,1.039925
4.733214,1.039929
4.733524,1.039933
4.733834,1.039937
4.734144,1.039941
4.734454,1.039945
4.734764,1.039951
4.735074,1.039954
4.735384,1.039958
4.735694,1.039962
4.736004,1.039966
4.736314,1.039970
4.736624,1.039974
4.736934,1.039979
4.737243,1.039983
4.737553,1.039987
4.737863,1.039991
4.738173,1.039995
4.738483,1.039998
4.738793,1.040003
4.739103,1.040007
4.739413,1.040011
4.739723,1.040016
4.740033,1.040019
4.740343,1.040023
4.740653,1.040028
4.740963,1.040031
4.741273,1.040036
4.741582,1.040039
4.741892,1.040044
4.742202,1.040048
4.742512,1.040053
4.742822,1.040056
4.743132,1.040061
4.743442,1.040064
4.743752,1.040068
4.744062,1.040073
4.744372,1.040078
4.744682,1.040081
4.744992,1.040085
4.745302,1.040089
4.745612,1.040094
4.745921,1.040097
4.746231,1.040102
4.746541,1.040106
4.746851,1.040111
4.747161,1.040114
4.747471,1.040118
4.747781,1.040121
4.748091,1.040126
4.748401,1.040130
4.748711,1.040135
4.749021,1.040138
4.749331,1.040143
4.749641,1.040147
4.749950,1.040151
4.750260,1.040155
4.750570,1.040160
4.750880,1.040163
4.751190,1.040169
4.751500,1.040171
4.751810,1.040176
4.752120,1.040180
4.752430,1.040184
4.752740,1.040189
4.753050,1.040192
4.753360,1.040196
4.753670,1.040201
4.753980,1.040206
4.754289,1.040209
4.754599,1.040214
4.754909,1.040218
4.755219,1.040221
4.755529,1.040226
4.755839,1.040229
4.756149,1.040234
4.756459,1.040237
4.756769,1.040243
4.757079,1.040247
4.757389,1.040250
4.757699,1.040254
4.758009,1.040258
4.758319,1.040263
4.758628,1.040267
4.758938,1.040271
4.759248,1.040275
4.759558,1.040280
4.759868,1.040284
4.760178,1.040287
4.760488,1.040292
4.760798,1.040296
4.761108,1.040300
4.761418,1.040305
4.761728,1.040308
4.762038,1.040313
4.762348,1.040317
4.762658,1.040321
4.762967,1.040324
4.763277,1.040328
4.763587,1.040334
4.763897,1.040337
4.764207,1.040342
4.764517,1.040345
4.764827,1.040349
4.765137,1.040355
4.765447,1.040358
4.765757,1.040363
4.766067,1.040367
4.766377,1.040372
4.766687,1.040375
4.766996,1.040379
4.767306,1.040384
4.767616,1.040388
4.767926,1.040392
4.768236,1.040396
4.768546,1.040400
4.768856,1.040404
4.769166,1.040409
4.769476,1.040413
4.769786,1.040417
4.770096,1.040421
4.770406,1.040425
4.770716,1.040429
4.771026,1.040434
4.771335,1.040438
4.771645,1.040442
4.771955,1.040446
4.772265,1.040451
4.772575,1.040455
4.772885,1.040459
4.773195,1.040463
4.773505,1.040468
4.773815,1.040472
4.774125,1.040476
4.774435,1.040480
4.774745,1.040484
4.775055,1.040489
4.775365,1.040492
4.775674,1.040496
4.775984,1.040501
4.776294,1.040504
4.776604,1.040510
4.776914,1.040513
4.777224,1.040518
4.777534,1.040522
4.777844,1.040526
4.778154,1.040530
4.778464,1.040534
4.778774,1.040539
4.779084,1.040544
4.779394,1.040548
4.779703,1.040552
4.780013,1.040556
4.780323,1.040560
4.780633,1.040564
4.780943,1.040567
4.781253,1.040573
4.781563,1.040577
4.781873,1.040580
4.782183,1.040585
4.782493,1.040589
4.782803,1.040594
4.783113,1.040598
4.783423,1.040602
4.783733,1.040605
4.784042,1.040610
4.784352,1.040615
4.784662,1.040618
4.784972,1.040623
4.785282,1.040628
4.785592,1.040632
4.785902,1.040636
4.786212,1.040640
4.786522,1.040643
4.786832,1.040648
4.787142,1.040653
4.787452,1.040657
4.787762,1.040660
4.788072,1.040665
4.788381,1.040669
4.788691,1.040674
4.789001,1.040678
4.789311,1.040682
4.789621,1.040685
4.789931,1.040691
4.790241,1.040694
4.790551,1.040699
4.790861,1.040703
4.791171,1.040707
4.791481,1.040711
4.791791,1.040715
4.792101,1.040720
4.792410,1.040724
4.792720,1.040729
4.793030,1.040732
4.793340,1.040736
4.793650,1.040741
4.793960,1.040745
4.794270,1.040749
4.794580,1.040754
4.794890,1.040758
4.795200,1.040762
4.795510,1.040767
4.795820,1.040771
4.796130,1.040775
4.796440,1.040780
4.796749,1.040783
4.797059,1.040787
4.797369,1.040792
4.797679,1.040796
4.797989,1.040800
4.798299,1.040805
4.798609,1.040809
4.798919,1.040814
4.799229,1.040817
4.799539,1.040821
4.799849,1.040826
4.800159,1.040830
4.800469,1.040834
4.800779,1.040838
4.801088,1.040843
4.801398,1.040847
4.801708,1.040852
4.802018,1.040856
4.802328,1.040860
4.802638,1.040864
4.802948,1.040868
4.803258,1.040873
4.803568,1.040877
4.803878,1.040881
4.804188,1.040886
4.804498,1.040891
4.804808,1.040894
4.805118,1.040899
4.805427,1.040903
4.805737,1.040907
4.806047,1.040911
4.806357,1.040915
4.806667,1.040920
4.806977,1.040923
4.807287,1.040928
4.807597,1.040932
4.807907,1.040936
4.808217,1.040940
4.808527,1.040945
4.808837,1.040950
4.809147,1.040953
4.809456,1.040958
4.809766,1.040963
4.810076,1.040966
4.810386,1.040971
4.810696,1.040975
4.811006,1.040980
4.811316,1.040984
4.811626,1.040988
4.811936,1.040993
4.812246,1.040996
4.812556,1.041001
4.812866,1.041005
4.813176,1.041009
4.813486,1.041014
4.813795,1.041018
4.814105,1.041022
4.814415,1.041026
4.814725,1.041031
4.815035,1.041034
4.815345,1.041039
4.815655,1.041043
4.815965,1.041048
4.816275,1.041052
4.816585,1.041057
4.816895,1.041060
4.817205,1.041065
4.817515,1.041069
4.817825,1.041073
4.818134,1.041078
4.818444,1.041082
4.818754,1.041086
4.819064,1.041091
4.819374,1.041095
4.819684,1.041099
4.819994,1.041103
4.820304,1.041107
4.820614,1.041112
4.820924,1.041116
4.821234,1.041121
4.821544,1.041124
4.821854,1.041129
4.822163,1.041134
4.822473,1.041138
4.822783,1.041142
4.823093,1.041147
4.823403,1.041151
4.823713,1.041155
4.824023,1.041159
4.824333,1.041164
4.824643,1.041169
4.824953,1.041172
4.825263,1.041175
4.825573,1.041182
4.825883,1.041185
4.826193,1.041190
4.826502,1.041193
4.826812,1.041198
4.827122,1.041202
4.827432,1.041206
4.827742,1.041211
4.828052,1.041216
4.828362,1.041220
4.828672,1.041224
4.828982,1.041228
4.829292,1.041233
4.829602,1.041237
4.829912,1.041241
4.830222,1.041245
4.830532,1.041251
4.830841,1.041255
4.831151,1.041258
4.831461,1.041262
4.831771,1.041267
4.832081,1.041271
4.832391,1.041276
4.832701,1.041280
4.833011,1.041285
4.833321,1.041288
4.833631,1.041293
4.833941,1.041297
4.834251,1.041302
4.834561,1.041307
4.834870,1.041311
4.835180,1.041314
4.835490,1.041319
4.835800,1.041322
4.836110,1.041328
4.836420,1.041333
4.836730,1.041336
4.837040,1.041340
4.837350,1.041345
4.837660,1.041349
4.837970,1.041353
4.838280,1.041359
4.838590,1.041362
4.838900,1.041365
4.839209,1.041370
4.839519,1.041375
4.839829,1.041379
4.840139,1.041383
4.840449,1.041389
4.840759,1.041393
4.841069,1.041396
4.841379,1.041402
4.841689,1.041406
4.841999,1.041409
4.842309,1.041414
4.842619,1.041418
4.842929,1.041422
4.843239,1.041427
4.843548,1.041432
4.843858,1.041436
4.844168,1.041440
4.844478,1.041444
4.844788,1.041449
4.845098,1.041453
4.845408,1.041457
4.845718,1.041462
4.846028,1.041467
4.846338,1.041470
4.846648,1.041474
4.846958,1.041479
4.847268,1.041483
4.847578,1.041488
4.847887,1.041492
4.848197,1.041497
4.848507,1.041500
4.848817,1.041505
4.849127,1.041510
4.849437,1.041514
4.849747,1.041517
4.850057,1.041523
4.850367,1.041527
4.850677,1.041532
4.850987,1.041535
4.851297,1.041539
4.851607,1.041544
4.851916,1.041549
4.852226,1.041553
4.852536,1.041557
4.852846,1.041562
4.853156,1.041567
4.853466,1.041571
4.853776,1.041576
4.854086,1.041580
4.854396,1.041583
4.854706,1.041587
4.855016,1.041592
4.855326,1.041596
4.855636,1.041601
4.855946,1.041606
4.856255,1.041610
4.856565,1.041614
4.856875,1.041619
4.857185,1.041623
4.857495,1.041628
4.857805,1.041633
4.858115,1.041636
4.858425,1.041640
4.858735,1.041645
4.859045,1.041648
4.859355,1.041654
4.859665,1.041657
4.859975,1.041662
4.860285,1.041667
4.860594,1.041670
4.860904,1.041675
4.861214,1.041679
4.861524,1.041683
4.861834,1.041688
4.862144,1.041693
4.862454,1.041697
4.862764,1.041701
4.863074,1.041706
4.863384,1.041710
4.863694,1.041716
4.864004,1.041719
4.864314,1.041724
4.864623,1.041727
4.864933,1.041732
4.865243,1.041736
4.865553,1.041741
4.865863,1.041744
4.866173,1.041750
4.866483,1.041754
4.866793,1.041757
4.867103,1.041762
4.867413,1.041767
4.867723,1.041771
4.868033,1.041776
4.868343,1.041780
4.868653,1.041784
4.868962,1.041788
4.869272,1.041793
4.869582,1.041797
4.869892,1.041802
4.870202,1.041807
4.870512,1.041811
4.870822,1.041815
4.871132,1.041819
4.871442,1.041824
4.871752,1.041828
4.872062,1.041832
4.872372,1.041837
4.872682,1.041841
4.872992,1.041846
4.873301,1.041851
4.873611,1.041856
4.873921,1.041859
4.874231,1.041863
4.874541,1.041866
4.874851,1.041872
4.875161,1.041876
4.875471,1.041881
4.875781,1.041885
4.876091,1.041890
4.876401,1.041894
4.876711,1.041899
4.877021,1.041902
4.877330,1.041908
4.877640,1.041911
4.877950,1.041916
4.878260,1.041921
4.878570,1.041924
4.878880,1.041930
4.879190,1.041933
4.879500,1.041938
4.879810,1.041942
4.880120,1.041947
4.880430,1.041951
4.880740,1.041955
4.881050,1.041960
4.881360,1.041965
4.881669,1.041968
4.881979,1.041973
4.882289,1.041978
4.882599,1.041982
4.882909,1.041986
4.883219,1.041990
4.883529,1.041995
4.883839,1.041999
4.884149,1.042003
4.884459,1.042007
4.884769,1.042014
4.885079,1.042016
4.885389,1.042022
4.885699,1.042027
4.886008,1.042031
4.886318,1.042035
4.886628,1.042039
4.886938,1.042043
4.887248,1.042048
4.887558,1.042053
4.887868,1.042057
4.888178,1.042061
4.888488,1.042066
4.888798,1.042070
4.889108,1.042074
4.889418,1.042078
4.889728,1.042083
4.890038,1.042087
4.890347,1.042091
4.890657,1.042096
4.890967,1.042101
4.891277,1.042106
4.891587,1.042110
4.891897,1.042114
4.892207,1.042119
4.892517,1.042123
4.892827,1.042127
4.893137,1.042132
4.893447,1.042136
4.893757,1.042140
4.894067,1.042145
4.894376,1.042149
4.894686,1.042155
4.894996,1.042159
4.895306,1.042163
4.895616,1.042168
4.895926,1.042172
4.896236,1.042176
4.896546,1.042180
4.896856,1.042185
4.897166,1.042190
4.897476,1.042194
4.897786,1.042198
4.898096,1.042202
4.898406,1.042207
4.898715,1.042212
4.899025,1.042217
4.899335,1.042221
4.899645,1.042224
4.899955,1.042229
4.900265,1.042234
4.900575,1.042238
4.900885,1.042243
4.901195,1.042247
4.901505,1.042251
4.901815,1.042256
4.902125,1.042260
4.902435,1.042265
4.902745,1.042270
4.903054,1.042274
4.903364,1.042277
4.903674,1.042282
4.903984,1.042287
4.904294,1.042292
4.904604,1.042295
4.904914,1.042300
4.905224,1.042304
4.905534,1.042309
4.905844,1.042313
4.906154,1.042318
4.906464,1.042323
4.906774,1.042326
4.907083,1.042332
4.907393,1.042336
4.907703,1.042339
4.908013,1.042344
4.908323,1.042349
4.908633,1.042353
4.908943,1.042358
4.909253,1.042362
4.909563,1.042366
4.909873,1.042372
4.910183,1.042376
4.910493,1.042380
4.910803,1.042385
4.911113,1.042390
4.911422,1.042393
4.911732,1.042398
4.912042,1.042403
4.912352,1.042407
4.912662,1.042411
4.912972,1.042416
4.913282,1.042420
4.913592,1.042424
4.913902,1.042429
4.914212,1.042434
4.914522,1.042438
4.914832,1.042442
4.915142,1.042447
4.915452,1.042452
4.915761,1.042455
4.916071,1.042460
4.916381,1.042465
4.916691,1.042469
4.917001,1.042473
4.917311,1.042478
4.917621,1.042483
4.917931,1.042487
4.918241,1.042491
4.918551,1.042495
4.918861,1.042499
4.919171,1.042504
4.919481,1.042508
4.919790,1.042514
4.920100,1.042517
4.920410,1.042521
4.920720,1.042527
4.921030,1.042531
4.921340,1.042535
4.921650,1.042541
4.921960,1.042545
4.922270,1.042549
4.922580,1.042554
4.922890,1.042557
4.923200,1.042562
4.923510,1.042566
4.923820,1.042571
4.924129,1.042575
4.924439,1.042580
4.924749,1.042584
4.925059,1.042589
4.925369,1.042594
4.925679,1.042598
4.925989,1.042602
4.926299,1.042606
4.926609,1.042611
4.926919,1.042616
4.927229,1.042620
4.927539,1.042625
4.927849,1.042629
4.928159,1.042633
4.928468,1.042638
4.928778,1.042642
4.929088,1.042647
4.929398,1.042652
4.929708,1.042656
4.930018,1.042661
4.930328,1.042665
4.930638,1.042670
4.930948,1.042673
4.931258,1.042678
4.931568,1.042683
4.931878,1.042688
4.932188,1.042691
4.932497,1.042696
4.932807,1.042701
4.933117,1.042706
4.933427,1.042710
4.933737,1.042714
4.934047,1.042718
4.934357,1.042724
4.934667,1.042727
4.934977,1.042732
4.935287,1.042736
4.935597,1.042740
4.935907,1.042746
4.936217,1.042749
4.936527,1.042753
4.936836,1.042759
4.937146,1.042763
4.937456,1.042768
4.937766,1.042772
4.938076,1.042777
4.938386,1.042782
4.938696,1.042785
4.939006,1.042790
4.939316,1.042795
4.939626,1.042799
4.939936,1.042804
4.940246,1.042809
4.940556,1.042813
4.940866,1.042818
4.941175,1.042822
4.941485,1.042826
4.941795,1.042832
4.942105,1.042834
4.942415,1.042839
4.942725,1.042844
4.943035,1.042849
4.943345,1.042853
4.943655,1.042858
4.943965,1.042861
4.944275,1.042867
4.944585,1.042872
4.944895,1.042875
4.945205,1.042880
4.945514,1.042884
4.945824,1.042889
4.946134,1.042893
4.946444,1.042898
4.946754,1.042903
4.947064,1.042907
4.947374,1.042911
4.947684,1.042916
4.947994,1.042920
4.948304,1.042925
4.948614,1.042930
4.948924,1.042934
4.949234,1.042938
4.949543,1.042943
4.949853,1.042946
4.950163,1.042952
4.950473,1.042956
4.950783,1.042961
4.951093,1.042966
4.951403,1.042969
4.951713,1.042973
4.952023,1.042979
4.952333,1.042983
4.952643,1.042988
4.952953,1.042992
4.953263,1.042996
4.953573,1.043001
4.953882,1.043005
4.954192,1.043010
4.954502,1.043015
4.954812,1.043020
4.955122,1.043024
4.955432,1.043028
4.955742,1.043033
4.956052,1.043036
4.956362,1.043041
4.956672,1.043046
4.956982,1.043051
4.957292,1.043055
4.957602,1.043060
4.957912,1.043064
4.958221,1.043068
4.958531,1.043072
4.958841,1.043078
4.959151,1.043082
4.959461,1.043087
4.959771,1.043091
4.960081,1.043095
4.960391,1.043099
4.960701,1.043104
4.961011,1.043108
4.961321,1.043114
4.961631,1.043118
4.961941,1.043123
4.962250,1.043128
4.962560,1.043132
4.962870,1.043136
4.963180,1.043141
4.963490,1.043146
4.963800,1.043149
4.964110,1.043154
4.964420,1.043158
4.964730,1.043163
4.965040,1.043167
4.965350,1.043172
4.965660,1.043176
4.965970,1.043181
4.966280,1.043185
4.966589,1.043189
4.966899,1.043194
4.967209,1.043198
4.967519,1.043203
4.967829,1.043207
4.968139,1.043213
4.968449,1.043217
4.968759,1.043221
4.969069,1.043226
4.969379,1.043230
4.969689,1.043235
4.969999,1.043239
4.970309,1.043244
4.970619,1.043248
4.970928,1.043253
4.971238,1.043257
4.971548,1.043263
4.971858,1.043267
4.972168,1.043272
4.972478,1.043276
4.972788,1.043280
4.973098,1.043285
4.973408,1.043289
4.973718,1.043294
4.974028,1.043298
4.974338,1.043303
4.974648,1.043307
4.974957,1.043312
4.975267,1.043316
4.975577,1.043321
4.975887,1.043325
4.976197,1.043330
4.976507,1.043335
4.976817,1.043340
4.977127,1.043343
4.977437,1.043347
4.977747,1.043352
4.978057,1.043356
4.978367,1.043361
4.978677,1.043367
4.978987,1.043370
4.979296,1.043375
4.979606,1.043379
4.979916,1.043384
4.980226,1.043390
4.980536,1.043394
4.980846,1.043398
4.981156,1.043402
4.981466,1.043406
4.981776,1.043411
4.982086,1.043416
4.982396,1.043419
4.982706,1.043425
4.983016,1.043429
4.983326,1.043435
4.983635,1.043440
4.983945,1.043443
4.984255,1.043446
4.984565,1.043452
4.984875,1.043456
4.985185,1.043461
4.985495,1.043466
4.985805,1.043470
4.986115,1.043475
4.986425,1.043479
4.986735,1.043483
4.987045,1.043488
4.987355,1.043492
4.987665,1.043497
4.987974,1.043502
4.988284,1.043507
4.988594,1.043511
4.988904,1.043515
4.989214,1.043520
4.989524,1.043524
4.989834,1.043528
4.990144,1.043534
4.990454,1.043538
4.990764,1.043543
4.991074,1.043547
4.991384,1.043551
4.991694,1.043555
4.992003,1.043560
4.992313,1.043566
4.992623,1.043571
4.992933,1.043573
4.993243,1.043577
4.993553,1.043583
4.993863,1.043587
4.994173,1.043592
4.994483,1.043597
4.994793,1.043601
4.995103,1.043605
4.995413,1.043610
4.995723,1.043615
4.996033,1.043619
4.996342,1.043623
4.996652,1.043629
4.996962,1.043633
4.997272,1.043639
4.997582,1.043641
4.997892,1.043646
4.998202,1.043651
4.998512,1.043656
4.998822,1.043659
4.999132,1.043663
4.999442,1.043669
4.999752,1.043673
5.000062,1.043679
5.000372,1.043682
5.000681,1.043688
5.000991,1.043691
5.001301,1.043697
5.001611,1.043702
5.001921,1.043706
5.002231,1.043710
5.002541,1.043714
5.002851,1.043718
5.003161,1.043724
5.003471,1.043728
5.003781,1.043733
5.004091,1.043738
5.004401,1.043741
5.004710,1.043746
5.005020,1.043751
5.005330,1.043756
5.005640,1.043760
5.005950,1.043764
5.006260,1.043769
5.006570,1.043774
5.006880,1.043777
5.007190,1.043782
5.007500,1.043787
5.007810,1.043791
5.008120,1.043797
5.008430,1.043800
5.008740,1.043805
5.009049,1.043810
5.009359,1.043815
5.009669,1.043819
5.009979,1.043823
5.010289,1.043828
5.010599,1.043833
5.010909,1.043837
5.011219,1.043841
5.011529,1.043846
5.011839,1.043851
5.012149,1.043855
5.012459,1.043859
5.012769,1.043866
5.013079,1.043868
5.013388,1.043873
5.013698,1.043878
5.014008,1.043882
5.014318,1.043887
5.014628,1.043891
5.014938,1.043896
5.015248,1.043900
5.015558,1.043905
5.015868,1.043910
5.016178,1.043914
5.016488,1.043918
5.016798,1.043923
5.017108,1.043928
5.017417,1.043934
5.017727,1.043936
5.018037,1.043942
5.018347,1.043946
5.018657,1.043950
5.018967,1.043954
5.019277,1.043960
5.019587,1.043963
5.019897,1.043969
5.020207,1.043973
5.020517,1.043978
5.020827,1.043983
5.021137,1.043987
5.021447,1.043992
5.021756,1.043996
5.022066,1.044001
5.022376,1.044005
5.022686,1.044011
5.022996,1.044015
5.023306,1.044019
5.023616,1.044023
5.023926,1.044028
5.024236,1.044033
5.024546,1.044037
5.024856,1.044042
5.025166,1.044046
5.025476,1.044051
5.025786,1.044056
5.026095,1.044060
5.026405,1.044065
5.026715,1.044068
5.027025,1.044073
5.027335,1.044078
5.027645,1.044082
5.027955,1.044088
5.028265,1.044092
5.028575,1.044097
5.028885,1.044101
5.029195,1.044107
5.029505,1.044110
5.029815,1.044114
5.030125,1.044119
5.030434,1.044123
5.030744,1.044128
5.031054,1.044132
5.031364,1.044138
5.031674,1.044141
5.031984,1.044146
5.032294,1.044151
5.032604,1.044155
5.032914,1.044160
5.033224,1.044164
5.033534,1.044170
5.033844,1.044173
5.034154,1.044179
5.034463,1.044183
5.034773,1.044187
5.035083,1.044192
5.035393,1.044196
5.035703,1.044201
5.036013,1.044206
5.036323,1.044210
5.036633,1.044215
5.036943,1.044219
5.037253,1.044224
5.037563,1.044228
5.037873,1.044233
5.038183,1.044237
5.038493,1.044242
5.038802,1.044246
5.039112,1.044251
5.039422,1.044256
5.039732,1.044261
5.040042,1.044265
5.040352,1.044271
5.040662,1.044274
5.040972,1.044279
5.041282,1.044283
5.041592,1.044288
5.041902,1.044293
5.042212,1.044297
5.042522,1.044302
5.042832,1.044307
5.043141,1.044310
5.043451,1.044315
5.043761,1.044320
5.044071,1.044324
5.044381,1.044328
5.044691,1.044333
5.045001,1.044339
5.045311,1.044342
5.045621,1.044346
5.045931,1.044351
5.046241,1.044356
5.046551,1.044361
5.046861,1.044366
5.047170,1.044370
5.047480,1.044374
5.047790,1.044380
5.048100,1.044384
5.048410,1.044388
5.048720,1.044393
5.049030,1.044399
5.049340,1.044402
5.049650,1.044407
5.049960,1.044411
5.050270,1.044416
5.050580,1.044420
5.050890,1.044425
5.051200,1.044430
5.051509,1.044434
5.051819,1.044438
5.052129,1.044443
5.052439,1.044447
5.052749,1.044452
5.053059,1.044456
5.053369,1.044461
5.053679,1.044466
5.053989,1.044471
5.054299,1.044476
5.054609,1.044479
5.054919,1.044484
5.055229,1.044489
5.055539,1.044493
5.055848,1.044499
5.056158,1.044502
5.056468,1.044507
5.056778,1.044511
5.057088,1.044516
5.057398,1.044520
5.057708,1.044525
5.058018,1.044530
5.058328,1.044534
5.058638,1.044539
5.058948,1.044545
5.059258,1.044549
5.059568,1.044554
5.059877,1.044558
5.060187,1.044561
5.060497,1.044566
5.060807,1.044571
5.061117,1.044575
5.061427,1.044580
5.061737,1.044585
5.062047,1.044590
5.062357,1.044594
5.062667,1.044598
5.062977,1.044603
5.063287,1.044607
5.063597,1.044613
5.063907,1.044616
5.064216,1.044621
5.064526,1.044627
5.064836,1.044630
5.065146,1.044635
5.065456,1.044639
5.065766,1.044644
5.066076,1.044648
5.066386,1.044654
5.066696,1.044659
5.067006,1.044662
5.067316,1.044668
5.067626,1.044671
5.067936,1.044676
5.068246,1.044681
5.068555,1.044685
5.068865,1.044690
5.069175,1.044694
5.069485,1.044699
5.069795,1.044704
5.070105,1.044709
5.070415,1.044713
5.070725,1.044717
5.071035,1.044722
5.071345,1.044726
5.071655,1.044731
5.071965,1.044735
5.072275,1.044740
5.072585,1.044745
5.072894,1.044749
5.073204,1.044754
5.073514,1.044759
5.073824,1.044763
5.074134,1.044767
5.074444,1.044773
5.074754,1.044777
5.075064,1.044781
5.075374,1.044787
5.075684,1.044791
5.075994,1.044795
5.076304,1.044799
5.076614,1.044804
5.076923,1.044809
5.077233,1.044814
5.077543,1.044818
5.077853,1.044822
5.078163,1.044828
5.078473,1.044832
5.078783,1.044837
5.079093,1.044842
5.079403,1.044845
5.079713,1.044850
5.080023,1.044854
5.080333,1.044860
5.080643,1.044864
5.080953,1.044868
5.081262,1.044873
5.081572,1.044877
5.081882,1.044881
5.082192,1.044887
5.082502,1.044891
5.082812,1.044896
5.083122,1.044901
5.083432,1.044904
5.083742,1.044911
5.084052,1.044914
5.084362,1.044919
5.084672,1.044924
5.084982,1.044929
5.085292,1.044933
5.085601,1.044938
5.085911,1.044942
5.086221,1.044946
5.086531,1.044951
5.086841,1.044955
5.087151,1.044961
5.087461,1.044965
5.087771,1.044969
5.088081,1.044974
5.088391,1.044978
5.088701,1.044982
5.089011,1.044987
5.089321,1.044992
5.089630,1.044997
5.089940,1.045002
5.090250,1.045006
5.090560,1.045010
5.090870,1.045015
5.091180,1.045019
5.091490,1.045024
5.091800,1.045028
5.092110,1.045033
5.092420,1.045038
5.092730,1.045043
5.093040,1.045047
5.093350,1.045051
5.093660,1.045056
5.093969,1.045061
5.094279,1.045065
5.094589,1.045070
5.094899,1.045075
5.095209,1.045080
5.095519,1.045084
5.095829,1.045089
5.096139,1.045093
5.096449,1.045097
5.096759,1.045102
5.097069,1.045106
5.097379,1.045111
5.097689,1.045116
5.097999,1.045121
5.098308,1.045125
5.098618,1.045130
5.098928,1.045134
5.099238,1.045139
5.099548,1.045144
5.099858,1.045148
5.100168,1.045152
5.100478,1.045157
5.100788,1.045161
5.101098,1.045167
5.101408,1.045172
5.101718,1.045176
5.102028,1.045179
5.102337,1.045184
5.102647,1.045189
5.102957,1.045194
5.103267,1.045198
5.103577,1.045203
5.103887,1.045207
5.104197,1.045212
5.104507,1.045217
5.104817,1.045222
5.105127,1.045226
5.105437,1.045231
5.105747,1.045236
5.106057,1.045241
5.106367,1.045245
5.106676,1.045249
5.106986,1.045253
5.107296,1.045258
5.107606,1.045263
5.107916,1.045267
5.108226,1.045272
5.108536,1.045276
5.108846,1.045281
5.109156,1.045286
5.109466,1.045291
5.109776,1.045295
5.110086,1.045299
5.110396,1.045304
5.110706,1.045309
5.111015,1.045313
5.111325,1.045318
5.111635,1.045322
5.111945,1.045327
5.112255,1.045331
5.112565,1.045336
5.112875,1.045341
5.113185,1.045346
5.113495,1.045350
5.113805,1.045355
5.114115,1.045359
5.114425,1.045364
5.114735,1.045369
5.115045,1.045374
5.115354,1.045377
5.115664,1.045382
5.115974,1.045387
5.116284,1.045391
5.116594,1.045395
5.116904,1.045400
5.117214,1.045404
5.117524,1.045409
5.117834,1.045414
5.118144,1.045419
5.118454,1.045423
5.118764,1.045427
5.119074,1.045432
5.119383,1.045438
5.119693,1.045442
5.120003,1.045445
5.120313,1.045451
5.120623,1.045456
5.120933,1.045460
5.121243,1.045465
5.121553,1.045469
5.121863,1.045474
5.122173,1.045478
5.122483,1.045482
5.122793,1.045488
5.123103,1.045492
5.123413,1.045497
5.123722,1.045502
5.124032,1.045505
5.124342,1.045510
5.124652,1.045515
5.124962,1.045520
5.125272,1.045525
5.125582,1.045528
5.125892,1.045534
5.126202,1.045538
5.126512,1.045542
5.126822,1.045547
5.127132,1.045552
5.127442,1.045556
5.127752,1.045560
5.128061,1.045566
5.128371,1.045570
5.128681,1.045575
5.128991,1.045580
5.129301,1.045583
5.129611,1.045589
5.129921,1.045593
5.130231,1.045598
5.130541,1.045602
5.130851,1.045607
5.131161,1.045612
5.131471,1.045616
5.131781,1.045622
5.132090,1.045625
5.132400,1.045630
5.132710,1.045634
5.133020,1.045640
5.133330,1.045643
5.133640,1.045648
5.133950,1.045653
5.134260,1.045657
5.134570,1.045662
5.134880,1.045667
5.135190,1.045671
5.135500,1.045677
5.135810,1.045681
5.136120,1.045686
5.136429,1.045690
5.136739,1.045694
5.137049,1.045698
5.137359,1.045703
5.137669,1.045708
5.137979,1.045713
5.138289,1.045718
5.138599,1.045722
5.138909,1.045726
5.139219,1.045731
5.139529,1.045735
5.139839,1.045741
5.140149,1.045745
5.140459,1.045750
5.140768,1.045754
5.141078,1.045758
5.141388,1.045763
5.141698,1.045767
5.142008,1.045773
5.142318,1.045777
5.142628,1.045782
5.142938,1.045786
5.143248,1.045791
5.143558,1.045796
5.143868,1.045800
5.144178,1.045805
5.144488,1.045808
5.144797,1.045814
5.145107,1.045818
5.145417,1.045823
5.145727,1.045827
5.146037,1.045831
5.146347,1.045837
5.146657,1.045841
5.146967,1.045846
5.147277,1.045850
5.147587,1.045854
5.147897,1.045859
5.148207,1.045864
5.148517,1.045869
5.148827,1.045872
5.149136,1.045878
5.149446,1.045882
5.149756,1.045886
5.150066,1.045892
5.150376,1.045895
5.150686,1.045900
5.150996,1.045905
5.151306,1.045910
5.151616,1.045915
5.151926,1.045920
5.152236,1.045924
5.152546,1.045929
5.152856,1.045933
5.153166,1.045937
5.153475,1.045942
5.153785,1.045948
5.154095,1.045951
5.154405,1.045956
5.154715,1.045960
5.155025,1.045965
5.155335,1.045969
5.155645,1.045975
5.155955,1.045979
5.156265,1.045983
5.156575,1.045988
5.156885,1.045993
5.157195,1.045997
5.157505,1.046002
5.157814,1.046007
5.158124,1.046011
5.158434,1.046016
5.158744,1.046020
5.159054,1.046025
5.159364,1.046029
5.159674,1.046033
5.159984,1.046038
5.160294,1.046043
5.160604,1.046047
5.160914,1.046052
5.161224,1.046056
5.161534,1.046061
5.161843,1.046066
5.162153,1.046071
5.162463,1.046074
5.162773,1.046079
5.163083,1.046084
5.163393,1.046089
5.163703,1.046094
5.164013,1.046098
5.164323,1.046102
5.164633,1.046107
5.164943,1.046112
5.165253,1.046117
5.165563,1.046122
5.165873,1.046126
5.166182,1.046130
5.166492,1.046135
5.166802,1.046139
5.167112,1.046144
5.167422,1.046149
5.167732,1.046153
5.168042,1.046158
5.168352,1.046162
5.168662,1.046167
5.168972,1.046173
5.169282,1.046177
5.169592,1.046181
5.169902,1.046185
5.170212,1.046190
5.170521,1.046195
5.170831,1.046199
5.171141,1.046204
5.171451,1.046209
5.171761,1.046212
5.172071,1.046218
5.172381,1.046222
5.172691,1.046227
5.173001,1.046231
5.173311,1.046236
5.173621,1.046241
5.173931,1.046246
5.174241,1.046250
5.174550,1.046255
5.174860,1.046259
5.175170,1.046265
5.175480,1.046268
5.175790,1.046274
5.176100,1.046276
5.176410,1.046281
5.176720,1.046286
5.177030,1.046290
5.177340,1.046296
5.177650,1.046301
5.177960,1.046304
5.178270,1.046308
5.178580,1.046314
5.178889,1.046318
5.179199,1.046322
5.179509,1.046327
5.179819,1.046332
5.180129,1.046335
5.180439,1.046341
5.180749,1.046347
5.181059,1.046351
5.181369,1.046355
5.181679,1.046360
5.181989,1.046364
5.182299,1.046369
5.182609,1.046373
5.182919,1.046378
5.183228,1.046384
5.183538,1.046387
5.183848,1.046391
5.184158,1.046395
5.184468,1.046402
5.184778,1.046405
5.185088,1.046410
5.185398,1.046415
5.185708,1.046419
5.186018,1.046425
5.186328,1.046428
5.186638,1.046434
5.186948,1.046437
5.187257,1.046443
5.187567,1.046446
5.187877,1.046452
5.188187,1.046457
5.188497,1.046461
5.188807,1.046465
5.189117,1.046470
5.189427,1.046473
5.189737,1.046479
5.190047,1.046484
5.190357,1.046489
5.190667,1.046493
5.190977,1.046496
5.191287,1.046502
5.191596,1.046506
5.191906,1.046511
5.192216,1.046515
5.192526,1.046520
5.192836,1.046526
5.193146,1.046531
5.193456,1.046535
5.193766,1.046539
5.194076,1.046543
5.194386,1.046547
5.194696,1.046553
5.195006,1.046557
5.195316,1.046563
5.195626,1.046565
5.195935,1.046570
5.196245,1.046576
5.196555,1.046580
5.196865,1.046585
5.197175,1.046590
5.197485,1.046595
5.197795,1.046598
5.198105,1.046603
5.198415,1.046608
5.198725,1.046612
5.199035,1.046617
5.199345,1.046622
5.199655,1.046625
5.199964,1.046630
5.200274,1.046635
5.200584,1.046640
5.200894,1.046644
5.201204,1.046649
5.201514,1.046654
5.201824,1.046657
5.202134,1.046663
5.202444,1.046668
5.202754,1.046671
5.203064,1.046675
5.203374,1.046681
5.203684,1.046686
5.203994,1.046691
5.204303,1.046695
5.204613,1.046699
5.204923,1.046704
5.205233,1.046709
5.205543,1.046714
5.205853,1.046718
5.206163,1.046723
5.206473,1.046727
5.206783,1.046732
5.207093,1.046736
5.207403,1.046741
5.207713,1.046745
5.208023,1.046749
5.208333,1.046754
5.208642,1.046758
5.208952,1.046763
5.209262,1.046768
5.209572,1.046772
5.209882,1.046777
5.210192,1.046782
5.210502,1.046786
5.210812,1.046791
5.211122,1.046796
5.211432,1.046801
5.211742,1.046805
5.212052,1.046809
5.212362,1.046813
5.212672,1.046819
5.212981,1.046823
5.213291,1.046828
5.213601,1.046833
5.213911,1.046838
5.214221,1.046843
5.214531,1.046847
5.214841,1.046851
5.215151,1.046855
5.215461,1.046860
5.215771,1.046864
5.216081,1.046869
5.216391,1.046874
5.216701,1.046878
5.217010,1.046882
5.217320,1.046888
5.217630,1.046892
5.217940,1.046896
5.218250,1.046901
5.218560,1.046906
5.218870,1.046910
5.219180,1.046915
5.219490,1.046919
5.219800,1.046924
5.220110,1.046928
5.220420,1.046934
5.220730,1.046937
5.221040,1.046942
5.221349,1.046947
5.221659,1.046952
5.221969,1.046955
5.222279,1.046961
5.222589,1.046965
5.222899,1.046970
5.223209,1.046974
5.223519,1.046979
5.223829,1.046983
5.224139,1.046987
5.224449,1.046993
5.224759,1.046998
5.225069,1.047003
5.225379,1.047007
5.225688,1.047011
5.225998,1.047016
5.226308,1.047020
5.226618,1.047024
5.226928,1.047029
5.227238,1.047035
5.227548,1.047038
5.227858,1.047043
5.228168,1.047047
5.228478,1.047052
5.228788,1.047057
5.229098,1.047061
5.229408,1.047066
5.229717,1.047070
5.230027,1.047075
5.230337,1.047080
5.230647,1.047086
5.230957,1.047089
5.231267,1.047094
5.231577,1.047098
5.231887,1.047103
5.232197,1.047108
5.232507,1.047111
5.232817,1.047117
5.233127,1.047121
5.233437,1.047127
5.233747,1.047130
5.234056,1.047134
5.234366,1.047140
5.234676,1.047143
5.234986,1.047149
5.235296,1.047154
5.235606,1.047158
5.235916,1.047162
5.236226,1.047167
5.236536,1.047171
5.236846,1.047176
5.237156,1.047180
5.237466,1.047185
5.237776,1.047190
5.238086,1.047195
5.238395,1.047198
5.238705,1.047203
5.239015,1.047208
5.239325,1.047213
5.239635,1.047217
5.239945,1.047222
5.240255,1.047226
5.240565,1.047232
5.240875,1.047236
5.241185,1.047239
5.241495,1.047244
5.241805,1.047249
5.242115,1.047254
5.242424,1.047258
5.242734,1.047263
5.243044,1.047267
5.243354,1.047273
5.243664,1.047277
5.243974,1.047280
5.244284,1.047286
5.244594,1.047290
5.244904,1.047295
5.245214,1.047299
5.245524,1.047304
5.245834,1.047309
5.246144,1.047312
5.246454,1.047318
5.246763,1.047322
5.247073,1.047326
5.247383,1.047332
5.247693,1.047337
5.248003,1.047340
5.248313,1.047346
5.248623,1.047350
5.248933,1.047355
5.249243,1.047358
5.249553,1.047363
5.249863,1.047369
5.250173,1.047373
5.250483,1.047378
5.250793,1.047382
5.251102,1.047387
5.251412,1.047391
5.251722,1.047397
5.252032,1.047400
5.252342,1.047405
5.252652,1.047410
5.252962,1.047413
5.253272,1.047419
5.253582,1.047423
5.253892,1.047428
5.254202,1.047433
5.254512,1.047437
5.254822,1.047442
5.255132,1.047446
5.255441,1.047451
5.255751,1.047455
5.256061,1.047460
5.256371,1.047464
5.256681,1.047470
5.256991,1.047474
5.257301,1.047478
5.257611,1.047482
5.257921,1.047487
5.258231,1.047492
5.258541,1.047495
5.258851,1.047501
5.259161,1.047505
5.259470,1.047511
5.259780,1.047515
5.260090,1.047519
5.260400,1.047524
5.260710,1.047528
5.261020,1.047532
5.261330,1.047536
5.261640,1.047542
5.261950,1.047547
5.262260,1.047551
5.262570,1.047556
5.262880,1.047561
5.263190,1.047564
5.263500,1.047570
5.263809,1.047575
5.264119,1.047578
5.264429,1.047583
5.264739,1.047587
5.265049,1.047593
5.265359,1.047597
5.265669,1.047601
5.265979,1.047606
5.266289,1.047610
5.266599,1.047615
5.266909,1.047620
5.267219,1.047625
5.267529,1.047629
5.267839,1.047634
5.268148,1.047638
5.268458,1.047642
5.268768,1.047647
5.269078,1.047651
5.269388,1.047655
5.269698,1.047661
5.270008,1.047665
5.270318,1.047670
5.270628,1.047675
5.270938,1.047678
5.271248,1.047683
5.271558,1.047687
5.271868,1.047692
5.272177,1.047697
5.272487,1.047702
5.272797,1.047706
5.273107,1.047710
5.273417,1.047715
5.273727,1.047719
5.274037,1.047724
5.274347,1.047728
5.274657,1.047733
5.274967,1.047738
5.275277,1.047743
5.275587,1.047747
5.275897,1.047752
5.276207,1.047756
5.276516,1.047761
5.276826,1.047766
5.277136,1.047770
5.277446,1.047776
5.277756,1.047780
5.278066,1.047784
5.278376,1.047789
5.278686,1.047794
5.278996,1.047797
5.279306,1.047802
5.279616,1.047807
5.279926,1.047811
5.280236,1.047815
5.280546,1.047820
5.280855,1.047826
5.281165,1.047830
5.281475,1.047834
5.281785,1.047839
5.282095,1.047844
5.282405,1.047848
5.282715,1.047852
5.283025,1.047857
5.283335,1.047861
5.283645,1.047866
5.283955,1.047871
5.284265,1.047875
5.284575,1.047879
5.284884,1.047884
5.285194,1.047889
5.285504,1.047893
5.285814,1.047898
5.286124,1.047902
5.286434,1.047907
5.286744,1.047912
5.287054,1.047917
5.287364,1.047920
5.287674,1.047926
5.287984,1.047930
5.288294,1.047934
5.288604,1.047939
5.288914,1.047943
5.289223,1.047948
5.289533,1.047953
5.289843,1.047956
5.290153,1.047961
5.290463,1.047966
5.290773,1.047972
5.291083,1.047976
5.291393,1.047980
5.291703,1.047985
5.292013,1.047989
5.292323,1.047994
5.292633,1.047998
5.292943,1.048002
5.293253,1.048007
5.293562,1.048012
5.293872,1.048017
5.294182,1.048021
5.294492,1.048026
5.294802,1.048032
5.295112,1.048035
5.295422,1.048039
5.295732,1.048044
5.296042,1.048048
5.296352,1.048053
5.296662,1.048056
5.296972,1.048062
5.297282,1.048067
5.297592,1.048072
5.297901,1.048076
5.298211,1.048080
5.298521,1.048084
5.298831,1.048089
5.299141,1.048094
5.299451,1.048098
5.299761,1.048102
5.300071,1.048108
5.300381,1.048112
5.300691,1.048116
5.301001,1.048121
5.301311,1.048126
5.301621,1.048131
5.301930,1.048135
5.302240,1.048140
5.302550,1.048144
5.302860,1.048148
5.303170,1.048152
5.303480,1.048157
5.303790,1.048163
5.304100,1.048167
5.304410,1.048171
5.304720,1.048175
5.305030,1.048179
5.305340,1.048185
5.305650,1.048190
5.305960,1.048193
5.306269,1.048199
5.306579,1.048203
5.306889,1.048209
5.307199,1.048212
5.307509,1.048217
5.307819,1.048221
5.308129,1.048225
5.308439,1.048230
5.308749,1.048234
5.309059,1.048240
5.309369,1.048244
5.309679,1.048248
5.309989,1.048253
5.310299,1.048258
5.310608,1.048262
5.310918,1.048266
5.311228,1.048271
5.311538,1.048275
5.311848,1.048280
5.312158,1.048285
5.312468,1.048289
5.312778,1.048293
5.313088,1.048298
5.313398,1.048304
5.313708,1.048307
5.314018,1.048312
5.314328,1.048316
5.314637,1.048321
5.314947,1.048326
5.315257,1.048331
5.315567,1.048336
5.315877,1.048341
5.316187,1.048344
5.316497,1.048348
5.316807,1.048353
5.317117,1.048357
5.317427,1.048362
5.317737,1.048367
5.318047,1.048370
5.318357,1.048375
5.318667,1.048380
5.318976,1.048385
5.319286,1.048389
5.319596,1.048394
5.319906,1.048398
5.320216,1.048402
5.320526,1.048407
5.320836,1.048411
5.321146,1.048416
5.321456,1.048422
5.321766,1.048425
5.322076,1.048430
5.322386,1.048436
5.322696,1.048439
5.323006,1.048443
5.323315,1.048448
5.323625,1.048453
5.323935,1.048457
5.324245,1.048461
5.324555,1.048467
5.324865,1.048471
5.325175,1.048475
5.325485,1.048479
5.325795,1.048485
5.326105,1.048489
5.326415,1.048494
5.326725,1.048498
5.327035,1.048502
5.327344,1.048508
5.327654,1.048511
5.327964,1.048516
5.328274,1.048521
5.328584,1.048525
5.328894,1.048529
5.329204,1.048535
5.329514,1.048538
5.329824,1.048544
5.330134,1.048548
5.330444,1.048552
5.330754,1.048557
5.331064,1.048560
5.331374,1.048565
5.331683,1.048571
5.331993,1.048576
5.332303,1.048579
5.332613,1.048584
5.332923,1.048587
5.333233,1.048593
5.333543,1.048598
5.333853,1.048603
5.334163,1.048608
5.334473,1.048611
5.334783,1.048616
5.335093,1.048620
5.335403,1.048625
5.335713,1.048630
5.336022,1.048634
5.336332,1.048639
5.336642,1.048644
5.336952,1.048648
5.337262,1.048652
5.337572,1.048655
5.337882,1.048661
5.338192,1.048666
5.338502,1.048670
5.338812,1.048675
5.339122,1.048680
5.339432,1.048684
5.339742,1.048689
5.340052,1.048692
5.340361,1.048697
5.340671,1.048702
5.340981,1.048706
5.341291,1.048711
5.341601,1.048715
5.341911,1.048720
5.342221,1.048725
5.342531,1.048730
5.342841,1.048734
5.343151,1.048738
5.343461,1.048742
5.343771,1.048747
5.344081,1.048751
5.344390,1.048756
5.344700,1.048761
5.345010,1.048765
5.345320,1.048770
5.345630,1.048774
5.345940,1.048779
5.346250,1.048783
5.346560,1.048788
5.346870,1.048793
5.347180,1.048797
5.347490,1.048802
5.347800,1.048806
5.348110,1.048811
5.348420,1.048815
5.348729,1.048819
5.349039,1.048824
5.349349,1.048829
5.349659,1.048831
5.349969,1.048837
5.350279,1.048841
5.350589,1.048847
5.350899,1.048852
5.351209,1.048855
5.351519,1.048860
5.351829,1.048865
5.352139,1.048869
5.352449,1.048873
5.352759,1.048879
5.353068,1.048883
5.353378,1.048887
5.353688,1.048891
5.353998,1.048896
5.354308,1.048901
5.354618,1.048906
5.354928,1.048910
5.355238,1.048914
5.355548,1.048919
5.355858,1.048924
5.356168,1.048928
5.356478,1.048933
5.356788,1.048937
5.357097,1.048941
5.357407,1.048946
5.357717,1.048952
5.358027,1.048955
5.358337,1.048959
5.358647,1.048964
5.358957,1.048968
5.359267,1.048973
5.359577,1.048978
5.359887,1.048982
5.360197,1.048987
5.360507,1.048991
5.360817,1.048995
5.361127,1.049000
5.361436,1.049004
5.361746,1.049010
5.362056,1.049014
5.362366,1.049019
5.362676,1.049023
5.362986,1.049027
5.363296,1.049032
5.363606,1.049036
5.363916,1.049040
5.364226,1.049046
5.364536,1.049050
5.364846,1.049054
5.365156,1.049059
5.365466,1.049064
5.365775,1.049068
5.366085,1.049073
5.366395,1.049078
5.366705,1.049082
5.367015,1.049086
5.367325,1.049090
5.367635,1.049096
5.367945,1.049100
5.368255,1.049105
5.368565,1.049108
5.368875,1.049113
5.369185,1.049117
5.369495,1.049122
5.369804,1.049127
5.370114,1.049131
5.370424,1.049136
5.370734,1.049140
5.371044,1.049145
5.371354,1.049149
5.371664,1.049152
5.371974,1.049158
5.372284,1.049162
5.372594,1.049168
5.372904,1.049172
5.373214,1.049175
5.373524,1.049180
5.373834,1.049186
5.374143,1.049190
5.374453,1.049193
5.374763,1.049198
5.375073,1.049202
5.375383,1.049208
5.375693,1.049212
5.376003,1.049216
5.376313,1.049221
5.376623,1.049226
5.376933,1.049230
5.377243,1.049235
5.377553,1.049240
5.377863,1.049243
5.378173,1.049249
5.378482,1.049253
5.378792,1.049257
5.379102,1.049262
5.379412,1.049266
5.379722,1.049271
5.380032,1.049276
5.380342,1.049279
5.380652,1.049283
5.380962,1.049289
5.381272,1.049292
5.381582,1.049297
5.381892,1.049303
5.382202,1.049306
5.382512,1.049311
5.382821,1.049316
5.383131,1.049320
5.383441,1.049323
5.383751,1.049328
5.384061,1.049333
5.384371,1.049337
5.384681,1.049343
5.384991,1.049347
5.385301,1.049352
5.385611,1.049356
5.385921,1.049360
5.386231,1.049364
5.386541,1.049370
5.386850,1.049374
5.387160,1.049378
5.387470,1.049383
5.387780,1.049387
5.388090,1.049391
5.388400,1.049395
5.388710,1.049401
5.389020,1.049404
5.389330,1.049410
5.389640,1.049414
5.389950,1.049419
5.390260,1.049423
5.390570,1.049428
5.390880,1.049431
5.391189,1.049436
5.391499,1.049440
5.391809,1.049446
5.392119,1.049450
5.392429,1.049455
5.392739,1.049460
5.393049,1.049464
5.393359,1.049468
5.393669,1.049472
5.393979,1.049477
5.394289,1.049482
5.394599,1.049486
5.394909,1.049491
5.395219,1.049496
5.395528,1.049499
5.395838,1.049505
5.396148,1.049509
5.396458,1.049513
5.396768,1.049519
5.397078,1.049522
5.397388,1.049526
5.397698,1.049531
5.398008,1.049536
5.398318,1.049540
5.398628,1.049543
5.398938,1.049549
5.399248,1.049554
5.399557,1.049557
5.399867,1.049562
5.400177,1.049566
5.400487,1.049571
5.400797,1.049576
5.401107,1.049580
5.401417,1.049585
5.401727,1.049590
5.402037,1.049594
5.402347,1.049599
5.402657,1.049603
5.402967,1.049607
5.403277,1.049611
5.403587,1.049616
5.403896,1.049620
5.404206,1.049624
5.404516,1.049630
5.404826,1.049634
5.405136,1.049638
5.405446,1.049643
5.405756,1.049647
5.406066,1.049651
5.406376,1.049656
5.406686,1.049661
5.406996,1.049665
5.407306,1.049670
5.407616,1.049674
5.407926,1.049679
5.408235,1.049683
5.408545,1.049688
5.408855,1.049691
5.409165,1.049696
5.409475,1.049701
5.409785,1.049705
5.410095,1.049710
5.410405,1.049714
5.410715,1.049719
5.411025,1.049723
5.411335,1.049728
5.411645,1.049732
5.411955,1.049736
5.412264,1.049742
5.412574,1.049746
5.412884,1.049751
5.413194,1.049755
5.413504,1.049759
5.413814,1.049764
5.414124,1.049769
5.414434,1.049772
5.414744,1.049777
5.415054,1.049781
5.415364,1.049786
5.415674,1.049791
5.415984,1.049796
5.416294,1.049800
5.416603,1.049803
5.416913,1.049808
5.417223,1.049813
5.417533,1.049818
5.417843,1.049821
5.418153,1.049826
5.418463,1.049830
5.418773,1.049834
5.419083,1.049839
5.419393,1.049844
5.419703,1.049848
5.420013,1.049853
5.420323,1.049857
5.420633,1.049862
5.420942,1.049866
5.421252,1.049871
5.421562,1.049875
5.421872,1.049881
5.422182,1.049884
5.422492,1.049889
5.422802,1.049894
5.423112,1.049898
5.423422,1.049902
5.423732,1.049907
5.424042,1.049911
5.424352,1.049915
5.424662,1.049920
5.424971,1.049924
5.425281,1.049929
5.425591,1.049934
5.425901,1.049937
5.426211,1.049943
5.426521,1.049946
5.426831,1.049951
5.427141,1.049955
5.427451,1.049960
5.427761,1.049964
5.428071,1.049970
5.428381,1.049973
5.428691,1.049977
5.429001,1.049983
5.429310,1.049987
5.429620,1.049991
5.429930,1.049995
5.430240,1.050000
5.430550,1.050004
5.430860,1.050009
5.431170,1.050014
5.431480,1.050019
5.431790,1.050021
5.432100,1.050027
5.432410,1.050032
5.432720,1.050035
5.433030,1.050040
5.433340,1.050044
5.433649,1.050048
5.433959,1.050054
5.434269,1.050057
5.434579,1.050063
5.434889,1.050066
5.435199,1.050072
5.435509,1.050076
5.435819,1.050080
5.436129,1.050084
5.436439,1.050089
5.436749,1.050093
5.437059,1.050097
5.437369,1.050103
5.437679,1.050107
5.437988,1.050112
5.438298,1.050116
5.438608,1.050120
5.438918,1.050124
5.439228,1.050129
5.439538,1.050133
5.439848,1.050138
5.440158,1.050143
5.440468,1.050148
5.440778,1.050152
5.441088,1.050155
5.441398,1.050160
5.441708,1.050164
5.442017,1.050169
5.442327,1.050174
5.442637,1.050178
5.442947,1.050181
5.443257,1.050186
5.443567,1.050191
5.443877,1.050196
5.444187,1.050200
5.444497,1.050205
5.444807,1.050210
5.445117,1.050214
5.445427,1.050218
5.445737,1.050222
5.446047,1.050226
5.446356,1.050231
5.446666,1.050235
5.446976,1.050240
5.447286,1.050244
5.447596,1.050249
5.447906,1.050253
5.448216,1.050258
5.448526,1.050263
5.448836,1.050267
5.449146,1.050272
5.449456,1.050276
5.449766,1.050280
5.450076,1.050284
5.450386,1.050289
5.450695,1.050294
5.451005,1.050298
5.451315,1.050301
5.451625,1.050308
5.451935,1.050311
5.452245,1.050315
5.452555,1.050320
5.452865,1.050324
5.453175,1.050328
5.453485,1.050333
5.453795,1.050337
5.454105,1.050341
5.454415,1.050347
5.454724,1.050351
5.455034,1.050356
5.455344,1.050361
5.455654,1.050364
5.455964,1.050369
5.456274,1.050373
5.456584,1.050378
5.456894,1.050383
5.457204,1.050386
5.457514,1.050391
5.457824,1.050396
5.458134,1.050399
5.458444,1.050404
5.458754,1.050409
5.459063,1.050413
5.459373,1.050418
5.459683,1.050422
5.459993,1.050427
5.460303,1.050431
5.460613,1.050436
5.460923,1.050439
5.461233,1.050444
5.461543,1.050448
5.461853,1.050453
5.462163,1.050458
5.462473,1.050462
5.462783,1.050467
5.463093,1.050471
5.463402,1.050476
5.463712,1.050480
5.464022,1.050484
5.464332,1.050488
5.464642,1.050493
5.464952,1.050497
5.465262,1.050502
5.465572,1.050506
5.465882,1.050510
5.466192,1.050515
5.466502,1.050519
5.466812,1.050524
5.467122,1.050529
5.467431,1.050533
5.467741,1.050537
5.468051,1.050541
5.468361,1.050545
5.468671,1.050550
5.468981,1.050555
5.469291,1.050559
5.469601,1.050564
5.469911,1.050567
5.470221,1.050571
5.470531,1.050577
5.470841,1.050581
5.471151,1.050585
5.471461,1.050590
5.471770,1.050595
5.472080,1.050599
5.472390,1.050604
5.472700,1.050607
5.473010,1.050612
5.473320,1.050616
5.473630,1.050620
5.473940,1.050626
5.474250,1.050629
5.474560,1.050635
5.474870,1.050640
5.475180,1.050644
5.475490,1.050648
5.475800,1.050650
5.476109,1.050657
5.476419,1.050662
5.476729,1.050665
5.477039,1.050669
5.477349,1.050675
5.477659,1.050678
5.477969,1.050683
5.478279,1.050688
5.478589,1.050692
5.478899,1.050696
5.479209,1.050700
5.479519,1.050705
5.479829,1.050709
5.480139,1.050714
5.480448,1.050719
5.480758,1.050723
5.481068,1.050727
5.481378,1.050731
5.481688,1.050734
5.481998,1.050740
5.482308,1.050745
5.482618,1.050750
5.482928,1.050754
5.483238,1.050758
5.483548,1.050762
5.483858,1.050766
5.484168,1.050771
5.484477,1.050775
5.484787,1.050779
5.485097,1.050784
5.485407,1.050788
5.485717,1.050793
5.486027,1.050797
5.486337,1.050802
5.486647,1.050806
5.486957,1.050810
5.487267,1.050815
5.487577,1.050819
5.487887,1.050824
5.488197,1.050829
5.488507,1.050833
5.488816,1.050838
5.489126,1.050841
5.489436,1.050846
5.489746,1.050850
5.490056,1.050854
5.490366,1.050859
5.490676,1.050862
5.490986,1.050868
5.491296,1.050873
5.491606,1.050878
5.491916,1.050881
5.492226,1.050887
5.492536,1.050890
5.492846,1.050894
5.493155,1.050898
5.493465,1.050903
5.493775,1.050907
5.494085,1.050912
5.494395,1.050916
5.494705,1.050920
5.495015,1.050924
5.495325,1.050929
5.495635,1.050934
5.495945,1.050938
5.496255,1.050942
5.496565,1.050947
5.496875,1.050951
5.497184,1.050956
5.497494,1.050960
5.497804,1.050964
5.498114,1.050969
5.498424,1.050973
5.498734,1.050978
5.499044,1.050982
5.499354,1.050986
5.499664,1.050992
5.499974,1.050995
5.500284,1.050999
5.500594,1.051003
5.500904,1.051007
5.501214,1.051012
5.501523,1.051016
5.501833,1.051021
5.502143,1.051026
5.502453,1.051030
5.502763,1.051035
5.503073,1.051039
5.503383,1.051044
5.503693,1.051047
5.504003,1.051051
5.504313,1.051055
5.504623,1.051060
5.504933,1.051065
5.505243,1.051069
5.505553,1.051074
5.505862,1.051078
5.506172,1.051082
5.506482,1.051087
5.506792,1.051091
5.507102,1.051095
5.507412,1.051100
5.507722,1.051104
5.508032,1.051108
5.508342,1.051113
5.508652,1.051118
5.508962,1.051122
5.509272,1.051127
5.509582,1.051131
5.509891,1.051135
5.510201,1.051141
5.510511,1.051144
5.510821,1.051148
5.511131,1.051152
5.511441,1.051157
5.511751,1.051161
5.512061,1.051166
5.512371,1.051171
5.512681,1.051175
5.512991,1.051178
5.513301,1.051183
5.513611,1.051187
5.513921,1.051192
5.514230,1.051197
5.514540,1.051201
5.514850,1.051204
5.515160,1.051209
5.515470,1.051214
5.515780,1.051218
5.516090,1.051223
5.516400,1.051228
5.516710,1.051232
5.517020,1.051237
5.517330,1.051241
5.517640,1.051244
5.517950,1.051248
5.518260,1.051255
5.518569,1.051258
5.518879,1.051262
5.519189,1.051267
5.519499,1.051271
5.519809,1.051275
5.520119,1.051280
5.520429,1.051284
5.520739,1.051288
5.521049,1.051293
5.521359,1.051297
5.521669,1.051301
5.521979,1.051306
5.522289,1.051310
5.522599,1.051314
5.522908,1.051319
5.523218,1.051323
5.523528,1.051328
5.523838,1.051332
5.524148,1.051337
5.524458,1.051340
5.524768,1.051345
5.525078,1.051350
5.525388,1.051354
5.525698,1.051358
5.526008,1.051364
5.526318,1.051366
5.526628,1.051371
5.526937,1.051375
5.527247,1.051380
5.527557,1.051385
5.527867,1.051389
5.528177,1.051394
5.528487,1.051398
5.528797,1.051402
5.529107,1.051406
5.529417,1.051411
5.529727,1.051415
5.530037,1.051419
5.530347,1.051423
5.530657,1.051428
5.530967,1.051432
5.531276,1.051436
5.531586,1.051441
5.531896,1.051445
5.532206,1.051451
5.532516,1.051454
5.532826,1.051458
5.533136,1.051463
5.533446,1.051467
5.533756,1.051472
5.534066,1.051476
5.534376,1.051480
5.534686,1.051484
5.534996,1.051488
5.535306,1.051493
5.535615,1.051498
5.535925,1.051502
5.536235,1.051506
5.536545,1.051511
5.536855,1.051515
5.537165,1.051518
5.537475,1.051523
5.537785,1.051528
5.538095,1.051532
5.538405,1.051536
5.538715,1.051541
5.539025,1.051545
5.539335,1.051550
5.539644,1.051554
5.539954,1.051558
5.540264,1.051562
5.540574,1.051566
5.540884,1.051571
5.541194,1.051576
5.541504,1.051580
5.541814,1.051585
5.542124,1.051589
5.542434,1.051593
5.542744,1.051596
5.543054,1.051602
5.543364,1.051606
5.543674,1.051611
5.543983,1.051615
5.544293,1.051619
5.544603,1.051624
5.544913,1.051628
5.545223,1.051632
5.545533,1.051636
5.545843,1.051641
5.546153,1.051645
5.546463,1.051648
5.546773,1.051653
5.547083,1.051658
5.547393,1.051662
5.547703,1.051667
5.548013,1.051672
5.548322,1.051676
5.548632,1.051679
5.548942,1.051683
5.549252,1.051688
5.549562,1.051693
5.549872,1.051697
5.550182,1.051700
5.550492,1.051706
5.550802,1.051709
5.551112,1.051715
5.551422,1.051718
5.551732,1.051722
5.552042,1.051727
5.552351,1.051731
5.552661,1.051735
5.552971,1.051741
5.553281,1.051743
5.553591,1.051748
5.553901,1.051754
5.554211,1.051758
5.554521,1.051762
5.554831,1.051766
5.555141,1.051771
5.555451,1.051775
5.555761,1.051778
5.556071,1.051783
5.556381,1.051787
5.556690,1.051792
5.557000,1.051796
5.557310,1.051800
5.557620,1.051804
5.557930,1.051809
5.558240,1.051814
5.558550,1.051818
5.558860,1.051822
5.559170,1.051827
5.559480,1.051831
5.559790,1.051835
5.560100,1.051840
5.560410,1.051845
5.560720,1.051849
5.561029,1.051852
5.561339,1.051857
5.561649,1.051861
5.561959,1.051865
5.562269,1.051870
5.562579,1.051874
5.562889,1.051879
5.563199,1.051882
5.563509,1.051888
5.563819,1.051892
5.564129,1.051895
5.564439,1.051900
5.564749,1.051905
5.565059,1.051909
5.565368,1.051914
5.565678,1.051917
5.565988,1.051922
5.566298,1.051926
5.566608,1.051930
5.566918,1.051935
5.567228,1.051938
5.567538,1.051943
5.567848,1.051947
5.568158,1.051952
5.568468,1.051956
5.568778,1.051960
5.569088,1.051965
5.569397,1.051969
5.569707,1.051974
5.570017,1.051977
5.570327,1.051982
5.570637,1.051986
5.570947,1.051991
5.571257,1.051995
5.571567,1.052000
5.571877,1.052004
5.572187,1.052008
5.572497,1.052012
5.572807,1.052016
5.573117,1.052021
5.573427,1.052026
5.573736,1.052029
5.574046,1.052034
5.574356,1.052038
5.574666,1.052041
5.574976,1.052046
5.575286,1.052051
5.575596,1.052056
5.575906,1.052059
5.576216,1.052063
5.576526,1.052068
5.576836,1.052073
5.577146,1.052076
5.577456,1.052082
5.577766,1.052086
5.578075,1.052090
5.578385,1.052094
5.578695,1.052099
5.579005,1.052103
5.579315,1.052107
5.579625,1.052110
5.579935,1.052116
5.580245,1.052119
5.580555,1.052124
5.580865,1.052128
5.581175,1.052133
5.581485,1.052137
5.581795,1.052142
5.582104,1.052146
5.582414,1.052150
5.582724,1.052154
5.583034,1.052159
5.583344,1.052162
5.583654,1.052167
5.583964,1.052171
5.584274,1.052176
5.584584,1.052181
5.584894,1.052185
5.585204,1.052189
5.585514,1.052193
5.585824,1.052197
5.586134,1.052201
5.586443,1.052205
5.586753,1.052210
5.587063,1.052214
5.587373,1.052219
5.587683,1.052223
5.587993,1.052226
5.588303,1.052232
5.588613,1.052236
5.588923,1.052240
5.589233,1.052243
5.589543,1.052248
5.589853,1.052252
5.590163,1.052257
5.590473,1.052261
5.590782,1.052266
5.591092,1.052269
5.591402,1.052274
5.591712,1.052278
5.592022,1.052282
5.592332,1.052287
5.592642,1.052292
5.592952,1.052295
5.593262,1.052299
5.593572,1.052303
5.593882,1.052308
5.594192,1.052313
5.594502,1.052317
5.594811,1.052321
5.595121,1.052325
5.595431,1.052329
5.595741,1.052335
5.596051,1.052337
5.596361,1.052342
5.596671,1.052346
5.596981,1.052352
5.597291,1.052356
5.597601,1.052359
5.597911,1.052364
5.598221,1.052368
5.598531,1.052372
5.598841,1.052377
5.599150,1.052382
5.599460,1.052384
5.599770,1.052389
5.600080,1.052394
5.600390,1.052398
5.600700,1.052402
5.601010,1.052406
5.601320,1.052411
5.601630,1.052415
5.601940,1.052419
5.602250,1.052424
5.602560,1.052427
5.602870,1.052432
5.603180,1.052437
5.603489,1.052441
5.603799,1.052445
5.604109,1.052450
5.604419,1.052454
5.604729,1.052458
5.605039,1.052462
5.605349,1.052466
5.605659,1.052471
5.605969,1.052474
5.606279,1.052479
5.606589,1.052483
5.606899,1.052488
5.607209,1.052492
5.607519,1.052497
5.607828,1.052501
5.608138,1.052505
5.608448,1.052509
5.608758,1.052512
5.609068,1.052517
5.609378,1.052522
5.609688,1.052527
5.609998,1.052530
5.610308,1.052535
5.610618,1.052538
5.610928,1.052543
5.611238,1.052548
5.611548,1.052551
5.611857,1.052557
5.612167,1.052559
5.612477,1.052564
5.612787,1.052568
5.613097,1.052573
5.613407,1.052577
5.613717,1.052582
5.614027,1.052586
5.614337,1.052590
5.614647,1.052594
5.614957,1.052598
5.615267,1.052602
5.615577,1.052607
5.615887,1.052610
5.616196,1.052615
5.616506,1.052620
5.616816,1.052625
5.617126,1.052629
5.617436,1.052633
5.617746,1.052637
5.618056,1.052642
5.618366,1.052645
5.618676,1.052650
5.618986,1.052654
5.619296,1.052657
5.619606,1.052662
5.619916,1.052667
5.620226,1.052670
5.620535,1.052676
5.620845,1.052680
5.621155,1.052683
5.621465,1.052689
5.621775,1.052692
5.622085,1.052697
5.622395,1.052700
5.622705,1.052705
5.623015,1.052708
5.623325,1.052712
5.623635,1.052717
5.623945,1.052721
5.624255,1.052726
5.624564,1.052730
5.624874,1.052734
5.625184,1.052739
5.625494,1.052743
5.625804,1.052746
5.626114,1.052751
5.626424,1.052756
5.626734,1.052760
5.627044,1.052764
5.627354,1.052768
5.627664,1.052773
5.627974,1.052776
5.628284,1.052780
5.628594,1.052786
5.628903,1.052790
5.629213,1.052794
5.629523,1.052798
5.629833,1.052801
5.630143,1.052806
5.630453,1.052810
5.630763,1.052814
5.631073,1.052819
5.631383,1.052823
5.631693,1.052827
5.632003,1.052832
5.632313,1.052835
5.632623,1.052841
5.632933,1.052844
5.633242,1.052848
5.633552,1.052852
5.633862,1.052857
5.634172,1.052861
5.634482,1.052865
5.634792,1.052870
5.635102,1.052874
5.635412,1.052878
5.635722,1.052882
5.636032,1.052886
5.636342,1.052891
5.636652,1.052894
5.636962,1.052899
5.637271,1.052903
5.637581,1.052908
5.637891,1.052912
5.638201,1.052915
5.638511,1.052920
5.638821,1.052924
5.639131,1.052928
5.639441,1.052933
5.639751,1.052938
5.640061,1.052942
5.640371,1.052946
5.640681,1.052950
5.640991,1.052954
5.641301,1.052959
5.641610,1.052962
5.641920,1.052967
5.642230,1.052971
5.642540,1.052975
5.642850,1.052979
5.643160,1.052984
5.643470,1.052988
5.643780,1.052992
5.644090,1.052996
5.644400,1.053001
5.644710,1.053005
5.645020,1.053010
5.645330,1.053013
5.645640,1.053017
5.645949,1.053022
5.646259,1.053026
5.646569,1.053029
5.646879,1.053035
5.647189,1.053038
5.647499,1.053042
5.647809,1.053047
5.648119,1.053051
5.648429,1.053055
5.648739,1.053060
5.649049,1.053064
5.649359,1.053068
5.649669,1.053072
5.649978,1.053077
5.650288,1.053081
5.650598,1.053085
5.650908,1.053089
5.651218,1.053094
5.651528,1.053098
5.651838,1.053101
5.652148,1.053106
5.652458,1.053109
5.652768,1.053113
5.653078,1.053118
5.653388,1.053123
5.653698,1.053127
5.654008,1.053130
5.654317,1.053135
5.654627,1.053139
5.654937,1.053144
5.655247,1.053147
5.655557,1.053152
5.655867,1.053155
5.656177,1.053159
5.656487,1.053164
5.656797,1.053169
5.657107,1.053174
5.657417,1.053177
5.657727,1.053181
5.658037,1.053185
5.658347,1.053190
5.658656,1.053195
5.658966,1.053198
5.659276,1.053203
5.659586,1.053207
5.659896,1.053210
5.660206,1.053214
5.660516,1.053219
5.660826,1.053223
5.661136,1.053227
5.661446,1.053232
5.661756,1.053235
5.662066,1.053240
5.662376,1.053244
5.662686,1.053248
5.662995,1.053253
5.663305,1.053257
5.663615,1.053262
5.663925,1.053264
5.664235,1.053270
5.664545,1.053274
5.664855,1.053277
5.665165,1.053282
5.665475,1.053286
5.665785,1.053291
5.666095,1.053294
5.666405,1.053298
5.666715,1.053303
5.667024,1.053308
5.667334,1.053311
5.667644,1.053316
5.667954,1.053319
5.668264,1.053324
5.668574,1.053327
5.668884,1.053331
5.669194,1.053337
5.669504,1.053341
5.669814,1.053345
5.670124,1.053349
5.670434,1.053353
5.670744,1.053357
5.671054,1.053362
5.671363,1.053365
5.671673,1.053370
5.671983,1.053375
5.672293,1.053378
5.672603,1.053383
5.672913,1.053387
5.673223,1.053392
5.673533,1.053394
5.673843,1.053399
5.674153,1.053404
5.674463,1.053407
5.674773,1.053412
5.675083,1.053416
5.675393,1.053420
5.675702,1.053424
5.676012,1.053428
5.676322,1.053433
5.676632,1.053437
5.676942,1.053441
5.677252,1.053445
5.677562,1.053448
5.677872,1.053454
5.678182,1.053457
5.678492,1.053462
5.678802,1.053465
5.679112,1.053470
5.679422,1.053474
5.679731,1.053478
5.680041,1.053483
5.680351,1.053487
5.680661,1.053491
5.680971,1.053494
5.681281,1.053499
5.681591,1.053503
5.681901,1.053507
5.682211,1.053511
5.682521,1.053515
5.682831,1.053520
5.683141,1.053524
5.683451,1.053528
5.683761,1.053533
5.684070,1.053537
5.684380,1.053540
5.684690,1.053545
5.685000,1.053549
5.685310,1.053553
5.685620,1.053558
5.685930,1.053561
5.686240,1.053566
5.686550,1.053569
5.686860,1.053574
5.687170,1.053578
5.687480,1.053582
5.687790,1.053587
5.688100,1.053591
5.688409,1.053594
5.688719,1.053600
5.689029,1.053603
5.689339,1.053607
5.689649,1.053611
5.689959,1.053616
5.690269,1.053620
5.690579,1.053624
5.690889,1.053628
5.691199,1.053632
5.691509,1.053636
5.691819,1.053642
5.692129,1.053645
5.692438,1.053649
5.692748,1.053653
5.693058,1.053658
5.693368,1.053662
5.693678,1.053666
5.693988,1.053669
5.694298,1.053673
5.694608,1.053678
5.694918,1.053681
5.695228,1.053685
5.695538,1.053691
5.695848,1.053695
5.696158,1.053698
5.696468,1.053702
5.696777,1.053707
5.697087,1.053712
5.697397,1.053716
5.697707,1.053719
5.698017,1.053723
5.698327,1.053727
5.698637,1.053731
5.698947,1.053736
5.699257,1.053740
5.699567,1.053745
5.699877,1.053749
5.700187,1.053753
5.700497,1.053756
5.700807,1.053761
5.701116,1.053766
5.701426,1.053769
5.701736,1.053773
5.702046,1.053778
5.702356,1.053781
5.702666,1.053785
5.702976,1.053789
5.703286,1.053794
5.703596,1.053799
5.703906,1.053802
5.704216,1.053806
5.704526,1.053811
5.704836,1.053814
5.705146,1.053818
5.705455,1.053822
5.705765,1.053827
5.706075,1.053831
5.706385,1.053835
5.706695,1.053840
5.707005,1.053844
5.707315,1.053848
5.707625,1.053852
5.707935,1.053855
5.708245,1.053860
5.708555,1.053865
5.708865,1.053869
5.709175,1.053872
5.709484,1.053877
5.709794,1.053881
5.710104,1.053885
5.710414,1.053889
5.710724,1.053893
5.711034,1.053898
5.711344,1.053901
5.711654,1.053905
5.711964,1.053910
5.712274,1.053914
5.712584,1.053917
5.712894,1.053922
5.713204,1.053926
5.713514,1.053931
5.713823,1.053934
5.714133,1.053939
5.714443,1.053942
5.714753,1.053946
5.715063,1.053951
5.715373,1.053955
5.715683,1.053959
5.715993,1.053963
5.716303,1.053967
5.716613,1.053971
5.716923,1.053976
5.717233,1.053979
5.717543,1.053984
5.717853,1.053987
5.718162,1.053992
5.718472,1.053996
5.718782,1.054000
5.719092,1.054004
5.719402,1.054008
5.719712,1.054012
5.720022,1.054016
5.720332,1.054021
5.720642,1.054024
5.720952,1.054029
5.721262,1.054033
5.721572,1.054038
5.721882,1.054041
5.722191,1.054045
5.722501,1.054050
5.722811,1.054053
5.723121,1.054057
5.723431,1.054061
5.723741,1.054066
5.724051,1.054069
5.724361,1.054074
5.724671,1.054078
5.724981,1.054082
5.725291,1.054087
5.725601,1.054090
5.725911,1.054094
5.726221,1.054098
5.726530,1.054103
5.726840,1.054106
5.727150,1.054111
5.727460,1.054115
5.727770,1.054119
5.728080,1.054124
5.728390,1.054127
5.728700,1.054131
5.729010,1.054135
5.729320,1.054140
5.729630,1.054143
5.729940,1.054148
5.730250,1.054152
5.730560,1.054157
5.730869,1.054161
5.731179,1.054165
5.731489,1.054169
5.731799,1.054172
5.732109,1.054176
5.732419,1.054181
5.732729,1.054184
5.733039,1.054188
5.733349,1.054193
5.733659,1.054197
5.733969,1.054201
5.734279,1.054205
5.734589,1.054209
5.734898,1.054212
5.735208,1.054217
5.735518,1.054222
5.735828,1.054225
5.736138,1.054229
5.736448,1.054234
5.736758,1.054238
5.737068,1.054242
5.737378,1.054247
5.737688,1.054251
5.737998,1.054254
5.738308,1.054259
5.738618,1.054263
5.738928,1.054268
5.739237,1.054271
5.739547,1.054275
5.739857,1.054280
5.740167,1.054283
5.740477,1.054288
5.740787,1.054291
5.741097,1.054296
5.741407,1.054299
5.741717,1.054303
5.742027,1.054308
5.742337,1.054312
5.742647,1.054316
5.742957,1.054320
5.743267,1.054325
5.743576,1.054328
5.743886,1.054332
5.744196,1.054336
5.744506,1.054340
5.744816,1.054345
5.745126,1.054348
5.745436,1.054352
5.745746,1.054356
5.746056,1.054360
5.746366,1.054363
5.746676,1.054368
5.746986,1.054373
5.747296,1.054376
5.747606,1.054380
5.747915,1.054385
5.748225,1.054390
5.748535,1.054394
5.748845,1.054397
5.749155,1.054402
5.749465,1.054405
5.749775,1.054409
5.750085,1.054413
5.750395,1.054417
5.750705,1.054422
5.751015,1.054425
5.751325,1.054430
5.751635,1.054433
5.751944,1.054438
5.752254,1.054442
5.752564,1.054446
5.752874,1.054450
5.753184,1.054454
5.753494,1.054459
5.753804,1.054462
5.754114,1.054466
5.754424,1.054470
5.754734,1.054475
5.755044,1.054478
5.755354,1.054482
5.755664,1.054487
5.755974,1.054491
5.756283,1.054495
5.756593,1.054498
5.756903,1.054503
5.757213,1.054507
5.757523,1.054511
5.757833,1.054514
5.758143,1.054519
5.758453,1.054523
5.758763,1.054526
5.759073,1.054532
5.759383,1.054535
5.759693,1.054539
5.760003,1.054544
5.760313,1.054547
5.760622,1.054551
5.760932,1.054556
5.761242,1.054559
5.761552,1.054563
5.761862,1.054568
5.762172,1.054572
5.762482,1.054576
5.762792,1.054578
5.763102,1.054583
5.763412,1.054588
5.763722,1.054592
5.764032,1.054595
5.764342,1.054600
5.764651,1.054604
5.764961,1.054607
5.765271,1.054612
5.765581,1.054617
5.765891,1.054619
5.766201,1.054625
5.766511,1.054628
5.766821,1.054632
5.767131,1.054636
5.767441,1.054640
5.767751,1.054645
5.768061,1.054648
5.768371,1.054652
5.768681,1.054657
5.768990,1.054660
5.769300,1.054665
5.769610,1.054669
5.769920,1.054673
5.770230,1.054676
5.770540,1.054681
5.770850,1.054685
5.771160,1.054690
5.771470,1.054693
5.771780,1.054697
5.772090,1.054702
5.772400,1.054705
5.772710,1.054710
5.773020,1.054713
5.773329,1.054717
5.773639,1.054721
5.773949,1.054725
5.774259,1.054730
5.774569,1.054734
5.774879,1.054738
5.775189,1.054742
5.775499,1.054746
5.775809,1.054749
5.776119,1.054753
5.776429,1.054758
5.776739,1.054762
5.777049,1.054765
5.777358,1.054769
5.777668,1.054774
5.777978,1.054777
5.778288,1.054782
5.778598,1.054786
5.778908,1.054790
5.779218,1.054794
5.779528,1.054799
5.779838,1.054802
5.780148,1.054806
5.780458,1.054810
5.780768,1.054814
5.781078,1.054818
5.781388,1.054823
5.781697,1.054825
5.782007,1.054830
5.782317,1.054834
5.782627,1.054838
5.782937,1.054843
5.783247,1.054847
5.783557,1.054851
5.783867,1.054855
5.784177,1.054859
5.784487,1.054863
5.784797,1.054867
5.785107,1.054870
5.785417,1.054874
5.785727,1.054879
5.786036,1.054882
5.786346,1.054886
5.786656,1.054891
5.786966,1.054894
5.787276,1.054899
5.787586,1.054902
5.787896,1.054907
5.788206,1.054911
5.788516,1.054915
5.788826,1.054919
5.789136,1.054923
5.789446,1.054927
5.789756,1.054932
5.790066,1.054935
5.790375,1.054939
5.790685,1.054942
5.790995,1.054946
5.791305,1.054951
5.791615,1.054955
5.791925,1.054958
5.792235,1.054962
5.792545,1.054967
5.792855,1.054971
5.793165,1.054975
5.793475,1.054978
5.793785,1.054982
5.794095,1.054987
5.794404,1.054991
5.794714,1.054994
5.795024,1.054999
5.795334,1.055004
5.795644,1.055007
5.795954,1.055012
5.796264,1.055016
5.796574,1.055019
5.796884,1.055023
5.797194,1.055027
5.797504,1.055031
5.797814,1.055034
5.798124,1.055038
5.798434,1.055043
5.798743,1.055048
5.799053,1.055051
5.799363,1.055055
5.799673,1.055059
5.799983,1.055063
5.800293,1.055068
5.800603,1.055071
5.800913,1.055075
5.801223,1.055080
5.801533,1.055083
5.801843,1.055087
5.802153,1.055090
5.802463,1.055094
5.802773,1.055099
5.803082,1.055102
5.803392,1.055106
5.803702,1.055111
5.804012,1.055115
5.804322,1.055119
5.804632,1.055123
5.804942,1.055126
5.805252,1.055130
5.805562,1.055136
5.805872,1.055138
5.806182,1.055142
5.806492,1.055146
5.806802,1.055151
5.807111,1.055154
5.807421,1.055159
5.807731,1.055163
5.808041,1.055167
5.808351,1.055171
5.808661,1.055175
5.808971,1.055178
5.809281,1.055183
5.809591,1.055186
5.809901,1.055190
5.810211,1.055195
5.810521,1.055199
5.810831,1.055202
5.811141,1.055206
5.811450,1.055210
5.811760,1.055215
5.812070,1.055218
5.812380,1.055223
5.812690,1.055226
5.813000,1.055230
5.813310,1.055234
5.813620,1.055238
5.813930,1.055242
5.814240,1.055246
5.814550,1.055249
5.814860,1.055254
5.815170,1.055259
5.815480,1.055263
5.815789,1.055266
5.816099,1.055271
5.816409,1.055275
5.816719,1.055278
5.817029,1.055282
5.817339,1.055286
5.817649,1.055290
5.817959,1.055294
5.818269,1.055298
5.818579,1.055302
5.818889,1.055305
5.819199,1.055309
5.819509,1.055313
5.819818,1.055318
5.820128,1.055322
5.820438,1.055326
5.820748,1.055329
5.821058,1.055334
5.821368,1.055339
5.821678,1.055342
5.821988,1.055345
5.822298,1.055349
5.822608,1.055354
5.822918,1.055358
5.823228,1.055361
5.823538,1.055365
5.823848,1.055369
5.824157,1.055373
5.824467,1.055377
5.824777,1.055381
5.825087,1.055384
5.825397,1.055390
5.825707,1.055392
5.826017,1.055397
5.826327,1.055401
5.826637,1.055404
5.826947,1.055408
5.827257,1.055412
5.827567,1.055417
5.827877,1.055420
5.828187,1.055425
5.828496,1.055429
5.828806,1.055433
5.829116,1.055436
5.829426,1.055441
5.829736,1.055445
5.830046,1.055448
5.830356,1.055452
5.830666,1.055457
5.830976,1.055460
5.831286,1.055464
5.831596,1.055469
5.831906,1.055472
5.832216,1.055476
5.832526,1.055480
5.832835,1.055484
5.833145,1.055487
5.833455,1.055492
5.833765,1.055496
5.834075,1.055500
5.834385,1.055503
5.834695,1.055507
5.835005,1.055511
5.835315,1.055516
5.835625,1.055520
5.835935,1.055524
5.836245,1.055528
5.836555,1.055531
5.836864,1.055535
5.837174,1.055539
5.837484,1.055542
5.837794,1.055546
5.838104,1.055551
5.838414,1.055556
5.838724,1.055558
5.839034,1.055563
5.839344,1.055566
5.839654,1.055571
5.839964,1.055575
5.840274,1.055578
5.840584,1.055582
5.840894,1.055587
5.841203,1.055590
5.841513,1.055595
5.841823,1.055599
5.842133,1.055603
5.842443,1.055606
5.842753,1.055609
5.843063,1.055614
5.843373,1.055618
5.843683,1.055622
5.843993,1.055625
5.844303,1.055630
5.844613,1.055634
5.844923,1.055637
5.845233,1.055642
5.845542,1.055646
5.845852,1.055650
5.846162,1.055654
5.846472,1.055657
5.846782,1.055661
5.847092,1.055665
5.847402,1.055669
5.847712,1.055673
5.848022,1.055676
5.848332,1.055680
5.848642,1.055685
5.848952,1.055689
5.849262,1.055693
5.849571,1.055696
5.849881,1.055701
5.850191,1.055704
5.850501,1.055708
5.850811,1.055713
5.851121,1.055716
5.851431,1.055720
5.851741,1.055724
5.852051,1.055728
5.852361,1.055733
5.852671,1.055736
5.852981,1.055740
5.853291,1.055744
5.853601,1.055747
5.853910,1.055752
5.854220,1.055755
5.854530,1.055760
5.854840,1.055763
5.855150,1.055767
5.855460,1.055771
5.855770,1.055775
5.856080,1.055779
5.856390,1.055783
5.856700,1.055786
5.857010,1.055791
5.857320,1.055795
5.857630,1.055798
5.857940,1.055802
5.858249,1.055806
5.858559,1.055811
5.858869,1.055814
5.859179,1.055818
5.859489,1.055821
5.859799,1.055826
5.860109,1.055829
5.860419,1.055834
5.860729,1.055838
5.861039,1.055843
5.861349,1.055845
5.861659,1.055849
5.861969,1.055853
5.862278,1.055856
5.862588,1.055861
5.862898,1.055864
5.863208,1.055868
5.863518,1.055873
5.863828,1.055876
5.864138,1.055880
5.864448,1.055885
5.864758,1.055887
5.865068,1.055892
5.865378,1.055895
5.865688,1.055899
5.865998,1.055905
5.866308,1.055908
5.866617,1.055912
5.866927,1.055916
5.867237,1.055919
5.867547,1.055923
5.867857,1.055926
5.868167,1.055931
5.868477,1.055935
5.868787,1.055939
5.869097,1.055942
5.869407,1.055947
5.869717,1.055951
5.870027,1.055955
5.870337,1.055958
5.870647,1.055962
5.870956,1.055966
5.871266,1.055970
5.871576,1.055975
5.871886,1.055978
5.872196,1.055982
5.872506,1.055986
5.872816,1.055990
5.873126,1.055992
5.873436,1.055997
5.873746,1.056001
5.874056,1.056005
5.874366,1.056009
5.874676,1.056014
5.874985,1.056016
5.875295,1.056019
5.875605,1.056024
5.875915,1.056028
5.876225,1.056032
5.876535,1.056036
5.876845,1.056040
5.877155,1.056043
5.877465,1.056048
5.877775,1.056052
5.878085,1.056056
5.878395,1.056060
5.878705,1.056064
5.879015,1.056067
5.879324,1.056071
5.879634,1.056075
5.879944,1.056078
5.880254,1.056083
5.880564,1.056087
5.880874,1.056091
5.881184,1.056094
5.881494,1.056098
5.881804,1.056102
5.882114,1.056105
5.882424,1.056110
5.882734,1.056114
5.883044,1.056118
5.883354,1.056121
5.883663,1.056126
5.883973,1.056129
5.884283,1.056133
5.884593,1.056136
5.884903,1.056140
5.885213,1.056145
5.885523,1.056149
5.885833,1.056153
5.886143,1.056157
5.886453,1.056159
5.886763,1.056163
5.887073,1.056168
5.887383,1.056171
5.887693,1.056176
5.888002,1.056180
5.888312,1.056184
5.888622,1.056188
5.888932,1.056191
5.889242,1.056195
5.889552,1.056199
5.889862,1.056203
5.890172,1.056206
5.890482,1.056211
5.890792,1.056215
5.891102,1.056217
5.891412,1.056221
5.891722,1.056226
5.892031,1.056230
5.892341,1.056234
5.892651,1.056238
5.892961,1.056242
5.893271,1.056245
5.893581,1.056249
5.893891,1.056253
5.894201,1.056257
5.894511,1.056261
5.894821,1.056264
5.895131,1.056269
5.895441,1.056272
5.895751,1.056276
5.896061,1.056280
5.896370,1.056285
5.896680,1.056288
5.896990,1.056292
5.897300,1.056295
5.897610,1.056299
5.897920,1.056302
5.898230,1.056307
5.898540,1.056311
5.898850,1.056314
5.899160,1.056318
5.899470,1.056322
5.899780,1.056326
5.900090,1.056329
5.900400,1.056334
5.900709,1.056338
5.901019,1.056341
5.901329,1.056346
5.901639,1.056349
5.901949,1.056353
5.902259,1.056356
5.902569,1.056361
5.902879,1.056365
5.903189,1.056368
5.903499,1.056372
5.903809,1.056376
5.904119,1.056380
5.904429,1.056384
5.904738,1.056387
5.905048,1.056392
5.905358,1.056396
5.905668,1.056399
5.905978,1.056403
5.906288,1.056406
5.906598,1.056410
5.906908,1.056414
5.907218,1.056418
5.907528,1.056423
5.907838,1.056426
5.908148,1.056430
5.908458,1.056434
5.908768,1.056437
5.909077,1.056442
5.909387,1.056446
5.909697,1.056448
5.910007,1.056452
5.910317,1.056456
5.910627,1.056460
5.910937,1.056464
5.911247,1.056468
5.911557,1.056472
5.911867,1.056476
5.912177,1.056479
5.912487,1.056484
5.912797,1.056487
5.913107,1.056491
5.913416,1.056495
5.913726,1.056498
5.914036,1.056502
5.914346,1.056506
5.914656,1.056510
5.914966,1.056514
5.915276,1.056518
5.915586,1.056522
5.915896,1.056525
5.916206,1.056528
5.916516,1.056532
5.916826,1.056537
5.917136,1.056542
5.917445,1.056544
5.917755,1.056548
5.918065,1.056552
5.918375,1.056556
5.918685,1.056560
5.918995,1.056563
5.919305,1.056568
5.919615,1.056572
5.919925,1.056575
5.920235,1.056578
5.920545,1.056582
5.920855,1.056586
5.921165,1.056590
5.921475,1.056594
5.921784,1.056597
5.922094,1.056601
5.922404,1.056606
5.922714,1.056610
5.923024,1.056612
5.923334,1.056617
5.923644,1.056621
5.923954,1.056625
5.924264,1.056628
5.924574,1.056632
5.924884,1.056636
5.925194,1.056639
5.925504,1.056644
5.925814,1.056648
5.926123,1.056651
5.926433,1.056656
5.926743,1.056659
5.927053,1.056663
5.927363,1.056666
5.927673,1.056671
5.927983,1.056674
5.928293,1.056678
5.928603,1.056682
5.928913,1.056685
5.929223,1.056688
5.929533,1.056693
5.929843,1.056697
5.930153,1.056701
5.930462,1.056705
5.930772,1.056709
5.931082,1.056712
5.931392,1.056716
5.931702,1.056720
5.932012,1.056724
5.932322,1.056728
5.932632,1.056731
5.932942,1.056735
5.933252,1.056739
5.933562,1.056741
5.933872,1.056746
5.934182,1.056750
5.934491,1.056754
5.934801,1.056758
5.935111,1.056761
5.935421,1.056765
5.935731,1.056768
5.936041,1.056772
5.936351,1.056777
5.936661,1.056781
5.936971,1.056785
5.937281,1.056788
5.937591,1.056791
5.937901,1.056795
5.938211,1.056799
5.938521,1.056803
5.938830,1.056807
5.939140,1.056811
5.939450,1.056814
5.939760,1.056818
5.940070,1.056822
5.940380,1.056827
5.940690,1.056829
5.941000,1.056833
5.941310,1.056837
5.941620,1.056841
5.941930,1.056845
5.942240,1.056849
5.942550,1.056852
5.942860,1.056856
5.943169,1.056860
5.943479,1.056863
5.943789,1.056868
5.944099,1.056871
5.944409,1.056876
5.944719,1.056879
5.945029,1.056883
5.945339,1.056887
5.945649,1.056889
5.945959,1.056893
5.946269,1.056897
5.946579,1.056902
5.946889,1.056905
5.947198,1.056909
5.947508,1.056913
5.947818,1.056916
5.948128,1.056920
5.948438,1.056924
5.948748,1.056927
5.949058,1.056932
5.949368,1.056935
5.949678,1.056939
5.949988,1.056943
5.950298,1.056947
5.950608,1.056951
5.950918,1.056953
5.951228,1.056958
5.951537,1.056962
5.951847,1.056965
5.952157,1.056970
5.952467,1.056973
5.952777,1.056976
5.953087,1.056981
5.953397,1.056984
5.953707,1.056988
5.954017,1.056992
5.954327,1.056996
5.954637,1.056999
5.954947,1.057003
5.955257,1.057006
5.955567,1.057011
5.955876,1.057014
5.956186,1.057017
5.956496,1.057022
5.956806,1.057025
5.957116,1.057029
5.957426,1.057034
5.957736,1.057038
5.958046,1.057040
5.958356,1.057044
5.958666,1.057049
5.958976,1.057051
5.959286,1.057056
5.959596,1.057060
5.959905,1.057064
5.960215,1.057068
5.960525,1.057071
5.960835,1.057074
5.961145,1.057077
5.961455,1.057082
5.961765,1.057086
5.962075,1.057089
5.962385,1.057093
5.962695,1.057097
5.963005,1.057101
5.963315,1.057104
5.963625,1.057108
5.963935,1.057112
5.964244,1.057116
5.964554,1.057119
5.964864,1.057122
5.965174,1.057127
5.965484,1.057131
5.965794,1.057134
5.966104,1.057138
5.966414,1.057142
5.966724,1.057145
5.967034,1.057149
5.967344,1.057152
5.967654,1.057157
5.967964,1.057161
5.968274,1.057165
5.968583,1.057168
5.968893,1.057171
5.969203,1.057176
5.969513,1.057179
5.969823,1.057183
5.970133,1.057186
5.970443,1.057190
5.970753,1.057194
5.971063,1.057198
5.971373,1.057202
5.971683,1.057205
5.971993,1.057209
5.972303,1.057212
5.972613,1.057216
5.972922,1.057220
5.973232,1.057225
5.973542,1.057228
5.973852,1.057232
5.974162,1.057235
5.974472,1.057239
5.974782,1.057243
5.975092,1.057247
5.975402,1.057250
5.975712,1.057255
5.976022,1.057257
5.976332,1.057261
5.976642,1.057265
5.976951,1.057269
5.977261,1.057272
5.977571,1.057277
5.977881,1.057280
5.978191,1.057283
5.978501,1.057288
5.978811,1.057290
5.979121,1.057294
5.979431,1.057298
5.979741,1.057302
5.980051,1.057306
5.980361,1.057309
5.980671,1.057313
5.980981,1.057317
5.981290,1.057321
5.981600,1.057325
5.981910,1.057329
5.982220,1.057331
5.982530,1.057335
5.982840,1.057340
5.983150,1.057343
5.983460,1.057346
5.983770,1.057351
5.984080,1.057354
5.984390,1.057358
5.984700,1.057362
5.985010,1.057366
5.985320,1.057369
5.985629,1.057372
5.985939,1.057377
5.986249,1.057381
5.986559,1.057385
5.986869,1.057388
5.987179,1.057391
5.987489,1.057394
5.987799,1.057399
5.988109,1.057403
5.988419,1.057407
5.988729,1.057411
5.989039,1.057413
5.989349,1.057418
5.989658,1.057421
5.989968,1.057424
5.990278,1.057429
5.990588,1.057432
5.990898,1.057436
5.991208,1.057440
5.991518,1.057443
5.991828,1.057446
5.992138,1.057452
5.992448,1.057454
5.992758,1.057458
5.993068,1.057462
5.993378,1.057466
5.993688,1.057470
5.993997,1.057474
5.994307,1.057478
5.994617,1.057480
5.994927,1.057484
5.995237,1.057488
5.995547,1.057492
5.995857,1.057495
5.996167,1.057499
5.996477,1.057502
5.996787,1.057507
5.997097,1.057510
5.997407,1.057513
5.997717,1.057517
5.998027,1.057522
5.998336,1.057525
5.998646,1.057528
5.998956,1.057533
5.999266,1.057535
5.999576,1.057540
5.999886,1.057542
6.000196,1.057548
6.000506,1.057551
6.000816,1.057554
6.001126,1.057558
6.001436,1.057562
6.001746,1.057565
6.002056,1.057568
6.002365,1.057573
6.002675,1.057576
6.002985,1.057580
6.003295,1.057584
6.003605,1.057588
6.003915,1.057592
6.004225,1.057596
6.004535,1.057598
6.004845,1.057602
6.005155,1.057606
6.005465,1.057610
6.005775,1.057614
6.006085,1.057617
6.006395,1.057621
6.006704,1.057625
6.007014,1.057627
6.007324,1.057632
6.007634,1.057635
6.007944,1.057639
6.008254,1.057643
6.008564,1.057646
6.008874,1.057651
6.009184,1.057655
6.009494,1.057657
6.009804,1.057660
6.010114,1.057665
6.010424,1.057668
6.010734,1.057672
6.011043,1.057675
6.011353,1.057680
6.011663,1.057682
6.011973,1.057686
6.012283,1.057691
6.012593,1.057694
6.012903,1.057698
6.013213,1.057701
6.013523,1.057705
6.013833,1.057708
6.014143,1.057712
6.014453,1.057716
6.014763,1.057719
6.015073,1.057723
6.015382,1.057728
6.015692,1.057730
6.016002,1.057734
6.016312,1.057738
6.016622,1.057742
6.016932,1.057745
6.017242,1.057750
6.017552,1.057752
6.017862,1.057757
6.018172,1.057760
6.018482,1.057764
6.018792,1.057768
6.019102,1.057770
6.019411,1.057774
6.019721,1.057778
6.020031,1.057782
6.020341,1.057785
6.020651,1.057789
6.020961,1.057794
6.021271,1.057796
6.021581,1.057801
6.021891,1.057804
6.022201,1.057807
6.022511,1.057811
6.022821,1.057814
6.023131,1.057819
6.023441,1.057822
6.023750,1.057826
6.024060,1.057829
6.024370,1.057833
6.024680,1.057837
6.024990,1.057840
6.025300,1.057843
6.025610,1.057848
6.025920,1.057851
6.026230,1.057855
6.026540,1.057858
6.026850,1.057861
6.027160,1.057865
6.027470,1.057869
6.027780,1.057873
6.028089,1.057877
6.028399,1.057880
6.028709,1.057884
6.029019,1.057888
6.029329,1.057891
6.029639,1.057896
6.029949,1.057899
6.030259,1.057903
6.030569,1.057906
6.030879,1.057910
6.031189,1.057913
6.031499,1.057917
6.031809,1.057920
6.032118,1.057924
6.032428,1.057929
6.032738,1.057931
6.033048,1.057935
6.033358,1.057938
6.033668,1.057943
6.033978,1.057946
6.034288,1.057950
6.034598,1.057954
6.034908,1.057957
6.035218,1.057960
6.035528,1.057965
6.035838,1.057968
6.036148,1.057971
6.036457,1.057975
6.036767,1.057979
6.037077,1.057982
6.037387,1.057985
6.037697,1.057990
6.038007,1.057993
6.038317,1.057996
6.038627,1.058000
6.038937,1.058004
6.039247,1.058007
6.039557,1.058011
6.039867,1.058015
6.040177,1.058018
6.040487,1.058022
6.040796,1.058025
6.041106,1.058030
6.041416,1.058032
6.041726,1.058037
6.042036,1.058040
6.042346,1.058044
6.042656,1.058047
6.042966,1.058051
6.043276,1.058055
6.043586,1.058059
6.043896,1.058063
6.044206,1.058065
6.044516,1.058069
6.044825,1.058073
6.045135,1.058077
6.045445,1.058081
6.045755,1.058084
6.046065,1.058088
6.046375,1.058091
6.046685,1.058094
6.046995,1.058099
6.047305,1.058101
6.047615,1.058106
6.047925,1.058109
6.048235,1.058113
6.048545,1.058115
6.048855,1.058120
6.049164,1.058124
6.049474,1.058128
6.049784,1.058131
6.050094,1.058134
6.050404,1.058138
6.050714,1.058141
6.051024,1.058145
6.051334,1.058149
6.051644,1.058152
6.051954,1.058156
6.052264,1.058160
6.052574,1.058163
6.052884,1.058166
6.053194,1.058171
6.053503,1.058174
6.053813,1.058178
6.054123,1.058182
6.054433,1.058184
6.054743,1.058188
6.055053,1.058193
6.055363,1.058195
6.055673,1.058199
6.055983,1.058202
6.056293,1.058206
6.056603,1.058211
6.056913,1.058215
6.057223,1.058218
6.057533,1.058222
6.057842,1.058224
6.058152,1.058229
6.058462,1.058232
6.058772,1.058235
6.059082,1.058238
6.059392,1.058242
6.059702,1.058246
6.060012,1.058249
6.060322,1.058254
6.060632,1.058257
6.060942,1.058261
6.061252,1.058264
6.061562,1.058268
6.061871,1.058271
6.062181,1.058275
6.062491,1.058279
6.062801,1.058282
6.063111,1.058286
6.063421,1.058290
6.063731,1.058292
6.064041,1.058297
6.064351,1.058300
6.064661,1.058303
6.064971,1.058307
6.065281,1.058310
6.065591,1.058314
6.065901,1.058318
6.066210,1.058321
6.066520,1.058326
6.066830,1.058329
6.067140,1.058332
6.067450,1.058337
6.067760,1.058340
6.068070,1.058344
6.068380,1.058346
6.068690,1.058349
6.069000,1.058354
6.069310,1.058357
6.069620,1.058360
6.069930,1.058365
6.070240,1.058368
6.070549,1.058372
6.070859,1.058376
6.071169,1.058379
6.071479,1.058382
6.071789,1.058385
6.072099,1.058390
6.072409,1.058394
6.072719,1.058397
6.073029,1.058400
6.073339,1.058403
6.073649,1.058408
6.073959,1.058411
6.074269,1.058414
6.074578,1.058418
6.074888,1.058423
6.075198,1.058426
6.075508,1.058429
6.075818,1.058433
6.076128,1.058436
6.076438,1.058440
6.076748,1.058444
6.077058,1.058447
6.077368,1.058451
6.077678,1.058455
6.077988,1.058457
6.078298,1.058461
6.078608,1.058465
6.078917,1.058468
6.079227,1.058472
6.079537,1.058475
6.079847,1.058479
6.080157,1.058482
6.080467,1.058487
6.080777,1.058489
6.081087,1.058493
6.081397,1.058497
6.081707,1.058500
6.082017,1.058503
6.082327,1.058507
6.082637,1.058510
6.082947,1.058515
6.083256,1.058518
6.083566,1.058521
6.083876,1.058525
6.084186,1.058528
6.084496,1.058532
6.084806,1.058536
6.085116,1.058540
6.085426,1.058543
6.085736,1.058547
6.086046,1.058550
6.086356,1.058553
6.086666,1.058556
6.086976,1.058561
6.087285,1.058563
6.087595,1.058567
6.087905,1.058571
6.088215,1.058575
6.088525,1.058578
6.088835,1.058582
6.089145,1.058585
6.089455,1.058589
6.089765,1.058592
6.090075,1.058595
6.090385,1.058600
6.090695,1.058603
6.091005,1.058607
6.091315,1.058610
6.091624,1.058614
6.091934,1.058617
6.092244,1.058621
6.092554,1.058624
6.092864,1.058627
6.093174,1.058632
6.093484,1.058635
6.093794,1.058639
6.094104,1.058642
6.094414,1.058645
6.094724,1.058649
6.095034,1.058653
6.095344,1.058656
6.095654,1.058660
6.095963,1.058664
6.096273,1.058667
6.096583,1.058671
6.096893,1.058674
6.097203,1.058678
6.097513,1.058681
6.097823,1.058684
6.098133,1.058688
6.098443,1.058692
6.098753,1.058695
6.099063,1.058699
6.099373,1.058702
6.099683,1.058706
6.099992,1.058709
6.100302,1.058714
6.100612,1.058717
6.100922,1.058720
6.101232,1.058723
6.101542,1.058727
6.101852,1.058731
6.102162,1.058735
6.102472,1.058738
6.102782,1.058740
6.103092,1.058745
6.103402,1.058747
6.103712,1.058751
6.104022,1.058755
6.104331,1.058759
6.104641,1.058762
6.104951,1.058765
6.105261,1.058769
6.105571,1.058771
6.105881,1.058776
6.106191,1.058780
6.106501,1.058784
6.106811,1.058787
6.107121,1.058790
6.107431,1.058793
6.107741,1.058797
6.108051,1.058800
6.108361,1.058805
6.108670,1.058807
6.108980,1.058811
6.109290,1.058815
6.109600,1.058818
6.109910,1.058821
6.110220,1.058825
6.110530,1.058828
6.110840,1.058832
6.111150,1.058836
6.111460,1.058840
6.111770,1.058843
6.112080,1.058847
6.112390,1.058850
6.112700,1.058854
6.113009,1.058857
6.113319,1.058860
6.113629,1.058864
6.113939,1.058867
6.114249,1.058871
6.114559,1.058875
6.114869,1.058878
6.115179,1.058881
6.115489,1.058885
6.115799,1.058888
6.116109,1.058891
6.116419,1.058897
6.116729,1.058899
6.117038,1.058903
6.117348,1.058906
6.117658,1.058910
6.117968,1.058912
6.118278,1.058917
6.118588,1.058918
6.118898,1.058923
6.119208,1.058927
6.119518,1.058930
6.119828,1.058934
6.120138,1.058938
6.120448,1.058942
6.120758,1.058946
6.121068,1.058948
6.121377,1.058951
6.121687,1.058954
6.121997,1.058958
6.122307,1.058963
6.122617,1.058966
6.122927,1.058968
6.123237,1.058972
6.123547,1.058976
6.123857,1.058979
6.124167,1.058982
6.124477,1.058986
6.124787,1.058989
6.125097,1.058994
6.125407,1.058997
6.125716,1.059000
6.126026,1.059003
6.126336,1.059007
6.126646,1.059011
6.126956,1.059015
6.127266,1.059018
6.127576,1.059021
6.127886,1.059025
6.128196,1.059028
6.128506,1.059032
6.128816,1.059035
6.129126,1.059039
6.129436,1.059043
6.129745,1.059046
6.130055,1.059051
6.130365,1.059053
6.130675,1.059057
6.130985,1.059060
6.131295,1.059063
6.131605,1.059067
6.131915,1.059070
6.132225,1.059073
6.132535,1.059077
6.132845,1.059081
6.133155,1.059085
6.133465,1.059088
6.133775,1.059090
6.134084,1.059095
6.134394,1.059098
6.134704,1.059102
6.135014,1.059105
6.135324,1.059109
6.135634,1.059112
6.135944,1.059116
6.136254,1.059118
6.136564,1.059123
6.136874,1.059125
6.137184,1.059129
6.137494,1.059132
6.137804,1.059135
6.138114,1.059139
6.138423,1.059143
6.138733,1.059146
6.139043,1.059149
6.139353,1.059152
6.139663,1.059157
6.139973,1.059160
6.140283,1.059164
6.140593,1.059167
6.140903,1.059172
6.141213,1.059175
6.141523,1.059177
6.141833,1.059182
6.142143,1.059185
6.142452,1.059188
6.142762,1.059192
6.143072,1.059195
6.143382,1.059198
6.143692,1.059202
6.144002,1.059206
6.144312,1.059209
6.144622,1.059212
6.144932,1.059216
6.145242,1.059220
6.145552,1.059222
6.145862,1.059226
6.146172,1.059229
6.146482,1.059232
6.146791,1.059236
6.147101,1.059240
6.147411,1.059244
6.147721,1.059246
6.148031,1.059250
6.148341,1.059253
6.148651,1.059256
6.148961,1.059259
6.149271,1.059265
6.149581,1.059268
6.149891,1.059271
6.150201,1.059274
6.150511,1.059279
6.150821,1.059281
6.151130,1.059284
6.151440,1.059288
6.151750,1.059291
6.152060,1.059295
6.152370,1.059300
6.152680,1.059302
6.152990,1.059306
6.153300,1.059310
6.153610,1.059312
6.153920,1.059315
6.154230,1.059319
6.154540,1.059323
6.154850,1.059326
6.155160,1.059330
6.155469,1.059333
6.155779,1.059336
6.156089,1.059339
6.156399,1.059344
6.156709,1.059346
6.157019,1.059350
6.157329,1.059353
6.157639,1.059356
6.157949,1.059360
6.158259,1.059364
6.158569,1.059368
6.158879,1.059372
6.159189,1.059374
6.159498,1.059377
6.159808,1.059381
6.160118,1.059384
6.160428,1.059388
6.160738,1.059392
6.161048,1.059394
6.161358,1.059398
6.161668,1.059401
6.161978,1.059405
6.162288,1.059408
6.162598,1.059412
6.162908,1.059414
6.163218,1.059419
6.163528,1.059422
6.163837,1.059425
6.164147,1.059428
6.164457,1.059432
6.164767,1.059436
6.165077,1.059439
6.165387,1.059443
6.165697,1.059445
6.166007,1.059449
6.166317,1.059453
6.166627,1.059457
6.166937,1.059460
6.167247,1.059464
6.167557,1.059467
6.167867,1.059470
6.168176,1.059474
6.168486,1.059477
6.168796,1.059479
6.169106,1.059483
6.169416,1.059487
6.169726,1.059491
6.170036,1.059493
6.170346,1.059497
6.170656,1.059500
6.170966,1.059504
6.171276,1.059508
6.171586,1.059511
6.171896,1.059514
6.172205,1.059518
6.172515,1.059522
6.172825,1.059525
6.173135,1.059529
6.173445,1.059533
6.173755,1.059534
6.174065,1.059538
6.174375,1.059542
6.174685,1.059545
6.174995,1.059549
6.175305,1.059551
6.175615,1.059556
6.175925,1.059558
6.176235,1.059563
6.176544,1.059566
6.176854,1.059569
6.177164,1.059573
6.177474,1.059576
6.177784,1.059580
6.178094,1.059582
6.178404,1.059586
6.178714,1.059589
6.179024,1.059594
6.179334,1.059597
6.179644,1.059600
6.179954,1.059603
6.180264,1.059607
6.180574,1.059611
6.180883,1.059613
6.181193,1.059617
6.181503,1.059621
6.181813,1.059624
6.182123,1.059627
6.182433,1.059630
6.182743,1.059634
6.183053,1.059637
6.183363,1.059640
6.183673,1.059644
6.183983,1.059648
6.184293,1.059651
6.184603,1.059655
6.184912,1.059657
6.185222,1.059660
6.185532,1.059665
6.185842,1.059668
6.186152,1.059671
6.186462,1.059674
6.186772,1.059678
6.187082,1.059681
6.187392,1.059684
6.187702,1.059687
6.188012,1.059691
6.188322,1.059694
6.188632,1.059699
6.188942,1.059702
6.189251,1.059704
6.189561,1.059709
6.189871,1.059711
6.190181,1.059715
6.190491,1.059718
6.190801,1.059721
6.191111,1.059726
6.191421,1.059729
6.191731,1.059732
6.192041,1.059736
6.192351,1.059739
6.192661,1.059743
6.192971,1.059746
6.193281,1.059749
6.193590,1.059753
6.193900,1.059755
6.194210,1.059759
6.194520,1.059763
6.194830,1.059766
6.195140,1.059769
6.195450,1.059773
6.195760,1.059776
6.196070,1.059779
6.196380,1.059783
6.196690,1.059785
6.197000,1.059790
6.197310,1.059793
6.197620,1.059796
6.197929,1.059800
6.198239,1.059803
6.198549,1.059806
6.198859,1.059810
6.199169,1.059813
6.199479,1.059817
6.199789,1.059819
6.200099,1.059823
6.200409,1.059826
6.200719,1.059830
6.201029,1.059833
6.201339,1.059837
6.201649,1.059840
6.201958,1.059843
6.202268,1.059847
6.202578,1.059851
6.202888,1.059853
6.203198,1.059857
6.203508,1.059860
6.203818,1.059863
6.204128,1.059867
6.204438,1.059871
6.204748,1.059873
6.205058,1.059877
6.205368,1.059880
6.205678,1.059884
6.205988,1.059887
6.206297,1.059890
6.206607,1.059895
6.206917,1.059897
6.207227,1.059901
6.207537,1.059904
6.207847,1.059907
6.208157,1.059910
6.208467,1.059914
6.208777,1.059917
6.209087,1.059921
6.209397,1.059924
6.209707,1.059927
6.210017,1.059931
6.210327,1.059934
6.210636,1.059937
6.210946,1.059941
6.211256,1.059944
6.211566,1.059948
6.211876,1.059951
6.212186,1.059955
6.212496,1.059957
6.212806,1.059961
6.213116,1.059964
6.213426,1.059968
6.213736,1.059970
6.214046,1.059974
6.214356,1.059978
6.214665,1.059980
6.214975,1.059985
6.215285,1.059988
6.215595,1.059991
6.215905,1.059994
6.216215,1.059998
6.216525,1.060000
6.216835,1.060005
6.217145,1.060008
6.217455,1.060011
6.217765,1.060015
6.218075,1.060018
6.218385,1.060021
6.218695,1.060024
6.219004,1.060028
6.219314,1.060031
6.219624,1.060034
6.219934,1.060039
6.220244,1.060041
6.220554,1.060044
6.220864,1.060047
6.221174,1.060051
6.221484,1.060055
6.221794,1.060058
6.222104,1.060061
6.222414,1.060065
6.222724,1.060068
6.223034,1.060071
6.223343,1.060075
6.223653,1.060078
6.223963,1.060081
6.224273,1.060084
6.224583,1.060088
6.224893,1.060091
6.225203,1.060095
6.225513,1.060098
6.225823,1.060101
6.226133,1.060104
6.226443,1.060108
6.226753,1.060112
6.227063,1.060114
6.227372,1.060117
6.227682,1.060122
6.227992,1.060124
6.228302,1.060128
6.228612,1.060131
6.228922,1.060134
6.229232,1.060137
6.229542,1.060142
6.229852,1.060144
6.230162,1.060148
6.230472,1.060152
6.230782,1.060153
6.231092,1.060157
6.231402,1.060161
6.231711,1.060165
6.232021,1.060166
6.232331,1.060171
6.232641,1.060174
6.232951,1.060177
6.233261,1.060182
6.233571,1.060183
6.233881,1.060187
6.234191,1.060192
6.234501,1.060194
6.234811,1.060198
6.235121,1.060201
6.235431,1.060204
6.235741,1.060206
6.236050,1.060210
6.236360,1.060214
6.236670,1.060217
6.236980,1.060221
6.237290,1.060224
6.237600,1.060227
6.237910,1.060230
6.238220,1.060234
6.238530,1.060237
6.238840,1.060242
6.239150,1.060244
6.239460,1.060247
6.239770,1.060251
6.240080,1.060253
6.240389,1.060257
6.240699,1.060261
6.241009,1.060264
6.241319,1.060267
6.241629,1.060269
6.241939,1.060274
6.242249,1.060278
6.242559,1.060279
6.242869,1.060283
6.243179,1.060286
6.243489,1.060291
6.243799,1.060293
6.244109,1.060297
6.244418,1.060300
6.244728,1.060303
6.245038,1.060306
6.245348,1.060310
6.245658,1.060313
6.245968,1.060316
6.246278,1.060320
6.246588,1.060323
6.246898,1.060326
6.247208,1.060329
6.247518,1.060332
6.247828,1.060336
6.248138,1.060340
6.248448,1.060343
6.248757,1.060345
6.249067,1.060350
6.249377,1.060352
6.249687,1.060356
6.249997,1.060359
6.250307,1.060362
6.250617,1.060366
6.250927,1.060369
6.251237,1.060373
6.251547,1.060375
6.251857,1.060379
6.252167,1.060382
6.252477,1.060386
6.252787,1.060388
6.253096,1.060392
6.253406,1.060396
6.253716,1.060398
6.254026,1.060402
6.254336,1.060405
6.254646,1.060408
6.254956,1.060411
6.255266,1.060415
6.255576,1.060418
6.255886,1.060422
6.256196,1.060425
6.256506,1.060428
6.256816,1.060432
6.257125,1.060434
6.257435,1.060438
6.257745,1.060441
6.258055,1.060444
6.258365,1.060447
6.258675,1.060451
6.258985,1.060454
6.259295,1.060457
6.259605,1.060461
6.259915,1.060464
6.260225,1.060467
6.260535,1.060471
6.260845,1.060473
6.261155,1.060476
6.261464,1.060480
6.261774,1.060484
6.262084,1.060487
6.262394,1.060490
6.262704,1.060494
6.263014,1.060497
6.263324,1.060499
6.263634,1.060503
6.263944,1.060507
6.264254,1.060509
6.264564,1.060513
6.264874,1.060516
6.265184,1.060520
6.265494,1.060523
6.265803,1.060526
6.266113,1.060529
6.266423,1.060533
6.266733,1.060536
6.267043,1.060539
6.267353,1.060542
6.267663,1.060546
6.267973,1.060549
6.268283,1.060551
6.268593,1.060556
6.268903,1.060559
6.269213,1.060563
6.269523,1.060565
6.269832,1.060570
6.270142,1.060571
6.270452,1.060575
6.270762,1.060578
6.271072,1.060582
6.271382,1.060585
6.271692,1.060588
6.272002,1.060591
6.272312,1.060594
6.272622,1.060597
6.272932,1.060601
6.273242,1.060604
6.273552,1.060608
6.273862,1.060610
6.274171,1.060614
6.274481,1.060616
6.274791,1.060621
6.275101,1.060624
6.275411,1.060627
6.275721,1.060630
6.276031,1.060633
6.276341,1.060637
6.276651,1.060639
6.276961,1.060643
6.277271,1.060646
6.277581,1.060650
6.277891,1.060653
6.278201,1.060656
6.278510,1.060659
6.278820,1.060662
6.279130,1.060665
6.279440,1.060670
6.279750,1.060672
6.280060,1.060675
6.280370,1.060679
6.280680,1.060682
6.280990,1.060686
6.281300,1.060688
6.281610,1.060692
6.281920,1.060696
6.282230,1.060698
6.282540,1.060701
6.282849,1.060704
6.283159,1.060707
6.283469,1.060712
6.283779,1.060715
6.284089,1.060718
6.284399,1.060721
6.284709,1.060723
6.285019,1.060727
6.285329,1.060732
6.285639,1.060734
6.285949,1.060737
6.286259,1.060741
6.286569,1.060743
6.286878,1.060746
6.287188,1.060749
6.287498,1.060753
6.287808,1.060757
6.288118,1.060759
6.288428,1.060763
6.288738,1.060765
6.289048,1.060769
6.289358,1.060771
6.289668,1.060776
6.289978,1.060779
6.290288,1.060782
6.290598,1.060785
6.290908,1.060789
6.291217,1.060792
6.291527,1.060794
6.291837,1.060799
6.292147,1.060801
6.292457,1.060804
6.292767,1.060808
6.293077,1.060811
6.293387,1.060814
6.293697,1.060818
6.294007,1.060821
6.294317,1.060824
6.294627,1.060827
6.294937,1.060830
6.295247,1.060833
6.295556,1.060836
6.295866,1.060840
6.296176,1.060843
6.296486,1.060847
6.296796,1.060850
6.297106,1.060853
6.297416,1.060855
6.297726,1.060860
6.298036,1.060862
6.298346,1.060866
6.298656,1.060869
6.298966,1.060873
6.299276,1.060876
6.299585,1.060879
6.299895,1.060883
6.300205,1.060884
6.300515,1.060888
6.300825,1.060892
6.301135,1.060895
6.301445,1.060898
6.301755,1.060901
6.302065,1.060905
6.302375,1.060907
6.302685,1.060911
6.302995,1.060914
6.303305,1.060916
6.303615,1.060920
6.303924,1.060923
6.304234,1.060927
6.304544,1.060930
6.304854,1.060932
6.305164,1.060937
6.305474,1.060940
6.305784,1.060943
6.306094,1.060946
6.306404,1.060949
6.306714,1.060953
6.307024,1.060955
6.307334,1.060959
6.307644,1.060963
6.307954,1.060966
6.308263,1.060968
6.308573,1.060971
6.308883,1.060975
6.309193,1.060979
6.309503,1.060982
6.309813,1.060985
6.310123,1.060988
6.310433,1.060990
6.310743,1.060994
6.311053,1.060997
6.311363,1.061001
6.311673,1.061004
6.311983,1.061006
6.312292,1.061010
6.312602,1.061014
6.312912,1.061017
6.313222,1.061019
6.313532,1.061024
6.313842,1.061026
6.314152,1.061028
6.314462,1.061032
6.314772,1.061036
6.315082,1.061039
6.315392,1.061041
6.315702,1.061044
6.316012,1.061048
6.316322,1.061051
6.316631,1.061054
6.316941,1.061057
6.317251,1.061062
6.317561,1.061064
6.317871,1.061067
6.318181,1.061070
6.318491,1.061074
6.318801,1.061075
6.319111,1.061079
6.319421,1.061083
6.319731,1.061085
6.320041,1.061090
6.320351,1.061093
6.320661,1.061095
6.320970,1.061099
6.321280,1.061103
6.321590,1.061106
6.321900,1.061109
6.322210,1.061111
6.322520,1.061115
6.322830,1.061118
6.323140,1.061121
6.323450,1.061126
6.323760,1.061128
6.324070,1.061130
6.324380,1.061134
6.324690,1.061136
6.324999,1.061140
6.325309,1.061143
6.325619,1.061146
6.325929,1.061150
6.326239,1.061152
6.326549,1.061156
6.326859,1.061159
6.327169,1.061162
6.327479,1.061165
6.327789,1.061169
6.328099,1.061172
6.328409,1.061176
6.328719,1.061179
6.329029,1.061180
6.329338,1.061185
6.329648,1.061187
6.329958,1.061190
6.330268,1.061194
6.330578,1.061197
6.330888,1.061200
6.331198,1.061204
6.331508,1.061207
6.331818,1.061209
6.332128,1.061213
6.332438,1.061215
6.332748,1.061220
6.333058,1.061222
6.333368,1.061225
6.333677,1.061229
6.333987,1.061232
6.334297,1.061236
6.334607,1.061238
6.334917,1.061242
6.335227,1.061245
6.335537,1.061247
6.335847,1.061251
6.336157,1.061254
6.336467,1.061257
6.336777,1.061261
6.337087,1.061264
6.337397,1.061267
6.337707,1.061269
6.338016,1.061273
6.338326,1.061276
6.338636,1.061278
6.338946,1.061282
6.339256,1.061286
6.339566,1.061289
6.339876,1.061291
6.340186,1.061294
6.340496,1.061299
6.340806,1.061301
6.341116,1.061304
6.341426,1.061307
6.341736,1.061310
6.342045,1.061313
6.342355,1.061316
6.342665,1.061320
6.342975,1.061324
6.343285,1.061326
6.343595,1.061329
6.343905,1.061332
6.344215,1.061337
6.344525,1.061339
6.344835,1.061342
6.345145,1.061346
6.345455,1.061348
6.345765,1.061352
6.346075,1.061355
6.346384,1.061356
6.346694,1.061360
6.347004,1.061364
6.347314,1.061367
6.347624,1.061371
6.347934,1.061374
6.348244,1.061376
6.348554,1.061380
6.348864,1.061382
6.349174,1.061386
6.349484,1.061389
6.349794,1.061392
6.350104,1.061395
6.350414,1.061398
6.350723,1.061401
6.351033,1.061405
6.351343,1.061407
6.351653,1.061411
6.351963,1.061414
6.352273,1.061417
6.352583,1.061420
6.352893,1.061424
6.353203,1.061427
6.353513,1.061429
6.353823,1.061432
6.354133,1.061437
6.354443,1.061439
6.354752,1.061442
6.355062,1.061445
6.355372,1.061448
6.355682,1.061451
6.355992,1.061455
6.356302,1.061458
6.356612,1.061461
6.356922,1.061462
6.357232,1.061467
6.357542,1.061469
6.357852,1.061474
6.358162,1.061476
6.358472,1.061479
6.358782,1.061482
6.359091,1.061486
6.359401,1.061489
6.359711,1.061491
6.360021,1.061495
6.360331,1.061498
6.360641,1.061501
6.360951,1.061504
6.361261,1.061507
6.361571,1.061511
6.361881,1.061514
6.362191,1.061517
6.362501,1.061520
6.362811,1.061523
6.363121,1.061526
6.363430,1.061530
6.363740,1.061532
6.364050,1.061536
6.364360,1.061539
6.364670,1.061541
6.364980,1.061545
6.365290,1.061549
6.365600,1.061551
6.365910,1.061554
6.366220,1.061556
6.366530,1.061561
6.366840,1.061563
6.367150,1.061566
6.367459,1.061569
6.367769,1.061573
6.368079,1.061575
6.368389,1.061579
6.368699,1.061582
6.369009,1.061586
6.369319,1.061588
6.369629,1.061592
6.369939,1.061594
6.370249,1.061597
6.370559,1.061601
6.370869,1.061603
6.371179,1.061607
6.371489,1.061611
6.371798,1.061613
6.372108,1.061616
6.372418,1.061619
6.372728,1.061622
6.373038,1.061625
6.373348,1.061628
6.373658,1.061632
6.373968,1.061634
6.374278,1.061637
6.374588,1.061641
6.374898,1.061645
6.375208,1.061646
6.375518,1.061650
6.375828,1.061653
6.376137,1.061656
6.376447,1.061659
6.376757,1.061662
6.377067,1.061665
6.377377,1.061668
6.377687,1.061672
6.377997,1.061674
6.378307,1.061679
6.378617,1.061680
6.378927,1.061684
6.379237,1.061687
6.379547,1.061690
6.379857,1.061693
6.380167,1.061697
6.380476,1.061699
6.380786,1.061702
6.381096,1.061706
6.381406,1.061709
6.381716,1.061712
6.382026,1.061714
6.382336,1.061717
6.382646,1.061721
6.382956,1.061724
6.383266,1.061727
6.383576,1.061729
6.383886,1.061733
6.384196,1.061737
6.384505,1.061739
6.384815,1.061742
6.385125,1.061746
6.385435,1.061749
6.385745,1.061751
6.386055,1.061754
6.386365,1.061758
6.386675,1.061761
6.386985,1.061764
6.387295,1.061767
6.387605,1.061770
6.387915,1.061773
6.388225,1.061776
6.388535,1.061780
6.388844,1.061782
6.389154,1.061785
6.389464,1.061788
6.389774,1.061792
6.390084,1.061795
6.390394,1.061798
6.390704,1.061801
6.391014,1.061804
6.391324,1.061807
6.391634,1.061811
6.391944,1.061813
6.392254,1.061816
6.392564,1.061819
6.392874,1.061822
6.393183,1.061825
6.393493,1.061829
6.393803,1.061831
6.394113,1.061834
6.394423,1.061837
6.394733,1.061840
6.395043,1.061843
6.395353,1.061846
6.395663,1.061850
6.395973,1.061854
6.396283,1.061856
6.396593,1.061858
6.396903,1.061862
6.397212,1.061865
6.397522,1.061867
6.397832,1.061870
6.398142,1.061874
6.398452,1.061878
6.398762,1.061881
6.399072,1.061883
6.399382,1.061885
6.399692,1.061890
6.400002,1.061893
6.400312,1.061895
6.400622,1.061898
6.400932,1.061902
6.401242,1.061905
6.401551,1.061907
6.401861,1.061911
6.402171,1.061913
6.402481,1.061917
6.402791,1.061920
6.403101,1.061923
6.403411,1.061926
6.403721,1.061929
6.404031,1.061932
6.404341,1.061935
6.404651,1.061937
6.404961,1.061942
6.405271,1.061944
6.405581,1.061947
6.405890,1.061950
6.406200,1.061954
6.406510,1.061956
6.406820,1.061960
6.407130,1.061963
6.407440,1.061966
6.407750,1.061969
6.408060,1.061972
6.408370,1.061975
6.408680,1.061978
6.408990,1.061981
6.409300,1.061984
6.409610,1.061987
6.409919,1.061989
6.410229,1.061993
6.410539,1.061996
6.410849,1.061999
6.411159,1.062001
6.411469,1.062005
6.411779,1.062008
6.412089,1.062011
6.412399,1.062014
6.412709,1.062017
6.413019,1.062020
6.413329,1.062023
6.413639,1.062026
6.413949,1.062029
6.414258,1.062032
6.414568,1.062035
6.414878,1.062038
6.415188,1.062041
6.415498,1.062045
6.415808,1.062048
6.416118,1.062051
6.416428,1.062053
6.416738,1.062056
6.417048,1.062060
6.417358,1.062063
6.417668,1.062065
6.417978,1.062068
6.418288,1.062073
6.418597,1.062075
6.418907,1.062078
6.419217,1.062080
6.419527,1.062084
6.419837,1.062087
6.420147,1.062089
6.420457,1.062092
6.420767,1.062096
6.421077,1.062099
6.421387,1.062101
6.421697,1.062105
6.422007,1.062108
6.422317,1.062110
6.422627,1.062114
6.422936,1.062117
6.423246,1.062119
6.423556,1.062123
6.423866,1.062126
6.424176,1.062129
6.424486,1.062131
6.424796,1.062135
6.425106,1.062138
6.425416,1.062140
6.425726,1.062144
6.426036,1.062147
6.426346,1.062150
6.426656,1.062154
6.426965,1.062156
6.427275,1.062159
6.427585,1.062162
6.427895,1.062164
6.428205,1.062168
6.428515,1.062171
6.428825,1.062173
6.429135,1.062177
6.429445,1.062180
6.429755,1.062182
6.430065,1.062185
6.430375,1.062189
6.430685,1.062192
6.430995,1.062194
6.431304,1.062198
6.431614,1.062201
6.431924,1.062205
6.432234,1.062207
6.432544,1.062210
6.432854,1.062213
6.433164,1.062216
6.433474,1.062219
6.433784,1.062221
6.434094,1.062225
6.434404,1.062229
6.434714,1.062231
6.435024,1.062234
6.435334,1.062237
6.435643,1.062240
6.435953,1.062242
6.436263,1.062246
6.436573,1.062249
6.436883,1.062251
6.437193,1.062255
6.437503,1.062258
6.437813,1.062260
6.438123,1.062264
6.438433,1.062267
6.438743,1.062270
6.439053,1.062273
6.439363,1.062275
6.439672,1.062279
6.439982,1.062282
6.440292,1.062285
6.440602,1.062288
6.440912,1.062290
6.441222,1.062294
6.441532,1.062297
6.441842,1.062300
6.442152,1.062302
6.442462,1.062306
6.442772,1.062308
6.443082,1.062311
6.443392,1.062314
6.443702,1.062318
6.444011,1.062321
6.444321,1.062324
6.444631,1.062326
6.444941,1.062330
6.445251,1.062332
6.445561,1.062336
6.445871,1.062338
6.446181,1.062341
6.446491,1.062344
6.446801,1.062347
6.447111,1.062350
6.447421,1.062353
6.447731,1.062356
6.448041,1.062359
6.448350,1.062363
6.448660,1.062365
6.448970,1.062368
6.449280,1.062371
6.449590,1.062374
6.449900,1.062377
6.450210,1.062379
6.450520,1.062383
6.450830,1.062385
6.451140,1.062389
6.451450,1.062392
6.451760,1.062394
6.452070,1.062397
6.452379,1.062400
6.452689,1.062404
6.452999,1.062407
6.453309,1.062409
6.453619,1.062412
6.453929,1.062416
6.454239,1.062418
6.454549,1.062421
6.454859,1.062424
6.455169,1.062427
6.455479,1.062430
6.455789,1.062432
6.456099,1.062435
6.456409,1.062440
6.456718,1.062442
6.457028,1.062446
6.457338,1.062449
6.457648,1.062451
6.457958,1.062454
6.458268,1.062457
6.458578,1.062460
6.458888,1.062462
6.459198,1.062467
6.459508,1.062469
6.459818,1.062472
6.460128,1.062474
6.460438,1.062478
6.460748,1.062481
6.461057,1.062483
6.461367,1.062487
6.461677,1.062490
6.461987,1.062492
6.462297,1.062496
6.462607,1.062498
6.462917,1.062501
6.463227,1.062504
6.463537,1.062507
6.463847,1.062510
6.464157,1.062513
6.464467,1.062516
6.464777,1.062519
6.465087,1.062522
6.465396,1.062524
6.465706,1.062528
6.466016,1.062530
6.466326,1.062534
6.466636,1.062536
6.466946,1.062540
6.467256,1.062543
6.467566,1.062546
6.467876,1.062549
6.468186,1.062551
6.468496,1.062555
6.468806,1.062557
6.469116,1.062560
6.469425,1.062563
6.469735,1.062566
6.470045,1.062568
6.470355,1.062572
6.470665,1.062575
6.470975,1.062578
6.471285,1.062581
6.471595,1.062583
6.471905,1.062587
6.472215,1.062589
6.472525,1.062593
6.472835,1.062595
6.473145,1.062598
6.473455,1.062602
6.473764,1.062605
6.474074,1.062608
6.474384,1.062609
6.474694,1.062613
6.475004,1.062617
6.475314,1.062619
6.475624,1.062622
6.475934,1.062624
6.476244,1.062628
6.476554,1.062631
6.476864,1.062634
6.477174,1.062636
6.477484,1.062640
6.477794,1.062643
6.478103,1.062644
6.478413,1.062648
6.478723,1.062650
6.479033,1.062654
6.479343,1.062656
6.479653,1.062661
6.479963,1.062663
6.480273,1.062666
6.480583,1.062668
6.480893,1.062672
6.481203,1.062673
6.481513,1.062678
6.481823,1.062680
6.482132,1.062683
6.482442,1.062686
6.482752,1.062689
6.483062,1.062692
6.483372,1.062694
6.483682,1.062699
6.483992,1.062700
6.484302,1.062704
6.484612,1.062706
6.484922,1.062709
6.485232,1.062713
6.485542,1.062715
6.485852,1.062718
6.486162,1.062722
6.486471,1.062725
6.486781,1.062727
6.487091,1.062731
6.487401,1.062732
6.487711,1.062735
6.488021,1.062740
6.488331,1.062742
6.488641,1.062744
6.488951,1.062748
6.489261,1.062750
6.489571,1.062753
6.489881,1.062756
6.490191,1.062759
6.490501,1.062762
6.490810,1.062764
6.491120,1.062768
6.491430,1.062770
6.491740,1.062773
6.492050,1.062776
6.492360,1.062779
6.492670,1.062783
6.492980,1.062785
6.493290,1.062788
6.493600,1.062791
6.493910,1.062794
6.494220,1.062797
6.494530,1.062799
6.494839,1.062803
6.495149,1.062806
6.495459,1.062809
6.495769,1.062812
6.496079,1.062815
6.496389,1.062816
6.496699,1.062821
6.497009,1.062822
6.497319,1.062827
6.497629,1.062828
6.497939,1.062831
6.498249,1.062835
6.498559,1.062838
6.498869,1.062840
6.499178,1.062843
6.499488,1.062846
6.499798,1.062849
6.500108,1.062851
6.500418,1.062853
6.500728,1.062859
6.501038,1.062862
6.501348,1.062863
6.501658,1.062866
6.501968,1.062870
6.502278,1.062873
6.502588,1.062875
6.502898,1.062879
6.503208,1.062882
6.503517,1.062883
6.503827,1.062886
6.504137,1.062890
6.504447,1.062892
6.504757,1.062895
6.505067,1.062898
6.505377,1.062901
6.505687,1.062904
6.505997,1.062907
6.506307,1.062909
6.506617,1.062912
6.506927,1.062915
6.507237,1.062919
6.507547,1.062922
6.507856,1.062924
6.508166,1.062927
6.508476,1.062930
6.508786,1.062933
6.509096,1.062936
6.509406,1.062938
6.509716,1.062941
6.510026,1.062944
6.510336,1.062947
6.510646,1.062949
6.510956,1.062953
6.511266,1.062956
6.511576,1.062959
6.511885,1.062961
6.512195,1.062964
6.512505,1.062967
6.512815,1.062971
6.513125,1.062973
6.513435,1.062975
6.513745,1.062978
6.514055,1.062982
6.514365,1.062984
6.514675,1.062987
6.514985,1.062990
6.515295,1.062993
6.515605,1.062996
6.515915,1.062999
6.516224,1.063002
6.516534,1.063004
6.516844,1.063007
6.517154,1.063010
6.517464,1.063013
6.517774,1.063016
6.518084,1.063019
6.518394,1.063022
6.518704,1.063025
6.519014,1.063027
6.519324,1.063030
6.519634,1.063033
6.519944,1.063036
6.520254,1.063039
6.520563,1.063041
6.520873,1.063045
6.521183,1.063048
6.521493,1.063051
6.521803,1.063054
6.522113,1.063056
6.522423,1.063058
6.522733,1.063061
6.523043,1.063065
6.523353,1.063067
6.523663,1.063071
6.523973,1.063073
6.524283,1.063075
6.524592,1.063079
6.524902,1.063081
6.525212,1.063085
6.525522,1.063087
6.525832,1.063091
6.526142,1.063093
6.526452,1.063096
6.526762,1.063099
6.527072,1.063101
6.527382,1.063104
6.527692,1.063107
6.528002,1.063110
6.528312,1.063114
6.528622,1.063116
6.528931,1.063119
6.529241,1.063121
6.529551,1.063125
6.529861,1.063128
6.530171,1.063130
6.530481,1.063134
6.530791,1.063135
6.531101,1.063138
6.531411,1.063141
6.531721,1.063145
6.532031,1.063147
6.532341,1.063150
6.532651,1.063153
6.532961,1.063155
6.533270,1.063158
6.533580,1.063161
6.533890,1.063164
6.534200,1.063167
6.534510,1.063170
6.534820,1.063172
6.535130,1.063174
6.535440,1.063178
6.535750,1.063181
6.536060,1.063184
6.536370,1.063186
6.536680,1.063189
6.536990,1.063193
6.537299,1.063196
6.537609,1.063198
6.537919,1.063201
6.538229,1.063204
6.538539,1.063207
6.538849,1.063209
6.539159,1.063212
6.539469,1.063216
6.539779,1.063218
6.540089,1.063221
6.540399,1.063224
6.540709,1.063227
6.541019,1.063229
6.541329,1.063233
6.541638,1.063234
6.541948,1.063238
6.542258,1.063240
6.542568,1.063244
6.542878,1.063245
6.543188,1.063250
6.543498,1.063252
6.543808,1.063255
6.544118,1.063257
6.544428,1.063261
6.544738,1.063264
6.545048,1.063265
6.545358,1.063269
6.545668,1.063272
6.545977,1.063274
6.546287,1.063277
6.546597,1.063280
6.546907,1.063282
6.547217,1.063285
6.547527,1.063289
6.547837,1.063292
6.548147,1.063295
6.548457,1.063298
6.548767,1.063300
6.549077,1.063303
6.549387,1.063305
6.549697,1.063309
6.550007,1.063311
6.550316,1.063315
6.550626,1.063317
6.550936,1.063320
6.551246,1.063322
6.551556,1.063325
6.551866,1.063329
6.552176,1.063331
6.552486,1.063333
6.552796,1.063337
6.553106,1.063339
6.553416,1.063342
6.553726,1.063346
6.554036,1.063348
6.554345,1.063351
6.554655,1.063353
6.554965,1.063356
6.555275,1.063359
6.555585,1.063362
6.555895,1.063365
6.556205,1.063367
6.556515,1.063370
6.556825,1.063373
6.557135,1.063376
6.557445,1.063379
6.557755,1.063381
6.558065,1.063385
6.558375,1.063388
6.558684,1.063390
6.558994,1.063393
6.559304,1.063395
6.559614,1.063398
6.559924,1.063401
6.560234,1.063404
6.560544,1.063406
6.560854,1.063410
6.561164,1.063413
6.561474,1.063415
6.561784,1.063417
6.562094,1.063422
6.562404,1.063423
6.562714,1.063427
6.563023,1.063428
6.563333,1.063432
6.563643,1.063434
6.563953,1.063437
6.564263,1.063440
6.564573,1.063443
6.564883,1.063446
6.565193,1.063449
6.565503,1.063452
6.565813,1.063454
6.566123,1.063457
6.566433,1.063461
6.566743,1.063462
6.567052,1.063466
6.567362,1.063469
6.567672,1.063471
6.567982,1.063474
6.568292,1.063477
6.568602,1.063479
6.568912,1.063483
6.569222,1.063485
6.569532,1.063488
6.569842,1.063490
6.570152,1.063493
6.570462,1.063495
6.570772,1.063499
6.571082,1.063502
6.571391,1.063504
6.571701,1.063507
6.572011,1.063510
6.572321,1.063512
6.572631,1.063515
6.572941,1.063519
6.573251,1.063521
6.573561,1.063523
6.573871,1.063527
6.574181,1.063530
6.574491,1.063532
6.574801,1.063535
6.575111,1.063538
6.575421,1.063540
6.575730,1.063543
6.576040,1.063547
6.576350,1.063549
6.576660,1.063552
6.576970,1.063554
6.577280,1.063557
6.577590,1.063560
6.577900,1.063564
6.578210,1.063566
6.578520,1.063568
6.578830,1.063572
6.579140,1.063573
6.579450,1.063577
6.579759,1.063580
6.580069,1.063582
6.580379,1.063586
6.580689,1.063587
6.580999,1.063590
6.581309,1.063593
6.581619,1.063596
6.581929,1.063599
6.582239,1.063601
6.582549,1.063604
6.582859,1.063607
6.583169,1.063609
6.583479,1.063613
6.583789,1.063615
6.584098,1.063618
6.584408,1.063621
6.584718,1.063624
6.585028,1.063627
6.585338,1.063628
6.585648,1.063632
6.585958,1.063635
6.586268,1.063637
6.586578,1.063640
6.586888,1.063643
6.587198,1.063646
6.587508,1.063649
6.587818,1.063651
6.588128,1.063653
6.588437,1.063657
6.588747,1.063659
6.589057,1.063663
6.589367,1.063665
6.589677,1.063667
6.589987,1.063670
6.590297,1.063674
6.590607,1.063676
6.590917,1.063679
6.591227,1.063681
6.591537,1.063684
6.591847,1.063688
6.592157,1.063690
6.592466,1.063693
6.592776,1.063697
6.593086,1.063698
6.593396,1.063701
6.593706,1.063703
6.594016,1.063705
6.594326,1.063709
6.594636,1.063711
6.594946,1.063714
6.595256,1.063717
6.595566,1.063720
6.595876,1.063722
6.596186,1.063725
6.596496,1.063728
6.596805,1.063731
6.597115,1.063734
6.597425,1.063737
6.597735,1.063739
6.598045,1.063742
6.598355,1.063745
6.598665,1.063747
6.598975,1.063750
6.599285,1.063752
6.599595,1.063755
6.599905,1.063759
6.600215,1.063761
6.600525,1.063764
6.600835,1.063766
6.601144,1.063769
6.601454,1.063772
6.601764,1.063775
6.602074,1.063777
6.602384,1.063780
6.602694,1.063783
6.603004,1.063784
6.603314,1.063788
6.603624,1.063791
6.603934,1.063794
6.604244,1.063797
6.604554,1.063799
6.604864,1.063801
6.605174,1.063804
6.605483,1.063808
6.605793,1.063811
6.606103,1.063813
6.606413,1.063815
6.606723,1.063818
6.607033,1.063821
6.607343,1.063824
6.607653,1.063826
6.607963,1.063830
6.608273,1.063832
6.608583,1.063836
6.608893,1.063838
6.609203,1.063839
6.609512,1.063843
6.609822,1.063846
6.610132,1.063849
6.610442,1.063851
6.610752,1.063854
6.611062,1.063857
6.611372,1.063859
6.611682,1.063861
6.611992,1.063865
6.612302,1.063868
6.612612,1.063871
6.612922,1.063873
6.613232,1.063875
6.613542,1.063879
6.613851,1.063881
6.614161,1.063884
6.614471,1.063886
6.614781,1.063889
6.615091,1.063893
6.615401,1.063894
6.615711,1.063897
6.616021,1.063900
6.616331,1.063904
6.616641,1.063906
6.616951,1.063909
6.617261,1.063912
6.617571,1.063914
6.617881,1.063916
6.618190,1.063919
6.618500,1.063922
6.618810,1.063925
6.619120,1.063927
6.619430,1.063930
6.619740,1.063934
6.620050,1.063935
6.620360,1.063938
6.620670,1.063941
6.620980,1.063944
6.621290,1.063946
6.621600,1.063949
6.621910,1.063952
6.622219,1.063955
6.622529,1.063956
6.622839,1.063960
6.623149,1.063963
6.623459,1.063965
6.623769,1.063968
6.624079,1.063971
6.624389,1.063973
6.624699,1.063976
6.625009,1.063978
6.625319,1.063982
6.625629,1.063983
6.625939,1.063987
6.626249,1.063990
6.626558,1.063992
6.626868,1.063995
6.627178,1.063998
6.627488,1.064001
6.627798,1.064002
6.628108,1.064006
6.628418,1.064008
6.628728,1.064011
6.629038,1.064013
6.629348,1.064016
6.629658,1.064020
6.629968,1.064022
6.630278,1.064025
6.630588,1.064029
6.630897,1.064030
6.631207,1.064033
6.631517,1.064035
6.631827,1.064038
6.632137,1.064040
6.632447,1.064044
6.632757,1.064045
6.633067,1.064049
6.633377,1.064051
6.633687,1.064055
6.633997,1.064058
6.634307,1.064060
6.634617,1.064062
6.634926,1.064065
6.635236,1.064068
6.635546,1.064070
6.635856,1.064074
6.636166,1.064076
6.636476,1.064078
6.636786,1.064080
6.637096,1.064084
6.637406,1.064085
6.637716,1.064090
6.638026,1.064092
6.638336,1.064094
6.638646,1.064097
6.638956,1.064100
6.639265,1.064103
6.639575,1.064105
6.639885,1.064107
6.640195,1.064110
6.640505,1.064113
6.640815,1.064116
6.641125,1.064120
6.641435,1.064123
6.641745,1.064124
6.642055,1.064127
6.642365,1.064129
6.642675,1.064132
6.642985,1.064135
6.643295,1.064138
6.643604,1.064141
6.643914,1.064143
6.644224,1.064145
6.644534,1.064148
6.644844,1.064151
6.645154,1.064153
6.645464,1.064156
6.645774,1.064158
6.646084,1.064161
6.646394,1.064164
6.646704,1.064166
6.647014,1.064170
6.647324,1.064173
6.647634,1.064175
6.647943,1.064178
6.648253,1.064181
6.648563,1.064183
6.648873,1.064186
6.649183,1.064188
6.649493,1.064190
6.649803,1.064193
6.650113,1.064197
6.650423,1.064199
6.650733,1.064202
6.651043,1.064203
6.651353,1.064207
6.651663,1.064210
6.651972,1.064212
6.652282,1.064215
6.652592,1.064217
6.652902,1.064220
6.653212,1.064223
6.653522,1.064225
6.653832,1.064228
6.654142,1.064231
6.654452,1.064234
6.654762,1.064236
6.655072,1.064238
6.655382,1.064242
6.655692,1.064244
6.656002,1.064247
6.656311,1.064250
6.656621,1.064251
6.656931,1.064255
6.657241,1.064258
6.657551,1.064260
6.657861,1.064262
6.658171,1.064265
6.658481,1.064268
6.658791,1.064270
6.659101,1.064273
6.659411,1.064276
6.659721,1.064277
6.660031,1.064281
6.660341,1.064283
6.660650,1.064286
6.660960,1.064289
6.661270,1.064291
6.661580,1.064295
6.661890,1.064297
6.662200,1.064300
6.662510,1.064302
6.662820,1.064304
6.663130,1.064307
6.663440,1.064310
6.663750,1.064312
6.664060,1.064314
6.664370,1.064318
6.664679,1.064322
6.664989,1.064324
6.665299,1.064325
6.665609,1.064329
6.665919,1.064332
6.666229,1.064335
6.666539,1.064336
6.666849,1.064338
6.667159,1.064342
6.667469,1.064345
6.667779,1.064348
6.668089,1.064351
6.668399,1.064352
6.668709,1.064355
6.669018,1.064357
6.669328,1.064359
6.669638,1.064363
6.669948,1.064366
6.670258,1.064368
6.670568,1.064371
6.670878,1.064374
6.671188,1.064377
6.671498,1.064378
6.671808,1.064381
6.672118,1.064384
6.672428,1.064387
6.672738,1.064388
6.673048,1.064393
6.673357,1.064394
6.673667,1.064397
6.673977,1.064401
6.674287,1.064403
6.674597,1.064406
6.674907,1.064408
6.675217,1.064410
6.675527,1.064413
6.675837,1.064415
6.676147,1.064418
6.676457,1.064422
6.676767,1.064423
6.677077,1.064426
6.677386,1.064429
6.677696,1.064432
6.678006,1.064434
6.678316,1.064437
6.678626,1.064439
6.678936,1.064442
6.679246,1.064444
6.679556,1.064448
6.679866,1.064449
6.680176,1.064453
6.680486,1.064455
6.680796,1.064457
6.681106,1.064459
6.681416,1.064464
6.681725,1.064465
6.682035,1.064469
6.682345,1.064471
6.682655,1.064473
6.682965,1.064476
6.683275,1.064478
6.683585,1.064481
6.683895,1.064483
6.684205,1.064487
6.684515,1.064489
6.684825,1.064492
6.685135,1.064494
6.685445,1.064497
6.685755,1.064499
6.686064,1.064503
6.686374,1.064505
6.686684,1.064507
6.686994,1.064509
6.687304,1.064513
6.687614,1.064516
6.687924,1.064518
6.688234,1.064520
6.688544,1.064523
6.688854,1.064525
6.689164,1.064528
6.689474,1.064531
6.689784,1.064533
6.690094,1.064536
6.690403,1.064539
6.690713,1.064541
6.691023,1.064543
6.691333,1.064547
6.691643,1.064548
6.691953,1.064552
6.692263,1.064554
6.692573,1.064557
6.692883,1.064560
6.693193,1.064563
6.693503,1.064565
6.693813,1.064567
6.694123,1.064570
6.694432,1.064573
6.694742,1.064575
6.695052,1.064577
6.695362,1.064580
6.695672,1.064583
6.695982,1.064586
6.696292,1.064588
6.696602,1.064590
6.696912,1.064593
6.697222,1.064596
6.697532,1.064598
6.697842,1.064601
6.698152,1.064604
6.698462,1.064607
6.698771,1.064609
6.699081,1.064612
6.699391,1.064614
6.699701,1.064616
6.700011,1.064619
6.700321,1.064622
6.700631,1.064624
6.700941,1.064627
6.701251,1.064630
6.701561,1.064632
6.701871,1.064635
6.702181,1.064638
6.702491,1.064640
6.702801,1.064641
6.703110,1.064644
6.703420,1.064647
6.703730,1.064650
6.704040,1.064653
6.704350,1.064655
6.704660,1.064658
6.704970,1.064659
6.705280,1.064663
6.705590,1.064666
6.705900,1.064667
6.706210,1.064671
6.706520,1.064673
6.706830,1.064676
6.707139,1.064678
6.707449,1.064681
6.707759,1.064684
6.708069,1.064686
6.708379,1.064690
6.708689,1.064691
6.708999,1.064695
6.709309,1.064697
6.709619,1.064699
6.709929,1.064702
6.710239,1.064705
6.710549,1.064706
6.710859,1.064710
6.711169,1.064713
6.711478,1.064715
6.711788,1.064717
6.712098,1.064720
6.712408,1.064722
6.712718,1.064724
6.713028,1.064727
6.713338,1.064730
6.713648,1.064732
6.713958,1.064735
6.714268,1.064738
6.714578,1.064740
6.714888,1.064743
6.715198,1.064746
6.715508,1.064748
6.715817,1.064751
6.716127,1.064753
6.716437,1.064756
6.716747,1.064758
6.717057,1.064760
6.717367,1.064763
6.717677,1.064767
6.717987,1.064768
6.718297,1.064771
6.718607,1.064774
6.718917,1.064777
6.719227,1.064779
6.719537,1.064782
6.719846,1.064784
6.720156,1.064787
6.720466,1.064789
6.720776,1.064792
6.721086,1.064795
6.721396,1.064796
6.721706,1.064800
6.722016,1.064803
6.722326,1.064805
6.722636,1.064807
6.722946,1.064810
6.723256,1.064812
6.723566,1.064814
6.723876,1.064818
6.724185,1.064820
6.724495,1.064822
6.724805,1.064825
6.725115,1.064827
6.725425,1.064830
6.725735,1.064834
6.726045,1.064836
6.726355,1.064838
6.726665,1.064841
6.726975,1.064842
6.727285,1.064846
6.727595,1.064847
6.727905,1.064850
6.728215,1.064853
6.728524,1.064855
6.728834,1.064858
6.729144,1.064861
6.729454,1.064863
6.729764,1.064865
6.730074,1.064868
6.730384,1.064871
6.730694,1.064874
6.731004,1.064877
6.731314,1.064879
6.731624,1.064882
6.731934,1.064884
6.732244,1.064887
6.732554,1.064889
6.732863,1.064891
6.733173,1.064894
6.733483,1.064897
6.733793,1.064898
6.734103,1.064901
6.734413,1.064903
6.734723,1.064907
6.735033,1.064909
6.735343,1.064912
6.735653,1.064914
6.735963,1.064917
6.736273,1.064919
6.736583,1.064922
6.736892,1.064924
6.737202,1.064927
6.737512,1.064929
6.737822,1.064932
6.738132,1.064935
6.738442,1.064937
6.738752,1.064939
6.739062,1.064942
6.739372,1.064945
6.739682,1.064947
6.739992,1.064949
6.740302,1.064952
6.740612,1.064955
6.740922,1.064958
6.741231,1.064958
6.741541,1.064963
6.741851,1.064965
6.742161,1.064968
6.742471,1.064969
6.742781,1.064973
6.743091,1.064974
6.743401,1.064978
6.743711,1.064980
6.744021,1.064983
6.744331,1.064985
6.744641,1.064988
6.744951,1.064990
6.745261,1.064992
6.745570,1.064995
6.745880,1.064999
6.746190,1.065001
6.746500,1.065003
6.746810,1.065005
6.747120,1.065008
6.747430,1.065011
6.747740,1.065013
6.748050,1.065015
6.748360,1.065018
6.748670,1.065020
6.748980,1.065023
6.749290,1.065025
6.749599,1.065027
6.749909,1.065031
6.750219,1.065033
6.750529,1.065036
6.750839,1.065038
6.751149,1.065039
6.751459,1.065043
6.751769,1.065045
6.752079,1.065049
6.752389,1.065050
6.752699,1.065052
6.753009,1.065055
6.753319,1.065059
6.753629,1.065061
6.753938,1.065063
6.754248,1.065066
6.754558,1.065069
6.754868,1.065071
6.755178,1.065073
6.755488,1.065077
6.755798,1.065078
6.756108,1.065081
6.756418,1.065084
6.756728,1.065086
6.757038,1.065089
6.757348,1.065091
6.757658,1.065093
6.757968,1.065096
6.758277,1.065098
6.758587,1.065101
6.758897,1.065103
6.759207,1.065106
6.759517,1.065109
6.759827,1.065111
6.760137,1.065113
6.760447,1.065117
6.760757,1.065118
6.761067,1.065122
6.761377,1.065124
6.761687,1.065126
6.761997,1.065129
6.762306,1.065132
6.762616,1.065134
6.762926,1.065136
6.763236,1.065139
6.763546,1.065141
6.763856,1.065144
6.764166,1.065146
6.764476,1.065149
6.764786,1.065151
6.765096,1.065154
6.765406,1.065155
6.765716,1.065158
6.766026,1.065161
6.766336,1.065164
6.766645,1.065166
6.766955,1.065169
6.767265,1.065171
6.767575,1.065174
6.767885,1.065176
6.768195,1.065179
6.768505,1.065181
6.768815,1.065184
6.769125,1.065185
6.769435,1.065188
6.769745,1.065191
6.770055,1.065193
6.770365,1.065196
6.770675,1.065199
6.770984,1.065201
6.771294,1.065204
6.771604,1.065206
6.771914,1.065208
6.772224,1.065211
6.772534,1.065214
6.772844,1.065215
6.773154,1.065218
6.773464,1.065221
6.773774,1.065222
6.774084,1.065225
6.774394,1.065228
6.774704,1.065232
6.775014,1.065234
6.775323,1.065236
6.775633,1.065238
6.775943,1.065241
6.776253,1.065243
6.776563,1.065246
6.776873,1.065248
6.777183,1.065251
6.777493,1.065253
6.777803,1.065255
6.778113,1.065258
6.778423,1.065260
6.778733,1.065263
6.779043,1.065266
6.779352,1.065269
6.779662,1.065269
6.779972,1.065273
6.780282,1.065275
6.780592,1.065277
6.780902,1.065281
6.781212,1.065283
6.781522,1.065285
6.781832,1.065287
6.782142,1.065291
6.782452,1.065293
6.782762,1.065296
6.783072,1.065298
6.783382,1.065300
6.783691,1.065303
6.784001,1.065305
6.784311,1.065308
6.784621,1.065309
6.784931,1.065312
6.785241,1.065315
6.785551,1.065317
6.785861,1.065320
6.786171,1.065323
6.786481,1.065325
6.786791,1.065326
6.787101,1.065329
6.787411,1.065331
6.787721,1.065333
6.788030,1.065337
6.788340,1.065341
6.788650,1.065343
6.788960,1.065344
6.789270,1.065347
6.789580,1.065350
6.789890,1.065352
6.790200,1.065354
6.790510,1.065356
6.790820,1.065359
6.791130,1.065361
6.791440,1.065363
6.791750,1.065367
6.792059,1.065370
6.792369,1.065372
6.792679,1.065374
6.792989,1.065377
6.793299,1.065379
6.793609,1.065382
6.793919,1.065384
6.794229,1.065386
6.794539,1.065389
6.794849,1.065391
6.795159,1.065394
6.795469,1.065396
6.795779,1.065399
6.796089,1.065401
6.796398,1.065403
6.796708,1.065406
6.797018,1.065408
6.797328,1.065410
6.797638,1.065413
6.797948,1.065416
6.798258,1.065418
6.798568,1.065421
6.798878,1.065423
6.799188,1.065425
6.799498,1.065429
6.799808,1.065430
6.800118,1.065433
6.800428,1.065434
6.800737,1.065438
6.801047,1.065439
6.801357,1.065443
6.801667,1.065446
6.801977,1.065448
6.802287,1.065450
6.802597,1.065452
6.802907,1.065454
6.803217,1.065457
6.803527,1.065459
6.803837,1.065463
6.804147,1.065465
6.804457,1.065466
6.804766,1.065469
6.805076,1.065472
6.805386,1.065475
6.805696,1.065477
6.806006,1.065480
6.806316,1.065481
6.806626,1.065484
6.806936,1.065487
6.807246,1.065489
6.807556,1.065491
6.807866,1.065493
6.808176,1.065496
6.808486,1.065498
6.808796,1.065501
6.809105,1.065503
6.809415,1.065506
6.809725,1.065508
6.810035,1.065511
6.810345,1.065513
6.810655,1.065515
6.810965,1.065517
6.811275,1.065521
6.811585,1.065523
6.811895,1.065525
6.812205,1.065527
6.812515,1.065530
6.812825,1.065534
6.813135,1.065535
6.813444,1.065538
6.813754,1.065541
6.814064,1.065542
6.814374,1.065545
6.814684,1.065547
6.814994,1.065550
6.815304,1.065552
6.815614,1.065555
6.815924,1.065556
6.816234,1.065559
6.816544,1.065561
6.816854,1.065564
6.817164,1.065566
6.817473,1.065570
6.817783,1.065571
6.818093,1.065573
6.818403,1.065577
6.818713,1.065578
6.819023,1.065582
6.819333,1.065583
6.819643,1.065587
6.819953,1.065588
6.820263,1.065591
6.820573,1.065593
6.820883,1.065597
6.821193,1.065599
6.821503,1.065601
6.821812,1.065604
6.822122,1.065605
6.822432,1.065608
6.822742,1.065610
6.823052,1.065613
6.823362,1.065615
6.823672,1.065617
6.823982,1.065619
6.824292,1.065622
6.824602,1.065625
6.824912,1.065627
6.825222,1.065630
6.825532,1.065633
6.825842,1.065634
6.826151,1.065637
6.826461,1.065639
6.826771,1.065641
6.827081,1.065642
6.827391,1.065647
6.827701,1.065648
6.828011,1.065650
6.828321,1.065655
6.828631,1.065656
6.828941,1.065658
6.829251,1.065661
6.829561,1.065663
6.829871,1.065666
6.830181,1.065668
6.830490,1.065671
6.830800,1.065673
6.831110,1.065676
6.831420,1.065678
6.831730,1.065680
6.832040,1.065682
6.832350,1.065685
6.832660,1.065688
6.832970,1.065689
6.833280,1.065692
6.833590,1.065694
6.833900,1.065697
6.834210,1.065699
6.834519,1.065701
6.834829,1.065704
6.835139,1.065707
6.835449,1.065709
6.835759,1.065711
6.836069,1.065715
6.836379,1.065717
6.836689,1.065718
6.836999,1.065721
6.837309,1.065723
6.837619,1.065727
6.837929,1.065728
6.838239,1.065731
6.838549,1.065733
6.838858,1.065736
6.839168,1.065737
6.839478,1.065740
6.839788,1.065743
6.840098,1.065744
6.840408,1.065746
6.840718,1.065749
6.841028,1.065753
6.841338,1.065755
6.841648,1.065757
6.841958,1.065759
6.842268,1.065761
6.842578,1.065764
6.842888,1.065766
6.843197,1.065769
6.843507,1.065771
6.843817,1.065774
6.844127,1.065776
6.844437,1.065778
6.844747,1.065780
6.845057,1.065784
6.845367,1.065786
6.845677,1.065788
6.845987,1.065790
6.846297,1.065792
6.846607,1.065795
6.846917,1.065797
6.847226,1.065800
6.847536,1.065802
6.847846,1.065805
6.848156,1.065807
6.848466,1.065809
6.848776,1.065812
6.849086,1.065814
6.849396,1.065815
6.849706,1.065819
6.850016,1.065822
6.850326,1.065824
6.850636,1.065826
6.850946,1.065828
6.851256,1.065832
6.851565,1.065833
6.851875,1.065837
6.852185,1.065837
6.852495,1.065841
6.852805,1.065843
6.853115,1.065845
6.853425,1.065848
6.853735,1.065850
6.854045,1.065852
6.854355,1.065854
6.854665,1.065856
6.854975,1.065860
6.855285,1.065862
6.855595,1.065863
6.855904,1.065865
6.856214,1.065868
6.856524,1.065870
6.856834,1.065872
6.857144,1.065876
6.857454,1.065879
6.857764,1.065880
6.858074,1.065884
6.858384,1.065885
6.858694,1.065888
6.859004,1.065891
6.859314,1.065892
6.859624,1.065894
6.859933,1.065897
6.860243,1.065899
6.860553,1.065902
6.860863,1.065904
6.861173,1.065907
6.861483,1.065909
6.861793,1.065912
6.862103,1.065914
6.862413,1.065915
6.862723,1.065917
6.863033,1.065920
6.863343,1.065923
6.863653,1.065926
6.863963,1.065929
6.864272,1.065931
6.864582,1.065933
6.864892,1.065936
6.865202,1.065936
6.865512,1.065939
6.865822,1.065941
6.866132,1.065944
6.866442,1.065946
6.866752,1.065949
6.867062,1.065952
6.867372,1.065954
6.867682,1.065956
6.867992,1.065958
6.868302,1.065961
6.868611,1.065962
6.868921,1.065965
6.869231,1.065967
6.869541,1.065970
6.869851,1.065973
6.870161,1.065975
6.870471,1.065978
6.870781,1.065979
6.871091,1.065982
6.871401,1.065983
6.871711,1.065986
6.872021,1.065988
6.872331,1.065991
6.872641,1.065994
6.872950,1.065996
6.873260,1.065998
6.873570,1.066001
6.873880,1.066004
6.874190,1.066005
6.874500,1.066007
6.874810,1.066010
6.875120,1.066012
6.875430,1.066015
6.875740,1.066017
6.876050,1.066020
6.876360,1.066020
6.876670,1.066024
6.876979,1.066027
6.877289,1.066030
6.877599,1.066032
6.877909,1.066033
6.878219,1.066036
6.878529,1.066038
6.878839,1.066040
6.879149,1.066043
6.879459,1.066046
6.879769,1.066048
6.880079,1.066050
6.880389,1.066052
6.880699,1.066054
6.881009,1.066057
6.881318,1.066059
6.881628,1.066062
6.881938,1.066064
6.882248,1.066066
6.882558,1.066069
6.882868,1.066071
6.883178,1.066073
6.883488,1.066074
6.883798,1.066077
6.884108,1.066080
6.884418,1.066082
6.884728,1.066084
6.885038,1.066087
6.885348,1.066089
6.885657,1.066092
6.885967,1.066094
6.886277,1.066097
6.886587,1.066099
6.886897,1.066100
6.887207,1.066104
6.887517,1.066106
6.887827,1.066108
6.888137,1.066110
6.888447,1.066112
6.888757,1.066115
6.889067,1.066118
6.889377,1.066120
6.889686,1.066120
6.889996,1.066124
6.890306,1.066127
6.890616,1.066129
6.890926,1.066132
6.891236,1.066134
6.891546,1.066135
6.891856,1.066138
6.892166,1.066141
6.892476,1.066143
6.892786,1.066145
6.893096,1.066148
6.893406,1.066150
6.893716,1.066152
6.894025,1.066155
6.894335,1.066157
6.894645,1.066159
6.894955,1.066161
6.895265,1.066164
6.895575,1.066166
6.895885,1.066168
6.896195,1.066170
6.896505,1.066172
6.896815,1.066175
6.897125,1.066178
6.897435,1.066180
6.897745,1.066182
6.898055,1.066185
6.898364,1.066188
6.898674,1.066188
6.898984,1.066191
6.899294,1.066194
6.899604,1.066196
6.899914,1.066197
6.900224,1.066201
6.900534,1.066203
6.900844,1.066206
6.901154,1.066207
6.901464,1.066209
6.901774,1.066212
6.902084,1.066214
6.902393,1.066216
6.902703,1.066219
6.903013,1.066222
6.903323,1.066224
6.903633,1.066226
6.903943,1.066228
6.904253,1.066231
6.904563,1.066233
6.904873,1.066236
6.905183,1.066238
6.905493,1.066239
6.905803,1.066241
6.906113,1.066244
6.906423,1.066247
6.906732,1.066249
6.907042,1.066251
6.907352,1.066255
6.907662,1.066256
6.907972,1.066258
6.908282,1.066261
6.908592,1.066263
6.908902,1.066266
6.909212,1.066268
6.909522,1.066270
6.909832,1.066273
6.910142,1.066274
6.910452,1.066278
6.910762,1.066279
6.911071,1.066281
6.911381,1.066284
6.911691,1.066287
6.912001,1.066287
6.912311,1.066291
6.912621,1.066292
6.912931,1.066295
6.913241,1.066297
6.913551,1.066300
6.913861,1.066302
6.914171,1.066304
6.914481,1.066307
6.914791,1.066309
6.915101,1.066311
6.915410,1.066313
6.915720,1.066315
6.916030,1.066319
6.916340,1.066320
6.916650,1.066322
6.916960,1.066325
6.917270,1.066328
6.917580,1.066330
6.917890,1.066331
6.918200,1.066334
6.918510,1.066336
6.918820,1.066339
6.919130,1.066341
6.919439,1.066343
6.919749,1.066344
6.920059,1.066348
6.920369,1.066351
6.920679,1.066352
6.920989,1.066354
6.921299,1.066357
6.921609,1.066359
6.921919,1.066361
6.922229,1.066363
6.922539,1.066365
6.922849,1.066367
6.923159,1.066370
6.923469,1.066373
6.923778,1.066375
6.924088,1.066378
6.924398,1.066379
6.924708,1.066381
6.925018,1.066384
6.925328,1.066386
6.925638,1.066389
6.925948,1.066391
6.926258,1.066393
6.926568,1.066396
6.926878,1.066398
6.927188,1.066400
6.927498,1.066402
6.927808,1.066404
6.928117,1.066407
6.928427,1.066409
6.928737,1.066411
6.929047,1.066414
6.929357,1.066416
6.929667,1.066419
6.929977,1.066420
6.930287,1.066422
6.930597,1.066424
6.930907,1.066428
6.931217,1.066430
6.931527,1.066431
6.931837,1.066435
6.932146,1.066436
6.932456,1.066439
6.932766,1.066441
6.933076,1.066444
6.933386,1.066446
6.933696,1.066447
6.934006,1.066450
6.934316,1.066452
6.934626,1.066454
6.934936,1.066456
6.935246,1.066459
6.935556,1.066462
6.935866,1.066464
6.936176,1.066466
6.936485,1.066468
6.936795,1.066469
6.937105,1.066472
6.937415,1.066475
6.937725,1.066477
6.938035,1.066479
6.938345,1.066481
6.938655,1.066484
6.938965,1.066486
6.939275,1.066489
6.939585,1.066490
6.939895,1.066493
6.940205,1.066495
6.940515,1.066497
6.940824,1.066499
6.941134,1.066501
6.941444,1.066504
6.941754,1.066507
6.942064,1.066508
6.942374,1.066510
6.942684,1.066512
6.942994,1.066515
6.943304,1.066517
6.943614,1.066520
6.943924,1.066521
6.944234,1.066524
6.944544,1.066526
6.944853,1.066529
6.945163,1.066531
6.945473,1.066533
6.945783,1.066535
6.946093,1.066537
6.946403,1.066540
6.946713,1.066542
6.947023,1.066544
6.947333,1.066547
6.947643,1.066550
6.947953,1.066550
6.948263,1.066553
6.948573,1.066555
6.948883,1.066557
6.949192,1.066561
6.949502,1.066563
6.949812,1.066564
6.950122,1.066566
6.950432,1.066570
6.950742,1.066572
6.951052,1.066574
6.951362,1.066576
6.951672,1.066579
6.951982,1.066580
6.952292,1.066583
6.952602,1.066585
6.952912,1.066588
6.953222,1.066590
6.953531,1.066592
6.953841,1.066594
6.954151,1.066596
6.954461,1.066598
6.954771,1.066600
6.955081,1.066603
6.955391,1.066605
6.955701,1.066607
6.956011,1.066609
6.956321,1.066610
6.956631,1.066614
6.956941,1.066616
6.957251,1.066619
6.957561,1.066619
6.957870,1.066623
6.958180,1.066625
6.958490,1.066627
6.958800,1.066630
6.959110,1.066631
6.959420,1.066634
6.959730,1.066636
6.960040,1.066638
6.960350,1.066640
6.960660,1.066642
6.960970,1.066644
6.961280,1.066647
6.961590,1.066649
6.961899,1.066652
6.962209,1.066654
6.962519,1.066657
6.962829,1.066659
6.963139,1.066660
6.963449,1.066662
6.963759,1.066665
6.964069,1.066666
6.964379,1.066669
6.964689,1.066671
6.964999,1.066674
6.965309,1.066676
6.965619,1.066679
6.965929,1.066681
6.966238,1.066684
6.966548,1.066684
6.966858,1.066686
6.967168,1.066690
6.967478,1.066692
6.967788,1.066694
6.968098,1.066697
6.968408,1.066699
6.968718,1.066701
6.969028,1.066703
6.969338,1.066705
6.969648,1.066707
6.969958,1.066709
6.970268,1.066712
6.970577,1.066713
6.970887,1.066716
6.971197,1.066718
6.971507,1.066721
6.971817,1.066722
6.972127,1.066725
6.972437,1.066726
6.972747,1.066728
6.973057,1.066731
6.973367,1.066734
6.973677,1.066736
6.973987,1.066739
6.974297,1.066741
6.974606,1.066742
6.974916,1.066745
6.975226,1.066746
6.975536,1.066749
6.975846,1.066751
6.976156,1.066754
6.976466,1.066755
6.976776,1.066758
6.977086,1.066760
6.977396,1.066762
6.977706,1.066764
6.978016,1.066767
6.978326,1.066768
6.978636,1.066771
6.978945,1.066773
6.979255,1.066776
6.979565,1.066778
6.979875,1.066780
6.980185,1.066782
6.980495,1.066785
6.980805,1.066787
6.981115,1.066789
6.981425,1.066792
6.981735,1.066793
6.982045,1.066796
6.982355,1.066797
6.982665,1.066800
6.982975,1.066802
6.983284,1.066804
6.983594,1.066807
6.983904,1.066809
6.984214,1.066811
6.984524,1.066815
6.984834,1.066815
6.985144,1.066818
6.985454,1.066819
6.985764,1.066822
6.986074,1.066824
6.986384,1.066826
6.986694,1.066828
6.987004,1.066830
6.987313,1.066834
6.987623,1.066835
6.987933,1.066838
6.988243,1.066839
6.988553,1.066841
6.988863,1.066843
6.989173,1.066846
6.989483,1.066848
6.989793,1.066850
6.990103,1.066852
6.990413,1.066855
6.990723,1.066857
6.991033,1.066861
6.991343,1.066861
6.991652,1.066863
6.991962,1.066866
6.992272,1.066868
6.992582,1.066870
6.992892,1.066873
6.993202,1.066875
6.993512,1.066877
6.993822,1.066879
6.994132,1.066880
6.994442,1.066882
6.994752,1.066884
6.995062,1.066887
6.995372,1.066889
6.995682,1.066892
6.995991,1.066893
6.996301,1.066897
6.996611,1.066899
6.996921,1.066900
6.997231,1.066903
6.997541,1.066905
6.997851,1.066907
6.998161,1.066909
6.998471,1.066912
6.998781,1.066914
6.999091,1.066915
6.999401,1.066917
6.999711,1.066920
7.000021,1.066923
7.000330,1.066925
7.000640,1.066927
7.000950,1.066929
7.001260,1.066931
7.001570,1.066933
7.001880,1.066936
7.002190,1.066938
7.002500,1.066940
7.002810,1.066942
7.003120,1.066944
7.003430,1.066946
7.003740,1.066948
7.004050,1.066950
7.004359,1.066953
7.004669,1.066955
7.004979,1.066957
7.005289,1.066960
7.005599,1.066962
7.005909,1.066964
7.006219,1.066966
7.006529,1.066968
7.006839,1.066971
7.007149,1.066972
7.007459,1.066975
7.007769,1.066976
7.008079,1.066979
7.008389,1.066981
7.008698,1.066983
7.009008,1.066985
7.009318,1.066987
7.009628,1.066990
7.009938,1.066991
7.010248,1.066993
7.010558,1.066996
7.010868,1.066998
7.011178,1.067001
7.011488,1.067003
7.011798,1.067004
7.012108,1.067007
7.012418,1.067008
7.012728,1.067011
7.013037,1.067014
7.013347,1.067016
7.013657,1.067018
7.013967,1.067021
7.014277,1.067021
7.014587,1.067025
7.014897,1.067027
7.015207,1.067029
7.015517,1.067031
7.015827,1.067033
7.016137,1.067035
7.016447,1.067036
7.016757,1.067039
7.017066,1.067042
7.017376,1.067044
7.017686,1.067046
7.017996,1.067048
7.018306,1.067050
7.018616,1.067053
7.018926,1.067054
7.019236,1.067057
7.019546,1.067059
7.019856,1.067061
7.020166,1.067062
7.020476,1.067065
7.020786,1.067068
7.021096,1.067070
7.021405,1.067072
7.021715,1.067073
7.022025,1.067075
7.022335,1.067078
7.022645,1.067080
7.022955,1.067082
7.023265,1.067084
7.023575,1.067086
7.023885,1.067088
7.024195,1.067090
7.024505,1.067093
7.024815,1.067095
7.025125,1.067097
7.025435,1.067099
7.025744,1.067102
7.026054,1.067104
7.026364,1.067107
7.026674,1.067108
7.026984,1.067110
7.027294,1.067113
7.027604,1.067115
7.027914,1.067117
7.028224,1.067119
7.028534,1.067121
7.028844,1.067123
7.029154,1.067125
7.029464,1.067127
7.029773,1.067130
7.030083,1.067132
7.030393,1.067133
7.030703,1.067135
7.031013,1.067138
7.031323,1.067140
7.031633,1.067142
7.031943,1.067144
7.032253,1.067146
7.032563,1.067149
7.032873,1.067151
7.033183,1.067153
7.033493,1.067154
7.033803,1.067156
7.034112,1.067159
7.034422,1.067162
7.034732,1.067164
7.035042,1.067165
7.035352,1.067167
7.035662,1.067169
7.035972,1.067172
7.036282,1.067175
7.036592,1.067177
7.036902,1.067178
7.037212,1.067181
7.037522,1.067182
7.037832,1.067185
7.038142,1.067188
7.038451,1.067190
7.038761,1.067191
7.039071,1.067192
7.039381,1.067196
7.039691,1.067197
7.040001,1.067200
7.040311,1.067202
7.040621,1.067203
7.040931,1.067205
7.041241,1.067208
7.041551,1.067210
7.041861,1.067211
7.042171,1.067214
7.042480,1.067217
7.042790,1.067219
7.043100,1.067222
7.043410,1.067225
7.043720,1.067226
7.044030,1.067227
7.044340,1.067229
7.044650,1.067231
7.044960,1.067234
7.045270,1.067236
7.045580,1.067238
7.045890,1.067240
7.046200,1.067243
7.046510,1.067243
7.046819,1.067246
7.047129,1.067247
7.047439,1.067250
7.047749,1.067253
7.048059,1.067254
7.048369,1.067257
7.048679,1.067259
7.048989,1.067261
7.049299,1.067264
7.049609,1.067265
7.049919,1.067268
7.050229,1.067269
7.050539,1.067272
7.050849,1.067274
7.051158,1.067277
7.051468,1.067278
7.051778,1.067280
7.052088,1.067282
7.052398,1.067284
7.052708,1.067286
7.053018,1.067289
7.053328,1.067291
7.053638,1.067292
7.053948,1.067294
7.054258,1.067297
7.054568,1.067300
7.054878,1.067301
7.055188,1.067302
7.055497,1.067305
7.055807,1.067308
7.056117,1.067309
7.056427,1.067312
7.056737,1.067313
7.057047,1.067316
7.057357,1.067319
7.057667,1.067321
7.057977,1.067322
7.058287,1.067324
7.058597,1.067326
7.058907,1.067328
7.059217,1.067331
7.059526,1.067333
7.059836,1.067334
7.060146,1.067337
7.060456,1.067339
7.060766,1.067340
7.061076,1.067343
7.061386,1.067345
7.061696,1.067347
7.062006,1.067350
7.062316,1.067352
7.062626,1.067353
7.062936,1.067355
7.063246,1.067358
7.063556,1.067360
7.063865,1.067362
7.064175,1.067364
7.064485,1.067366
7.064795,1.067369
7.065105,1.067371
7.065415,1.067372
7.065725,1.067375
7.066035,1.067376
7.066345,1.067379
7.066655,1.067381
7.066965,1.067383
7.067275,1.067385
7.067585,1.067388
7.067895,1.067389
7.068204,1.067392
7.068514,1.067394
7.068824,1.067396
7.069134,1.067397
7.069444,1.067399
7.069754,1.067402
7.070064,1.067404
7.070374,1.067406
7.070684,1.067408
7.070994,1.067410
7.071304,1.067411
7.071614,1.067414
7.071924,1.067417
7.072233,1.067418
7.072543,1.067420
7.072853,1.067423
7.073163,1.067424
7.073473,1.067427
7.073783,1.067429
7.074093,1.067431
7.074403,1.067433
7.074713,1.067435
7.075023,1.067438
7.075333,1.067439
7.075643,1.067441
7.075953,1.067444
7.076263,1.067446
7.076572,1.067447
7.076882,1.067449
7.077192,1.067452
7.077502,1.067453
7.077812,1.067455
7.078122,1.067457
7.078432,1.067459
7.078742,1.067462
7.079052,1.067464
7.079362,1.067467
7.079672,1.067469
7.079982,1.067471
7.080292,1.067472
7.080602,1.067475
7.080911,1.067476
7.081221,1.067478
7.081531,1.067480
7.081841,1.067483
7.082151,1.067485
7.082461,1.067487
7.082771,1.067490
7.083081,1.067491
7.083391,1.067493
7.083701,1.067495
7.084011,1.067498
7.084321,1.067500
7.084631,1.067500
7.084940,1.067503
7.085250,1.067505
7.085560,1.067508
7.085870,1.067511
7.086180,1.067513
7.086490,1.067514
7.086800,1.067517
7.087110,1.067518
7.087420,1.067520
7.087730,1.067522
7.088040,1.067523
7.088350,1.067526
7.088660,1.067528
7.088970,1.067530
7.089279,1.067531
7.089589,1.067535
7.089899,1.067536
7.090209,1.067539
7.090519,1.067539
7.090829,1.067543
7.091139,1.067545
7.091449,1.067547
7.091759,1.067550
7.092069,1.067551
7.092379,1.067553
7.092689,1.067555
7.092999,1.067557
7.093309,1.067559
7.093618,1.067560
7.093928,1.067563
7.094238,1.067565
7.094548,1.067568
7.094858,1.067569
7.095168,1.067571
7.095478,1.067573
7.095788,1.067576
7.096098,1.067578
7.096408,1.067580
7.096718,1.067582
7.097028,1.067584
7.097338,1.067586
7.097648,1.067587
7.097957,1.067590
7.098267,1.067592
7.098577,1.067594
7.098887,1.067597
7.099197,1.067598
7.099507,1.067600
7.099817,1.067602
7.100127,1.067604
7.100437,1.067607
7.100747,1.067607
7.101057,1.067611
7.101367,1.067613
7.101677,1.067614
7.101986,1.067618
7.102296,1.067619
7.102606,1.067621
7.102916,1.067623
7.103226,1.067626
7.103536,1.067628
7.103846,1.067630
7.104156,1.067630
7.104466,1.067634
7.104776,1.067635
7.105086,1.067638
7.105396,1.067639
7.105706,1.067641
7.106016,1.067642
7.106325,1.067645
7.106635,1.067647
7.106945,1.067649
7.107255,1.067651
7.107565,1.067654
7.107875,1.067656
7.108185,1.067658
7.108495,1.067660
7.108805,1.067661
7.109115,1.067663
7.109425,1.067665
7.109735,1.067668
7.110045,1.067670
7.110355,1.067671
7.110664,1.067674
7.110974,1.067677
7.111284,1.067678
7.111594,1.067681
7.111904,1.067682
7.112214,1.067684
7.112524,1.067687
7.112834,1.067689
7.113144,1.067690
7.113454,1.067694
7.113764,1.067694
7.114074,1.067696
7.114384,1.067698
7.114693,1.067699
7.115003,1.067701
7.115313,1.067704
7.115623,1.067706
7.115933,1.067708
7.116243,1.067710
7.116553,1.067712
7.116863,1.067714
7.117173,1.067716
7.117483,1.067719
7.117793,1.067720
7.118103,1.067722
7.118413,1.067724
7.118723,1.067726
7.119032,1.067727
7.119342,1.067731
7.119652,1.067732
7.119962,1.067734
7.120272,1.067736
7.120582,1.067738
7.120892,1.067740
7.121202,1.067743
7.121512,1.067745
7.121822,1.067746
7.122132,1.067749
7.122442,1.067751
7.122752,1.067754
7.123062,1.067755
7.123371,1.067757
7.123681,1.067758
7.123991,1.067761
7.124301,1.067763
7.124611,1.067765
7.124921,1.067767
7.125231,1.067769
7.125541,1.067771
7.125851,1.067773
7.126161,1.067775
7.126471,1.067777
7.126781,1.067779
7.127091,1.067782
7.127400,1.067784
7.127710,1.067785
7.128020,1.067787
7.128330,1.067789
7.128640,1.067791
7.128950,1.067792
7.129260,1.067794
7.129570,1.067797
7.129880,1.067799
7.130190,1.067801
7.130500,1.067803
7.130810,1.067806
7.131120,1.067807
7.131430,1.067809
7.131739,1.067812
7.132049,1.067812
7.132359,1.067815
7.132669,1.067817
7.132979,1.067819
7.133289,1.067821
7.133599,1.067824
7.133909,1.067824
7.134219,1.067827
7.134529,1.067829
7.134839,1.067832
7.135149,1.067833
7.135459,1.067836
7.135769,1.067836
7.136078,1.067838
7.136388,1.067841
7.136698,1.067843
7.137008,1.067845
7.137318,1.067847
7.137628,1.067850
7.137938,1.067851
7.138248,1.067853
7.138558,1.067855
7.138868,1.067858
7.139178,1.067860
7.139488,1.067862
7.139798,1.067863
7.140108,1.067866
7.140417,1.067867
7.140727,1.067869
7.141037,1.067872
7.141347,1.067873
7.141657,1.067876
7.141967,1.067876
7.142277,1.067878
7.142587,1.067881
7.142897,1.067883
7.143207,1.067885
7.143517,1.067888
7.143827,1.067889
7.144137,1.067891
7.144446,1.067893
7.144756,1.067895
7.145066,1.067897
7.145376,1.067899
7.145686,1.067902
7.145996,1.067903
7.146306,1.067904
7.146616,1.067907
7.146926,1.067910
7.147236,1.067911
7.147546,1.067913
7.147856,1.067915
7.148166,1.067917
7.148476,1.067920
7.148785,1.067921
7.149095,1.067923
7.149405,1.067925
7.149715,1.067927
7.150025,1.067928
7.150335,1.067931
7.150645,1.067933
7.150955,1.067935
7.151265,1.067937
7.151575,1.067939
7.151885,1.067940
7.152195,1.067943
7.152505,1.067944
7.152815,1.067947
7.153124,1.067949
7.153434,1.067951
7.153744,1.067954
7.154054,1.067955
7.154364,1.067957
7.154674,1.067959
7.154984,1.067961
7.155294,1.067962
7.155604,1.067964
7.155914,1.067967
7.156224,1.067969
7.156534,1.067971
7.156844,1.067972
7.157153,1.067974
7.157463,1.067976
7.157773,1.067979
7.158083,1.067981
7.158393,1.067983
7.158703,1.067986
7.159013,1.067987
7.159323,1.067989
7.159633,1.067991
7.159943,1.067993
7.160253,1.067995
7.160563,1.067997
7.160873,1.067998
7.161183,1.067999
7.161492,1.068002
7.161802,1.068004
7.162112,1.068005
7.162422,1.068007
7.162732,1.068010
7.163042,1.068012
7.163352,1.068014
7.163662,1.068015
7.163972,1.068017
7.164282,1.068020
7.164592,1.068023
7.164902,1.068025
7.165212,1.068027
7.165522,1.068028
7.165831,1.068030
7.166141,1.068031
7.166451,1.068034
7.166761,1.068036
7.167071,1.068038
7.167381,1.068039
7.167691,1.068041
7.168001,1.068044
7.168311,1.068046
7.168621,1.068048
7.168931,1.068050
7.169241,1.068051
7.169551,1.068054
7.169860,1.068056
7.170170,1.068057
7.170480,1.068059
7.170790,1.068061
7.171100,1.068063
7.171410,1.068065
7.171720,1.068067
7.172030,1.068069
7.172340,1.068071
7.172650,1.068073
7.172960,1.068075
7.173270,1.068076
7.173580,1.068078
7.173890,1.068080
7.174199,1.068083
7.174509,1.068084
7.174819,1.068087
7.175129,1.068089
7.175439,1.068090
7.175749,1.068093
7.176059,1.068094
7.176369,1.068096
7.176679,1.068098
7.176989,1.068100
7.177299,1.068103
7.177609,1.068104
7.177919,1.068105
7.178229,1.068108
7.178538,1.068110
7.178848,1.068113
7.179158,1.068114
7.179468,1.068115
7.179778,1.068118
7.180088,1.068120
7.180398,1.068121
7.180708,1.068123
7.181018,1.068125
7.181328,1.068127
7.181638,1.068130
7.181948,1.068131
7.182258,1.068133
7.182568,1.068136
7.182877,1.068138
7.183187,1.068140
7.183497,1.068141
7.183807,1.068143
7.184117,1.068145
7.184427,1.068147
7.184737,1.068150
7.185047,1.068151
7.185357,1.068153
7.185667,1.068155
7.185977,1.068157
7.186287,1.068159
7.186597,1.068160
7.186906,1.068163
7.187216,1.068165
7.187526,1.068166
7.187836,1.068169
7.188146,1.068170
7.188456,1.068172
7.188766,1.068174
7.189076,1.068176
7.189386,1.068179
7.189696,1.068180
7.190006,1.068182
7.190316,1.068184
7.190626,1.068185
7.190936,1.068187
7.191245,1.068189
7.191555,1.068191
7.191865,1.068194
7.192175,1.068196
7.192485,1.068198
7.192795,1.068199
7.193105,1.068202
7.193415,1.068204
7.193725,1.068206
7.194035,1.068207
7.194345,1.068209
7.194655,1.068211
7.194965,1.068214
7.195275,1.068215
7.195584,1.068216
7.195894,1.068218
7.196204,1.068220
7.196514,1.068223
7.196824,1.068225
7.197134,1.068226
7.197444,1.068228
7.197754,1.068230
7.198064,1.068232
7.198374,1.068234
7.198684,1.068236
7.198994,1.068237
7.199304,1.068240
7.199613,1.068242
7.199923,1.068244
7.200233,1.068246
7.200543,1.068248
7.200853,1.068250
7.201163,1.068251
7.201473,1.068253
7.201783,1.068256
7.202093,1.068257
7.202403,1.068259
7.202713,1.068262
7.203023,1.068263
7.203333,1.068265
7.203643,1.068267
7.203952,1.068269
7.204262,1.068271
7.204572,1.068273
7.204882,1.068276
7.205192,1.068276
7.205502,1.068279
7.205812,1.068281
7.206122,1.068282
7.206432,1.068284
7.206742,1.068286
7.207052,1.068288
7.207362,1.068289
7.207672,1.068292
7.207982,1.068295
7.208291,1.068296
7.208601,1.068298
7.208911,1.068300
7.209221,1.068302
7.209531,1.068303
7.209841,1.068306
7.210151,1.068308
7.210461,1.068309
7.210771,1.068311
7.211081,1.068312
7.211391,1.068316
7.211701,1.068316
7.212011,1.068319
7.212320,1.068320
7.212630,1.068322
7.212940,1.068324
7.213250,1.068326
7.213560,1.068328
7.213870,1.068331
7.214180,1.068332
7.214490,1.068335
7.214800,1.068336
7.215110,1.068338
7.215420,1.068340
7.215730,1.068341
7.216040,1.068343
7.216350,1.068347
7.216659,1.068348
7.216969,1.068350
7.217279,1.068351
7.217589,1.068353
7.217899,1.068355
7.218209,1.068357
7.218519,1.068358
7.218829,1.068361
7.219139,1.068362
7.219449,1.068365
7.219759,1.068367
7.220069,1.068369
7.220379,1.068371
7.220689,1.068372
7.220998,1.068374
7.221308,1.068376
7.221618,1.068378
7.221928,1.068380
7.222238,1.068383
7.222548,1.068385
7.222858,1.068386
7.223168,1.068387
7.223478,1.068390
7.223788,1.068392
7.224098,1.068393
7.224408,1.068395
7.224718,1.068397
7.225028,1.068399
7.225337,1.068401
7.225647,1.068403
7.225957,1.068404
7.226267,1.068406
7.226577,1.068408
7.226887,1.068410
7.227197,1.068412
7.227507,1.068414
7.227817,1.068416
7.228127,1.068418
7.228437,1.068420
7.228747,1.068421
7.229057,1.068424
7.229366,1.068425
7.229676,1.068427
7.229986,1.068430
7.230296,1.068431
7.230606,1.068433
7.230916,1.068435
7.231226,1.068437
7.231536,1.068439
7.231846,1.068440
7.232156,1.068442
7.232466,1.068444
7.232776,1.068445
7.233086,1.068447
7.233396,1.068448
7.233705,1.068452
7.234015,1.068454
7.234325,1.068456
7.234635,1.068457
7.234945,1.068460
7.235255,1.068462
7.235565,1.068462
7.235875,1.068465
7.236185,1.068466
7.236495,1.068468
7.236805,1.068469
7.237115,1.068472
7.237425,1.068474
7.237735,1.068477
7.238044,1.068478
7.238354,1.068480
7.238664,1.068481
7.238974,1.068483
7.239284,1.068485
7.239594,1.068486
7.239904,1.068489
7.240214,1.068491
7.240524,1.068493
7.240834,1.068494
7.241144,1.068497
7.241454,1.068499
7.241764,1.068500
7.242073,1.068502
7.242383,1.068504
7.242693,1.068507
7.243003,1.068508
7.243313,1.068511
7.243623,1.068512
7.243933,1.068514
7.244243,1.068515
7.244553,1.068518
7.244863,1.068520
7.245173,1.068521
7.245483,1.068522
7.245793,1.068524
7.246103,1.068526
7.246412,1.068529
7.246722,1.068530
7.247032,1.068532
7.247342,1.068534
7.247652,1.068536
7.247962,1.068537
7.248272,1.068540
7.248582,1.068541
7.248892,1.068543
7.249202,1.068545
7.249512,1.068547
7.249822,1.068550
7.250132,1.068551
7.250442,1.068552
7.250751,1.068555
7.251061,1.068557
7.251371,1.068559
7.251681,1.068560
7.251991,1.068562
7.252301,1.068564
7.252611,1.068566
7.252921,1.068568
7.253231,1.068569
7.253541,1.068572
7.253851,1.068574
7.254161,1.068575
7.254471,1.068577
7.254780,1.068579
7.255090,1.068581
7.255400,1.068582
7.255710,1.068584
7.256020,1.068586
7.256330,1.068588
7.256640,1.068590
7.256950,1.068591
7.257260,1.068594
7.257570,1.068595
7.257880,1.068598
7.258190,1.068599
7.258500,1.068600
7.258810,1.068603
7.259119,1.068605
7.259429,1.068606
7.259739,1.068610
7.260049,1.068611
7.260359,1.068612
7.260669,1.068614
7.260979,1.068617
7.261289,1.068618
7.261599,1.068620
7.261909,1.068622
7.262219,1.068623
7.262529,1.068625
7.262839,1.068627
7.263149,1.068629
7.263458,1.068630
7.263768,1.068633
7.264078,1.068634
7.264388,1.068637
7.264698,1.068638
7.265008,1.068639
7.265318,1.068641
7.265628,1.068644
7.265938,1.068646
7.266248,1.068647
7.266558,1.068650
7.266868,1.068651
7.267178,1.068653
7.267487,1.068655
7.267797,1.068657
7.268107,1.068658
7.268417,1.068660
7.268727,1.068663
7.269037,1.068664
7.269347,1.068666
7.269657,1.068667
7.269967,1.068670
7.270277,1.068672
7.270587,1.068673
7.270897,1.068675
7.271207,1.068677
7.271517,1.068679
7.271826,1.068682
7.272136,1.068682
7.272446,1.068684
7.272756,1.068687
7.273066,1.068689
7.273376,1.068691
7.273686,1.068692
7.273996,1.068694
7.274306,1.068696
7.274616,1.068698
7.274926,1.068700
7.275236,1.068701
7.275546,1.068702
7.275856,1.068705
7.276165,1.068706
7.276475,1.068708
7.276785,1.068710
7.277095,1.068712
7.277405,1.068714
7.277715,1.068716
7.278025,1.068719
7.278335,1.068720
7.278645,1.068721
7.278955,1.068722
7.279265,1.068724
7.279575,1.068727
7.279885,1.068729
7.280195,1.068730
7.280504,1.068733
7.280814,1.068733
7.281124,1.068737
7.281434,1.068738
7.281744,1.068739
7.282054,1.068741
7.282364,1.068744
7.282674,1.068744
7.282984,1.068747
7.283294,1.068748
7.283604,1.068752
7.283914,1.068753
7.284224,1.068754
7.284533,1.068756
7.284843,1.068759
7.285153,1.068761
7.285463,1.068761
7.285773,1.068764
7.286083,1.068765
7.286393,1.068767
7.286703,1.068770
7.287013,1.068771
7.287323,1.068771
7.287633,1.068774
7.287943,1.068776
7.288253,1.068777
7.288563,1.068780
7.288872,1.068781
7.289182,1.068784
7.289492,1.068786
7.289802,1.068787
7.290112,1.068789
7.290422,1.068791
7.290732,1.068793
7.291042,1.068795
7.291352,1.068797
7.291662,1.068799
7.291972,1.068800
7.292282,1.068802
7.292592,1.068803
7.292902,1.068805
7.293211,1.068806
7.293521,1.068810
7.293831,1.068811
7.294141,1.068813
7.294451,1.068815
7.294761,1.068816
7.295071,1.068817
7.295381,1.068820
7.295691,1.068821
7.296001,1.068824
7.296311,1.068825
7.296621,1.068827
7.296931,1.068828
7.297240,1.068830
7.297550,1.068833
7.297860,1.068834
7.298170,1.068835
7.298480,1.068838
7.298790,1.068840
7.299100,1.068841
7.299410,1.068843
7.299720,1.068845
7.300030,1.068848
7.300340,1.068849
7.300650,1.068850
7.300960,1.068852
7.301270,1.068855
7.301579,1.068856
7.301889,1.068858
7.302199,1.068859
7.302509,1.068862
7.302819,1.068863
7.303129,1.068865
7.303439,1.068867
7.303749,1.068868
7.304059,1.068870
7.304369,1.068873
7.304679,1.068875
7.304989,1.068876
7.305299,1.068877
7.305609,1.068880
7.305918,1.068880
7.306228,1.068882
7.306538,1.068885
7.306848,1.068887
7.307158,1.068888
7.307468,1.068890
7.307778,1.068892
7.308088,1.068893
7.308398,1.068895
7.308708,1.068897
7.309018,1.068899
7.309328,1.068901
7.309638,1.068903
7.309947,1.068904
7.310257,1.068907
7.310567,1.068909
7.310877,1.068910
7.311187,1.068911
7.311497,1.068914
7.311807,1.068915
7.312117,1.068917
7.312427,1.068919
7.312737,1.068921
7.313047,1.068924
7.313357,1.068924
7.313667,1.068925
7.313977,1.068927
7.314286,1.068930
7.314596,1.068931
7.314906,1.068933
7.315216,1.068935
7.315526,1.068937
7.315836,1.068940
7.316146,1.068941
7.316456,1.068942
7.316766,1.068944
7.317076,1.068946
7.317386,1.068948
7.317696,1.068950
7.318006,1.068952
7.318316,1.068953
7.318625,1.068955
7.318935,1.068955
7.319245,1.068959
7.319555,1.068960
7.319865,1.068961
7.320175,1.068963
7.320485,1.068965
7.320795,1.068968
7.321105,1.068969
7.321415,1.068970
7.321725,1.068973
7.322035,1.068974
7.322345,1.068977
7.322655,1.068978
7.322964,1.068981
7.323274,1.068982
7.323584,1.068983
7.323894,1.068985
7.324204,1.068987
7.324514,1.068988
7.324824,1.068991
7.325134,1.068993
7.325444,1.068994
7.325754,1.068996
7.326064,1.068998
7.326374,1.069000
7.326684,1.069000
7.326993,1.069003
7.327303,1.069005
7.327613,1.069007
7.327923,1.069008
7.328233,1.069010
7.328543,1.069011
7.328853,1.069014
7.329163,1.069015
7.329473,1.069018
7.329783,1.069019
7.330093,1.069021
7.330403,1.069023
7.330713,1.069025
7.331023,1.069026
7.331332,1.069028
7.331642,1.069030
7.331952,1.069031
7.332262,1.069033
7.332572,1.069036
7.332882,1.069038
7.333192,1.069040
7.333502,1.069041
7.333812,1.069042
7.334122,1.069044
7.334432,1.069046
7.334742,1.069047
7.335052,1.069050
7.335362,1.069051
7.335671,1.069053
7.335981,1.069054
7.336291,1.069056
7.336601,1.069057
7.336911,1.069060
7.337221,1.069061
7.337531,1.069064
7.337841,1.069066
7.338151,1.069067
7.338461,1.069069
7.338771,1.069070
7.339081,1.069072
7.339391,1.069074
7.339700,1.069076
7.340010,1.069078
7.340320,1.069080
7.340630,1.069081
7.340940,1.069082
7.341250,1.069085
7.341560,1.069087
7.341870,1.069088
7.342180,1.069091
7.342490,1.069092
7.342800,1.069093
7.343110,1.069095
7.343420,1.069097
7.343730,1.069098
7.344039,1.069100
7.344349,1.069101
7.344659,1.069104
7.344969,1.069106
7.345279,1.069107
7.345589,1.069108
7.345899,1.069111
7.346209,1.069113
7.346519,1.069115
7.346829,1.069116
7.347139,1.069118
7.347449,1.069120
7.347759,1.069121
7.348069,1.069124
7.348378,1.069125
7.348688,1.069127
7.348998,1.069129
7.349308,1.069130
7.349618,1.069133
7.349928,1.069134
7.350238,1.069136
7.350548,1.069137
7.350858,1.069139
7.351168,1.069140
7.351478,1.069143
7.351788,1.069144
7.352098,1.069146
7.352407,1.069148
7.352717,1.069149
7.353027,1.069151
7.353337,1.069153
7.353647,1.069155
7.353957,1.069157
7.354267,1.069158
7.354577,1.069161
7.354887,1.069162
7.355197,1.069164
7.355507,1.069165
7.355817,1.069167
7.356127,1.069167
7.356437,1.069171
7.356746,1.069173
7.357056,1.069175
7.357366,1.069177
7.357676,1.069178
7.357986,1.069180
7.358296,1.069181
7.358606,1.069184
7.358916,1.069186
7.359226,1.069186
7.359536,1.069188
7.359846,1.069189
7.360156,1.069191
7.360466,1.069193
7.360776,1.069195
7.361085,1.069197
7.361395,1.069199
7.361705,1.069200
7.362015,1.069203
7.362325,1.069204
7.362635,1.069206
7.362945,1.069207
7.363255,1.069209
7.363565,1.069211
7.363875,1.069213
7.364185,1.069214
7.364495,1.069216
7.364805,1.069218
7.365115,1.069219
7.365424,1.069221
7.365734,1.069222
7.366044,1.069224
7.366354,1.069225
7.366664,1.069227
7.366974,1.069230
7.367284,1.069231
7.367594,1.069233
7.367904,1.069235
7.368214,1.069236
7.368524,1.069239
7.368834,1.069240
7.369144,1.069242
7.369453,1.069243
7.369763,1.069245
7.370073,1.069247
7.370383,1.069249
7.370693,1.069252
7.371003,1.069252
7.371313,1.069254
7.371623,1.069256
7.371933,1.069257
7.372243,1.069259
7.372553,1.069260
7.372863,1.069263
7.373173,1.069265
7.373483,1.069265
7.373792,1.069268
7.374102,1.069270
7.374412,1.069272
7.374722,1.069273
7.375032,1.069275
7.375342,1.069277
7.375652,1.069279
7.375962,1.069280
7.376272,1.069283
7.376582,1.069283
7.376892,1.069285
7.377202,1.069287
7.377512,1.069289
7.377822,1.069290
7.378131,1.069292
7.378441,1.069295
7.378751,1.069297
7.379061,1.069298
7.379371,1.069299
7.379681,1.069301
7.379991,1.069303
7.380301,1.069305
7.380611,1.069306
7.380921,1.069308
7.381231,1.069308
7.381541,1.069312
7.381851,1.069313
7.382160,1.069314
7.382470,1.069317
7.382780,1.069318
7.383090,1.069320
7.383400,1.069322
7.383710,1.069324
7.384020,1.069325
7.384330,1.069327
7.384640,1.069328
7.384950,1.069329
7.385260,1.069331
7.385570,1.069333
7.385880,1.069335
7.386190,1.069337
7.386499,1.069338
7.386809,1.069340
7.387119,1.069342
7.387429,1.069343
7.387739,1.069345
7.388049,1.069347
7.388359,1.069348
7.388669,1.069350
7.388979,1.069352
7.389289,1.069354
7.389599,1.069355
7.389909,1.069357
7.390219,1.069360
7.390529,1.069361
7.390838,1.069363
7.391148,1.069363
7.391458,1.069366
7.391768,1.069368
7.392078,1.069370
7.392388,1.069371
7.392698,1.069373
7.393008,1.069373
7.393318,1.069375
7.393628,1.069378
7.393938,1.069379
7.394248,1.069381
7.394558,1.069382
7.394867,1.069385
7.395177,1.069386
7.395487,1.069388
7.395797,1.069390
7.396107,1.069391
7.396417,1.069393
7.396727,1.069395
7.397037,1.069396
7.397347,1.069399
7.397657,1.069400
7.397967,1.069402
7.398277,1.069404
7.398587,1.069405
7.398897,1.069407
7.399206,1.069408
7.399516,1.069410
7.399826,1.069412
7.400136,1.069414
7.400446,1.069415
7.400756,1.069417
7.401066,1.069418
7.401376,1.069420
7.401686,1.069422
7.401996,1.069424
7.402306,1.069425
7.402616,1.069427
7.402926,1.069428
7.403236,1.069432
7.403545,1.069432
7.403855,1.069434
7.404165,1.069436
7.404475,1.069438
7.404785,1.069439
7.405095,1.069441
7.405405,1.069443
7.405715,1.069445
7.406025,1.069446
7.406335,1.069448
7.406645,1.069450
7.406955,1.069450
7.407265,1.069453
7.407575,1.069455
7.407884,1.069456
7.408194,1.069457
7.408504,1.069459
7.408814,1.069461
7.409124,1.069463
7.409434,1.069464
7.409744,1.069467
7.410054,1.069468
7.410364,1.069470
7.410674,1.069471
7.410984,1.069473
7.411294,1.069474
7.411604,1.069476
7.411913,1.069478
7.412223,1.069480
7.412533,1.069481
7.412843,1.069482
7.413153,1.069484
7.413463,1.069486
7.413773,1.069488
7.414083,1.069490
7.414393,1.069491
7.414703,1.069493
7.415013,1.069495
7.415323,1.069497
7.415633,1.069498
7.415943,1.069499
7.416252,1.069501
7.416562,1.069503
7.416872,1.069504
7.417182,1.069505
7.417492,1.069508
7.417802,1.069509
7.418112,1.069511
7.418422,1.069514
7.418732,1.069515
7.419042,1.069516
7.419352,1.069517
7.419662,1.069520
7.419972,1.069522
7.420282,1.069523
7.420591,1.069525
7.420901,1.069526
7.421211,1.069529
7.421521,1.069530
7.421831,1.069531
7.422141,1.069534
7.422451,1.069535
7.422761,1.069536
7.423071,1.069538
7.423381,1.069540
7.423691,1.069541
7.424001,1.069543
7.424311,1.069545
7.424620,1.069547
7.424930,1.069548
7.425240,1.069550
7.425550,1.069551
7.425860,1.069553
7.426170,1.069555
7.426480,1.069557
7.426790,1.069559
7.427100,1.069560
7.427410,1.069561
7.427720,1.069564
7.428030,1.069565
7.428340,1.069566
7.428650,1.069569
7.428959,1.069569
7.429269,1.069571
7.429579,1.069573
7.429889,1.069575
7.430199,1.069577
7.430509,1.069578
7.430819,1.069580
7.431129,1.069582
7.431439,1.069583
7.431749,1.069585
7.432059,1.069588
7.432369,1.069589
7.432679,1.069590
7.432989,1.069592
7.433298,1.069593
7.433608,1.069596
7.433918,1.069596
7.434228,1.069598
7.434538,1.069600
7.434848,1.069601
7.435158,1.069604
7.435468,1.069605
7.435778,1.069607
7.436088,1.069609
7.436398,1.069610
7.436708,1.069612
7.437018,1.069613
7.437327,1.069615
7.437637,1.069616
7.437947,1.069619
7.438257,1.069620
7.438567,1.069621
7.438877,1.069623
7.439187,1.069625
7.439497,1.069626
7.439807,1.069629
7.440117,1.069629
7.440427,1.069631
7.440737,1.069633
7.441047,1.069635
7.441357,1.069636
7.441666,1.069638
7.441976,1.069640
7.442286,1.069641
7.442596,1.069643
7.442906,1.069644
7.443216,1.069646
7.443526,1.069648
7.443836,1.069650
7.444146,1.069651
7.444456,1.069653
7.444766,1.069654
7.445076,1.069657
7.445386,1.069658
7.445696,1.069660
7.446005,1.069661
7.446315,1.069662
7.446625,1.069665
7.446935,1.069666
7.447245,1.069668
7.447555,1.069669
7.447865,1.069671
7.448175,1.069673
7.448485,1.069675
7.448795,1.069676
7.449105,1.069679
7.449415,1.069679
7.449725,1.069682
7.450035,1.069683
7.450344,1.069684
7.450654,1.069686
7.450964,1.069688
7.451274,1.069689
7.451584,1.069691
7.451894,1.069692
7.452204,1.069694
7.452514,1.069696
7.452824,1.069697
7.453134,1.069698
7.453444,1.069701
7.453754,1.069703
7.454064,1.069704
7.454373,1.069705
7.454683,1.069708
7.454993,1.069708
7.455303,1.069711
7.455613,1.069712
7.455923,1.069713
7.456233,1.069716
7.456543,1.069718
7.456853,1.069719
7.457163,1.069721
7.457473,1.069721
7.457783,1.069723
7.458093,1.069725
7.458403,1.069727
7.458712,1.069728
7.459022,1.069730
7.459332,1.069732
7.459642,1.069734
7.459952,1.069735
7.460262,1.069737
7.460572,1.069739
7.460882,1.069740
7.461192,1.069742
7.461502,1.069744
7.461812,1.069746
7.462122,1.069747
7.462432,1.069749
7.462742,1.069751
7.463051,1.069752
7.463361,1.069753
7.463671,1.069755
7.463981,1.069757
7.464291,1.069758
7.464601,1.069760
7.464911,1.069761
7.465221,1.069763
7.465531,1.069764
7.465841,1.069765
7.466151,1.069767
7.466461,1.069771
7.466771,1.069771
7.467080,1.069772
7.467390,1.069775
7.467700,1.069776
7.468010,1.069777
7.468320,1.069779
7.468630,1.069780
7.468940,1.069783
7.469250,1.069784
7.469560,1.069785
7.469870,1.069787
7.470180,1.069788
7.470490,1.069791
7.470800,1.069793
7.471110,1.069793
7.471419,1.069795
7.471729,1.069797
7.472039,1.069798
7.472349,1.069801
7.472659,1.069802
7.472969,1.069803
7.473279,1.069805
7.473589,1.069806
7.473899,1.069808
7.474209,1.069810
7.474519,1.069811
7.474829,1.069813
7.475139,1.069815
7.475449,1.069817
7.475758,1.069819
7.476068,1.069819
7.476378,1.069821
7.476688,1.069823
7.476998,1.069824
7.477308,1.069826
7.477618,1.069827
7.477928,1.069829
7.478238,1.069831
7.478548,1.069833
7.478858,1.069834
7.479168,1.069836
7.479478,1.069837
7.479787,1.069839
7.480097,1.069840
7.480407,1.069842
7.480717,1.069844
7.481027,1.069845
7.481337,1.069847
7.481647,1.069847
7.481957,1.069849
7.482267,1.069851
7.482577,1.069854
7.482887,1.069855
7.483197,1.069856
7.483507,1.069858
7.483817,1.069860
7.484126,1.069861
7.484436,1.069863
7.484746,1.069865
7.485056,1.069866
7.485366,1.069869
7.485676,1.069870
7.485986,1.069871
7.486296,1.069873
7.486606,1.069874
7.486916,1.069876
7.487226,1.069878
7.487536,1.069879
7.487846,1.069881
7.488156,1.069884
7.488465,1.069885
7.488775,1.069886
7.489085,1.069887
7.489395,1.069890
7.489705,1.069890
7.490015,1.069892
7.490325,1.069894
7.490635,1.069896
7.490945,1.069897
7.491255,1.069898
7.491565,1.069899
7.491875,1.069902
7.492185,1.069903
7.492494,1.069906
7.492804,1.069908
7.493114,1.069908
7.493424,1.069910
7.493734,1.069912
7.494044,1.069913
7.494354,1.069914
7.494664,1.069916
7.494974,1.069918
7.495284,1.069919
7.495594,1.069922
7.495904,1.069923
7.496214,1.069925
7.496524,1.069926
7.496833,1.069928
7.497143,1.069929
7.497453,1.069930
7.497763,1.069932
7.498073,1.069934
7.498383,1.069935
7.498693,1.069936
7.499003,1.069939
7.499313,1.069940
7.499623,1.069942
7.499933,1.069943
7.500243,1.069944
7.500553,1.069947
7.500863,1.069948
7.501172,1.069949
7.501482,1.069952
7.501792,1.069953
7.502102,1.069955
7.502412,1.069956
7.502722,1.069957
7.503032,1.069960
7.503342,1.069961
7.503652,1.069962
7.503962,1.069964
7.504272,1.069966
7.504582,1.069967
7.504892,1.069969
7.505202,1.069970
7.505511,1.069971
7.505821,1.069973
7.506131,1.069975
7.506441,1.069977
7.506751,1.069978
7.507061,1.069980
7.507371,1.069982
7.507681,1.069983
7.507991,1.069985
7.508301,1.069986
7.508611,1.069987
7.508921,1.069989
7.509231,1.069991
7.509540,1.069993
7.509850,1.069994
7.510160,1.069996
7.510470,1.069998
7.510780,1.069999
7.511090,1.070001
7.511400,1.070001
7.511710,1.070003
7.512020,1.070006
7.512330,1.070006
7.512640,1.070008
7.512950,1.070010
7.513260,1.070012
7.513570,1.070014
7.513879,1.070014
7.514189,1.070016
7.514499,1.070017
7.514809,1.070020
7.515119,1.070021
7.515429,1.070022
7.515739,1.070025
7.516049,1.070026
7.516359,1.070028
7.516669,1.070030
7.516979,1.070032
7.517289,1.070032
7.517599,1.070034
7.517909,1.070036
7.518218,1.070037
7.518528,1.070038
7.518838,1.070040
7.519148,1.070042
7.519458,1.070043
7.519768,1.070045
7.520078,1.070046
7.520388,1.070048
7.520698,1.070049
7.521008,1.070051
7.521318,1.070053
7.521628,1.070055
7.521938,1.070056
7.522247,1.070058
7.522557,1.070059
7.522867,1.070060
7.523177,1.070062
7.523487,1.070063
7.523797,1.070064
7.524107,1.070066
7.524417,1.070068
7.524727,1.070070
7.525037,1.070071
7.525347,1.070073
7.525657,1.070074
7.525967,1.070077
7.526277,1.070078
7.526586,1.070079
7.526896,1.070081
7.527206,1.070083
7.527516,1.070085
7.527826,1.070086
7.528136,1.070088
7.528446,1.070089
7.528756,1.070091
7.529066,1.070092
7.529376,1.070094
7.529686,1.070094
7.529996,1.070096
7.530306,1.070098
7.530616,1.070100
7.530925,1.070101
7.531235,1.070103
7.531545,1.070104
7.531855,1.070105
7.532165,1.070107
7.532475,1.070109
7.532785,1.070110
7.533095,1.070113
7.533405,1.070113
7.533715,1.070115
7.534025,1.070117
7.534335,1.070118
7.534645,1.070120
7.534954,1.070121
7.535264,1.070122
7.535574,1.070124
7.535884,1.070126
7.536194,1.070128
7.536504,1.070129
7.536814,1.070131
7.537124,1.070133
7.537434,1.070135
7.537744,1.070135
7.538054,1.070137
7.538364,1.070138
7.538674,1.070140
7.538984,1.070143
7.539293,1.070143
7.539603,1.070145
7.539913,1.070147
7.540223,1.070148
7.540533,1.070150
7.540843,1.070151
7.541153,1.070152
7.541463,1.070154
7.541773,1.070155
7.542083,1.070156
7.542393,1.070159
7.542703,1.070160
7.543013,1.070162
7.543323,1.070163
7.543632,1.070165
7.543942,1.070166
7.544252,1.070167
7.544562,1.070170
7.544872,1.070171
7.545182,1.070173
7.545492,1.070173
7.545802,1.070175
7.546112,1.070178
7.546422,1.070179
7.546732,1.070181
7.547042,1.070182
7.547352,1.070184
7.547662,1.070185
7.547971,1.070187
7.548281,1.070188
7.548591,1.070190
7.548901,1.070192
7.549211,1.070193
7.549521,1.070195
7.549831,1.070196
7.550141,1.070197
7.550451,1.070199
7.550761,1.070200
7.551071,1.070202
7.551381,1.070203
7.551691,1.070204
7.552000,1.070206
7.552310,1.070207
7.552620,1.070210
7.552930,1.070212
7.553240,1.070213
7.553550,1.070214
7.553860,1.070215
7.554170,1.070217
7.554480,1.070218
7.554790,1.070221
7.555100,1.070222
7.555410,1.070223
7.555720,1.070225
7.556030,1.070227
7.556339,1.070228
7.556649,1.070229
7.556959,1.070231
7.557269,1.070232
7.557579,1.070234
7.557889,1.070236
7.558199,1.070237
7.558509,1.070240
7.558819,1.070241
7.559129,1.070242
7.559439,1.070243
7.559749,1.070245
7.560059,1.070247
7.560369,1.070249
7.560678,1.070251
7.560988,1.070252
7.561298,1.070253
7.561608,1.070254
7.561918,1.070256
7.562228,1.070258
7.562538,1.070259
7.562848,1.070261
7.563158,1.070262
7.563468,1.070263
7.563778,1.070264
7.564088,1.070266
7.564398,1.070268
7.564707,1.070269
7.565017,1.070272
7.565327,1.070272
7.565637,1.070274
7.565947,1.070275
7.566257,1.070277
7.566567,1.070279
7.566877,1.070281
7.567187,1.070282
7.567497,1.070283
7.567807,1.070284
7.568117,1.070287
7.568427,1.070287
7.568737,1.070289
7.569046,1.070292
7.569356,1.070293
7.569666,1.070294
7.569976,1.070295
7.570286,1.070297
7.570596,1.070298
7.570906,1.070301
7.571216,1.070301
7.571526,1.070303
7.571836,1.070304
7.572146,1.070305
7.572456,1.070307
7.572766,1.070309
7.573076,1.070310
7.573385,1.070312
7.573695,1.070313
7.574005,1.070315
7.574315,1.070316
7.574625,1.070318
7.574935,1.070319
7.575245,1.070320
7.575555,1.070323
7.575865,1.070325
7.576175,1.070326
7.576485,1.070328
7.576795,1.070329
7.577105,1.070330
7.577414,1.070331
7.577724,1.070333
7.578034,1.070334
7.578344,1.070337
7.578654,1.070339
7.578964,1.070339
7.579274,1.070341
7.579584,1.070342
7.579894,1.070344
7.580204,1.070346
7.580514,1.070347
7.580824,1.070348
7.581134,1.070350
7.581444,1.070352
7.581753,1.070354
7.582063,1.070355
7.582373,1.070356
7.582683,1.070358
7.582993,1.070359
7.583303,1.070361
7.583613,1.070362
7.583923,1.070364
7.584233,1.070365
7.584543,1.070368
7.584853,1.070368
7.585163,1.070370
7.585473,1.070371
7.585783,1.070373
7.586092,1.070374
7.586402,1.070375
7.586712,1.070377
7.587022,1.070379
7.587332,1.070381
7.587642,1.070381
7.587952,1.070384
7.588262,1.070385
7.588572,1.070387
7.588882,1.070388
7.589192,1.070389
7.589502,1.070392
7.589812,1.070393
7.590122,1.070394
7.590431,1.070396
7.590741,1.070397
7.591051,1.070399
7.591361,1.070400
7.591671,1.070401
7.591981,1.070403
7.592291,1.070404
7.592601,1.070406
7.592911,1.070407
7.593221,1.070409
7.593531,1.070410
7.593841,1.070412
7.594151,1.070414
7.594460,1.070415
7.594770,1.070416
7.595080,1.070418
7.595390,1.070420
7.595700,1.070421
7.596010,1.070422
7.596320,1.070424
7.596630,1.070425
7.596940,1.070426
7.597250,1.070428
7.597560,1.070429
7.597870,1.070431
7.598180,1.070433
7.598490,1.070434
7.598799,1.070436
7.599109,1.070438
7.599419,1.070439
7.599729,1.070440
7.600039,1.070441
7.600349,1.070443
7.600659,1.070445
7.600969,1.070447
7.601279,1.070447
7.601589,1.070450
7.601899,1.070451
7.602209,1.070453
7.602519,1.070453
7.602829,1.070456
7.603138,1.070457
7.603448,1.070458
7.603758,1.070460
7.604068,1.070462
7.604378,1.070463
7.604688,1.070465
7.604998,1.070466
7.605308,1.070467
7.605618,1.070469
7.605928,1.070470
7.606238,1.070472
7.606548,1.070473
7.606858,1.070475
7.607167,1.070477
7.607477,1.070478
7.607787,1.070479
7.608097,1.070481
7.608407,1.070482
7.608717,1.070484
7.609027,1.070486
7.609337,1.070487
7.609647,1.070488
7.609957,1.070490
7.610267,1.070492
7.610577,1.070492
7.610887,1.070495
7.611197,1.070496
7.611506,1.070497
7.611816,1.070499
7.612126,1.070501
7.612436,1.070502
7.612746,1.070502
7.613056,1.070505
7.613366,1.070506
7.613676,1.070507
7.613986,1.070508
7.614296,1.070511
7.614606,1.070511
7.614916,1.070513
7.615226,1.070515
7.615536,1.070516
7.615845,1.070517
7.616155,1.070520
7.616465,1.070521
7.616775,1.070522
7.617085,1.070524
7.617395,1.070526
7.617705,1.070526
7.618015,1.070527
7.618325,1.070529
7.618635,1.070530
7.618945,1.070532
7.619255,1.070534
7.619565,1.070535
7.619874,1.070536
7.620184,1.070538
7.620494,1.070540
7.620804,1.070541
7.621114,1.070543
7.621424,1.070544
7.621734,1.070545
7.622044,1.070547
7.622354,1.070549
7.622664,1.070550
7.622974,1.070551
7.623284,1.070553
7.623594,1.070554
7.623904,1.070555
7.624213,1.070557
7.624523,1.070559
7.624833,1.070560
7.625143,1.070561
7.625453,1.070564
7.625763,1.070565
7.626073,1.070566
7.626383,1.070568
7.626693,1.070569
7.627003,1.070571
7.627313,1.070571
7.627623,1.070574
7.627933,1.070575
7.628243,1.070576
7.628552,1.070577
7.628862,1.070579
7.629172,1.070581
7.629482,1.070582
7.629792,1.070584
7.630102,1.070585
7.630412,1.070586
7.630722,1.070589
7.631032,1.070590
7.631342,1.070591
7.631652,1.070592
7.631962,1.070594
7.632272,1.070596
7.632582,1.070597
7.632891,1.070598
7.633201,1.070599
7.633511,1.070601
7.633821,1.070602
7.634131,1.070604
7.634441,1.070606
7.634751,1.070607
7.635061,1.070609
7.635371,1.070611
7.635681,1.070612
7.635991,1.070613
7.636301,1.070615
7.636611,1.070616
7.636920,1.070618
7.637230,1.070619
7.637540,1.070621
7.637850,1.070622
7.638160,1.070623
7.638470,1.070626
7.638780,1.070626
7.639090,1.070628
7.639400,1.070629
7.639710,1.070631
7.640020,1.070632
7.640330,1.070634
7.640640,1.070635
7.640950,1.070636
7.641259,1.070638
7.641569,1.070639
7.641879,1.070641
7.642189,1.070642
7.642499,1.070643
7.642809,1.070645
7.643119,1.070647
7.643429,1.070648
7.643739,1.070650
7.644049,1.070651
7.644359,1.070652
7.644669,1.070654
7.644979,1.070656
7.645289,1.070657
7.645598,1.070658
7.645908,1.070660
7.646218,1.070662
7.646528,1.070663
7.646838,1.070663
7.647148,1.070665
7.647458,1.070667
7.647768,1.070668
7.648078,1.070669
7.648388,1.070671
7.648698,1.070673
7.649008,1.070675
7.649318,1.070676
7.649627,1.070678
7.649937,1.070680
7.650247,1.070680
7.650557,1.070681
7.650867,1.070684
7.651177,1.070684
7.651487,1.070686
7.651797,1.070687
7.652107,1.070688
7.652417,1.070690
7.652727,1.070692
7.653037,1.070694
7.653347,1.070695
7.653657,1.070696
7.653966,1.070698
7.654276,1.070699
7.654586,1.070701
7.654896,1.070701
7.655206,1.070703
7.655516,1.070704
7.655826,1.070706
7.656136,1.070708
7.656446,1.070708
7.656756,1.070710
7.657066,1.070712
7.657376,1.070714
7.657686,1.070715
7.657996,1.070716
7.658305,1.070717
7.658615,1.070719
7.658925,1.070719
7.659235,1.070722
7.659545,1.070724
7.659855,1.070724
7.660165,1.070726
7.660475,1.070727
7.660785,1.070728
7.661095,1.070730
7.661405,1.070732
7.661715,1.070733
7.662025,1.070735
7.662334,1.070736
7.662644,1.070738
7.662954,1.070739
7.663264,1.070741
7.663574,1.070742
7.663884,1.070744
7.664194,1.070745
7.664504,1.070746
7.664814,1.070748
7.665124,1.070749
7.665434,1.070751
7.665744,1.070752
7.666054,1.070753
7.666364,1.070754
7.666673,1.070757
7.666983,1.070758
7.667293,1.070759
7.667603,1.070760
7.667913,1.070762
7.668223,1.070763
7.668533,1.070765
7.668843,1.070767
7.669153,1.070767
7.669463,1.070768
7.669773,1.070770
7.670083,1.070772
7.670393,1.070773
7.670703,1.070775
7.671012,1.070776
7.671322,1.070777
7.671632,1.070779
7.671942,1.070781
7.672252,1.070783
7.672562,1.070784
7.672872,1.070785
7.673182,1.070785
7.673492,1.070788
7.673802,1.070789
7.674112,1.070791
7.674422,1.070792
7.674732,1.070794
7.675042,1.070794
7.675351,1.070796
7.675661,1.070798
7.675971,1.070799
7.676281,1.070801
7.676591,1.070802
7.676901,1.070803
7.677211,1.070804
7.677521,1.070806
7.677831,1.070808
7.678141,1.070809
7.678451,1.070810
7.678761,1.070812
7.679071,1.070814
7.679380,1.070815
7.679690,1.070815
7.680000,1.070818
7.680310,1.070819
7.680620,1.070821
7.680930,1.070822
7.681240,1.070823
7.681550,1.070825
7.681860,1.070827
7.682170,1.070828
7.682480,1.070830
7.682790,1.070831
7.683100,1.070832
7.683410,1.070833
7.683719,1.070834
7.684029,1.070836
7.684339,1.070837
7.684649,1.070839
7.684959,1.070841
7.685269,1.070842
7.685579,1.070844
7.685889,1.070844
7.686199,1.070846
7.686509,1.070847
7.686819,1.070849
7.687129,1.070849
7.687439,1.070851
7.687749,1.070853
7.688058,1.070855
7.688368,1.070855
7.688678,1.070858
7.688988,1.070858
7.689298,1.070861
7.689608,1.070861
7.689918,1.070864
7.690228,1.070864
7.690538,1.070865
7.690848,1.070868
7.691158,1.070868
7.691468,1.070869
7.691778,1.070871
7.692087,1.070873
7.692397,1.070874
7.692707,1.070876
7.693017,1.070877
7.693327,1.070878
7.693637,1.070879
7.693947,1.070881
7.694257,1.070883
7.694567,1.070884
7.694877,1.070886
7.695187,1.070887
7.695497,1.070888
7.695807,1.070890
7.696117,1.070891
7.696426,1.070892
7.696736,1.070893
7.697046,1.070895
7.697356,1.070896
7.697666,1.070898
7.697976,1.070899
7.698286,1.070901
7.698596,1.070902
7.698906,1.070903
7.699216,1.070904
7.699526,1.070907
7.699836,1.070908
7.700146,1.070910
7.700456,1.070911
7.700765,1.070912
7.701075,1.070914
7.701385,1.070915
7.701695,1.070916
7.702005,1.070918
7.702315,1.070919
7.702625,1.070920
7.702935,1.070922
7.703245,1.070924
7.703555,1.070924
7.703865,1.070926
7.704175,1.070927
7.704485,1.070928
7.704794,1.070930
7.705104,1.070931
7.705414,1.070933
7.705724,1.070935
7.706034,1.070936
7.706344,1.070937
7.706654,1.070938
7.706964,1.070940
7.707274,1.070941
7.707584,1.070943
7.707894,1.070943
7.708204,1.070945
7.708514,1.070947
7.708824,1.070947
7.709133,1.070949
7.709443,1.070950
7.709753,1.070951
7.710063,1.070954
7.710373,1.070955
7.710683,1.070956
7.710993,1.070958
7.711303,1.070960
7.711613,1.070960
7.711923,1.070962
7.712233,1.070963
7.712543,1.070965
7.712853,1.070966
7.713163,1.070967
7.713472,1.070968
7.713782,1.070970
7.714092,1.070971
7.714402,1.070973
7.714712,1.070974
7.715022,1.070976
7.715332,1.070978
7.715642,1.070979
7.715952,1.070981
7.716262,1.070982
7.716572,1.070983
7.716882,1.070984
7.717192,1.070986
7.717502,1.070987
7.717811,1.070989
7.718121,1.070990
7.718431,1.070990
7.718741,1.070992
7.719051,1.070994
7.719361,1.070996
7.719671,1.070997
7.719981,1.070997
7.720291,1.070999
7.720601,1.071001
7.720911,1.071002
7.721221,1.071005
7.721531,1.071005
7.721840,1.071007
7.722150,1.071008
7.722460,1.071009
7.722770,1.071011
7.723080,1.071013
7.723390,1.071014
7.723700,1.071015
7.724010,1.071017
7.724320,1.071018
7.724630,1.071020
7.724940,1.071020
7.725250,1.071022
7.725560,1.071023
7.725870,1.071025
7.726179,1.071026
7.726489,1.071027
7.726799,1.071028
7.727109,1.071030
7.727419,1.071031
7.727729,1.071032
7.728039,1.071035
7.728349,1.071035
7.728659,1.071037
7.728969,1.071038
7.729279,1.071039
7.729589,1.071041
7.729899,1.071042
7.730209,1.071043
7.730518,1.071045
7.730828,1.071046
7.731138,1.071047
7.731448,1.071048
7.731758,1.071050
7.732068,1.071051
7.732378,1.071052
7.732688,1.071055
7.732998,1.071055
7.733308,1.071058
7.733618,1.071059
7.733928,1.071061
7.734238,1.071062
7.734547,1.071062
7.734857,1.071064
7.735167,1.071065
7.735477,1.071067
7.735787,1.071068
7.736097,1.071070
7.736407,1.071071
7.736717,1.071072
7.737027,1.071074
7.737337,1.071075
7.737647,1.071077
7.737957,1.071078
7.738267,1.071078
7.738577,1.071080
7.738886,1.071082
7.739196,1.071083
7.739506,1.071084
7.739816,1.071087
7.740126,1.071088
7.740436,1.071089
7.740746,1.071089
7.741056,1.071091
7.741366,1.071093
7.741676,1.071094
7.741986,1.071096
7.742296,1.071097
7.742606,1.071099
7.742916,1.071100
7.743225,1.071101
7.743535,1.071103
7.743845,1.071103
7.744155,1.071104
7.744465,1.071106
7.744775,1.071108
7.745085,1.071109
7.745395,1.071110
7.745705,1.071112
7.746015,1.071113
7.746325,1.071114
7.746635,1.071117
7.746945,1.071117
7.747254,1.071120
7.747564,1.071120
7.747874,1.071121
7.748184,1.071122
7.748494,1.071124
7.748804,1.071125
7.749114,1.071127
7.749424,1.071128
7.749734,1.071129
7.750044,1.071131
7.750354,1.071132
7.750664,1.071133
7.750974,1.071135
7.751284,1.071137
7.751593,1.071137
7.751903,1.071139
7.752213,1.071140
7.752523,1.071141
7.752833,1.071143
7.753143,1.071144
7.753453,1.071146
7.753763,1.071147
7.754073,1.071149
7.754383,1.071149
7.754693,1.071151
7.755003,1.071152
7.755313,1.071154
7.755623,1.071155
7.755932,1.071156
7.756242,1.071159
7.756552,1.071159
7.756862,1.071160
7.757172,1.071161
7.757482,1.071163
7.757792,1.071164
7.758102,1.071166
7.758412,1.071167
7.758722,1.071168
7.759032,1.071169
7.759342,1.071172
7.759652,1.071172
7.759961,1.071174
7.760271,1.071175
7.760581,1.071176
7.760891,1.071178
7.761201,1.071179
7.761511,1.071181
7.761821,1.071181
7.762131,1.071184
7.762441,1.071184
7.762751,1.071186
7.763061,1.071188
7.763371,1.071189
7.763681,1.071190
7.763991,1.071192
7.764300,1.071193
7.764610,1.071194
7.764920,1.071196
7.765230,1.071198
7.765540,1.071199
7.765850,1.071200
7.766160,1.071201
7.766470,1.071203
7.766780,1.071204
7.767090,1.071205
7.767400,1.071206
7.767710,1.071208
7.768020,1.071210
7.768330,1.071210
7.768639,1.071212
7.768949,1.071213
7.769259,1.071214
7.769569,1.071215
7.769879,1.071217
7.770189,1.071218
7.770499,1.071220
7.770809,1.071222
7.771119,1.071222
7.771429,1.071224
7.771739,1.071224
7.772049,1.071226
7.772359,1.071228
7.772669,1.071229
7.772978,1.071230
7.773288,1.071231
7.773598,1.071233
7.773908,1.071235
7.774218,1.071235
7.774528,1.071237
7.774838,1.071239
7.775148,1.071240
7.775458,1.071241
7.775768,1.071243
7.776078,1.071244
7.776388,1.071245
7.776698,1.071248
7.777007,1.071249
7.777317,1.071250
7.777627,1.071250
7.777937,1.071251
7.778247,1.071253
7.778557,1.071254
7.778867,1.071255
7.779177,1.071257
7.779487,1.071258
7.779797,1.071260
7.780107,1.071261
7.780417,1.071262
7.780727,1.071264
7.781037,1.071265
7.781346,1.071266
7.781656,1.071267
7.781966,1.071269
7.782276,1.071270
7.782586,1.071272
7.782896,1.071273
7.783206,1.071275
7.783516,1.071276
7.783826,1.071277
7.784136,1.071278
7.784446,1.071280
7.784756,1.071280
7.785066,1.071282
7.785376,1.071284
7.785685,1.071285
7.785995,1.071286
7.786305,1.071287
7.786615,1.071289
7.786925,1.071289
7.787235,1.071292
7.787545,1.071292
7.787855,1.071293
7.788165,1.071295
7.788475,1.071295
7.788785,1.071297
7.789095,1.071299
7.789405,1.071300
7.789714,1.071301
7.790024,1.071303
7.790334,1.071305
7.790644,1.071306
7.790954,1.071307
7.791264,1.071308
7.791574,1.071310
7.791884,1.071311
7.792194,1.071312
7.792504,1.071314
7.792814,1.071316
7.793124,1.071316
7.793434,1.071318
7.793744,1.071319
7.794053,1.071319
7.794363,1.071322
7.794673,1.071323
7.794983,1.071324
7.795293,1.071325
7.795603,1.071327
7.795913,1.071328
7.796223,1.071330
7.796533,1.071332
7.796843,1.071332
7.797153,1.071334
7.797463,1.071334
7.797773,1.071336
7.798083,1.071338
7.798392,1.071339
7.798702,1.071341
7.799012,1.071341
7.799322,1.071343
7.799632,1.071344
7.799942,1.071345
7.800252,1.071347
7.800562,1.071349
7.800872,1.071349
7.801182,1.071350
7.801492,1.071352
7.801802,1.071353
7.802112,1.071354
7.802421,1.071356
7.802731,1.071357
7.803041,1.071359
7.803351,1.071359
7.803661,1.071361
7.803971,1.071363
7.804281,1.071363
7.804591,1.071365
7.804901,1.071367
7.805211,1.071368
7.805521,1.071369
7.805831,1.071371
7.806141,1.071372
7.806451,1.071373
7.806760,1.071374
7.807070,1.071375
7.807380,1.071377
7.807690,1.071379
7.808000,1.071379
7.808310,1.071380
7.808620,1.071381
7.808930,1.071383
7.809240,1.071384
7.809550,1.071387
7.809860,1.071386
7.810170,1.071388
7.810480,1.071390
7.810790,1.071391
7.811099,1.071393
7.811409,1.071395
7.811719,1.071394
7.812029,1.071396
7.812339,1.071397
7.812649,1.071398
7.812959,1.071400
7.813269,1.071400
7.813579,1.071403
7.813889,1.071404
7.814199,1.071405
7.814509,1.071406
7.814819,1.071408
7.815129,1.071409
7.815438,1.071410
7.815748,1.071411
7.816058,1.071413
7.816368,1.071415
7.816678,1.071416
7.816988,1.071417
7.817298,1.071418
7.817608,1.071419
7.817918,1.071422
7.818228,1.071422
7.818538,1.071423
7.818848,1.071424
7.819158,1.071426
7.819467,1.071427
7.819777,1.071428
7.820087,1.071430
7.820397,1.071431
7.820707,1.071432
7.821017,1.071433
7.821327,1.071435
7.821637,1.071436
7.821947,1.071438
7.822257,1.071440
7.822567,1.071440
7.822877,1.071441
7.823187,1.071443
7.823497,1.071445
7.823806,1.071445
7.824116,1.071446
7.824426,1.071447
7.824736,1.071449
7.825046,1.071451
7.825356,1.071452
7.825666,1.071454
7.825976,1.071455
7.826286,1.071456
7.826596,1.071457
7.826906,1.071458
7.827216,1.071459
7.827526,1.071460
7.827836,1.071462
7.828145,1.071463
7.828455,1.071464
7.828765,1.071465
7.829075,1.071467
7.829385,1.071468
7.829695,1.071471
7.830005,1.071471
7.830315,1.071473
7.830625,1.071473
7.830935,1.071475
7.831245,1.071476
7.831555,1.071477
7.831865,1.071478
7.832174,1.071480
7.832484,1.071481
7.832794,1.071483
7.833104,1.071484
7.833414,1.071485
7.833724,1.071485
7.834034,1.071487
7.834344,1.071489
7.834654,1.071490
7.834964,1.071492
7.835274,1.071492
7.835584,1.071494
7.835894,1.071496
7.836204,1.071497
7.836513,1.071497
7.836823,1.071499
7.837133,1.071501
7.837443,1.071501
7.837753,1.071503
7.838063,1.071505
7.838373,1.071506
7.838683,1.071507
7.838993,1.071509
7.839303,1.071510
7.839613,1.071511
7.839923,1.071513
7.840233,1.071514
7.840543,1.071515
7.840852,1.071516
7.841162,1.071517
7.841472,1.071519
7.841782,1.071521
7.842092,1.071522
7.842402,1.071522
7.842712,1.071525
7.843022,1.071525
7.843332,1.071525
7.843642,1.071528
7.843952,1.071529
7.844262,1.071530
7.844572,1.071532
7.844881,1.071533
7.845191,1.071534
7.845501,1.071534
7.845811,1.071537
7.846121,1.071538
7.846431,1.071539
7.846741,1.071540
7.847051,1.071542
7.847361,1.071543
7.847671,1.071543
7.847981,1.071545
7.848291,1.071547
7.848601,1.071547
7.848911,1.071549
7.849220,1.071551
7.849530,1.071551
7.849840,1.071552
7.850150,1.071553
7.850460,1.071554
7.850770,1.071556
7.851080,1.071558
7.851390,1.071560
7.851700,1.071560
7.852010,1.071562
7.852320,1.071563
7.852630,1.071564
7.852940,1.071566
7.853250,1.071567
7.853559,1.071569
7.853869,1.071569
7.854179,1.071570
7.854489,1.071572
7.854799,1.071574
7.855109,1.071575
7.855419,1.071576
7.855729,1.071577
7.856039,1.071579
7.856349,1.071580
7.856659,1.071581
7.856969,1.071582
7.857279,1.071584
7.857589,1.071584
7.857898,1.071586
7.858208,1.071587
7.858518,1.071588
7.858828,1.071589
7.859138,1.071591
7.859448,1.071592
7.859758,1.071593
7.860068,1.071594
7.860378,1.071596
7.860688,1.071597
7.860998,1.071598
7.861308,1.071599
7.861618,1.071600
7.861927,1.071601
7.862237,1.071603
7.862547,1.071604
7.862857,1.071605
7.863167,1.071607
7.863477,1.071607
7.863787,1.071609
7.864097,1.071611
7.864407,1.071613
7.864717,1.071613
7.865027,1.071615
7.865337,1.071614
7.865647,1.071617
7.865957,1.071618
7.866266,1.071620
7.866576,1.071621
7.866886,1.071621
7.867196,1.071622
7.867506,1.071624
7.867816,1.071626
7.868126,1.071629
7.868436,1.071628
7.868746,1.071629
7.869056,1.071631
7.869366,1.071632
7.869676,1.071634
7.869986,1.071634
7.870296,1.071636
7.870605,1.071638
7.870915,1.071639
7.871225,1.071639
7.871535,1.071641
7.871845,1.071643
7.872155,1.071643
7.872465,1.071644
7.872775,1.071646
7.873085,1.071648
7.873395,1.071649
7.873705,1.071651
7.874015,1.071651
7.874325,1.071652
7.874634,1.071653
7.874944,1.071654
7.875254,1.071656
7.875564,1.071657
7.875874,1.071658
7.876184,1.071660
7.876494,1.071661
7.876804,1.071661
7.877114,1.071663
7.877424,1.071664
7.877734,1.071665
7.878044,1.071666
7.878354,1.071668
7.878664,1.071670
7.878973,1.071671
7.879283,1.071673
7.879593,1.071674
7.879903,1.071675
7.880213,1.071676
7.880523,1.071676
7.880833,1.071679
7.881143,1.071680
7.881453,1.071681
7.881763,1.071681
7.882073,1.071684
7.882383,1.071685
7.882693,1.071686
7.883003,1.071687
7.883312,1.071688
7.883622,1.071689
7.883932,1.071692
7.884242,1.071693
7.884552,1.071693
7.884862,1.071694
7.885172,1.071695
7.885482,1.071697
7.885792,1.071698
7.886102,1.071700
7.886412,1.071701
7.886722,1.071703
7.887032,1.071703
7.887341,1.071704
7.887651,1.071706
7.887961,1.071707
7.888271,1.071708
7.888581,1.071709
7.888891,1.071710
7.889201,1.071712
7.889511,1.071713
7.889821,1.071714
7.890131,1.071715
7.890441,1.071716
7.890751,1.071717
7.891061,1.071719
7.891371,1.071720
7.891680,1.071722
7.891990,1.071723
7.892300,1.071723
7.892610,1.071725
7.892920,1.071725
7.893230,1.071727
7.893540,1.071729
7.893850,1.071730
7.894160,1.071732
7.894470,1.071733
7.894780,1.071734
7.895090,1.071735
7.895400,1.071736
7.895710,1.071738
7.896019,1.071739
7.896329,1.071740
7.896639,1.071742
7.896949,1.071743
7.897259,1.071744
7.897569,1.071745
7.897879,1.071747
7.898189,1.071748
7.898499,1.071748
7.898809,1.071750
7.899119,1.071751
7.899429,1.071753
7.899739,1.071754
7.900049,1.071755
7.900358,1.071757
7.900668,1.071758
7.900978,1.071759
7.901288,1.071760
7.901598,1.071761
7.901908,1.071761
7.902218,1.071764
7.902528,1.071765
7.902838,1.071766
7.903148,1.071767
7.903458,1.071769
7.903768,1.071770
7.904078,1.071771
7.904387,1.071772
7.904697,1.071773
7.905007,1.071775
7.905317,1.071776
7.905627,1.071777
7.905937,1.071778
7.906247,1.071779
7.906557,1.071780
7.906867,1.071782
7.907177,1.071783
7.907487,1.071784
7.907797,1.071786
7.908107,1.071786
7.908417,1.071788
7.908726,1.071788
7.909036,1.071790
7.909346,1.071791
7.909656,1.071793
7.909966,1.071794
7.910276,1.071796
7.910586,1.071797
7.910896,1.071797
7.911206,1.071799
7.911516,1.071801
7.911826,1.071801
7.912136,1.071802
7.912446,1.071804
7.912756,1.071805
7.913065,1.071806
7.913375,1.071807
7.913685,1.071809
7.913995,1.071810
7.914305,1.071811
7.914615,1.071812
7.914925,1.071813
7.915235,1.071815
7.915545,1.071816
7.915855,1.071817
7.916165,1.071818
7.916475,1.071819
7.916785,1.071820
7.917094,1.071822
7.917404,1.071823
7.917714,1.071825
7.918024,1.071826
7.918334,1.071827
7.918644,1.071828
7.918954,1.071829
7.919264,1.071831
7.919574,1.071832
7.919884,1.071833
7.920194,1.071833
7.920504,1.071836
7.920814,1.071837
7.921124,1.071838
7.921433,1.071839
7.921743,1.071841
7.922053,1.071841
7.922363,1.071842
7.922673,1.071843
7.922983,1.071845
7.923293,1.071845
7.923603,1.071847
7.923913,1.071848
7.924223,1.071850
7.924533,1.071851
7.924843,1.071853
7.925153,1.071853
7.925463,1.071855
7.925772,1.071855
7.926082,1.071857
7.926392,1.071857
7.926702,1.071859
7.927012,1.071861
7.927322,1.071862
7.927632,1.071863
7.927942,1.071864
7.928252,1.071865
7.928562,1.071867
7.928872,1.071868
7.929182,1.071869
7.929492,1.071871
7.929801,1.071871
7.930111,1.071872
7.930421,1.071874
7.930731,1.071876
7.931041,1.071876
7.931351,1.071877
7.931661,1.071879
7.931971,1.071880
7.932281,1.071882
7.932591,1.071882
7.932901,1.071884
7.933211,1.071884
7.933521,1.071886
7.933831,1.071887
7.934140,1.071888
7.934450,1.071888
7.934760,1.071891
7.935070,1.071891
7.935380,1.071893
7.935690,1.071894
7.936000,1.071896
7.936310,1.071897
7.936620,1.071898
7.936930,1.071899
7.937240,1.071900
7.937550,1.071901
7.937860,1.071903
7.938170,1.071903
7.938479,1.071905
7.938789,1.071906
7.939099,1.071908
7.939409,1.071909
7.939719,1.071910
7.940029,1.071911
7.940339,1.071913
7.940649,1.071913
7.940959,1.071914
7.941269,1.071916
7.941579,1.071917
7.941889,1.071918
7.942199,1.071919
7.942509,1.071920
7.942818,1.071922
7.943128,1.071922
7.943438,1.071924
7.943748,1.071925
7.944058,1.071926
7.944368,1.071928
7.944678,1.071930
7.944988,1.071930
7.945298,1.071930
7.945608,1.071933
7.945918,1.071933
7.946228,1.071935
7.946538,1.071937
7.946847,1.071937
7.947157,1.071938
7.947467,1.071941
7.947777,1.071941
7.948087,1.071943
7.948397,1.071943
7.948707,1.071944
7.949017,1.071945
7.949327,1.071946
7.949637,1.071947
7.949947,1.071949
7.950257,1.071949
7.950567,1.071950
7.950877,1.071952
7.951186,1.071954
7.951496,1.071955
7.951806,1.071955
7.952116,1.071958
7.952426,1.071959
7.952736,1.071959
7.953046,1.071961
7.953356,1.071961
7.953666,1.071963
7.953976,1.071965
7.954286,1.071965
7.954596,1.071967
7.954906,1.071968
7.955216,1.071969
7.955525,1.071970
7.955835,1.071972
7.956145,1.071972
7.956455,1.071974
7.956765,1.071975
7.957075,1.071976
7.957385,1.071978
7.957695,1.071979
7.958005,1.071980
7.958315,1.071980
7.958625,1.071983
7.958935,1.071984
7.959245,1.071985
7.959554,1.071986
7.959864,1.071986
7.960174,1.071988
7.960484,1.071989
7.960794,1.071990
7.961104,1.071991
7.961414,1.071993
7.961724,1.071994
7.962034,1.071996
7.962344,1.071996
7.962654,1.071996
7.962964,1.071999
7.963274,1.072000
7.963584,1.072001
7.963893,1.072003
7.964203,1.072003
7.964513,1.072004
7.964823,1.072006
7.965133,1.072007
7.965443,1.072008
7.965753,1.072009
7.966063,1.072011
7.966373,1.072011
7.966683,1.072014
7.966993,1.072014
7.967303,1.072015
7.967613,1.072017
7.967923,1.072018
7.968232,1.072019
7.968542,1.072019
7.968852,1.072021
7.969162,1.072021
7.969472,1.072023
7.969782,1.072024
7.970092,1.072025
7.970402,1.072027
7.970712,1.072028
7.971022,1.072029
7.971332,1.072030
7.971642,1.072031
7.971952,1.072032
7.972261,1.072034
7.972571,1.072035
7.972881,1.072036
7.973191,1.072037
7.973501,1.072038
7.973811,1.072039
7.974121,1.072040
7.974431,1.072042
7.974741,1.072043
7.975051,1.072043
7.975361,1.072045
7.975671,1.072046
7.975981,1.072047
7.976291,1.072049
7.976600,1.072050
7.976910,1.072051
7.977220,1.072053
7.977530,1.072054
7.977840,1.072055
7.978150,1.072057
7.978460,1.072057
7.978770,1.072058
7.979080,1.072060
7.979390,1.072061
7.979700,1.072062
7.980010,1.072063
7.980320,1.072065
7.980630,1.072065
7.980939,1.072067
7.981249,1.072067
7.981559,1.072069
7.981869,1.072070
7.982179,1.072072
7.982489,1.072073
7.982799,1.072074
7.983109,1.072075
7.983419,1.072076
7.983729,1.072076
7.984039,1.072078
7.984349,1.072079
7.984659,1.072080
7.984968,1.072081
7.985278,1.072082
7.985588,1.072084
7.985898,1.072085
7.986208,1.072086
7.986518,1.072087
7.986828,1.072089
7.987138,1.072090
7.987448,1.072091
7.987758,1.072091
7.988068,1.072092
7.988378,1.072093
7.988688,1.072095
7.988998,1.072097
7.989307,1.072098
7.989617,1.072100
7.989927,1.072101
7.990237,1.072102
7.990547,1.072102
7.990857,1.072104
7.991167,1.072104
7.991477,1.072106
7.991787,1.072107
7.992097,1.072108
7.992407,1.072110
7.992717,1.072111
7.993027,1.072111
7.993337,1.072113
7.993646,1.072115
7.993956,1.072116
7.994266,1.072116
7.994576,1.072117
7.994886,1.072119
7.995196,1.072120
7.995506,1.072121
7.995816,1.072122
7.996126,1.072123
7.996436,1.072124
7.996746,1.072126
7.997056,1.072127
7.997366,1.072127
7.997676,1.072129
7.997985,1.072130
7.998295,1.072131
7.998605,1.072132
7.998915,1.072132
7.999225,1.072134
7.999535,1.072135
7.999845,1.072136
8.000155,1.072138
8.000465,1.072139
8.000775,1.072141
8.001085,1.072142
8.001395,1.072142
8.001705,1.072144
8.002014,1.072145
8.002324,1.072145
8.002634,1.072147
8.002944,1.072149
8.003254,1.072150
8.003564,1.072150
8.003874,1.072152
8.004184,1.072153
8.004494,1.072154
8.004804,1.072156
8.005114,1.072157
8.005424,1.072158
8.005734,1.072159
8.006044,1.072160
8.006353,1.072161
8.006663,1.072162
8.006973,1.072164
8.007283,1.072165
8.007593,1.072165
8.007903,1.072167
8.008213,1.072169
8.008523,1.072169
8.008833,1.072170
8.009143,1.072171
8.009453,1.072173
8.009763,1.072174
8.010073,1.072175
8.010383,1.072176
8.010692,1.072178
8.011002,1.072179
8.011312,1.072180
8.011622,1.072180
8.011932,1.072182
8.012242,1.072182
8.012552,1.072184
8.012862,1.072184
8.013172,1.072185
8.013482,1.072187
8.013792,1.072188
8.014102,1.072189
8.014412,1.072191
8.014721,1.072192
8.015031,1.072193
8.015341,1.072194
8.015651,1.072195
8.015961,1.072196
8.016271,1.072198
8.016581,1.072199
8.016891,1.072199
8.017201,1.072201
8.017511,1.072202
8.017821,1.072202
8.018131,1.072204
8.018441,1.072206
8.018751,1.072206
8.019060,1.072208
8.019370,1.072209
8.019680,1.072210
8.019990,1.072211
8.020300,1.072212
8.020610,1.072213
8.020920,1.072214
8.021230,1.072216
8.021540,1.072217
8.021850,1.072218
8.022160,1.072218
8.022470,1.072220
8.022780,1.072221
8.023090,1.072221
8.023399,1.072223
8.023709,1.072225
8.024019,1.072226
8.024329,1.072227
8.024639,1.072228
8.024949,1.072229
8.025259,1.072230
8.025569,1.072232
8.025879,1.072233
8.026189,1.072234
8.026499,1.072234
8.026809,1.072236
8.027119,1.072237
8.027428,1.072238
8.027738,1.072240
8.028048,1.072241
8.028358,1.072242
8.028668,1.072242
8.028978,1.072244
8.029288,1.072245
8.029598,1.072246
8.029908,1.072248
8.030218,1.072248
8.030528,1.072250
8.030838,1.072250
8.031148,1.072251
8.031458,1.072253
8.031767,1.072254
8.032077,1.072255
8.032387,1.072255
8.032697,1.072258
8.033007,1.072258
8.033317,1.072259
8.033627,1.072260
8.033937,1.072262
8.034247,1.072262
8.034557,1.072263
8.034867,1.072265
8.035177,1.072266
8.035487,1.072268
8.035797,1.072267
8.036106,1.072269
8.036416,1.072270
8.036726,1.072272
8.037036,1.072273
8.037346,1.072273
8.037656,1.072275
8.037966,1.072276
8.038276,1.072277
8.038586,1.072278
8.038896,1.072280
8.039206,1.072280
8.039516,1.072282
8.039826,1.072283
8.040136,1.072283
8.040445,1.072285
8.040755,1.072287
8.041065,1.072287
8.041375,1.072289
8.041685,1.072290
8.041995,1.072291
8.042305,1.072292
8.042615,1.072294
8.042925,1.072294
8.043235,1.072295
8.043545,1.072296
8.043855,1.072297
8.044165,1.072299
8.044474,1.072300
8.044784,1.072301
8.045094,1.072302
8.045404,1.072303
8.045714,1.072304
8.046024,1.072305
8.046334,1.072307
8.046644,1.072308
8.046954,1.072309
8.047264,1.072310
8.047574,1.072312
8.047884,1.072312
8.048194,1.072314
8.048504,1.072314
8.048813,1.072315
8.049123,1.072317
8.049433,1.072318
8.049743,1.072319
8.050053,1.072320
8.050363,1.072320
8.050673,1.072322
8.050983,1.072323
8.051293,1.072324
8.051603,1.072325
8.051913,1.072327
8.052223,1.072328
8.052533,1.072329
8.052843,1.072329
8.053152,1.072331
8.053462,1.072332
8.053772,1.072333
8.054082,1.072334
8.054392,1.072335
8.054702,1.072336
8.055012,1.072337
8.055322,1.072339
8.055632,1.072339
8.055942,1.072340
8.056252,1.072342
8.056562,1.072343
8.056872,1.072344
8.057181,1.072345
8.057491,1.072345
8.057801,1.072347
8.058111,1.072348
8.058421,1.072350
8.058731,1.072351
8.059041,1.072352
8.059351,1.072352
8.059661,1.072353
8.059971,1.072354
8.060281,1.072356
8.060591,1.072357
8.060901,1.072358
8.061211,1.072359
8.061520,1.072361
8.061830,1.072362
8.062140,1.072362
8.062450,1.072364
8.062760,1.072364
8.063070,1.072367
8.063380,1.072368
8.063690,1.072368
8.064000,1.072369
8.064310,1.072371
8.064620,1.072372
8.064930,1.072373
8.065240,1.072373
8.065550,1.072375
8.065859,1.072376
8.066169,1.072377
8.066479,1.072378
8.066789,1.072380
8.067099,1.072381
8.067409,1.072381
8.067719,1.072382
8.068029,1.072383
8.068339,1.072384
8.068649,1.072385
8.068959,1.072386
8.069269,1.072387
8.069579,1.072389
8.069888,1.072390
8.070198,1.072391
8.070508,1.072392
8.070818,1.072393
8.071128,1.072394
8.071438,1.072395
8.071748,1.072396
8.072058,1.072398
8.072368,1.072399
8.072678,1.072400
8.072988,1.072401
8.073298,1.072402
8.073608,1.072403
8.073918,1.072404
8.074227,1.072405
8.074537,1.072407
8.074847,1.072407
8.075157,1.072408
8.075467,1.072409
8.075777,1.072411
8.076087,1.072412
8.076397,1.072413
8.076707,1.072414
8.077017,1.072414
8.077327,1.072416
8.077637,1.072417
8.077947,1.072418
8.078257,1.072419
8.078566,1.072420
8.078876,1.072421
8.079186,1.072423
8.079496,1.072424
8.079806,1.072425
8.080116,1.072427
8.080426,1.072427
8.080736,1.072429
8.081046,1.072429
8.081356,1.072431
8.081666,1.072432
8.081976,1.072433
8.082286,1.072433
8.082596,1.072434
8.082905,1.072435
8.083215,1.072436
8.083525,1.072438
8.083835,1.072438
8.084145,1.072440
8.084455,1.072441
8.084765,1.072443
8.085075,1.072444
8.085385,1.072445
8.085695,1.072446
8.086005,1.072448
8.086315,1.072448
8.086625,1.072449
8.086934,1.072450
8.087244,1.072451
8.087554,1.072453
8.087864,1.072453
8.088174,1.072454
8.088484,1.072455
8.088794,1.072456
8.089104,1.072458
8.089414,1.072459
8.089724,1.072460
8.090034,1.072461
8.090344,1.072462
8.090654,1.072463
8.090964,1.072464
8.091273,1.072465
8.091583,1.072466
8.091893,1.072466
8.092203,1.072468
8.092513,1.072468
8.092823,1.072470
8.093133,1.072471
8.093443,1.072473
8.093753,1.072473
8.094063,1.072474
8.094373,1.072477
8.094683,1.072477
8.094993,1.072479
8.095303,1.072479
8.095612,1.072480
8.095922,1.072481
8.096232,1.072482
8.096542,1.072483
8.096852,1.072484
8.097162,1.072486
8.097472,1.072486
8.097782,1.072488
8.098092,1.072488
8.098402,1.072490
8.098712,1.072491
8.099022,1.072492
8.099332,1.072493
8.099641,1.072495
8.099951,1.072495
8.100261,1.072497
8.100571,1.072498
8.100881,1.072499
8.101191,1.072499
8.101501,1.072502
8.101811,1.072501
8.102121,1.072502
8.102431,1.072504
8.102741,1.072505
8.103051,1.072505
8.103361,1.072507
8.103671,1.072508
8.103980,1.072510
8.104290,1.072512
8.104600,1.072510
8.104910,1.072512
8.105220,1.072514
8.105530,1.072514
8.105840,1.072515
8.106150,1.072517
8.106460,1.072518
8.106770,1.072519
8.107080,1.072519
8.107390,1.072520
8.107700,1.072522
8.108010,1.072523
8.108319,1.072524
8.108629,1.072526
8.108939,1.072525
8.109249,1.072527
8.109559,1.072528
8.109869,1.072529
8.110179,1.072530
8.110489,1.072532
8.110799,1.072533
8.111109,1.072534
8.111419,1.072535
8.111729,1.072536
8.112039,1.072537
8.112348,1.072537
8.112658,1.072538
8.112968,1.072540
8.113278,1.072541
8.113588,1.072542
8.113898,1.072543
8.114208,1.072545
8.114518,1.072545
8.114828,1.072546
8.115138,1.072548
8.115448,1.072548
8.115758,1.072550
8.116068,1.072550
8.116378,1.072551
8.116687,1.072552
8.116997,1.072554
8.117307,1.072555
8.117617,1.072556
8.117927,1.072557
8.118237,1.072558
8.118547,1.072558
8.118857,1.072560
8.119167,1.072561
8.119477,1.072562
8.119787,1.072564
8.120097,1.072565
8.120407,1.072564
8.120717,1.072566
8.121026,1.072568
8.121336,1.072568
8.121646,1.072569
8.121956,1.072570
8.122266,1.072572
8.122576,1.072573
8.122886,1.072574
8.123196,1.072575
8.123506,1.072577
8.123816,1.072577
8.124126,1.072578
8.124436,1.072579
8.124746,1.072579
8.125056,1.072582
8.125365,1.072582
8.125675,1.072583
8.125985,1.072584
8.126295,1.072586
8.126605,1.072586
8.126915,1.072587
8.127225,1.072588
8.127535,1.072589
8.127845,1.072591
8.128155,1.072592
8.128465,1.072593
8.128775,1.072594
8.129085,1.072594
8.129394,1.072596
8.129704,1.072598
8.130014,1.072599
8.130324,1.072600
8.130634,1.072601
8.130944,1.072601
8.131254,1.072602
8.131564,1.072603
8.131874,1.072604
8.132184,1.072606
8.132494,1.072607
8.132804,1.072608
8.133114,1.072609
8.133424,1.072609
8.133733,1.072610
8.134043,1.072611
8.134353,1.072612
8.134663,1.072613
8.134973,1.072615
8.135283,1.072615
8.135593,1.072616
8.135903,1.072617
8.136213,1.072619
8.136523,1.072620
8.136833,1.072621
8.137143,1.072622
8.137453,1.072623
8.137763,1.072624
8.138072,1.072625
8.138382,1.072627
8.138692,1.072628
8.139002,1.072628
8.139312,1.072629
8.139622,1.072629
8.139932,1.072631
8.140242,1.072633
8.140552,1.072633
8.140862,1.072634
8.141172,1.072636
8.141482,1.072637
8.141792,1.072637
8.142101,1.072639
8.142411,1.072639
8.142721,1.072641
8.143031,1.072642
8.143341,1.072643
8.143651,1.072644
8.143961,1.072645
8.144271,1.072646
8.144581,1.072647
8.144891,1.072649
8.145201,1.072649
8.145511,1.072650
8.145821,1.072651
8.146131,1.072651
8.146440,1.072652
8.146750,1.072654
8.147060,1.072655
8.147370,1.072657
8.147680,1.072657
8.147990,1.072658
8.148300,1.072660
8.148610,1.072660
8.148920,1.072662
8.149230,1.072662
8.149540,1.072664
8.149850,1.072665
8.150160,1.072666
8.150470,1.072667
8.150779,1.072668
8.151089,1.072670
8.151399,1.072671
8.151709,1.072671
8.152019,1.072671
8.152329,1.072672
8.152639,1.072673
8.152949,1.072675
8.153259,1.072676
8.153569,1.072677
8.153879,1.072678
8.154189,1.072679
8.154499,1.072680
8.154808,1.072681
8.155118,1.072682
8.155428,1.072683
8.155738,1.072683
8.156048,1.072685
8.156358,1.072686
8.156668,1.072687
8.156978,1.072688
8.157288,1.072690
8.157598,1.072691
8.157908,1.072692
8.158218,1.072693
8.158528,1.072694
8.158838,1.072695
8.159147,1.072697
8.159457,1.072698
8.159767,1.072698
8.160077,1.072699
8.160387,1.072700
8.160697,1.072701
8.161007,1.072702
8.161317,1.072703
8.161627,1.072705
8.161937,1.072705
8.162247,1.072706
8.162557,1.072707
8.162867,1.072709
8.163177,1.072710
8.163486,1.072710
8.163796,1.072711
8.164106,1.072712
8.164416,1.072713
8.164726,1.072714
8.165036,1.072715
8.165346,1.072716
8.165656,1.072717
8.165966,1.072718
8.166276,1.072720
8.166586,1.072720
8.166896,1.072722
8.167206,1.072722
8.167516,1.072724
8.167825,1.072724
8.168135,1.072726
8.168445,1.072727
8.168755,1.072727
8.169065,1.072728
8.169375,1.072729
8.169685,1.072730
8.169995,1.072733
8.170305,1.072734
8.170615,1.072734
8.170925,1.072735
8.171235,1.072737
8.171545,1.072738
8.171854,1.072738
8.172164,1.072738
8.172474,1.072740
8.172784,1.072742
8.173094,1.072742
8.173404,1.072743
8.173714,1.072744
8.174024,1.072745
8.174334,1.072746
8.174644,1.072747
8.174954,1.072748
8.175264,1.072749
8.175574,1.072751
8.175884,1.072751
8.176193,1.072752
8.176503,1.072752
8.176813,1.072753
8.177123,1.072755
8.177433,1.072756
8.177743,1.072757
8.178053,1.072758
8.178363,1.072759
8.178673,1.072760
8.178983,1.072761
8.179293,1.072762
8.179603,1.072763
8.179913,1.072765
8.180223,1.072765
8.180532,1.072767
8.180842,1.072767
8.181152,1.072769
8.181462,1.072769
8.181772,1.072770
8.182082,1.072772
8.182392,1.072772
8.182702,1.072773
8.183012,1.072774
8.183322,1.072775
8.183632,1.072776
8.183942,1.072777
8.184252,1.072778
8.184561,1.072780
8.184871,1.072780
8.185181,1.072781
8.185491,1.072783
8.185801,1.072784
8.186111,1.072784
8.186421,1.072786
8.186731,1.072787
8.187041,1.072788
8.187351,1.072788
8.187661,1.072790
8.187971,1.072790
8.188281,1.072792
8.188591,1.072793
8.188900,1.072793
8.189210,1.072794
8.189520,1.072795
8.189830,1.072797
8.190140,1.072797
8.190450,1.072799
8.190760,1.072800
8.191070,1.072800
8.191380,1.072802
8.191690,1.072802
8.192000,1.072803
8.192310,1.072805
8.192620,1.072806
8.192930,1.072807
8.193239,1.072808
8.193549,1.072809
8.193859,1.072809
8.194169,1.072810
8.194479,1.072812
8.194789,1.072813
8.195099,1.072814
8.195409,1.072814
8.195719,1.072816
8.196029,1.072817
8.196339,1.072818
8.196649,1.072819
8.196959,1.072819
8.197268,1.072821
8.197578,1.072822
8.197888,1.072823
8.198198,1.072824
8.198508,1.072824
8.198818,1.072825
8.199128,1.072827
8.199438,1.072827
8.199748,1.072829
8.200058,1.072830
8.200368,1.072831
8.200678,1.072832
8.200988,1.072833
8.201298,1.072834
8.201607,1.072834
8.201917,1.072835
8.202227,1.072837
8.202537,1.072838
8.202847,1.072839
8.203157,1.072841
8.203467,1.072841
8.203777,1.072843
8.204087,1.072843
8.204397,1.072845
8.204707,1.072845
8.205017,1.072846
8.205327,1.072847
8.205637,1.072849
8.205946,1.072850
8.206256,1.072850
8.206566,1.072851
8.206876,1.072853
8.207186,1.072854
8.207496,1.072855
8.207806,1.072856
8.208116,1.072856
8.208426,1.072857
8.208736,1.072859
8.209046,1.072859
8.209356,1.072860
8.209666,1.072860
8.209975,1.072861
8.210285,1.072863
8.210595,1.072864
8.210905,1.072865
8.211215,1.072865
8.211525,1.072867
8.211835,1.072867
8.212145,1.072869
8.212455,1.072870
8.212765,1.072873
8.213075,1.072872
8.213385,1.072873
8.213695,1.072875
8.214005,1.072875
8.214314,1.072876
8.214624,1.072876
8.214934,1.072879
8.215244,1.072879
8.215554,1.072879
8.215864,1.072881
8.216174,1.072882
8.216484,1.072883
8.216794,1.072883
8.217104,1.072886
8.217414,1.072887
8.217724,1.072887
8.218034,1.072887
8.218344,1.072889
8.218653,1.072890
8.218963,1.072891
8.219273,1.072892
8.219583,1.072892
8.219893,1.072894
8.220203,1.072894
8.220513,1.072895
8.220823,1.072897
8.221133,1.072898
8.221443,1.072899
8.221753,1.072900
8.222063,1.072901
8.222373,1.072901
8.222683,1.072902
8.222992,1.072903
8.223302,1.072904
8.223612,1.072906
8.223922,1.072906
8.224232,1.072907
8.224542,1.072908
8.224852,1.072909
8.225162,1.072910
8.225472,1.072911
8.225782,1.072912
8.226092,1.072912
8.226402,1.072914
8.226712,1.072916
8.227021,1.072917
8.227331,1.072917
8.227641,1.072919
8.227951,1.072920
8.228261,1.072921
8.228571,1.072922
8.228881,1.072923
8.229191,1.072923
8.229501,1.072924
8.229811,1.072926
8.230121,1.072927
8.230431,1.072927
8.230741,1.072929
8.231051,1.072930
8.231360,1.072930
8.231670,1.072931
8.231980,1.072932
8.232290,1.072932
8.232600,1.072934
8.232910,1.072935
8.233220,1.072936
8.233530,1.072937
8.233840,1.072938
8.234150,1.072940
8.234460,1.072940
8.234770,1.072942
8.235080,1.072942
8.235390,1.072943
8.235699,1.072943
8.236009,1.072946
8.236319,1.072946
8.236629,1.072947
8.236939,1.072947
8.237249,1.072949
8.237559,1.072949
8.237869,1.072951
8.238179,1.072951
8.238489,1.072952
8.238799,1.072954
8.239109,1.072955
8.239419,1.072955
8.239728,1.072956
8.240038,1.072957
8.240348,1.072958
8.240658,1.072959
8.240968,1.072960
8.241278,1.072963
8.241588,1.072963
8.241898,1.072963
8.242208,1.072964
8.242518,1.072965
8.242828,1.072966
8.243138,1.072968
8.243448,1.072969
8.243758,1.072969
8.244067,1.072970
8.244377,1.072971
8.244687,1.072972
8.244997,1.072972
8.245307,1.072974
8.245617,1.072974
8.245927,1.072975
8.246237,1.072976
8.246547,1.072978
8.246857,1.072979
8.247167,1.072979
8.247477,1.072980
8.247787,1.072981
8.248097,1.072983
8.248406,1.072984
8.248716,1.072985
8.249026,1.072986
8.249336,1.072987
8.249646,1.072988
8.249956,1.072988
8.250266,1.072990
8.250576,1.072991
8.250886,1.072992
8.251196,1.072992
8.251506,1.072993
8.251816,1.072994
8.252126,1.072995
8.252435,1.072997
8.252745,1.072998
8.253055,1.072999
8.253365,1.072999
8.253675,1.073000
8.253985,1.073002
8.254295,1.073003
8.254605,1.073003
8.254915,1.073004
8.255225,1.073005
8.255535,1.073006
8.255845,1.073006
8.256155,1.073008
8.256465,1.073009
8.256774,1.073010
8.257084,1.073011
8.257394,1.073012
8.257704,1.073012
8.258014,1.073014
8.258324,1.073015
8.258634,1.073016
8.258944,1.073017
8.259254,1.073017
8.259564,1.073018
8.259874,1.073019
8.260184,1.073021
8.260494,1.073022
8.260804,1.073023
8.261113,1.073024
8.261423,1.073025
8.261733,1.073025
8.262043,1.073027
8.262353,1.073028
8.262663,1.073028
8.262973,1.073029
8.263283,1.073031
8.263593,1.073031
8.263903,1.073032
8.264213,1.073033
8.264523,1.073033
8.264833,1.073034
8.265143,1.073035
8.265452,1.073037
8.265762,1.073037
8.266072,1.073038
8.266382,1.073040
8.266692,1.073041
8.267002,1.073041
8.267312,1.073042
8.267622,1.073043
8.267932,1.073045
8.268242,1.073045
8.268552,1.073046
8.268862,1.073047
8.269172,1.073048
8.269481,1.073049
8.269791,1.073050
8.270101,1.073051
8.270411,1.073051
8.270721,1.073053
8.271031,1.073053
8.271341,1.073055
8.271651,1.073055
8.271961,1.073056
8.272271,1.073058
8.272581,1.073058
8.272891,1.073059
8.273201,1.073061
8.273511,1.073062
8.273820,1.073062
8.274130,1.073063
8.274440,1.073065
8.274750,1.073066
8.275060,1.073066
8.275370,1.073067
8.275680,1.073068
8.275990,1.073069
8.276300,1.073070
8.276610,1.073071
8.276920,1.073072
8.277230,1.073072
8.277540,1.073074
8.277850,1.073075
8.278159,1.073077
8.278469,1.073077
8.278779,1.073078
8.279089,1.073079
8.279399,1.073080
8.279709,1.073081
8.280019,1.073081
8.280329,1.073083
8.280639,1.073084
8.280949,1.073085
8.281259,1.073085
8.281569,1.073087
8.281879,1.073087
8.282188,1.073089
8.282498,1.073089
8.282808,1.073092
8.283118,1.073093
8.283428,1.073092
8.283738,1.073092
8.284048,1.073094
8.284358,1.073095
8.284668,1.073096
8.284978,1.073097
8.285288,1.073098
8.285598,1.073098
8.285908,1.073100
8.286218,1.073100
8.286527,1.073101
8.286837,1.073103
8.287147,1.073104
8.287457,1.073104
8.287767,1.073105
8.288077,1.073106
8.288387,1.073107
8.288697,1.073108
8.289007,1.073109
8.289317,1.073109
8.289627,1.073111
8.289937,1.073112
8.290247,1.073112
8.290557,1.073114
8.290866,1.073115
8.291176,1.073115
8.291486,1.073117
8.291796,1.073117
8.292106,1.073119
8.292416,1.073119
8.292726,1.073120
8.293036,1.073121
8.293346,1.073122
8.293656,1.073123
8.293966,1.073124
8.294276,1.073126
8.294586,1.073126
8.294895,1.073127
8.295205,1.073128
8.295515,1.073129
8.295825,1.073130
8.296135,1.073130
8.296445,1.073131
8.296755,1.073133
8.297065,1.073132
8.297375,1.073134
8.297685,1.073135
8.297995,1.073137
8.298305,1.073137
8.298615,1.073138
8.298925,1.073139
8.299234,1.073139
8.299544,1.073141
8.299854,1.073142
8.300164,1.073142
8.300474,1.073143
8.300784,1.073143
8.301094,1.073147
8.301404,1.073146
8.301714,1.073147
8.302024,1.073149
8.302334,1.073149
8.302644,1.073150
8.302954,1.073151
8.303264,1.073152
8.303573,1.073153
8.303883,1.073153
8.304193,1.073155
8.304503,1.073156
8.304813,1.073157
8.305123,1.073157
8.305433,1.073158
8.305743,1.073159
8.306053,1.073161
8.306363,1.073162
8.306673,1.073163
8.306983,1.073164
8.307293,1.073165
8.307603,1.073166
8.307912,1.073166
8.308222,1.073167
8.308532,1.073168
8.308842,1.073169
8.309152,1.073170
8.309462,1.073171
8.309772,1.073171
8.310082,1.073172
8.310392,1.073173
8.310702,1.073174
8.311012,1.073175
8.311322,1.073176
8.311632,1.073177
8.311941,1.073178
8.312251,1.073179
8.312561,1.073179
8.312871,1.073181
8.313181,1.073182
8.313491,1.073183
8.313801,1.073183
8.314111,1.073184
8.314421,1.073186
8.314731,1.073187
8.315041,1.073188
8.315351,1.073188
8.315661,1.073189
8.315971,1.073190
8.316280,1.073190
8.316590,1.073191
8.316900,1.073194
8.317210,1.073194
8.317520,1.073195
8.317830,1.073197
8.318140,1.073197
8.318450,1.073198
8.318760,1.073199
8.319070,1.073199
8.319380,1.073201
8.319690,1.073202
8.320000,1.073202
8.320310,1.073203
8.320619,1.073205
8.320929,1.073205
8.321239,1.073206
8.321549,1.073207
8.321859,1.073208
8.322169,1.073209
8.322479,1.073210
8.322789,1.073210
8.323099,1.073211
8.323409,1.073211
8.323719,1.073213
8.324029,1.073214
8.324339,1.073215
8.324648,1.073215
8.324958,1.073217
8.325268,1.073219
8.325578,1.073219
8.325888,1.073219
8.326198,1.073220
8.326508,1.073221
8.326818,1.073222
8.327128,1.073223
8.327438,1.073224
8.327748,1.073225
8.328058,1.073226
8.328368,1.073226
8.328678,1.073228
8.328987,1.073229
8.329297,1.073230
8.329607,1.073230
8.329917,1.073233
8.330227,1.073233
8.330537,1.073234
8.330847,1.073234
8.331157,1.073235
8.331467,1.073236
8.331777,1.073237
8.332087,1.073239
8.332397,1.073239
8.332707,1.073240
8.333017,1.073241
8.333326,1.073241
8.333636,1.073243
8.333946,1.073244
8.334256,1.073245
8.334566,1.073245
8.334876,1.073246
8.335186,1.073247
8.335496,1.073248
8.335806,1.073249
8.336116,1.073251
8.336426,1.073251
8.336736,1.073253
8.337046,1.073253
8.337355,1.073253
8.337665,1.073254
8.337975,1.073256
8.338285,1.073256
8.338595,1.073258
8.338905,1.073258
8.339215,1.073258
8.339525,1.073260
8.339835,1.073261
8.340145,1.073263
8.340455,1.073264
8.340765,1.073263
8.341075,1.073264
8.341385,1.073265
8.341694,1.073266
8.342004,1.073268
8.342314,1.073268
8.342624,1.073269
8.342934,1.073270
8.343244,1.073271
8.343554,1.073272
8.343864,1.073273
8.344174,1.073274
8.344484,1.073274
8.344794,1.073275
8.345104,1.073276
8.345414,1.073278
8.345724,1.073279
8.346033,1.073280
8.346343,1.073279
8.346653,1.073280
8.346963,1.073282
8.347273,1.073282
8.347583,1.073283
8.347893,1.073285
8.348203,1.073286
8.348513,1.073286
8.348823,1.073288
8.349133,1.073288
8.349443,1.073289
8.349753,1.073290
8.350063,1.073291
8.350372,1.073292
8.350682,1.073293
8.350992,1.073294
8.351302,1.073294
8.351612,1.073296
8.351922,1.073297
8.352232,1.073298
8.352542,1.073298
8.352852,1.073300
8.353162,1.073300
8.353472,1.073301
8.353782,1.073302
8.354092,1.073303
8.354401,1.073304
8.354711,1.073305
8.355021,1.073306
8.355331,1.073306
8.355641,1.073307
8.355951,1.073308
8.356261,1.073309
8.356571,1.073310
8.356881,1.073311
8.357191,1.073312
8.357501,1.073312
8.357811,1.073314
8.358121,1.073314
8.358431,1.073316
8.358740,1.073316
8.359050,1.073317
8.359360,1.073319
8.359670,1.073319
8.359980,1.073320
8.360290,1.073321
8.360600,1.073322
8.360910,1.073323
8.361220,1.073324
8.361530,1.073325
8.361840,1.073326
8.362150,1.073326
8.362460,1.073328
8.362770,1.073328
8.363079,1.073329
8.363389,1.073330
8.363699,1.073330
8.364009,1.073332
8.364319,1.073332
8.364629,1.073333
8.364939,1.073335
8.365249,1.073335
8.365559,1.073336
8.365869,1.073338
8.366179,1.073337
8.366489,1.073339
8.366799,1.073340
8.367108,1.073342
8.367418,1.073342
8.367728,1.073343
8.368038,1.073344
8.368348,1.073344
8.368658,1.073345
8.368968,1.073346
8.369278,1.073346
8.369588,1.073348
8.369898,1.073349
8.370208,1.073349
8.370518,1.073351
8.370828,1.073351
8.371138,1.073352
8.371447,1.073353
8.371757,1.073354
8.372067,1.073354
8.372377,1.073354
8.372687,1.073356
8.372997,1.073356
8.373307,1.073357
8.373617,1.073359
8.373927,1.073360
8.374237,1.073360
8.374547,1.073361
8.374857,1.073362
8.375167,1.073364
8.375477,1.073364
8.375786,1.073364
8.376096,1.073366
8.376406,1.073366
8.376716,1.073368
8.377026,1.073369
8.377336,1.073370
8.377646,1.073370
8.377956,1.073372
8.378266,1.073372
8.378576,1.073372
8.378886,1.073374
8.379196,1.073375
8.379506,1.073376
8.379815,1.073377
8.380125,1.073377
8.380435,1.073378
8.380745,1.073379
8.381055,1.073380
8.381365,1.073382
8.381675,1.073382
8.381985,1.073383
8.382295,1.073384
8.382605,1.073385
8.382915,1.073385
8.383225,1.073386
8.383535,1.073388
8.383845,1.073389
8.384154,1.073389
8.384464,1.073390
8.384774,1.073391
8.385084,1.073392
8.385394,1.073392
8.385704,1.073394
8.386014,1.073394
8.386324,1.073395
8.386634,1.073397
8.386944,1.073397
8.387254,1.073398
8.387564,1.073398
8.387874,1.073399
8.388184,1.073400
8.388493,1.073402
8.388803,1.073402
8.389113,1.073404
8.389423,1.073404
8.389733,1.073404
8.390043,1.073405
8.390353,1.073406
8.390663,1.073407
8.390973,1.073407
8.391283,1.073409
8.391593,1.073411
8.391903,1.073411
8.392213,1.073412
8.392523,1.073413
8.392832,1.073414
8.393142,1.073414
8.393452,1.073415
8.393762,1.073416
8.394072,1.073417
8.394382,1.073419
8.394692,1.073420
8.395002,1.073420
8.395312,1.073420
8.395622,1.073421
8.395932,1.073422
8.396242,1.073423
8.396552,1.073424
8.396861,1.073425
8.397171,1.073427
8.397481,1.073427
8.397791,1.073428
8.398101,1.073429
8.398411,1.073430
8.398721,1.073430
8.399031,1.073431
8.399341,1.073433
8.399651,1.073432
8.399961,1.073434
8.400271,1.073435
8.400581,1.073436
8.400891,1.073437
8.401200,1.073437
8.401510,1.073438
8.401820,1.073439
8.402130,1.073439
8.402440,1.073442
8.402750,1.073442
8.403060,1.073443
8.403370,1.073443
8.403680,1.073444
8.403990,1.073446
8.404300,1.073446
8.404610,1.073447
8.404920,1.073448
8.405230,1.073449
8.405539,1.073450
8.405849,1.073451
8.406159,1.073452
8.406469,1.073452
8.406779,1.073453
8.407089,1.073454
8.407399,1.073454
8.407709,1.073455
8.408019,1.073457
8.408329,1.073459
8.408639,1.073459
8.408949,1.073459
8.409259,1.073460
8.409568,1.073461
8.409878,1.073462
8.410188,1.073463
8.410498,1.073463
8.410808,1.073465
8.411118,1.073465
8.411428,1.073467
8.411738,1.073467
8.412048,1.073469
8.412358,1.073468
8.412668,1.073470
8.412978,1.073470
8.413288,1.073471
8.413598,1.073472
8.413907,1.073472
8.414217,1.073475
8.414527,1.073475
8.414837,1.073476
8.415147,1.073477
8.415457,1.073477
8.415767,1.073478
8.416077,1.073480
8.416387,1.073481
8.416697,1.073481
8.417007,1.073483
8.417317,1.073483
8.417627,1.073483
8.417937,1.073484
8.418246,1.073485
8.418556,1.073487
8.418866,1.073486
8.419176,1.073488
8.419486,1.073489
8.419796,1.073490
8.420106,1.073490
8.420416,1.073491
8.420726,1.073492
8.421036,1.073492
8.421346,1.073494
8.421656,1.073494
8.421966,1.073495
8.422275,1.073497
8.422585,1.073498
8.422895,1.073497
8.423205,1.073498
8.423515,1.073500
8.423825,1.073500
8.424135,1.073502
8.424445,1.073503
8.424755,1.073503
8.425065,1.073505
8.425375,1.073506
8.425685,1.073506
8.425995,1.073508
8.426305,1.073508
8.426614,1.073508
8.426924,1.073510
8.427234,1.073511
8.427544,1.073512
8.427854,1.073513
8.428164,1.073513
8.428474,1.073513
8.428784,1.073515
8.429094,1.073515
8.429404,1.073516
8.429714,1.073517
8.430024,1.073518
8.430334,1.073519
8.430644,1.073519
8.430953,1.073520
8.431263,1.073521
8.431573,1.073522
8.431883,1.073523
8.432193,1.073523
8.432503,1.073525
8.432813,1.073524
8.433123,1.073526
8.433433,1.073527
8.433743,1.073528
8.434053,1.073528
8.434363,1.073529
8.434673,1.073530
8.434982,1.073531
8.435292,1.073533
8.435602,1.073533
8.435912,1.073534
8.436222,1.073535
8.436532,1.073536
8.436842,1.073537
8.437152,1.073539
8.437462,1.073539
8.437772,1.073539
8.438082,1.073540
8.438392,1.073541
8.438702,1.073542
8.439012,1.073544
8.439321,1.073544
8.439631,1.073544
8.439941,1.073546
8.440251,1.073546
8.440561,1.073548
8.440871,1.073547
8.441181,1.073549
8.441491,1.073550
8.441801,1.073550
8.442111,1.073552
8.442421,1.073552
8.442731,1.073553
8.443041,1.073554
8.443351,1.073553
8.443660,1.073555
8.443970,1.073557
8.444280,1.073557
8.444590,1.073558
8.444900,1.073558
8.445210,1.073559
8.445520,1.073560
8.445830,1.073561
8.446140,1.073562
8.446450,1.073563
8.446760,1.073564
8.447070,1.073566
8.447380,1.073566
8.447690,1.073568
8.447999,1.073568
8.448309,1.073569
8.448619,1.073570
8.448929,1.073570
8.449239,1.073570
8.449549,1.073571
8.449859,1.073572
8.450169,1.073573
8.450479,1.073574
8.450789,1.073575
8.451099,1.073575
8.451409,1.073576
8.451719,1.073578
8.452028,1.073578
8.452338,1.073579
8.452648,1.073580
8.452958,1.073580
8.453268,1.073582
8.453578,1.073582
8.453888,1.073583
8.454198,1.073583
8.454508,1.073586
8.454818,1.073586
8.455128,1.073587
8.455438,1.073587
8.455748,1.073588
8.456058,1.073589
8.456367,1.073590
8.456677,1.073591
8.456987,1.073592
8.457297,1.073592
8.457607,1.073593
8.457917,1.073594
8.458227,1.073596
8.458537,1.073596
8.458847,1.073596
8.459157,1.073598
8.459467,1.073599
8.459777,1.073599
8.460087,1.073600
8.460397,1.073601
8.460706,1.073602
8.461016,1.073603
8.461326,1.073603
8.461636,1.073604
8.461946,1.073605
8.462256,1.073605
8.462566,1.073607
8.462876,1.073608
8.463186,1.073608
8.463496,1.073609
8.463806,1.073610
8.464116,1.073610
8.464426,1.073611
8.464735,1.073612
8.465045,1.073612
8.465355,1.073614
8.465665,1.073614
8.465975,1.073615
8.466285,1.073616
8.466595,1.073617
8.466905,1.073618
8.467215,1.073619
8.467525,1.073620
8.467835,1.073620
8.468145,1.073622
8.468455,1.073622
8.468765,1.073623
8.469074,1.073624
8.469384,1.073625
8.469694,1.073626
8.470004,1.073626
8.470314,1.073628
8.470624,1.073629
8.470934,1.073629
8.471244,1.073631
8.471554,1.073631
8.471864,1.073631
8.472174,1.073632
8.472484,1.073633
8.472794,1.073634
8.473104,1.073635
8.473413,1.073636
8.473723,1.073637
8.474033,1.073637
8.474343,1.073639
8.474653,1.073640
8.474963,1.073640
8.475273,1.073641
8.475583,1.073642
8.475893,1.073642
8.476203,1.073644
8.476513,1.073644
8.476823,1.073645
8.477133,1.073645
8.477442,1.073646
8.477752,1.073647
8.478062,1.073649
8.478372,1.073649
8.478682,1.073649
8.478992,1.073651
8.479302,1.073652
8.479612,1.073652
8.479922,1.073654
8.480232,1.073654
8.480542,1.073655
8.480852,1.073656
8.481162,1.073655
8.481472,1.073658
8.481781,1.073658
8.482091,1.073659
8.482401,1.073660
8.482711,1.073661
8.483021,1.073662
8.483331,1.073663
8.483641,1.073663
8.483951,1.073664
8.484261,1.073665
8.484571,1.073665
8.484881,1.073666
8.485191,1.073667
8.485501,1.073668
8.485811,1.073669
8.486120,1.073670
8.486430,1.073671
8.486740,1.073672
8.487050,1.073672
8.487360,1.073673
8.487670,1.073674
8.487980,1.073675
8.488290,1.073675
8.488600,1.073676
8.488910,1.073678
8.489220,1.073678
8.489530,1.073679
8.489840,1.073679
8.490150,1.073681
8.490459,1.073681
8.490769,1.073682
8.491079,1.073682
8.491389,1.073683
8.491699,1.073684
8.492009,1.073685
8.492319,1.073686
8.492629,1.073687
8.492939,1.073689
8.493249,1.073689
8.493559,1.073690
8.493869,1.073690
8.494179,1.073692
8.494488,1.073692
8.494798,1.073692
8.495108,1.073694
8.495418,1.073694
8.495728,1.073694
8.496038,1.073696
8.496348,1.073696
8.496658,1.073697
8.496968,1.073698
8.497278,1.073699
8.497588,1.073700
8.497898,1.073700
8.498208,1.073702
8.498518,1.073702
8.498827,1.073703
8.499137,1.073704
8.499447,1.073705
8.499757,1.073706
8.500067,1.073707
8.500377,1.073708
8.500687,1.073708
8.500997,1.073709
8.501307,1.073710
8.501617,1.073711
8.501927,1.073711
8.502237,1.073712
8.502547,1.073714
8.502857,1.073714
8.503166,1.073715
8.503476,1.073716
8.503786,1.073717
8.504096,1.073717
8.504406,1.073719
8.504716,1.073719
8.505026,1.073719
8.505336,1.073720
8.505646,1.073721
8.505956,1.073722
8.506266,1.073723
8.506576,1.073724
8.506886,1.073725
8.507195,1.073725
8.507505,1.073726
8.507815,1.073727
8.508125,1.073728
8.508435,1.073730
8.508745,1.073730
8.509055,1.073730
8.509365,1.073731
8.509675,1.073731
8.509985,1.073732
8.510295,1.073734
8.510605,1.073735
8.510915,1.073735
8.511225,1.073736
8.511534,1.073737
8.511844,1.073738
8.512154,1.073739
8.512464,1.073739
8.512774,1.073740
8.513084,1.073741
8.513394,1.073741
8.513704,1.073742
8.514014,1.073743
8.514324,1.073745
8.514634,1.073745
8.514944,1.073746
8.515254,1.073747
8.515564,1.073747
8.515873,1.073748
8.516183,1.073749
8.516493,1.073750
8.516803,1.073750
8.517113,1.073751
8.517423,1.073751
8.517733,1.073752
8.518043,1.073753
8.518353,1.073754
8.518663,1.073755
8.518973,1.073756
8.519283,1.073757
8.519593,1.073758
8.519902,1.073758
8.520212,1.073759
8.520522,1.073760
8.520832,1.073760
8.521142,1.073761
8.521452,1.073762
8.521762,1.073763
8.522072,1.073765
8.522382,1.073765
8.522692,1.073765
8.523002,1.073767
8.523312,1.073767
8.523622,1.073768
8.523932,1.073768
8.524241,1.073770
8.524551,1.073770
8.524861,1.073772
8.525171,1.073772
8.525481,1.073773
8.525791,1.073773
8.526101,1.073774
8.526411,1.073775
8.526721,1.073776
8.527031,1.073777
8.527341,1.073777
8.527651,1.073778
8.527961,1.073779
8.528271,1.073780
8.528580,1.073781
8.528890,1.073781
8.529200,1.073783
8.529510,1.073784
8.529820,1.073783
8.530130,1.073786
8.530440,1.073786
8.530750,1.073787
8.531060,1.073788
8.531370,1.073788
8.531680,1.073789
8.531990,1.073790
8.532300,1.073791
8.532610,1.073791
8.532919,1.073793
8.533229,1.073793
8.533539,1.073794
8.533849,1.073794
8.534159,1.073795
8.534469,1.073796
8.534779,1.073797
8.535089,1.073798
8.535399,1.073799
8.535709,1.073799
8.536019,1.073800
8.536329,1.073801
8.536639,1.073801
8.536948,1.073803
8.537258,1.073804
8.537568,1.073804
8.537878,1.073804
8.538188,1.073805
8.538498,1.073807
8.538808,1.073808
8.539118,1.073808
8.539428,1.073809
8.539738,1.073810
8.540048,1.073810
8.540358,1.073812
8.540668,1.073811
8.540978,1.073812
8.541287,1.073814
8.541597,1.073815
8.541907,1.073815
8.542217,1.073816
8.542527,1.073817
8.542837,1.073818
8.543147,1.073818
8.543457,1.073819
8.543767,1.073820
8.544077,1.073821
8.544387,1.073822
8.544697,1.073822
8.545007,1.073823
8.545317,1.073824
8.545626,1.073825
8.545936,1.073825
8.546246,1.073826
8.546556,1.073826
8.546866,1.073827
8.547176,1.073828
8.547486,1.073829
8.547796,1.073830
8.548106,1.073832
8.548416,1.073832
8.548726,1.073833
8.549036,1.073833
8.549346,1.073834
8.549655,1.073835
8.549965,1.073835
8.550275,1.073837
8.550585,1.073838
8.550895,1.073839
8.551205,1.073839
8.551515,1.073840
8.551825,1.073840
8.552135,1.073841
8.552445,1.073842
8.552755,1.073842
8.553065,1.073844
8.553375,1.073845
8.553685,1.073845
8.553994,1.073847
8.554304,1.073847
8.554614,1.073847
8.554924,1.073848
8.555234,1.073849
8.555544,1.073850
8.555854,1.073850
8.556164,1.073851
8.556474,1.073852
8.556784,1.073853
8.557094,1.073853
8.557404,1.073854
8.557714,1.073855
8.558024,1.073856
8.558333,1.073857
8.558643,1.073857
8.558953,1.073858
8.559263,1.073859
8.559573,1.073859
8.559883,1.073860
8.560193,1.073860
8.560503,1.073863
8.560813,1.073863
8.561123,1.073863
8.561433,1.073864
8.561743,1.073864
8.562053,1.073866
8.562362,1.073867
8.562672,1.073868
8.562982,1.073868
8.563292,1.073870
8.563602,1.073870
8.563912,1.073871
8.564222,1.073872
8.564532,1.073873
8.564842,1.073874
8.565152,1.073875
8.565462,1.073875
8.565772,1.073875
8.566082,1.073876
8.566392,1.073877
8.566701,1.073877
8.567011,1.073879
8.567321,1.073880
8.567631,1.073881
8.567941,1.073880
8.568251,1.073881
8.568561,1.073882
8.568871,1.073883
8.569181,1.073884
8.569491,1.073884
8.569801,1.073885
8.570111,1.073886
8.570421,1.073886
8.570731,1.073887
8.571040,1.073888
8.571350,1.073889
8.571660,1.073890
8.571970,1.073891
8.572280,1.073892
8.572590,1.073892
8.572900,1.073893
8.573210,1.073894
8.573520,1.073894
8.573830,1.073895
8.574140,1.073895
8.574450,1.073898
8.574760,1.073898
8.575070,1.073899
8.575379,1.073899
8.575689,1.073900
8.575999,1.073901
8.576309,1.073902
8.576619,1.073903
8.576929,1.073904
8.577239,1.073904
8.577549,1.073905
8.577859,1.073905
8.578169,1.073906
8.578479,1.073907
8.578789,1.073907
8.579099,1.073909
8.579408,1.073910
8.579718,1.073910
8.580028,1.073912
8.580338,1.073912
8.580648,1.073912
8.580958,1.073914
8.581268,1.073914
8.581578,1.073915
8.581888,1.073916
8.582198,1.073916
8.582508,1.073917
8.582818,1.073918
8.583128,1.073918
8.583438,1.073919
8.583747,1.073921
8.584057,1.073921
8.584367,1.073922
8.584677,1.073923
8.584987,1.073924
8.585297,1.073924
8.585607,1.073924
8.585917,1.073925
8.586227,1.073926
8.586537,1.073927
8.586847,1.073928
8.587157,1.073929
8.587467,1.073930
8.587777,1.073930
8.588086,1.073931
8.588396,1.073931
8.588706,1.073933
8.589016,1.073934
8.589326,1.073935
8.589636,1.073935
8.589946,1.073936
8.590256,1.073937
8.590566,1.073937
8.590876,1.073938
8.591186,1.073939
8.591496,1.073939
8.591806,1.073940
8.592115,1.073941
8.592425,1.073941
8.592735,1.073942
8.593045,1.073943
8.593355,1.073944
8.593665,1.073944
8.593975,1.073944
8.594285,1.073947
8.594595,1.073947
8.594905,1.073948
8.595215,1.073948
8.595525,1.073949
8.595835,1.073949
8.596145,1.073951
8.596454,1.073951
8.596764,1.073952
8.597074,1.073953
8.597384,1.073954
8.597694,1.073955
8.598004,1.073956
8.598314,1.073957
8.598624,1.073957
8.598934,1.073958
8.599244,1.073958
8.599554,1.073959
8.599864,1.073961
8.600174,1.073961
8.600484,1.073962
8.600793,1.073963
8.601103,1.073963
8.601413,1.073964
8.601723,1.073965
8.602033,1.073965
8.602343,1.073966
8.602653,1.073967
8.602963,1.073967
8.603273,1.073969
8.603583,1.073969
8.603893,1.073970
8.604203,1.073970
8.604513,1.073971
8.604822,1.073972
8.605132,1.073973
8.605442,1.073973
8.605752,1.073975
8.606062,1.073976
8.606372,1.073976
8.606682,1.073977
8.606992,1.073977
8.607302,1.073978
8.607612,1.073979
8.607922,1.073979
8.608232,1.073980
8.608542,1.073980
8.608852,1.073981
8.609161,1.073982
8.609471,1.073985
8.609781,1.073984
8.610091,1.073985
8.610401,1.073986
8.610711,1.073987
8.611021,1.073987
8.611331,1.073988
8.611641,1.073989
8.611951,1.073990
8.612261,1.073991
8.612571,1.073991
8.612881,1.073992
8.613191,1.073992
8.613500,1.073993
8.613810,1.073994
8.614120,1.073995
8.614430,1.073996
8.614740,1.073997
8.615050,1.073997
8.615360,1.073998
8.615670,1.073999
8.615980,1.074000
8.616290,1.074000
8.616600,1.074002
8.616910,1.074002
8.617220,1.074003
8.617530,1.074004
8.617839,1.074005
8.618149,1.074005
8.618459,1.074006
8.618769,1.074006
8.619079,1.074007
8.619389,1.074008
8.619699,1.074009
8.620009,1.074010
8.620319,1.074010
8.620629,1.074011
8.620939,1.074012
8.621249,1.074013
8.621559,1.074013
8.621868,1.074015
8.622178,1.074015
8.622488,1.074016
8.622798,1.074016
8.623108,1.074017
8.623418,1.074019
8.623728,1.074019
8.624038,1.074019
8.624348,1.074020
8.624658,1.074020
8.624968,1.074021
8.625278,1.074022
8.625588,1.074022
8.625898,1.074024
8.626207,1.074024
8.626517,1.074024
8.626827,1.074026
8.627137,1.074027
8.627447,1.074026
8.627757,1.074027
8.628067,1.074029
8.628377,1.074029
8.628687,1.074030
8.628997,1.074030
8.629307,1.074031
8.629617,1.074031
8.629927,1.074033
8.630237,1.074035
8.630546,1.074035
8.630856,1.074036
8.631166,1.074037
8.631476,1.074038
8.631786,1.074038
8.632096,1.074039
8.632406,1.074039
8.632716,1.074040
8.633026,1.074041
8.633336,1.074041
8.633646,1.074042
8.633956,1.074043
8.634266,1.074044
8.634575,1.074045
8.634885,1.074045
8.635195,1.074045
8.635505,1.074046
8.635815,1.074047
8.636125,1.074048
8.636435,1.074049
8.636745,1.074049
8.637055,1.074051
8.637365,1.074051
8.637675,1.074051
8.637985,1.074052
8.638295,1.074053
8.638605,1.074053
8.638914,1.074054
8.639224,1.074055
8.639534,1.074055
8.639844,1.074056
8.640154,1.074057
8.640464,1.074059
8.640774,1.074060
8.641084,1.074061
8.641394,1.074060
8.641704,1.074062
8.642014,1.074063
8.642324,1.074064
8.642634,1.074064
8.642944,1.074065
8.643253,1.074065
8.643563,1.074066
8.643873,1.074068
8.644183,1.074067
8.644493,1.074067
8.644803,1.074068
8.645113,1.074070
8.645423,1.074070
8.645733,1.074071
8.646043,1.074072
8.646353,1.074072
8.646663,1.074073
8.646973,1.074074
8.647282,1.074075
8.647592,1.074076
8.647902,1.074076
8.648212,1.074076
8.648522,1.074077
8.648832,1.074078
8.649142,1.074078
8.649452,1.074080
8.649762,1.074080
8.650072,1.074081
8.650382,1.074082
8.650692,1.074082
8.651002,1.074083
8.651312,1.074084
8.651621,1.074085
8.651931,1.074085
8.652241,1.074086
8.652551,1.074087
8.652861,1.074088
8.653171,1.074089
8.653481,1.074089
8.653791,1.074090
8.654101,1.074090
8.654411,1.074091
8.654721,1.074093
8.655031,1.074093
8.655341,1.074094
8.655651,1.074095
8.655960,1.074095
8.656270,1.074096
8.656580,1.074097
8.656890,1.074097
8.657200,1.074098
8.657510,1.074098
8.657820,1.074099
8.658130,1.074100
8.658440,1.074102
8.658750,1.074102
8.659060,1.074102
8.659370,1.074103
8.659680,1.074103
8.659989,1.074104
8.660299,1.074105
8.660609,1.074105
8.660919,1.074106
8.661229,1.074107
8.661539,1.074108
8.661849,1.074108
8.662159,1.074110
8.662469,1.074111
8.662779,1.074111
8.663089,1.074112
8.663399,1.074112
8.663709,1.074113
8.664019,1.074114
8.664328,1.074115
8.664638,1.074115
8.664948,1.074117
8.665258,1.074118
8.665568,1.074117
8.665878,1.074118
8.666188,1.074120
8.666498,1.074120
8.666808,1.074121
8.667118,1.074121
8.667428,1.074122
8.667738,1.074123
8.668048,1.074124
8.668358,1.074124
8.668667,1.074125
8.668977,1.074126
8.669287,1.074127
8.669597,1.074127
8.669907,1.074128
8.670217,1.074129
8.670527,1.074129
8.670837,1.074130
8.671147,1.074131
8.671457,1.074131
8.671767,1.074132
8.672077,1.074132
8.672387,1.074134
8.672697,1.074134
8.673006,1.074135
8.673316,1.074135
8.673626,1.074137
8.673936,1.074138
8.674246,1.074138
8.674556,1.074139
8.674866,1.074140
8.675176,1.074141
8.675486,1.074142
8.675796,1.074142
8.676106,1.074143
8.676416,1.074143
8.676726,1.074144
8.677035,1.074145
8.677345,1.074145
8.677655,1.074146
8.677965,1.074147
8.678275,1.074148
8.678585,1.074148
8.678895,1.074149
8.679205,1.074149
8.679515,1.074150
8.679825,1.074150
8.680135,1.074152
8.680445,1.074153
8.680755,1.074154
8.681065,1.074154
8.681374,1.074154
8.681684,1.074155
8.681994,1.074156
8.682304,1.074156
8.682614,1.074157
8.682924,1.074159
8.683234,1.074159
8.683544,1.074160
8.683854,1.074160
8.684164,1.074161
8.684474,1.074161
8.684784,1.074162
8.685094,1.074163
8.685404,1.074164
8.685713,1.074164
8.686023,1.074165
8.686333,1.074165
8.686643,1.074166
8.686953,1.074167
8.687263,1.074169
8.687573,1.074170
8.687883,1.074170
8.688193,1.074171
8.688503,1.074171
8.688813,1.074172
8.689123,1.074172
8.689433,1.074173
8.689742,1.074174
8.690052,1.074174
8.690362,1.074174
8.690672,1.074175
8.690982,1.074176
8.691292,1.074177
8.691602,1.074178
8.691912,1.074179
8.692222,1.074179
8.692532,1.074180
8.692842,1.074181
8.693152,1.074181
8.693462,1.074183
8.693772,1.074183
8.694081,1.074183
8.694391,1.074184
8.694701,1.074186
8.695011,1.074186
8.695321,1.074187
8.695631,1.074188
8.695941,1.074188
8.696251,1.074189
8.696561,1.074189
8.696871,1.074190
8.697181,1.074190
8.697491,1.074192
8.697801,1.074192
8.698111,1.074193
8.698420,1.074194
8.698730,1.074194
8.699040,1.074195
8.699350,1.074195
8.699660,1.074196
8.699970,1.074197
8.700280,1.074198
8.700590,1.074199
8.700900,1.074199
8.701210,1.074201
8.701520,1.074201
8.701830,1.074202
8.702140,1.074203
8.702449,1.074203
8.702759,1.074203
8.703069,1.074204
8.703379,1.074206
8.703689,1.074206
8.703999,1.074207
8.704309,1.074207
8.704619,1.074209
8.704929,1.074209
8.705239,1.074211
8.705549,1.074210
8.705859,1.074211
8.706169,1.074211
8.706479,1.074212
8.706788,1.074213
8.707098,1.074213
8.707408,1.074214
8.707718,1.074215
8.708028,1.074216
8.708338,1.074217
8.708648,1.074217
8.708958,1.074218
8.709268,1.074219
8.709578,1.074219
8.709888,1.074219
8.710198,1.074221
8.710508,1.074221
8.710818,1.074222
8.711127,1.074223
8.711437,1.074223
8.711747,1.074224
8.712057,1.074225
8.712367,1.074226
8.712677,1.074226
8.712987,1.074227
8.713297,1.074227
8.713607,1.074230
8.713917,1.074230
8.714227,1.074230
8.714537,1.074231
8.714847,1.074231
8.715157,1.074232
8.715466,1.074232
8.715776,1.074233
8.716086,1.074234
8.716396,1.074235
8.716706,1.074236
8.717016,1.074236
8.717326,1.074237
8.717636,1.074238
8.717946,1.074238
8.718256,1.074239
8.718566,1.074240
8.718876,1.074241
8.719186,1.074242
8.719495,1.074242
8.719805,1.074243
8.720115,1.074244
8.720425,1.074244
8.720735,1.074245
8.721045,1.074247
8.721355,1.074246
8.721665,1.074247
8.721975,1.074247
8.722285,1.074248
8.722595,1.074250
8.722905,1.074250
8.723215,1.074250
8.723525,1.074251
8.723834,1.074251
8.724144,1.074253
8.724454,1.074253
8.724764,1.074254
8.725074,1.074255
8.725384,1.074255
8.725694,1.074256
8.726004,1.074256
8.726314,1.074257
8.726624,1.074258
8.726934,1.074259
8.727244,1.074260
8.727554,1.074260
8.727864,1.074261
8.728173,1.074261
8.728483,1.074262
8.728793,1.074263
8.729103,1.074264
8.729413,1.074265
8.729723,1.074265
8.730033,1.074266
8.730343,1.074266
8.730653,1.074267
8.730963,1.074268
8.731273,1.074269
8.731583,1.074270
8.731893,1.074270
8.732202,1.074270
8.732512,1.074271
8.732822,1.074271
8.733132,1.074273
8.733442,1.074273
8.733752,1.074274
8.734062,1.074274
8.734372,1.074275
8.734682,1.074276
8.734992,1.074277
8.735302,1.074277
8.735612,1.074278
8.735922,1.074278
8.736232,1.074279
8.736541,1.074280
8.736851,1.074281
8.737161,1.074281
8.737471,1.074281
8.737781,1.074282
8.738091,1.074284
8.738401,1.074284
8.738711,1.074284
8.739021,1.074285
8.739331,1.074286
8.739641,1.074287
8.739951,1.074288
8.740261,1.074289
8.740571,1.074290
8.740880,1.074291
8.741190,1.074291
8.741500,1.074291
8.741810,1.074292
8.742120,1.074292
8.742430,1.074293
8.742740,1.074293
8.743050,1.074295
8.743360,1.074295
8.743670,1.074296
8.743980,1.074296
8.744290,1.074297
8.744600,1.074298
8.744909,1.074300
8.745219,1.074299
8.745529,1.074299
8.745839,1.074301
8.746149,1.074301
8.746459,1.074302
8.746769,1.074302
8.747079,1.074304
8.747389,1.074305
8.747699,1.074304
8.748009,1.074305
8.748319,1.074305
8.748629,1.074306
8.748939,1.074308
8.749248,1.074308
8.749558,1.074309
8.749868,1.074309
8.750178,1.074310
8.750488,1.074310
8.750798,1.074311
8.751108,1.074312
8.751418,1.074312
8.751728,1.074314
8.752038,1.074313
8.752348,1.074315
8.752658,1.074316
8.752968,1.074317
8.753278,1.074318
8.753587,1.074319
8.753897,1.074319
8.754207,1.074318
8.754517,1.074320
8.754827,1.074321
8.755137,1.074321
8.755447,1.074322
8.755757,1.074323
8.756067,1.074323
8.756377,1.074325
8.756687,1.074325
8.756997,1.074325
8.757307,1.074327
8.757617,1.074326
8.757926,1.074328
8.758236,1.074328
8.758546,1.074329
8.758856,1.074330
8.759166,1.074330
8.759476,1.074331
8.759786,1.074332
8.760096,1.074333
8.760406,1.074334
8.760716,1.074333
8.761026,1.074334
8.761336,1.074334
8.761646,1.074335
8.761955,1.074336
8.762265,1.074337
8.762575,1.074337
8.762885,1.074338
8.763195,1.074338
8.763505,1.074339
8.763815,1.074340
8.764125,1.074341
8.764435,1.074342
8.764745,1.074342
8.765055,1.074343
8.765365,1.074344
8.765675,1.074345
8.765985,1.074345
8.766294,1.074345
8.766604,1.074347
8.766914,1.074347
8.767224,1.074348
8.767534,1.074349
8.767844,1.074349
8.768154,1.074350
8.768464,1.074351
8.768774,1.074351
8.769084,1.074352
8.769394,1.074353
8.769704,1.074353
8.770014,1.074354
8.770324,1.074354
8.770633,1.074356
8.770943,1.074355
8.771253,1.074356
8.771563,1.074357
8.771873,1.074358
8.772183,1.074359
8.772493,1.074360
8.772803,1.074360
8.773113,1.074360
8.773423,1.074361
8.773733,1.074362
8.774043,1.074362
8.774353,1.074363
8.774662,1.074363
8.774972,1.074365
8.775282,1.074366
8.775592,1.074366
8.775902,1.074367
8.776212,1.074367
8.776522,1.074368
8.776832,1.074368
8.777142,1.074369
8.777452,1.074369
8.777762,1.074370
8.778072,1.074372
8.778382,1.074372
8.778692,1.074373
8.779001,1.074374
8.779311,1.074374
8.779621,1.074374
8.779931,1.074375
8.780241,1.074376
8.780551,1.074377
8.780861,1.074377
8.781171,1.074378
8.781481,1.074380
8.781791,1.074381
8.782101,1.074380
8.782411,1.074381
8.782721,1.074381
8.783031,1.074382
8.783340,1.074383
8.783650,1.074384
8.783960,1.074385
8.784270,1.074385
8.784580,1.074385
8.784890,1.074386
8.785200,1.074387
8.785510,1.074387
8.785820,1.074389
8.786130,1.074389
8.786440,1.074390
8.786750,1.074390
8.787060,1.074391
8.787369,1.074392
8.787679,1.074392
8.787989,1.074393
8.788299,1.074394
8.788609,1.074394
8.788919,1.074395
8.789229,1.074395
8.789539,1.074396
8.789849,1.074397
8.790159,1.074398
8.790469,1.074399
8.790779,1.074399
8.791089,1.074399
8.791399,1.074400
8.791708,1.074401
8.792018,1.074401
8.792328,1.074402
8.792638,1.074403
8.792948,1.074403
8.793258,1.074404
8.793568,1.074405
8.793878,1.074405
8.794188,1.074406
8.794498,1.074407
8.794808,1.074408
8.795118,1.074409
8.795428,1.074409
8.795738,1.074409
8.796047,1.074410
8.796357,1.074411
8.796667,1.074411
8.796977,1.074412
8.797287,1.074413
8.797597,1.074413
8.797907,1.074415
8.798217,1.074415
8.798527,1.074416
8.798837,1.074416
8.799147,1.074417
8.799457,1.074417
8.799767,1.074419
8.800077,1.074418
8.800386,1.074419
8.800696,1.074419
8.801006,1.074420
8.801316,1.074422
8.801626,1.074422
8.801936,1.074423
8.802246,1.074423
8.802556,1.074424
8.802866,1.074425
8.803176,1.074425
8.803486,1.074426
8.803796,1.074427
8.804106,1.074427
8.804415,1.074428
8.804725,1.074428
8.805035,1.074429
8.805345,1.074430
8.805655,1.074431
8.805965,1.074431
8.806275,1.074432
8.806585,1.074433
8.806895,1.074434
8.807205,1.074434
8.807515,1.074435
8.807825,1.074435
8.808135,1.074435
8.808445,1.074436
8.808754,1.074437
8.809064,1.074437
8.809374,1.074438
8.809684,1.074439
8.809994,1.074440
8.810304,1.074440
8.810614,1.074441
8.810924,1.074442
8.811234,1.074443
8.811544,1.074443
8.811854,1.074443
8.812164,1.074444
8.812474,1.074445
8.812784,1.074445
8.813093,1.074447
8.813403,1.074447
8.813713,1.074448
8.814023,1.074448
8.814333,1.074449
8.814643,1.074449
8.814953,1.074451
8.815263,1.074450
8.815573,1.074453
8.815883,1.074452
8.816193,1.074452
8.816503,1.074453
8.816813,1.074454
8.817122,1.074454
8.817432,1.074455
8.817742,1.074455
8.818052,1.074457
8.818362,1.074457
8.818672,1.074458
8.818982,1.074458
8.819292,1.074459
8.819602,1.074460
8.819912,1.074461
8.820222,1.074462
8.820532,1.074462
8.820842,1.074463
8.821152,1.074463
8.821461,1.074464
8.821771,1.074465
8.822081,1.074465
8.822391,1.074467
8.822701,1.074467
8.823011,1.074468
8.823321,1.074468
8.823631,1.074469
8.823941,1.074469
8.824251,1.074469
8.824561,1.074470
8.824871,1.074470
8.825181,1.074471
8.825491,1.074471
8.825800,1.074473
8.826110,1.074474
8.826420,1.074475
8.826730,1.074475
8.827040,1.074476
8.827350,1.074476
8.827660,1.074476
8.827970,1.074476
8.828280,1.074479
8.828590,1.074478
8.828900,1.074480
8.829210,1.074479
8.829520,1.074481
8.829829,1.074481
8.830139,1.074483
8.830449,1.074483
8.830759,1.074483
8.831069,1.074484
8.831379,1.074485
8.831689,1.074486
8.831999,1.074486
8.832309,1.074487
8.832619,1.074488
8.832929,1.074489
8.833239,1.074489
8.833549,1.074490
8.833859,1.074490
8.834168,1.074491
8.834478,1.074492
8.834788,1.074492
8.835098,1.074492
8.835408,1.074494
8.835718,1.074494
8.836028,1.074494
8.836338,1.074496
8.836648,1.074496
8.836958,1.074497
8.837268,1.074497
8.837578,1.074497
8.837888,1.074498
8.838198,1.074498
8.838507,1.074500
8.838817,1.074500
8.839127,1.074501
8.839437,1.074502
8.839747,1.074502
8.840057,1.074503
8.840367,1.074504
8.840677,1.074504
8.840987,1.074506
8.841297,1.074506
8.841607,1.074506
8.841917,1.074506
8.842227,1.074507
8.842537,1.074508
8.842846,1.074508
8.843156,1.074510
8.843466,1.074511
8.843776,1.074511
8.844086,1.074511
8.844396,1.074511
8.844706,1.074513
8.845016,1.074513
8.845326,1.074514
8.845636,1.074515
8.845946,1.074515
8.846256,1.074516
8.846566,1.074517
8.846875,1.074517
8.847185,1.074517
8.847495,1.074518
8.847805,1.074520
8.848115,1.074520
8.848425,1.074520
8.848735,1.074521
8.849045,1.074522
8.849355,1.074522
8.849665,1.074523
8.849975,1.074523
8.850285,1.074524
8.850595,1.074524
8.850905,1.074525
8.851214,1.074525
8.851524,1.074527
8.851834,1.074528
8.852144,1.074528
8.852454,1.074529
8.852764,1.074529
8.853074,1.074531
8.853384,1.074531
8.853694,1.074531
8.854004,1.074532
8.854314,1.074532
8.854624,1.074533
8.854934,1.074533
8.855244,1.074534
8.855553,1.074534
8.855863,1.074535
8.856173,1.074536
8.856483,1.074536
8.856793,1.074538
8.857103,1.074538
8.857413,1.074539
8.857723,1.074540
8.858033,1.074541
8.858343,1.074541
8.858653,1.074542
8.858963,1.074542
8.859273,1.074543
8.859582,1.074543
8.859892,1.074543
8.860202,1.074544
8.860512,1.074546
8.860822,1.074546
8.861132,1.074546
8.861442,1.074547
8.861752,1.074547
8.862062,1.074549
8.862372,1.074549
8.862682,1.074550
8.862992,1.074551
8.863302,1.074551
8.863612,1.074551
8.863921,1.074552
8.864231,1.074553
8.864541,1.074553
8.864851,1.074553
8.865161,1.074554
8.865471,1.074555
8.865781,1.074556
8.866091,1.074556
8.866401,1.074557
8.866711,1.074558
8.867021,1.074558
8.867331,1.074559
8.867641,1.074560
8.867951,1.074560
8.868260,1.074560
8.868570,1.074562
8.868880,1.074562
8.869190,1.074563
8.869500,1.074563
8.869810,1.074565
8.870120,1.074564
8.870430,1.074566
8.870740,1.074566
8.871050,1.074567
8.871360,1.074567
8.871670,1.074567
8.871980,1.074568
8.872289,1.074570
8.872599,1.074570
8.872909,1.074570
8.873219,1.074571
8.873529,1.074571
8.873839,1.074572
8.874149,1.074572
8.874459,1.074574
8.874769,1.074574
8.875079,1.074575
8.875389,1.074575
8.875699,1.074576
8.876009,1.074576
8.876319,1.074577
8.876628,1.074577
8.876938,1.074578
8.877248,1.074578
8.877558,1.074579
8.877868,1.074580
8.878178,1.074581
8.878488,1.074581
8.878798,1.074582
8.879108,1.074583
8.879418,1.074584
8.879728,1.074584
8.880038,1.074584
8.880348,1.074585
8.880658,1.074586
8.880967,1.074587
8.881277,1.074588
8.881587,1.074588
8.881897,1.074589
8.882207,1.074589
8.882517,1.074591
8.882827,1.074590
8.883137,1.074590
8.883447,1.074591
8.883757,1.074592
8.884067,1.074593
8.884377,1.074593
8.884687,1.074594
8.884996,1.074594
8.885306,1.074595
8.885616,1.074596
8.885926,1.074597
8.886236,1.074597
8.886546,1.074598
8.886856,1.074599
8.887166,1.074599
8.887476,1.074599
8.887786,1.074600
8.888096,1.074602
8.888406,1.074601
8.888716,1.074602
8.889026,1.074603
8.889335,1.074603
8.889645,1.074604
8.889955,1.074605
8.890265,1.074605
8.890575,1.074606
8.890885,1.074606
8.891195,1.074607
8.891505,1.074608
8.891815,1.074608
8.892125,1.074609
8.892435,1.074609
8.892745,1.074610
8.893055,1.074611
8.893365,1.074611
8.893674,1.074612
8.893984,1.074612
8.894294,1.074613
8.894604,1.074614
8.894914,1.074615
8.895224,1.074616
8.895534,1.074616
8.895844,1.074616
8.896154,1.074617
8.896464,1.074617
8.896774,1.074618
8.897084,1.074618
8.897394,1.074620
8.897704,1.074620
8.898013,1.074621
8.898323,1.074622
8.898633,1.074622
8.898943,1.074622
8.899253,1.074624
8.899563,1.074624
8.899873,1.074625
8.900183,1.074625
8.900493,1.074625
8.900803,1.074625
8.901113,1.074627
8.901423,1.074627
8.901733,1.074628
8.902042,1.074628
8.902352,1.074630
8.902662,1.074630
8.902972,1.074631
8.903282,1.074632
8.903592,1.074632
8.903902,1.074632
8.904212,1.074633
8.904522,1.074633
8.904832,1.074634
8.905142,1.074634
8.905452,1.074635
8.905762,1.074637
8.906072,1.074637
8.906381,1.074638
8.906691,1.074638
8.907001,1.074639
8.907311,1.074638
8.907621,1.074640
8.907931,1.074639
8.908241,1.074640
8.908551,1.074641
8.908861,1.074641
8.909171,1.074643
8.909481,1.074644
8.909791,1.074644
8.910101,1.074645
8.910411,1.074645
8.910720,1.074645
8.911030,1.074645
8.911340,1.074647
8.911650,1.074647
8.911960,1.074648
8.912270,1.074649
8.912580,1.074649
8.912890,1.074650
8.913200,1.074650
8.913510,1.074650
8.913820,1.074652
8.914130,1.074652
8.914440,1.074653
8.914749,1.074654
8.915059,1.074655
8.915369,1.074655
8.915679,1.074655
8.915989,1.074656
8.916299,1.074657
8.916609,1.074657
8.916919,1.074658
8.917229,1.074659
8.917539,1.074659
8.917849,1.074659
8.918159,1.074660
8.918469,1.074661
8.918779,1.074662
8.919088,1.074662
8.919398,1.074663
8.919708,1.074663
8.920018,1.074664
8.920328,1.074665
8.920638,1.074665
8.920948,1.074666
8.921258,1.074666
8.921568,1.074667
8.921878,1.074667
8.922188,1.074667
8.922498,1.074669
8.922808,1.074670
8.923118,1.074670
8.923427,1.074670
8.923737,1.074671
8.924047,1.074672
8.924357,1.074673
8.924667,1.074673
8.924977,1.074674
8.925287,1.074674
8.925597,1.074675
8.925907,1.074676
8.926217,1.074676
8.926527,1.074677
8.926837,1.074677
8.927147,1.074678
8.927456,1.074678
8.927766,1.074679
8.928076,1.074680
8.928386,1.074681
8.928696,1.074680
8.929006,1.074682
8.929316,1.074682
8.929626,1.074683
8.929936,1.074683
8.930246,1.074683
8.930556,1.074684
8.930866,1.074685
8.931176,1.074685
8.931486,1.074685
8.931795,1.074687
8.932105,1.074688
8.932415,1.074688
8.932725,1.074689
8.933035,1.074689
8.933345,1.074690
8.933655,1.074690
8.933965,1.074692
8.934275,1.074692
8.934585,1.074693
8.934895,1.074692
8.935205,1.074693
8.935515,1.074695
8.935825,1.074695
8.936134,1.074695
8.936444,1.074695
8.936754,1.074697
8.937064,1.074697
8.937374,1.074697
8.937684,1.074698
8.937994,1.074699
8.938304,1.074699
8.938614,1.074700
8.938924,1.074700
8.939234,1.074701
8.939544,1.074702
8.939854,1.074702
8.940164,1.074703
8.940473,1.074704
8.940783,1.074705
8.941093,1.074705
8.941403,1.074705
8.941713,1.074707
8.942023,1.074707
8.942333,1.074707
8.942643,1.074708
8.942953,1.074709
8.943263,1.074709
8.943573,1.074710
8.943883,1.074711
8.944193,1.074711
8.944502,1.074713
8.944812,1.074713
8.945122,1.074713
8.945432,1.074713
8.945742,1.074714
8.946052,1.074714
8.946362,1.074715
8.946672,1.074716
8.946982,1.074716
8.947292,1.074717
8.947602,1.074718
8.947912,1.074719
8.948222,1.074719
8.948532,1.074720
8.948841,1.074720
8.949151,1.074720
8.949461,1.074721
8.949771,1.074721
8.950081,1.074722
8.950391,1.074723
8.950701,1.074724
8.951011,1.074724
8.951321,1.074726
8.951631,1.074726
8.951941,1.074727
8.952251,1.074727
8.952561,1.074728
8.952871,1.074728
8.953180,1.074728
8.953490,1.074728
8.953800,1.074729
8.954110,1.074730
8.954420,1.074730
8.954730,1.074731
8.955040,1.074733
8.955350,1.074733
8.955660,1.074734
8.955970,1.074734
8.956280,1.074735
8.956590,1.074735
8.956900,1.074735
8.957209,1.074736
8.957519,1.074736
8.957829,1.074737
8.958139,1.074737
8.958449,1.074738
8.958759,1.074739
8.959069,1.074739
8.959379,1.074740
8.959689,1.074742
8.959999,1.074742
8.960309,1.074742
8.960619,1.074743
8.960929,1.074743
8.961239,1.074744
8.961548,1.074744
8.961858,1.074745
8.962168,1.074746
8.962478,1.074746
8.962788,1.074747
8.963098,1.074748
8.963408,1.074748
8.963718,1.074748
8.964028,1.074749
8.964338,1.074749
8.964648,1.074750
8.964958,1.074751
8.965268,1.074751
8.965578,1.074752
8.965887,1.074753
8.966197,1.074753
8.966507,1.074754
8.966817,1.074754
8.967127,1.074754
8.967437,1.074755
8.967747,1.074756
8.968057,1.074757
8.968367,1.074757
8.968677,1.074758
8.968987,1.074758
8.969297,1.074760
8.969607,1.074760
8.969916,1.074761
8.970226,1.074760
8.970536,1.074762
8.970846,1.074762
8.971156,1.074763
8.971466,1.074763
8.971776,1.074764
8.972086,1.074764
8.972396,1.074765
8.972706,1.074765
8.973016,1.074767
8.973326,1.074768
8.973636,1.074768
8.973946,1.074768
8.974255,1.074769
8.974565,1.074769
8.974875,1.074769
8.975185,1.074770
8.975495,1.074770
8.975805,1.074771
8.976115,1.074772
8.976425,1.074772
8.976735,1.074773
8.977045,1.074774
8.977355,1.074774
8.977665,1.074775
8.977975,1.074776
8.978285,1.074776
8.978594,1.074777
8.978904,1.074778
8.979214,1.074778
8.979524,1.074779
8.979834,1.074779
8.980144,1.074780
8.980454,1.074780
8.980764,1.074781
8.981074,1.074781
8.981384,1.074782
8.981694,1.074782
8.982004,1.074783
8.982314,1.074782
8.982624,1.074785
8.982933,1.074785
8.983243,1.074785
8.983553,1.074786
8.983863,1.074786
8.984173,1.074787
8.984483,1.074788
8.984793,1.074788
8.985103,1.074789
8.985413,1.074790
8.985723,1.074790
8.986033,1.074791
8.986343,1.074791
8.986653,1.074792
8.986962,1.074793
8.987272,1.074793
8.987582,1.074794
8.987892,1.074794
8.988202,1.074794
8.988512,1.074795
8.988822,1.074795
8.989132,1.074796
8.989442,1.074797
8.989752,1.074797
8.990062,1.074798
8.990372,1.074799
8.990682,1.074800
8.990992,1.074800
8.991301,1.074800
8.991611,1.074801
8.991921,1.074801
8.992231,1.074803
8.992541,1.074803
8.992851,1.074803
8.993161,1.074805
8.993471,1.074806
8.993781,1.074806
8.994091,1.074806
8.994401,1.074806
8.994711,1.074807
8.995021,1.074808
8.995331,1.074808
8.995640,1.074808
8.995950,1.074810
8.996260,1.074811
8.996570,1.074811
8.996880,1.074812
8.997190,1.074812
8.997500,1.074812
