-0.300000,8.181397
-0.299590,8.181397
-0.299180,8.181397
-0.298770,8.181397
-0.298360,8.181397
-0.297950,8.181397
-0.297540,8.181397
-0.297130,8.181397
-0.296720,8.181397
-0.296310,8.181397
-0.295900,8.181397
-0.295490,8.181397
-0.295080,8.181397
-0.294670,8.181397
-0.294260,8.181397
-0.293850,8.181397
-0.293440,8.181397
-0.293030,8.181397
-0.292620,8.181397
-0.292210,8.181397
-0.291800,8.181397
-0.291390,8.181397
-0.290980,8.181397
-0.290570,8.181397
-0.290160,8.181397
-0.289750,8.181397
-0.289340,8.181397
-0.288930,8.181397
-0.288520,8.181397
-0.288110,8.181397
-0.287700,8.181397
-0.287290,8.181397
-0.286880,8.181397
-0.286470,8.181397
-0.286060,8.181397
-0.285650,8.181397
-0.285240,8.181397
-0.284829,8.181397
-0.284419,8.181397
-0.284009,8.181397
-0.283599,8.181397
-0.283189,8.181397
-0.282779,8.181397
-0.282369,8.181397
-0.281959,8.181397
-0.281549,8.181397
-0.281139,8.181397
-0.280729,8.181397
-0.280319,8.181397
-0.279909,8.181397
-0.279499,8.181397
-0.279089,8.181397
-0.278679,8.181397
-0.278269,8.181397
-0.277859,8.181397
-0.277449,8.181397
-0.277039,8.181397
-0.276629,8.181397
-0.276219,8.181397
-0.275809,8.181397
-0.275399,8.181397
-0.274989,8.181397
-0.274579,8.181397
-0.274169,8.181397
-0.273759,8.181397
-0.273349,8.181397
-0.272939,8.181397
-0.272529,8.181397
-0.272119,8.181397
-0.271709,8.181397
-0.271299,8.181397
-0.270889,8.181397
-0.270479,8.181397
-0.270069,8.181397
-0.269659,8.181397
-0.269249,8.181397
-0.268839,8.181397
-0.268429,8.181397
-0.268019,8.181397
-0.267609,8.181397
-0.267199,8.181397
-0.266789,8.181397
-0.266379,8.181397
-0.265969,8.181397
-0.265559,8.181397
-0.265149,8.181397
-0.264739,8.181397
-0.264329,8.181397
-0.263919,8.181397
-0.263509,8.181397
-0.263099,8.181397
-0.262689,8.181397
-0.262279,8.181397
-0.261869,8.181397
-0.261459,8.181397
-0.261049,8.181397
-0.260639,8.181397
-0.260229,8.181397
-0.259819,8.181397
-0.259409,8.181397
-0.258999,8.181397
-0.258589,8.181397
-0.258179,8.181397
-0.257769,8.181397
-0.257359,8.181397
-0.256949,8.181397
-0.256539,8.181397
-0.256129,8.181397
-0.255719,8.181397
-0.255309,8.181397
-0.254898,8.181397
-0.254488,8.181397
-0.254078,8.181397
-0.253668,8.181397
-0.253258,8.181397
-0.252848,8.181397
-0.252438,8.181397
-0.252028,8.181397
-0.251618,8.181397
-0.251208,8.181397
-0.250798,8.181397
-0.250388,8.181397
-0.249978,8.181397
-0.249568,8.181397
-0.249158,8.181397
-0.248748,8.181397
-0.248338,8.181397
-0.247928,8.181397
-0.247518,8.181397
-0.247108,8.181397
-0.246698,8.181397
-0.246288,8.181397
-0.245878,8.181397
-0.245468,8.181397
-0.245058,8.181397
-0.244648,8.181397
-0.244238,8.181397
-0.243828,8.181397
-0.243418,8.181397
-0.243008,8.181397
-0.242598,8.181397
-0.242188,8.181397
-0.241778,8.181397
-0.241368,8.181397
-0.240958,8.181397
-0.240548,8.181397
-0.240138,8.181397
-0.239728,8.181397
-0.239318,8.181397
-0.238908,8.181397
-0.238498,8.181397
-0.238088,8.181397
-0.237678,8.181397
-0.237268,8.181397
-0.236858,8.181397
-0.236448,8.181397
-0.236038,8.181397
-0.235628,8.181397
-0.235218,8.181397
-0.234808,8.181397
-0.234398,8.181397
-0.233988,8.181397
-0.233578,8.181397
-0.233168,8.181397
-0.232758,8.181397
-0.232348,8.181397
-0.231938,8.181397
-0.231528,8.181397
-0.231118,8.181397
-0.230708,8.181397
-0.230298,8.181397
-0.229888,8.181397
-0.229478,8.181397
-0.229068,8.181397
-0.228658,8.181397
-0.228248,8.181397
-0.227838,8.181397
-0.227428,8.181397
-0.227018,8.181397
-0.226608,8.181397
-0.226198,8.181397
-0.225788,8.181397
-0.225378,8.181397
-0.224967,8.181397
-0.224557,8.181397
-0.224147,8.181397
-0.223737,8.181397
-0.223327,8.181397
-0.222917,8.181397
-0.222507,8.181397
-0.222097,8.181397
-0.221687,8.181397
-0.221277,8.181397
-0.220867,8.181397
-0.220457,8.181397
-0.220047,8.181397
-0.219637,8.181397
-0.219227,8.181397
-0.218817,8.181397
-0.218407,8.181397
-0.217997,8.181397
-0.217587,8.181397
-0.217177,8.181397
-0.216767,8.181397
-0.216357,8.181397
-0.215947,8.181397
-0.215537,8.181397
-0.215127,8.181397
-0.214717,8.181397
-0.214307,8.181397
-0.213897,8.181397
-0.213487,8.181397
-0.213077,8.181397
-0.212667,8.181397
-0.212257,8.181397
-0.211847,8.181397
-0.211437,8.181397
-0.211027,8.181397
-0.210617,8.181397
-0.210207,8.181397
-0.209797,8.181397
-0.209387,8.181397
-0.208977,8.181397
-0.208567,8.181397
-0.208157,8.181397
-0.207747,8.181397
-0.207337,8.181397
-0.206927,8.181397
-0.206517,8.181397
-0.206107,8.181397
-0.205697,8.181397
-0.205287,8.181397
-0.204877,8.181397
-0.204467,8.181397
-0.204057,8.181397
-0.203647,8.181397
-0.203237,8.181397
-0.202827,8.181397
-0.202417,8.181397
-0.202007,8.181397
-0.201597,8.181397
-0.201187,8.181397
-0.200777,8.181397
-0.200367,8.181397
-0.199957,8.181397
-0.199547,8.181397
-0.199137,8.181397
-0.198727,8.181397
-0.198317,8.181397
-0.197907,8.181397
-0.197497,8.181397
-0.197087,8.181397
-0.196677,8.181397
-0.196267,8.181397
-0.195857,8.181397
-0.195447,8.181397
-0.195037,8.181397
-0.194626,8.181397
-0.194216,8.181397
-0.193806,8.181397
-0.193396,8.181397
-0.192986,8.181397
-0.192576,8.181397
-0.192166,8.181397
-0.191756,8.181397
-0.191346,8.181397
-0.190936,8.181397
-0.190526,8.181397
-0.190116,8.181397
-0.189706,8.181397
-0.189296,8.181397
-0.188886,8.181397
-0.188476,8.181397
-0.188066,8.181397
-0.187656,8.181397
-0.187246,8.181397
-0.186836,8.181397
-0.186426,8.181397
-0.186016,8.181397
-0.185606,8.181397
-0.185196,8.181397
-0.184786,8.181397
-0.184376,8.181397
-0.183966,8.181397
-0.183556,8.181397
-0.183146,8.181397
-0.182736,8.181397
-0.182326,8.181397
-0.181916,8.181397
-0.181506,8.181397
-0.181096,8.181397
-0.180686,8.181397
-0.180276,8.181397
-0.179866,8.181397
-0.179456,8.181397
-0.179046,8.181397
-0.178636,8.181397
-0.178226,8.181397
-0.177816,8.181397
-0.177406,8.181397
-0.176996,8.181397
-0.176586,8.181397
-0.176176,8.181397
-0.175766,8.181397
-0.175356,8.181397
-0.174946,8.181397
-0.174536,8.181397
-0.174126,8.181397
-0.173716,8.181397
-0.173306,8.181397
-0.172896,8.181397
-0.172486,8.181397
-0.172076,8.181397
-0.171666,8.181397
-0.171256,8.181397
-0.170846,8.181397
-0.170436,8.181397
-0.170026,8.181397
-0.169616,8.181397
-0.169206,8.181397
-0.168796,8.181397
-0.168386,8.181397
-0.167976,8.181397
-0.167566,8.181397
-0.167156,8.181397
-0.166746,8.181397
-0.166336,8.181397
-0.165926,8.181397
-0.165516,8.181397
-0.165106,8.181397
-0.164695,8.181397
-0.164285,8.181397
-0.163875,8.181397
-0.163465,8.181397
-0.163055,8.181397
-0.162645,8.181397
-0.162235,8.181397
-0.161825,8.181397
-0.161415,8.181397
-0.161005,8.181397
-0.160595,8.181397
-0.160185,8.181397
-0.159775,8.181397
-0.159365,8.181397
-0.158955,8.181397
-0.158545,8.181397
-0.158135,8.181397
-0.157725,8.181397
-0.157315,8.181397
-0.156905,8.181397
-0.156495,8.181397
-0.156085,8.181397
-0.155675,8.181397
-0.155265,8.181397
-0.154855,8.181397
-0.154445,8.181397
-0.154035,8.181397
-0.153625,8.181397
-0.153215,8.181397
-0.152805,8.181397
-0.152395,8.181397
-0.151985,8.181397
-0.151575,8.181397
-0.151165,8.181397
-0.150755,8.181397
-0.150345,8.181397
-0.149935,8.181397
-0.149525,8.181397
-0.149115,8.181397
-0.148705,8.181397
-0.148295,8.181397
-0.147885,8.181397
-0.147475,8.181397
-0.147065,8.181397
-0.146655,8.181397
-0.146245,8.181397
-0.145835,8.181397
-0.145425,8.181397
-0.145015,8.181397
-0.144605,8.181397
-0.144195,8.181397
-0.143785,8.181397
-0.143375,8.181397
-0.142965,8.181397
-0.142555,8.181397
-0.142145,8.181397
-0.141735,8.181397
-0.141325,8.181397
-0.140915,8.181397
-0.140505,8.181397
-0.140095,8.181397
-0.139685,8.181397
-0.139275,8.181397
-0.138865,8.181397
-0.138455,8.181397
-0.138045,8.181397
-0.137635,8.181397
-0.137225,8.181397
-0.136815,8.181397
-0.136405,8.181397
-0.135995,8.181397
-0.135585,8.181397
-0.135175,8.181397
-0.134764,8.181397
-0.134354,8.181397
-0.133944,8.181397
-0.133534,8.181397
-0.133124,8.181397
-0.132714,8.181397
-0.132304,8.181397
-0.131894,8.181397
-0.131484,8.181397
-0.131074,8.181397
-0.130664,8.181397
-0.130254,8.181397
-0.129844,8.181397
-0.129434,8.181397
-0.129024,8.181397
-0.128614,8.181397
-0.128204,8.181397
-0.127794,8.181397
-0.127384,8.181397
-0.126974,8.181397
-0.126564,8.181397
-0.126154,8.181397
-0.125744,8.181397
-0.125334,8.181397
-0.124924,8.181397
-0.124514,8.181397
-0.124104,8.181397
-0.123694,8.181397
-0.123284,8.181397
-0.122874,8.181397
-0.122464,8.181397
-0.122054,8.181397
-0.121644,8.181397
-0.121234,8.181397
-0.120824,8.181397
-0.120414,8.181397
-0.120004,8.181397
-0.119594,8.181397
-0.119184,8.181397
-0.118774,8.181397
-0.118364,8.181397
-0.117954,8.181397
-0.117544,8.181397
-0.117134,8.181397
-0.116724,8.181397
-0.116314,8.181397
-0.115904,8.181397
-0.115494,8.181397
-0.115084,8.181397
-0.114674,8.181397
-0.114264,8.181397
-0.113854,8.181397
-0.113444,8.181397
-0.113034,8.181397
-0.112624,8.181397
-0.112214,8.181397
-0.111804,8.181397
-0.111394,8.181397
-0.110984,8.181397
-0.110574,8.181397
-0.110164,8.181397
-0.109754,8.181397
-0.109344,8.181397
-0.108934,8.181397
-0.108524,8.181397
-0.108114,8.181397
-0.107704,8.181397
-0.107294,8.181397
-0.106884,8.181397
-0.106474,8.181397
-0.106064,8.181397
-0.105654,8.181397
-0.105244,8.181397
-0.104833,8.181397
-0.104423,8.181397
-0.104013,8.181397
-0.103603,8.181397
-0.103193,8.181397
-0.102783,8.181397
-0.102373,8.181397
-0.101963,8.181397
-0.101553,8.181397
-0.101143,8.181397
-0.100733,8.181397
-0.100323,8.181397
-0.099913,8.181397
-0.099503,8.181397
-0.099093,8.181397
-0.098683,8.181397
-0.098273,8.181397
-0.097863,8.181397
-0.097453,8.181397
-0.097043,8.181397
-0.096633,8.181397
-0.096223,8.181397
-0.095813,8.181397
-0.095403,8.181397
-0.094993,8.181397
-0.094583,8.181397
-0.094173,8.181397
-0.093763,8.181397
-0.093353,8.181397
-0.092943,8.181397
-0.092533,8.181397
-0.092123,8.181397
-0.091713,8.181397
-0.091303,8.181397
-0.090893,8.181397
-0.090483,8.181397
-0.090073,8.181397
-0.089663,8.181397
-0.089253,8.181397
-0.088843,8.181397
-0.088433,8.181397
-0.088023,8.181397
-0.087613,8.181397
-0.087203,8.181397
-0.086793,8.181397
-0.086383,8.181397
-0.085973,8.181397
-0.085563,8.181397
-0.085153,8.181397
-0.084743,8.181397
-0.084333,8.181397
-0.083923,8.181397
-0.083513,8.181397
-0.083103,8.181397
-0.082693,8.181397
-0.082283,8.181397
-0.081873,8.181397
-0.081463,8.181397
-0.081053,8.181397
-0.080643,8.181397
-0.080233,8.181397
-0.079823,8.181397
-0.079413,8.181397
-0.079003,8.181397
-0.078593,8.181397
-0.078183,8.181397
-0.077773,8.181397
-0.077363,8.181397
-0.076953,8.181397
-0.076543,8.181397
-0.076133,8.181397
-0.075723,8.181397
-0.075313,8.181397
-0.074902,8.181397
-0.074492,8.181397
-0.074082,8.181397
-0.073672,8.181397
-0.073262,8.181397
-0.072852,8.181397
-0.072442,8.181397
-0.072032,8.181397
-0.071622,8.181397
-0.071212,8.181397
-0.070802,8.181397
-0.070392,8.181397
-0.069982,8.181397
-0.069572,8.181397
-0.069162,8.181397
-0.068752,8.181397
-0.068342,8.181397
-0.067932,8.181397
-0.067522,8.181397
-0.067112,8.181397
-0.066702,8.181397
-0.066292,8.181397
-0.065882,8.181397
-0.065472,8.181397
-0.065062,8.181397
-0.064652,8.181397
-0.064242,8.181397
-0.063832,8.181397
-0.063422,8.181397
-0.063012,8.181397
-0.062602,8.181397
-0.062192,8.181397
-0.061782,8.181397
-0.061372,8.181397
-0.060962,8.181397
-0.060552,8.181397
-0.060142,8.181397
-0.059732,8.181397
-0.059322,8.181397
-0.058912,8.181397
-0.058502,8.181397
-0.058092,8.181397
-0.057682,8.181397
-0.057272,8.181397
-0.056862,8.181397
-0.056452,8.181397
-0.056042,8.181397
-0.055632,8.181397
-0.055222,8.181397
-0.054812,8.181397
-0.054402,8.181397
-0.053992,8.181397
-0.053582,8.181397
-0.053172,8.181397
-0.052762,8.181397
-0.052352,8.181397
-0.051942,8.181397
-0.051532,8.181397
-0.051122,8.181397
-0.050712,8.181397
-0.050302,8.181397
-0.049892,8.181397
-0.049482,8.181397
-0.049072,8.181397
-0.048662,8.181397
-0.048252,8.181397
-0.047842,8.181397
-0.047432,8.181397
-0.047022,8.181397
-0.046612,8.181397
-0.046202,8.181397
-0.045792,8.181397
-0.045382,8.181397
-0.044971,8.181397
-0.044561,8.181397
-0.044151,8.181397
-0.043741,8.181397
-0.043331,8.181397
-0.042921,8.181397
-0.042511,8.181397
-0.042101,8.181397
-0.041691,8.181397
-0.041281,8.181397
-0.040871,8.181397
-0.040461,8.181397
-0.040051,8.181397
-0.039641,8.181397
-0.039231,8.181397
-0.038821,8.181397
-0.038411,8.181397
-0.038001,8.181397
-0.037591,8.181397
-0.037181,8.181397
-0.036771,8.181397
-0.036361,8.181397
-0.035951,8.181397
-0.035541,8.181397
-0.035131,8.181397
-0.034721,8.181397
-0.034311,8.181397
-0.033901,8.181397
-0.033491,8.181397
-0.033081,8.181397
-0.032671,8.181397
-0.032261,8.181397
-0.031851,8.181397
-0.031441,8.181397
-0.031031,8.181397
-0.030621,8.181397
-0.030211,8.181397
-0.029801,8.181397
-0.029391,8.181397
-0.028981,8.181397
-0.028571,8.181397
-0.028161,8.181397
-0.027751,8.181397
-0.027341,8.181397
-0.026931,8.181397
-0.026521,8.181397
-0.026111,8.181397
-0.025701,8.181397
-0.025291,8.181397
-0.024881,8.181397
-0.024471,8.181397
-0.024061,8.181397
-0.023651,8.181397
-0.023241,8.181397
-0.022831,8.181397
-0.022421,8.181397
-0.022011,8.181397
-0.021601,8.181397
-0.021191,8.181397
-0.020781,8.181397
-0.020371,8.181397
-0.019961,8.181397
-0.019551,8.181397
-0.019141,8.181397
-0.018731,8.181397
-0.018321,8.181397
-0.017911,8.181397
-0.017501,8.181397
-0.017091,8.181397
-0.016681,8.181397
-0.016271,8.181397
-0.015861,8.181397
-0.015451,8.181397
-0.015041,8.181397
-0.014630,8.181397
-0.014220,8.181397
-0.013810,8.181397
-0.013400,8.181397
-0.012990,8.181397
-0.012580,8.181397
-0.012170,8.181397
-0.011760,8.181397
-0.011350,8.181397
-0.010940,8.181397
-0.010530,8.181397
-0.010120,8.181397
-0.009710,8.181397
-0.009300,8.181397
-0.008890,8.181397
-0.008480,8.181397
-0.008070,8.181397
-0.007660,8.181397
-0.007250,8.181397
-0.006840,8.181397
-0.006430,8.181397
-0.006020,8.181397
-0.005610,8.181397
-0.005200,8.181397
-0.004790,8.181397
-0.004380,8.181397
-0.003970,8.181397
-0.003560,8.181397
-0.003150,8.181397
-0.002740,8.181397
-0.002330,8.181397
-0.001920,8.181397
-0.001510,8.181397
-0.001100,8.181397
-0.000690,8.181397
-0.000280,8.181397
0.000130,8.181397
0.000540,8.181397
0.000950,8.181397
0.001360,8.181397
0.001770,8.181397
0.002180,8.181397
0.002590,8.181397
0.003000,8.181397
0.003410,8.181397
0.003820,8.181397
0.004230,8.181397
0.004640,8.181397
0.005050,8.181397
0.005460,8.181397
0.005870,8.181397
0.006280,8.181397
0.006690,8.181397
0.007100,8.181397
0.007510,8.181397
0.007920,8.181397
0.008330,8.181397
0.008740,8.181397
0.009150,8.181397
0.009560,8.181397
0.009970,8.181397
0.010380,8.181397
0.010790,8.181397
0.011200,8.181397
0.011610,8.181397
0.012020,8.181397
0.012430,8.181397
0.012840,8.181397
0.013250,8.181397
0.013660,8.181397
0.014070,8.181397
0.014480,8.181397
0.014890,8.181397
0.015301,8.181397
0.015711,8.181397
0.016121,8.181397
0.016531,8.181397
0.016941,8.181397
0.017351,8.181397
0.017761,8.181397
0.018171,8.181397
0.018581,8.181397
0.018991,8.181397
0.019401,8.181397
0.019811,8.181397
0.020221,8.181397
0.020631,8.181397
0.021041,8.181397
0.021451,8.181397
0.021861,8.181397
0.022271,8.181397
0.022681,8.181397
0.023091,8.181397
0.023501,8.181397
0.023911,8.181397
0.024321,8.181397
0.024731,8.181397
0.025141,8.181397
0.025551,8.181397
0.025961,8.181397
0.026371,8.181397
0.026781,8.181397
0.027191,8.181397
0.027601,8.181397
0.028011,8.181397
0.028421,8.181397
0.028831,8.181397
0.029241,8.181397
0.029651,8.181397
0.030061,8.181397
0.030471,8.181397
0.030881,8.181397
0.031291,8.181397
0.031701,8.181397
0.032111,8.181397
0.032521,8.181397
0.032931,8.181397
0.033341,8.181397
0.033751,8.181397
0.034161,8.181397
0.034571,8.181397
0.034981,8.181397
0.035391,8.181397
0.035801,8.181397
0.036211,8.181397
0.036621,8.181397
0.037031,8.181397
0.037441,8.181397
0.037851,8.181397
0.038261,8.181397
0.038671,8.181397
0.039081,8.181397
0.039491,8.181397
0.039901,8.181397
0.040311,8.181397
0.040721,8.181397
0.041131,8.181397
0.041541,8.181397
0.041951,8.181397
0.042361,8.181397
0.042771,8.181397
0.043181,8.181397
0.043591,8.181397
0.044001,8.181397
0.044411,8.181397
0.044821,8.181397
0.045232,8.181397
0.045642,8.181397
0.046052,8.181397
0.046462,8.181397
0.046872,8.181397
0.047282,8.181397
0.047692,8.181397
0.048102,8.181397
0.048512,8.181397
0.048922,8.181397
0.049332,8.181397
0.049742,8.181397
0.050152,8.181397
0.050562,8.181397
0.050972,8.181397
0.051382,8.181397
0.051792,8.181397
0.052202,8.181397
0.052612,8.181397
0.053022,8.181397
0.053432,8.181397
0.053842,8.181397
0.054252,8.181397
0.054662,8.181397
0.055072,8.181397
0.055482,8.181397
0.055892,8.181397
0.056302,8.181397
0.056712,8.181397
0.057122,8.181397
0.057532,8.181397
0.057942,8.181397
0.058352,8.181397
0.058762,8.181397
0.059172,8.181397
0.059582,8.181397
0.059992,8.181397
0.060402,8.181397
0.060812,8.181397
0.061222,8.181397
0.061632,8.181397
0.062042,8.181397
0.062452,8.181397
0.062862,8.181397
0.063272,8.181397
0.063682,8.181397
0.064092,8.181397
0.064502,8.181397
0.064912,8.181397
0.065322,8.181397
0.065732,8.181397
0.066142,8.181397
0.066552,8.181397
0.066962,8.181397
0.067372,8.181397
0.067782,8.181397
0.068192,8.181397
0.068602,8.181397
0.069012,8.181397
0.069422,8.181397
0.069832,8.181397
0.070242,8.181397
0.070652,8.181397
0.071062,8.181397
0.071472,8.181397
0.071882,8.181397
0.072292,8.181397
0.072702,8.181397
0.073112,8.181397
0.073522,8.181397
0.073932,8.181397
0.074342,8.181397
0.074752,8.181397
0.075163,8.181397
0.075573,8.181397
0.075983,8.181397
0.076393,8.181397
0.076803,8.181397
0.077213,8.181397
0.077623,8.181397
0.078033,8.181397
0.078443,8.181397
0.078853,8.181397
0.079263,8.181397
0.079673,8.181397
0.080083,8.181397
0.080493,8.181397
0.080903,8.181397
0.081313,8.181397
0.081723,8.181397
0.082133,8.181397
0.082543,8.181397
0.082953,8.181397
0.083363,8.181397
0.083773,8.181397
0.084183,8.181397
0.084593,8.181397
0.085003,8.181397
0.085413,8.181397
0.085823,8.181397
0.086233,8.181397
0.086643,8.181397
0.087053,8.181397
0.087463,8.181397
0.087873,8.181397
0.088283,8.181397
0.088693,8.181397
0.089103,8.181397
0.089513,8.181397
0.089923,8.181397
0.090333,8.181397
0.090743,8.181397
0.091153,8.181397
0.091563,8.181397
0.091973,8.181397
0.092383,8.181397
0.092793,8.181397
0.093203,8.181397
0.093613,8.181397
0.094023,8.181397
0.094433,8.181397
0.094843,8.181397
0.095253,8.181397
0.095663,8.181397
0.096073,8.181397
0.096483,8.181397
0.096893,8.181397
0.097303,8.181397
0.097713,8.181397
0.098123,8.181397
0.098533,8.181397
0.098943,8.181397
0.099353,8.181397
0.099763,8.181397
0.100173,8.181397
0.100583,8.181397
0.100993,8.181397
0.101403,8.181397
0.101813,8.181397
0.102223,8.181397
0.102633,8.181397
0.103043,8.181397
0.103453,8.181397
0.103863,8.181397
0.104273,8.181397
0.104683,8.181397
0.105094,8.181397
0.105504,8.181397
0.105914,8.181397
0.106324,8.181397
0.106734,8.181397
0.107144,8.181397
0.107554,8.181397
0.107964,8.181397
0.108374,8.181397
0.108784,8.181397
0.109194,8.181397
0.109604,8.181397
0.110014,8.181397
0.110424,8.181397
0.110834,8.181397
0.111244,8.181397
0.111654,8.181397
0.112064,8.181397
0.112474,8.181397
0.112884,8.181397
0.113294,8.181397
0.113704,8.181397
0.114114,8.181397
0.114524,8.181397
0.114934,8.181397
0.115344,8.181397
0.115754,8.181397
0.116164,8.181397
0.116574,8.181397
0.116984,8.181397
0.117394,8.181397
0.117804,8.181397
0.118214,8.181397
0.118624,8.181397
0.119034,8.181397
0.119444,8.181397
0.119854,8.181397
0.120264,8.181397
0.120674,8.181397
0.121084,8.181397
0.121494,8.181397
0.121904,8.181397
0.122314,8.181397
0.122724,8.181397
0.123134,8.181397
0.123544,8.181397
0.123954,8.181397
0.124364,8.181397
0.124774,8.181397
0.125184,8.181397
0.125594,8.181397
0.126004,8.181397
0.126414,8.181397
0.126824,8.181397
0.127234,8.181397
0.127644,8.181397
0.128054,8.181397
0.128464,8.181397
0.128874,8.181397
0.129284,8.181397
0.129694,8.181397
0.130104,8.181397
0.130514,8.181397
0.130924,8.181397
0.131334,8.181397
0.131744,8.181397
0.132154,8.181397
0.132564,8.181397
0.132974,8.181397
0.133384,8.181397
0.133794,8.181397
0.134204,8.181397
0.134614,8.181397
0.135025,8.181397
0.135435,8.181397
0.135845,8.181397
0.136255,8.181397
0.136665,8.181397
0.137075,8.181397
0.137485,8.181397
0.137895,8.181397
0.138305,8.181397
0.138715,8.181397
0.139125,8.181397
0.139535,8.181397
0.139945,8.181397
0.140355,8.181397
0.140765,8.181397
0.141175,8.181397
0.141585,8.181397
0.141995,8.181397
0.142405,8.181397
0.142815,8.181397
0.143225,8.181397
0.143635,8.181397
0.144045,8.181397
0.144455,8.181397
0.144865,8.181397
0.145275,8.181397
0.145685,8.181397
0.146095,8.181397
0.146505,8.181397
0.146915,8.181397
0.147325,8.181397
0.147735,8.181397
0.148145,8.181397
0.148555,8.181397
0.148965,8.181397
0.149375,8.181397
0.149785,8.181397
0.150195,8.181397
0.150605,8.181397
0.151015,8.181397
0.151425,8.181397
0.151835,8.181397
0.152245,8.181397
0.152655,8.181397
0.153065,8.181397
0.153475,8.181397
0.153885,8.181397
0.154295,8.181397
0.154705,8.181397
0.155115,8.181397
0.155525,8.181397
0.155935,8.181397
0.156345,8.181397
0.156755,8.181397
0.157165,8.181397
0.157575,8.181397
0.157985,8.181397
0.158395,8.181397
0.158805,8.181397
0.159215,8.181397
0.159625,8.181397
0.160035,8.181397
0.160445,8.181397
0.160855,8.181397
0.161265,8.181397
0.161675,8.181397
0.162085,8.181397
0.162495,8.181397
0.162905,8.181397
0.163315,8.181397
0.163725,8.181397
0.164135,8.181397
0.164545,8.181397
0.164955,8.181397
0.165366,8.181397
0.165776,8.181397
0.166186,8.181397
0.166596,8.181397
0.167006,8.181397
0.167416,8.181397
0.167826,8.181397
0.168236,8.181397
0.168646,8.181397
0.169056,8.181397
0.169466,8.181397
0.169876,8.181397
0.170286,8.181397
0.170696,8.181397
0.171106,8.181397
0.171516,8.181397
0.171926,8.181397
0.172336,8.181397
0.172746,8.181397
0.173156,8.181397
0.173566,8.181397
0.173976,8.181397
0.174386,8.181397
0.174796,8.181397
0.175206,8.181397
0.175616,8.181397
0.176026,8.181397
0.176436,8.181397
0.176846,8.181397
0.177256,8.181397
0.177666,8.181397
0.178076,8.181397
0.178486,8.181397
0.178896,8.181397
0.179306,8.181397
0.179716,8.181397
0.180126,8.181397
0.180536,8.181397
0.180946,8.181397
0.181356,8.181397
0.181766,8.181397
0.182176,8.181397
0.182586,8.181397
0.182996,8.181397
0.183406,8.181397
0.183816,8.181397
0.184226,8.181397
0.184636,8.181397
0.185046,8.181397
0.185456,8.181397
0.185866,8.181397
0.186276,8.181397
0.186686,8.181397
0.187096,8.181397
0.187506,8.181397
0.187916,8.181397
0.188326,8.181397
0.188736,8.181397
0.189146,8.181397
0.189556,8.181397
0.189966,8.181397
0.190376,8.181397
0.190786,8.181397
0.191196,8.181397
0.191606,8.181397
0.192016,8.181397
0.192426,8.181397
0.192836,8.181397
0.193246,8.181397
0.193656,8.181397
0.194066,8.181397
0.194476,8.181397
0.194886,8.181397
0.195297,8.181397
0.195707,8.181397
0.196117,8.181397
0.196527,8.181397
0.196937,8.181397
0.197347,8.181397
0.197757,8.181397
0.198167,8.181397
0.198577,8.181397
0.198987,8.181397
0.199397,8.181397
0.199807,8.181397
0.200217,8.181397
0.200627,8.181397
0.201037,8.181397
0.201447,8.181397
0.201857,8.181397
0.202267,8.181397
0.202677,8.181397
0.203087,8.181397
0.203497,8.181397
0.203907,8.181397
0.204317,8.181397
0.204727,8.181397
0.205137,8.181397
0.205547,8.181397
0.205957,8.181397
0.206367,8.181397
0.206777,8.181397
0.207187,8.181397
0.207597,8.181397
0.208007,8.181397
0.208417,8.181397
0.208827,8.181397
0.209237,8.181397
0.209647,8.181397
0.210057,8.181397
0.210467,8.181397
0.210877,8.181397
0.211287,8.181397
0.211697,8.181397
0.212107,8.181397
0.212517,8.181397
0.212927,8.181397
0.213337,8.181397
0.213747,8.181397
0.214157,8.181397
0.214567,8.181397
0.214977,8.181397
0.215387,8.181397
0.215797,8.181397
0.216207,8.181397
0.216617,8.181397
0.217027,8.181397
0.217437,8.181397
0.217847,8.181397
0.218257,8.181397
0.218667,8.181397
0.219077,8.181397
0.219487,8.181397
0.219897,8.181397
0.220307,8.181397
0.220717,8.181397
0.221127,8.181397
0.221537,8.181397
0.221947,8.181397
0.222357,8.181397
0.222767,8.181397
0.223177,8.181397
0.223587,8.181397
0.223997,8.181397
0.224407,8.181397
0.224817,8.181397
0.225228,8.181397
0.225638,8.181397
0.226048,8.181397
0.226458,8.181397
0.226868,8.181397
0.227278,8.181397
0.227688,8.181397
0.228098,8.181397
0.228508,8.181397
0.228918,8.181397
0.229328,8.181397
0.229738,8.181397
0.230148,8.181397
0.230558,8.181397
0.230968,8.181397
0.231378,8.181397
0.231788,8.181397
0.232198,8.181397
0.232608,8.181397
0.233018,8.181397
0.233428,8.181397
0.233838,8.181397
0.234248,8.181397
0.234658,8.181397
0.235068,8.181397
0.235478,8.181397
0.235888,8.181397
0.236298,8.181397
0.236708,8.181397
0.237118,8.181397
0.237528,8.181397
0.237938,8.181397
0.238348,8.181397
0.238758,8.181397
0.239168,8.181397
0.239578,8.181397
0.239988,8.181397
0.240398,8.181397
0.240808,8.181397
0.241218,8.181397
0.241628,8.181397
0.242038,8.181397
0.242448,8.181397
0.242858,8.181397
0.243268,8.181397
0.243678,8.181397
0.244088,8.181397
0.244498,8.181397
0.244908,8.181397
0.245318,8.181397
0.245728,8.181397
0.246138,8.181397
0.246548,8.181397
0.246958,8.181397
0.247368,8.181397
0.247778,8.181397
0.248188,8.181397
0.248598,8.181397
0.249008,8.181397
0.249418,8.181397
0.249828,8.181397
0.250238,8.181397
0.250648,8.181397
0.251058,8.181397
0.251468,8.181397
0.251878,8.181397
0.252288,8.181397
0.252698,8.181397
0.253108,8.181397
0.253518,8.181397
0.253928,8.181397
0.254338,8.181397
0.254748,8.181397
0.255159,8.181397
0.255569,8.181397
0.255979,8.181397
0.256389,8.181397
0.256799,8.181397
0.257209,8.181397
0.257619,8.181397
0.258029,8.181397
0.258439,8.181397
0.258849,8.181397
0.259259,8.181397
0.259669,8.181397
0.260079,8.181397
0.260489,8.181397
0.260899,8.181397
0.261309,8.181397
0.261719,8.181397
0.262129,8.181397
0.262539,8.181397
0.262949,8.181397
0.263359,8.181397
0.263769,8.181397
0.264179,8.181397
0.264589,8.181397
0.264999,8.181397
0.265409,8.181397
0.265819,8.181397
0.266229,8.181397
0.266639,8.181397
0.267049,8.181397
0.267459,8.181397
0.267869,8.181397
0.268279,8.181397
0.268689,8.181397
0.269099,8.181397
0.269509,8.181397
0.269919,8.181397
0.270329,8.181397
0.270739,8.181397
0.271149,8.181397
0.271559,8.181397
0.271969,8.181397
0.272379,8.181397
0.272789,8.181397
0.273199,8.181397
0.273609,8.181397
0.274019,8.181397
0.274429,8.181397
0.274839,8.181397
0.275249,8.181397
0.275659,8.181397
0.276069,8.181397
0.276479,8.181397
0.276889,8.181397
0.277299,8.181397
0.277709,8.181397
0.278119,8.181397
0.278529,8.181397
0.278939,8.181397
0.279349,8.181397
0.279759,8.181397
0.280169,8.181397
0.280579,8.181397
0.280989,8.181397
0.281399,8.181397
0.281809,8.181397
0.282219,8.181397
0.282629,8.181397
0.283039,8.181397
0.283449,8.181397
0.283859,8.181397
0.284269,8.181397
0.284679,8.181397
0.285090,8.181397
0.285500,8.181397
0.285910,8.181397
0.286320,8.181397
0.286730,8.181397
0.287140,8.181397
0.287550,8.181397
0.287960,8.181397
0.288370,8.181397
0.288780,8.181397
0.289190,8.181397
0.289600,8.181397
0.290010,8.181397
0.290420,8.181397
0.290830,8.181397
0.291240,8.181397
0.291650,8.181397
0.292060,8.181397
0.292470,8.181397
0.292880,8.181397
0.293290,8.181397
0.293700,8.181397
0.294110,8.181397
0.294520,8.181397
0.294930,8.181397
0.295340,8.181397
0.295750,8.181397
0.296160,8.181397
0.296570,8.181397
0.296980,8.181397
0.297390,8.181397
0.297800,8.181397
0.298210,8.181397
0.298620,8.181397
0.299030,8.181397
0.299440,8.181397
0.299850,8.181397
0.300260,8.181397
0.300670,8.181397
0.301080,8.181397
0.301490,8.181397
0.301900,8.181397
0.302310,8.181397
0.302720,8.181397
0.303130,8.181397
0.303540,8.181397
0.303950,8.181397
0.304360,8.181397
0.304770,8.181397
0.305180,8.181397
0.305590,8.181397
0.306000,8.181397
0.306410,8.181397
0.306820,8.181397
0.307230,8.181397
0.307640,8.181397
0.308050,8.181397
0.308460,8.181397
0.308870,8.181397
0.309280,8.181397
0.309690,8.181397
0.310100,8.181397
0.310510,8.181397
0.310920,8.181397
0.311330,8.181397
0.311740,8.181397
0.312150,8.181397
0.312560,8.181397
0.312970,8.181397
0.313380,8.181397
0.313790,8.181397
0.314200,8.181397
0.314610,8.181397
0.315021,8.181397
0.315431,8.181397
0.315841,8.181397
0.316251,8.181397
0.316661,8.181397
0.317071,8.181397
0.317481,8.181397
0.317891,8.181397
0.318301,8.181397
0.318711,8.181397
0.319121,8.181397
0.319531,8.181397
0.319941,8.181397
0.320351,8.181397
0.320761,8.181397
0.321171,8.181397
0.321581,8.181397
0.321991,8.181397
0.322401,8.181397
0.322811,8.181397
0.323221,8.181397
0.323631,8.181397
0.324041,8.181397
0.324451,8.181397
0.324861,8.181397
0.325271,8.181397
0.325681,8.181397
0.326091,8.181397
0.326501,8.181397
0.326911,8.181397
0.327321,8.181397
0.327731,8.181397
0.328141,8.181397
0.328551,8.181397
0.328961,8.181397
0.329371,8.181397
0.329781,8.181397
0.330191,8.181397
0.330601,8.181397
0.331011,8.181397
0.331421,8.181397
0.331831,8.181397
0.332241,8.181397
0.332651,8.181397
0.333061,8.181397
0.333471,8.181397
0.333881,8.181397
0.334291,8.181397
0.334701,8.181397
0.335111,8.181397
0.335521,8.181397
0.335931,8.181397
0.336341,8.181397
0.336751,8.181397
0.337161,8.181397
0.337571,8.181397
0.337981,8.181397
0.338391,8.181397
0.338801,8.181397
0.339211,8.181397
0.339621,8.181397
0.340031,8.181397
0.340441,8.181397
0.340851,8.181397
0.341261,8.181397
0.341671,8.181397
0.342081,8.181397
0.342491,8.181397
0.342901,8.181397
0.343311,8.181397
0.343721,8.181397
0.344131,8.181397
0.344541,8.181397
0.344951,8.181397
0.345362,8.181397
0.345772,8.181397
0.346182,8.181397
0.346592,8.181397
0.347002,8.181397
0.347412,8.181397
0.347822,8.181397
0.348232,8.181397
0.348642,8.181397
0.349052,8.181397
0.349462,8.181397
0.349872,8.181397
0.350282,8.181397
0.350692,8.181397
0.351102,8.181397
0.351512,8.181397
0.351922,8.181397
0.352332,8.181397
0.352742,8.181397
0.353152,8.181397
0.353562,8.181397
0.353972,8.181397
0.354382,8.181397
0.354792,8.181397
0.355202,8.181397
0.355612,8.181397
0.356022,8.181397
0.356432,8.181397
0.356842,8.181397
0.357252,8.181397
0.357662,8.181397
0.358072,8.181397
0.358482,8.181397
0.358892,8.181397
0.359302,8.181397
0.359712,8.181397
0.360122,8.181397
0.360532,8.181397
0.360942,8.181397
0.361352,8.181397
0.361762,8.181397
0.362172,8.181397
0.362582,8.181397
0.362992,8.181397
0.363402,8.181397
0.363812,8.181397
0.364222,8.181397
0.364632,8.181397
0.365042,8.181397
0.365452,8.181397
0.365862,8.181397
0.366272,8.181397
0.366682,8.181397
0.367092,8.181397
0.367502,8.181397
0.367912,8.181397
0.368322,8.181397
0.368732,8.181397
0.369142,8.181397
0.369552,8.181397
0.369962,8.181397
0.370372,8.181397
0.370782,8.181397
0.371192,8.181397
0.371602,8.181397
0.372012,8.181397
0.372422,8.181397
0.372832,8.181397
0.373242,8.181397
0.373652,8.181397
0.374062,8.181397
0.374472,8.181397
0.374882,8.181397
0.375293,8.181397
0.375703,8.181397
0.376113,8.181397
0.376523,8.181397
0.376933,8.181397
0.377343,8.181397
0.377753,8.181397
0.378163,8.181397
0.378573,8.181397
0.378983,8.181397
0.379393,8.181397
0.379803,8.181397
0.380213,8.181397
0.380623,8.181397
0.381033,8.181397
0.381443,8.181397
0.381853,8.181397
0.382263,8.181397
0.382673,8.181397
0.383083,8.181397
0.383493,8.181397
0.383903,8.181397
0.384313,8.181397
0.384723,8.181397
0.385133,8.181397
0.385543,8.181397
0.385953,8.181397
0.386363,8.181397
0.386773,8.181397
0.387183,8.181397
0.387593,8.181397
0.388003,8.181397
0.388413,8.181397
0.388823,8.181397
0.389233,8.181397
0.389643,8.181397
0.390053,8.181397
0.390463,8.181397
0.390873,8.181397
0.391283,8.181397
0.391693,8.181397
0.392103,8.181397
0.392513,8.181397
0.392923,8.181397
0.393333,8.181397
0.393743,8.181397
0.394153,8.181397
0.394563,8.181397
0.394973,8.181397
0.395383,8.181397
0.395793,8.181397
0.396203,8.181397
0.396613,8.181397
0.397023,8.181397
0.397433,8.181397
0.397843,8.181397
0.398253,8.181397
0.398663,8.181397
0.399073,8.181397
0.399483,8.181397
0.399893,8.181397
0.400303,8.181397
0.400713,8.181397
0.401123,8.181397
0.401533,8.181397
0.401943,8.181397
0.402353,8.181397
0.402763,8.181397
0.403173,8.181397
0.403583,8.181397
0.403993,8.181397
0.404403,8.181397
0.404813,8.181397
0.405224,8.181397
0.405634,8.181397
0.406044,8.181397
0.406454,8.181397
0.406864,8.181397
0.407274,8.181397
0.407684,8.181397
0.408094,8.181397
0.408504,8.181397
0.408914,8.181397
0.409324,8.181397
0.409734,8.181397
0.410144,8.181397
0.410554,8.181397
0.410964,8.181397
0.411374,8.181397
0.411784,8.181397
0.412194,8.181397
0.412604,8.181397
0.413014,8.181397
0.413424,8.181397
0.413834,8.181397
0.414244,8.181397
0.414654,8.181397
0.415064,8.181397
0.415474,8.181397
0.415884,8.181397
0.416294,8.181397
0.416704,8.181397
0.417114,8.181397
0.417524,8.181397
0.417934,8.181397
0.418344,8.181397
0.418754,8.181397
0.419164,8.181397
0.419574,8.181397
0.419984,8.181397
0.420394,8.181397
0.420804,8.181397
0.421214,8.181397
0.421624,8.181397
0.422034,8.181397
0.422444,8.181397
0.422854,8.181397
0.423264,8.181397
0.423674,8.181397
0.424084,8.181397
0.424494,8.181397
0.424904,8.181397
0.425314,8.181397
0.425724,8.181397
0.426134,8.181397
0.426544,8.181397
0.426954,8.181397
0.427364,8.181397
0.427774,8.181397
0.428184,8.181397
0.428594,8.181397
0.429004,8.181397
0.429414,8.181397
0.429824,8.181397
0.430234,8.181397
0.430644,8.181397
0.431054,8.181397
0.431464,8.181397
0.431874,8.181397
0.432284,8.181397
0.432694,8.181397
0.433104,8.181397
0.433514,8.181397
0.433924,8.181397
0.434334,8.181397
0.434744,8.181397
0.435155,8.181397
0.435565,8.181397
0.435975,8.181397
0.436385,8.181397
0.436795,8.181397
0.437205,8.181397
0.437615,8.181397
0.438025,8.181397
0.438435,8.181397
0.438845,8.181397
0.439255,8.181397
0.439665,8.181397
0.440075,8.181397
0.440485,8.181397
0.440895,8.181397
0.441305,8.181397
0.441715,8.181397
0.442125,8.181397
0.442535,8.181397
0.442945,8.181397
0.443355,8.181397
0.443765,8.181397
0.444175,8.181397
0.444585,8.181397
0.444995,8.181397
0.445405,8.181397
0.445815,8.181397
0.446225,8.181397
0.446635,8.181397
0.447045,8.181397
0.447455,8.181397
0.447865,8.181397
0.448275,8.181397
0.448685,8.181397
0.449095,8.181397
0.449505,8.181397
0.449915,8.181397
0.450325,8.181397
0.450735,8.181397
0.451145,8.181397
0.451555,8.181397
0.451965,8.181397
0.452375,8.181397
0.452785,8.181397
0.453195,8.181397
0.453605,8.181397
0.454015,8.181397
0.454425,8.181397
0.454835,8.181397
0.455245,8.181397
0.455655,8.181397
0.456065,8.181397
0.456475,8.181397
0.456885,8.181397
0.457295,8.181397
0.457705,8.181397
0.458115,8.181397
0.458525,8.181397
0.458935,8.181397
0.459345,8.181397
0.459755,8.181397
0.460165,8.181397
0.460575,8.181397
0.460985,8.181397
0.461395,8.181397
0.461805,8.181397
0.462215,8.181397
0.462625,8.181397
0.463035,8.181397
0.463445,8.181397
0.463855,8.181397
0.464265,8.181397
0.464675,8.181397
0.465086,8.181397
0.465496,8.181397
0.465906,8.181397
0.466316,8.181397
0.466726,8.181397
0.467136,8.181397
0.467546,8.181397
0.467956,8.181397
0.468366,8.181397
0.468776,8.181397
0.469186,8.181397
0.469596,8.181397
0.470006,8.181397
0.470416,8.181397
0.470826,8.181397
0.471236,8.181397
0.471646,8.181397
0.472056,8.181397
0.472466,8.181397
0.472876,8.181397
0.473286,8.181397
0.473696,8.181397
0.474106,8.181397
0.474516,8.181397
0.474926,8.181397
0.475336,8.181397
0.475746,8.181397
0.476156,8.181397
0.476566,8.181397
0.476976,8.181397
0.477386,8.181397
0.477796,8.181397
0.478206,8.181397
0.478616,8.181397
0.479026,8.181397
0.479436,8.181397
0.479846,8.181397
0.480256,8.181397
0.480666,8.181397
0.481076,8.181397
0.481486,8.181397
0.481896,8.181397
0.482306,8.181397
0.482716,8.181397
0.483126,8.181397
0.483536,8.181397
0.483946,8.181397
0.484356,8.181397
0.484766,8.181397
0.485176,8.181397
0.485586,8.181397
0.485996,8.181397
0.486406,8.181397
0.486816,8.181397
0.487226,8.181397
0.487636,8.181397
0.488046,8.181397
0.488456,8.181397
0.488866,8.181397
0.489276,8.181397
0.489686,8.181397
0.490096,8.181397
0.490506,8.181397
0.490916,8.181397
0.491326,8.181397
0.491736,8.181397
0.492146,8.181397
0.492556,8.181397
0.492966,8.181397
0.493376,8.181397
0.493786,8.181397
0.494196,8.181397
0.494606,8.181397
0.495017,8.181397
0.495427,8.181397
0.495837,8.181397
0.496247,8.181397
0.496657,8.181397
0.497067,8.181397
0.497477,8.181397
0.497887,8.181397
0.498297,8.181397
0.498707,8.181397
0.499117,8.181397
0.499527,8.181397
0.499937,8.181397
0.500347,8.181397
0.500757,8.181397
0.501167,8.181397
0.501577,8.181397
0.501987,8.181397
0.502397,8.181397
0.502807,8.181397
0.503217,8.181397
0.503627,8.181397
0.504037,8.181397
0.504447,8.181397
0.504857,8.181397
0.505267,8.181397
0.505677,8.181397
0.506087,8.181397
0.506497,8.181397
0.506907,8.181397
0.507317,8.181397
0.507727,8.181397
0.508137,8.181397
0.508547,8.181397
0.508957,8.181397
0.509367,8.181397
0.509777,8.181397
0.510187,8.181397
0.510597,8.181397
0.511007,8.181397
0.511417,8.181397
0.511827,8.181397
0.512237,8.181397
0.512647,8.181397
0.513057,8.181397
0.513467,8.181397
0.513877,8.181397
0.514287,8.181397
0.514697,8.181397
0.515107,8.181397
0.515517,8.181397
0.515927,8.181397
0.516337,8.181397
0.516747,8.181397
0.517157,8.181397
0.517567,8.181397
0.517977,8.181397
0.518387,8.181397
0.518797,8.181397
0.519207,8.181397
0.519617,8.181397
0.520027,8.181397
0.520437,8.181397
0.520847,8.181397
0.521257,8.181397
0.521667,8.181397
0.522077,8.181397
0.522487,8.181397
0.522897,8.181397
0.523307,8.181397
0.523717,8.181397
0.524127,8.181397
0.524537,8.181397
0.524947,8.181397
0.525358,8.181397
0.525768,8.181397
0.526178,8.181397
0.526588,8.181397
0.526998,8.181397
0.527408,8.181397
0.527818,8.181397
0.528228,8.181397
0.528638,8.181397
0.529048,8.181397
0.529458,8.181397
0.529868,8.181397
0.530278,8.181397
0.530688,8.181397
0.531098,8.181397
0.531508,8.181397
0.531918,8.181397
0.532328,8.181397
0.532738,8.181397
0.533148,8.181397
0.533558,8.181397
0.533968,8.181397
0.534378,8.181397
0.534788,8.181397
0.535198,8.181397
0.535608,8.181397
0.536018,8.181397
0.536428,8.181397
0.536838,8.181397
0.537248,8.181397
0.537658,8.181397
0.538068,8.181397
0.538478,8.181397
0.538888,8.181397
0.539298,8.181397
0.539708,8.181397
0.540118,8.181397
0.540528,8.181397
0.540938,8.181397
0.541348,8.181397
0.541758,8.181397
0.542168,8.181397
0.542578,8.181397
0.542988,8.181397
0.543398,8.181397
0.543808,8.181397
0.544218,8.181397
0.544628,8.181397
0.545038,8.181397
0.545448,8.181397
0.545858,8.181397
0.546268,8.181397
0.546678,8.181397
0.547088,8.181397
0.547498,8.181397
0.547908,8.181397
0.548318,8.181397
0.548728,8.181397
0.549138,8.181397
0.549548,8.181397
0.549958,8.181397
0.550368,8.181397
0.550778,8.181397
0.551188,8.181397
0.551598,8.181397
0.552008,8.181397
0.552418,8.181397
0.552828,8.181397
0.553238,8.181397
0.553648,8.181397
0.554058,8.181397
0.554468,8.181397
0.554878,8.181397
0.555289,8.181397
0.555699,8.181397
0.556109,8.181397
0.556519,8.181397
0.556929,8.181397
0.557339,8.181397
0.557749,8.181397
0.558159,8.181397
0.558569,8.181397
0.558979,8.181397
0.559389,8.181397
0.559799,8.181397
0.560209,8.181397
0.560619,8.181397
0.561029,8.181397
0.561439,8.181397
0.561849,8.181397
0.562259,8.181397
0.562669,8.181397
0.563079,8.181397
0.563489,8.181397
0.563899,8.181397
0.564309,8.181397
0.564719,8.181397
0.565129,8.181397
0.565539,8.181397
0.565949,8.181397
0.566359,8.181397
0.566769,8.181397
0.567179,8.181397
0.567589,8.181397
0.567999,8.181397
0.568409,8.181397
0.568819,8.181397
0.569229,8.181397
0.569639,8.181397
0.570049,8.181397
0.570459,8.181397
0.570869,8.181397
0.571279,8.181397
0.571689,8.181397
0.572099,8.181397
0.572509,8.181397
0.572919,8.181397
0.573329,8.181397
0.573739,8.181397
0.574149,8.181397
0.574559,8.181397
0.574969,8.181397
0.575379,8.181397
0.575789,8.181397
0.576199,8.181397
0.576609,8.181397
0.577019,8.181397
0.577429,8.181397
0.577839,8.181397
0.578249,8.181397
0.578659,8.181397
0.579069,8.181397
0.579479,8.181397
0.579889,8.181397
0.580299,8.181397
0.580709,8.181397
0.581119,8.181397
0.581529,8.181397
0.581939,8.181397
0.582349,8.181397
0.582759,8.181397
0.583169,8.181397
0.583579,8.181397
0.583989,8.181397
0.584399,8.181397
0.584809,8.181397
0.585220,8.181397
0.585630,8.181397
0.586040,8.181397
0.586450,8.181397
0.586860,8.181397
0.587270,8.181397
0.587680,8.181397
0.588090,8.181397
0.588500,8.181397
0.588910,8.181397
0.589320,8.181397
0.589730,8.181397
0.590140,8.181397
0.590550,8.181397
0.590960,8.181397
0.591370,8.181397
0.591780,8.181397
0.592190,8.181397
0.592600,8.181397
0.593010,8.181397
0.593420,8.181397
0.593830,8.181397
0.594240,8.181397
0.594650,8.181397
0.595060,8.181397
0.595470,8.181397
0.595880,8.181397
0.596290,8.181397
0.596700,8.181397
0.597110,8.181397
0.597520,8.181397
0.597930,8.181397
0.598340,8.181397
0.598750,8.181397
0.599160,8.181397
0.599570,8.181397
0.599980,8.181397
0.600390,8.181397
0.600800,8.181397
0.601210,8.181397
0.601620,8.181397
0.602030,8.181397
0.602440,8.181397
0.602850,8.181397
0.603260,8.181397
0.603670,8.181397
0.604080,8.181397
0.604490,8.181397
0.604900,8.181397
0.605310,8.181397
0.605720,8.181397
0.606130,8.181397
0.606540,8.181397
0.606950,8.181397
0.607360,8.181397
0.607770,8.181397
0.608180,8.181397
0.608590,8.181397
0.609000,8.181397
0.609410,8.181397
0.609820,8.181397
0.610230,8.181397
0.610640,8.181397
0.611050,8.181397
0.611460,8.181397
0.611870,8.181397
0.612280,8.181397
0.612690,8.181397
0.613100,8.181397
0.613510,8.181397
0.613920,8.181397
0.614330,8.181397
0.614740,8.181397
0.615151,8.181397
0.615561,8.181397
0.615971,8.181397
0.616381,8.181397
0.616791,8.181397
0.617201,8.181397
0.617611,8.181397
0.618021,8.181397
0.618431,8.181397
0.618841,8.181397
0.619251,8.181397
0.619661,8.181397
0.620071,8.181397
0.620481,8.181397
0.620891,8.181397
0.621301,8.181397
0.621711,8.181397
0.622121,8.181397
0.622531,8.181397
0.622941,8.181397
0.623351,8.181397
0.623761,8.181397
0.624171,8.181397
0.624581,8.181397
0.624991,8.181397
0.625401,8.181397
0.625811,8.181397
0.626221,8.181397
0.626631,8.181397
0.627041,8.181397
0.627451,8.181397
0.627861,8.181397
0.628271,8.181397
0.628681,8.181397
0.629091,8.181397
0.629501,8.181397
0.629911,8.181397
0.630321,8.181397
0.630731,8.181397
0.631141,8.181397
0.631551,8.181397
0.631961,8.181397
0.632371,8.181397
0.632781,8.181397
0.633191,8.181397
0.633601,8.181397
0.634011,8.181397
0.634421,8.181397
0.634831,8.181397
0.635241,8.181397
0.635651,8.181397
0.636061,8.181397
0.636471,8.181397
0.636881,8.181397
0.637291,8.181397
0.637701,8.181397
0.638111,8.181397
0.638521,8.181397
0.638931,8.181397
0.639341,8.181397
0.639751,8.181397
0.640161,8.181397
0.640571,8.181397
0.640981,8.181397
0.641391,8.181397
0.641801,8.181397
0.642211,8.181397
0.642621,8.181397
0.643031,8.181397
0.643441,8.181397
0.643851,8.181397
0.644261,8.181397
0.644671,8.181397
0.645082,8.181397
0.645492,8.181397
0.645902,8.181397
0.646312,8.181397
0.646722,8.181397
0.647132,8.181397
0.647542,8.181397
0.647952,8.181397
0.648362,8.181397
0.648772,8.181397
0.649182,8.181397
0.649592,8.181397
0.650002,8.181397
0.650412,8.181397
0.650822,8.181397
0.651232,8.181397
0.651642,8.181397
0.652052,8.181397
0.652462,8.181397
0.652872,8.181397
0.653282,8.181397
0.653692,8.181397
0.654102,8.181397
0.654512,8.181397
0.654922,8.181397
0.655332,8.181397
0.655742,8.181397
0.656152,8.181397
0.656562,8.181397
0.656972,8.181397
0.657382,8.181397
0.657792,8.181397
0.658202,8.181397
0.658612,8.181397
0.659022,8.181397
0.659432,8.181397
0.659842,8.181397
0.660252,8.181397
0.660662,8.181397
0.661072,8.181397
0.661482,8.181397
0.661892,8.181397
0.662302,8.181397
0.662712,8.181397
0.663122,8.181397
0.663532,8.181397
0.663942,8.181397
0.664352,8.181397
0.664762,8.181397
0.665172,8.181397
0.665582,8.181397
0.665992,8.181397
0.666402,8.181397
0.666812,8.181397
0.667222,8.181397
0.667632,8.181397
0.668042,8.181397
0.668452,8.181397
0.668862,8.181397
0.669272,8.181397
0.669682,8.181397
0.670092,8.181397
0.670502,8.181397
0.670912,8.181397
0.671322,8.181397
0.671732,8.181397
0.672142,8.181397
0.672552,8.181397
0.672962,8.181397
0.673372,8.181397
0.673782,8.181397
0.674192,8.181397
0.674602,8.181397
0.675013,8.181397
0.675423,8.181397
0.675833,8.181397
0.676243,8.181397
0.676653,8.181397
0.677063,8.181397
0.677473,8.181397
0.677883,8.181397
0.678293,8.181397
0.678703,8.181397
0.679113,8.181397
0.679523,8.181397
0.679933,8.181397
0.680343,8.181397
0.680753,8.181397
0.681163,8.181397
0.681573,8.181397
0.681983,8.181397
0.682393,8.181397
0.682803,8.181397
0.683213,8.181397
0.683623,8.181397
0.684033,8.181397
0.684443,8.181397
0.684853,8.181397
0.685263,8.181397
0.685673,8.181397
0.686083,8.181397
0.686493,8.181397
0.686903,8.181397
0.687313,8.181397
0.687723,8.181397
0.688133,8.181397
0.688543,8.181397
0.688953,8.181397
0.689363,8.181397
0.689773,8.181397
0.690183,8.181397
0.690593,8.181397
0.691003,8.181397
0.691413,8.181397
0.691823,8.181397
0.692233,8.181397
0.692643,8.181397
0.693053,8.181397
0.693463,8.181397
0.693873,8.181397
0.694283,8.181397
0.694693,8.181397
0.695103,8.181397
0.695513,8.181397
0.695923,8.181397
0.696333,8.181397
0.696743,8.181397
0.697153,8.181397
0.697563,8.181397
0.697973,8.181397
0.698383,8.181397
0.698793,8.181397
0.699203,8.181397
0.699613,8.181397
0.700023,8.181397
0.700433,8.181397
0.700843,8.181397
0.701253,8.181397
0.701663,8.181397
0.702073,8.181397
0.702483,8.181397
0.702893,8.181397
0.703303,8.181397
0.703713,8.181397
0.704123,8.181397
0.704533,8.181397
0.704943,8.181397
0.705354,8.181397
0.705764,8.181397
0.706174,8.181397
0.706584,8.181397
0.706994,8.181397
0.707404,8.181397
0.707814,8.181397
0.708224,8.181397
0.708634,8.181397
0.709044,8.181397
0.709454,8.181397
0.709864,8.181397
0.710274,8.181397
0.710684,8.181397
0.711094,8.181397
0.711504,8.181397
0.711914,8.181397
0.712324,8.181397
0.712734,8.181397
0.713144,8.181397
0.713554,8.181397
0.713964,8.181397
0.714374,8.181397
0.714784,8.181397
0.715194,8.181397
0.715604,8.181397
0.716014,8.181397
0.716424,8.181397
0.716834,8.181397
0.717244,8.181397
0.717654,8.181397
0.718064,8.181397
0.718474,8.181397
0.718884,8.181397
0.719294,8.181397
0.719704,8.181397
0.720114,8.181397
0.720524,8.181397
0.720934,8.181397
0.721344,8.181397
0.721754,8.181397
0.722164,8.181397
0.722574,8.181397
0.722984,8.181397
0.723394,8.181397
0.723804,8.181397
0.724214,8.181397
0.724624,8.181397
0.725034,8.181397
0.725444,8.181397
0.725854,8.181397
0.726264,8.181397
0.726674,8.181397
0.727084,8.181397
0.727494,8.181397
0.727904,8.181397
0.728314,8.181397
0.728724,8.181397
0.729134,8.181397
0.729544,8.181397
0.729954,8.181397
0.730364,8.181397
0.730774,8.181397
0.731184,8.181397
0.731594,8.181397
0.732004,8.181397
0.732414,8.181397
0.732824,8.181397
0.733234,8.181397
0.733644,8.181397
0.734054,8.181397
0.734464,8.181397
0.734874,8.181397
0.735285,8.181397
0.735695,8.181397
0.736105,8.181397
0.736515,8.181397
0.736925,8.181397
0.737335,8.181397
0.737745,8.181397
0.738155,8.181397
0.738565,8.181397
0.738975,8.181397
0.739385,8.181397
0.739795,8.181397
0.740205,8.181397
0.740615,8.181397
0.741025,8.181397
0.741435,8.181397
0.741845,8.181397
0.742255,8.181397
0.742665,8.181397
0.743075,8.181397
0.743485,8.181397
0.743895,8.181397
0.744305,8.181397
0.744715,8.181397
0.745125,8.181397
0.745535,8.181397
0.745945,8.181397
0.746355,8.181397
0.746765,8.181397
0.747175,8.181397
0.747585,8.181397
0.747995,8.181397
0.748405,8.181397
0.748815,8.181397
0.749225,8.181397
0.749635,8.181397
0.750045,8.181397
0.750455,8.181397
0.750865,8.181397
0.751275,8.181397
0.751685,8.181397
0.752095,8.181397
0.752505,8.181397
0.752915,8.181397
0.753325,8.181397
0.753735,8.181397
0.754145,8.181397
0.754555,8.181397
0.754965,8.181397
0.755375,8.181397
0.755785,8.181397
0.756195,8.181397
0.756605,8.181397
0.757015,8.181397
0.757425,8.181397
0.757835,8.181397
0.758245,8.181397
0.758655,8.181397
0.759065,8.181397
0.759475,8.181397
0.759885,8.181397
0.760295,8.181397
0.760705,8.181397
0.761115,8.181397
0.761525,8.181397
0.761935,8.181397
0.762345,8.181397
0.762755,8.181397
0.763165,8.181397
0.763575,8.181397
0.763985,8.181397
0.764395,8.181397
0.764805,8.181397
0.765216,8.181397
0.765626,8.181397
0.766036,8.181397
0.766446,8.181397
0.766856,8.181397
0.767266,8.181397
0.767676,8.181397
0.768086,8.181397
0.768496,8.181397
0.768906,8.181397
0.769316,8.181397
0.769726,8.181397
0.770136,8.181397
0.770546,8.181397
0.770956,8.181397
0.771366,8.181397
0.771776,8.181397
0.772186,8.181397
0.772596,8.181397
0.773006,8.181397
0.773416,8.181397
0.773826,8.181397
0.774236,8.181397
0.774646,8.181397
0.775056,8.181397
0.775466,8.181397
0.775876,8.181397
0.776286,8.181397
0.776696,8.181397
0.777106,8.181397
0.777516,8.181397
0.777926,8.181397
0.778336,8.181397
0.778746,8.181397
0.779156,8.181397
0.779566,8.181397
0.779976,8.181397
0.780386,8.181397
0.780796,8.181397
0.781206,8.181397
0.781616,8.181397
0.782026,8.181397
0.782436,8.181397
0.782846,8.181397
0.783256,8.181397
0.783666,8.181397
0.784076,8.181397
0.784486,8.181397
0.784896,8.181397
0.785306,8.181397
0.785716,8.181397
0.786126,8.181397
0.786536,8.181397
0.786946,8.181397
0.787356,8.181397
0.787766,8.181397
0.788176,8.181397
0.788586,8.181397
0.788996,8.181397
0.789406,8.181397
0.789816,8.181397
0.790226,8.181397
0.790636,8.181397
0.791046,8.181397
0.791456,8.181397
0.791866,8.181397
0.792276,8.181397
0.792686,8.181397
0.793096,8.181397
0.793506,8.181397
0.793916,8.181397
0.794326,8.181397
0.794736,8.181397
0.795147,8.181397
0.795557,8.181397
0.795967,8.181397
0.796377,8.181397
0.796787,8.181397
0.797197,8.181397
0.797607,8.181397
0.798017,8.181397
0.798427,8.181397
0.798837,8.181397
0.799247,8.181397
0.799657,8.181397
0.800067,8.181397
0.800477,8.181397
0.800887,8.181397
0.801297,8.181397
0.801707,8.181397
0.802117,8.181397
0.802527,8.181397
0.802937,8.181397
0.803347,8.181397
0.803757,8.181397
0.804167,8.181397
0.804577,8.181397
0.804987,8.181397
0.805397,8.181397
0.805807,8.181397
0.806217,8.181397
0.806627,8.181397
0.807037,8.181397
0.807447,8.181397
0.807857,8.181397
0.808267,8.181397
0.808677,8.181397
0.809087,8.181397
0.809497,8.181397
0.809907,8.181397
0.810317,8.181397
0.810727,8.181397
0.811137,8.181397
0.811547,8.181397
0.811957,8.181397
0.812367,8.181397
0.812777,8.181397
0.813187,8.181397
0.813597,8.181397
0.814007,8.181397
0.814417,8.181397
0.814827,8.181397
0.815237,8.181397
0.815647,8.181397
0.816057,8.181397
0.816467,8.181397
0.816877,8.181397
0.817287,8.181397
0.817697,8.181397
0.818107,8.181397
0.818517,8.181397
0.818927,8.181397
0.819337,8.181397
0.819747,8.181397
0.820157,8.181397
0.820567,8.181397
0.820977,8.181397
0.821387,8.181397
0.821797,8.181397
0.822207,8.181397
0.822617,8.181397
0.823027,8.181397
0.823437,8.181397
0.823847,8.181397
0.824257,8.181397
0.824667,8.181397
0.825078,8.181397
0.825488,8.181397
0.825898,8.181397
0.826308,8.181397
0.826718,8.181397
0.827128,8.181397
0.827538,8.181397
0.827948,8.181397
0.828358,8.181397
0.828768,8.181397
0.829178,8.181397
0.829588,8.181397
0.829998,8.181397
0.830408,8.181397
0.830818,8.181397
0.831228,8.181397
0.831638,8.181397
0.832048,8.181397
0.832458,8.181397
0.832868,8.181397
0.833278,8.181397
0.833688,8.181397
0.834098,8.181397
0.834508,8.181397
0.834918,8.181397
0.835328,8.181397
0.835738,8.181397
0.836148,8.181397
0.836558,8.181397
0.836968,8.181397
0.837378,8.181397
0.837788,8.181397
0.838198,8.181397
0.838608,8.181397
0.839018,8.181397
0.839428,8.181397
0.839838,8.181397
0.840248,8.181397
0.840658,8.181397
0.841068,8.181397
0.841478,8.181397
0.841888,8.181397
0.842298,8.181397
0.842708,8.181397
0.843118,8.181397
0.843528,8.181397
0.843938,8.181397
0.844348,8.181397
0.844758,8.181397
0.845168,8.181397
0.845578,8.181397
0.845988,8.181397
0.846398,8.181397
0.846808,8.181397
0.847218,8.181397
0.847628,8.181397
0.848038,8.181397
0.848448,8.181397
0.848858,8.181397
0.849268,8.181397
0.849678,8.181397
0.850088,8.181397
0.850498,8.181397
0.850908,8.181397
0.851318,8.181397
0.851728,8.181397
0.852138,8.181397
0.852548,8.181397
0.852958,8.181397
0.853368,8.181397
0.853778,8.181397
0.854188,8.181397
0.854598,8.181397
0.855009,8.181397
0.855419,8.181397
0.855829,8.181397
0.856239,8.181397
0.856649,8.181397
0.857059,8.181397
0.857469,8.181397
0.857879,8.181397
0.858289,8.181397
0.858699,8.181397
0.859109,8.181397
0.859519,8.181397
0.859929,8.181397
0.860339,8.181397
0.860749,8.181397
0.861159,8.181397
0.861569,8.181397
0.861979,8.181397
0.862389,8.181397
0.862799,8.181397
0.863209,8.181397
0.863619,8.181397
0.864029,8.181397
0.864439,8.181397
0.864849,8.181397
0.865259,8.181397
0.865669,8.181397
0.866079,8.181397
0.866489,8.181397
0.866899,8.181397
0.867309,8.181397
0.867719,8.181397
0.868129,8.181397
0.868539,8.181397
0.868949,8.181397
0.869359,8.181397
0.869769,8.181397
0.870179,8.181397
0.870589,8.181397
0.870999,8.181397
0.871409,8.181397
0.871819,8.181397
0.872229,8.181397
0.872639,8.181397
0.873049,8.181397
0.873459,8.181397
0.873869,8.181397
0.874279,8.181397
0.874689,8.181397
0.875099,8.181397
0.875509,8.181397
0.875919,8.181397
0.876329,8.181397
0.876739,8.181397
0.877149,8.181397
0.877559,8.181397
0.877969,8.181397
0.878379,8.181397
0.878789,8.181397
0.879199,8.181397
0.879609,8.181397
0.880019,8.181397
0.880429,8.181397
0.880839,8.181397
0.881249,8.181397
0.881659,8.181397
0.882069,8.181397
0.882479,8.181397
0.882889,8.181397
0.883299,8.181397
0.883709,8.181397
0.884119,8.181397
0.884529,8.181397
0.884939,8.181397
0.885350,8.181397
0.885760,8.181397
0.886170,8.181397
0.886580,8.181397
0.886990,8.181397
0.887400,8.181397
0.887810,8.181397
0.888220,8.181397
0.888630,8.181397
0.889040,8.181397
0.889450,8.181397
0.889860,8.181397
0.890270,8.181397
0.890680,8.181397
0.891090,8.181397
0.891500,8.181397
0.891910,8.181397
0.892320,8.181397
0.892730,8.181397
0.893140,8.181397
0.893550,8.181397
0.893960,8.181397
0.894370,8.181397
0.894780,8.181397
0.895190,8.181397
0.895600,8.181397
0.896010,8.181397
0.896420,8.181397
0.896830,8.181397
0.897240,8.181397
0.897650,8.181397
0.898060,8.181397
0.898470,8.181397
0.898880,8.181397
0.899290,8.181397
0.899700,8.181397
0.900110,8.181397
0.900520,8.181397
0.900930,8.181397
0.901340,8.181397
0.901750,8.181397
0.902160,8.181397
0.902570,8.181397
0.902980,8.181397
0.903390,8.181397
0.903800,8.181397
0.904210,8.181397
0.904620,8.181397
0.905030,8.181397
0.905440,8.181397
0.905850,8.181397
0.906260,8.181397
0.906670,8.181397
0.907080,8.181397
0.907490,8.181397
0.907900,8.181397
0.908310,8.181397
0.908720,8.181397
0.909130,8.181397
0.909540,8.181397
0.909950,8.181397
0.910360,8.181397
0.910770,8.181397
0.911180,8.181397
0.911590,8.181397
0.912000,8.181397
0.912410,8.181397
0.912820,8.181397
0.913230,8.181397
0.913640,8.181397
0.914050,8.181397
0.914460,8.181397
0.914870,8.181397
0.915281,8.181397
0.915691,8.181397
0.916101,8.181397
0.916511,8.181397
0.916921,8.181397
0.917331,8.181397
0.917741,8.181397
0.918151,8.181397
0.918561,8.181397
0.918971,8.181397
0.919381,8.181397
0.919791,8.181397
0.920201,8.181397
0.920611,8.181397
0.921021,8.181397
0.921431,8.181397
0.921841,8.181397
0.922251,8.181397
0.922661,8.181397
0.923071,8.181397
0.923481,8.181397
0.923891,8.181397
0.924301,8.181397
0.924711,8.181397
0.925121,8.181397
0.925531,8.181397
0.925941,8.181397
0.926351,8.181397
0.926761,8.181397
0.927171,8.181397
0.927581,8.181397
0.927991,8.181397
0.928401,8.181397
0.928811,8.181397
0.929221,8.181397
0.929631,8.181397
0.930041,8.181397
0.930451,8.181397
0.930861,8.181397
0.931271,8.181397
0.931681,8.181397
0.932091,8.181397
0.932501,8.181397
0.932911,8.181397
0.933321,8.181397
0.933731,8.181397
0.934141,8.181397
0.934551,8.181397
0.934961,8.181397
0.935371,8.181397
0.935781,8.181397
0.936191,8.181397
0.936601,8.181397
0.937011,8.181397
0.937421,8.181397
0.937831,8.181397
0.938241,8.181397
0.938651,8.181397
0.939061,8.181397
0.939471,8.181397
0.939881,8.181397
0.940291,8.181397
0.940701,8.181397
0.941111,8.181397
0.941521,8.181397
0.941931,8.181397
0.942341,8.181397
0.942751,8.181397
0.943161,8.181397
0.943571,8.181397
0.943981,8.181397
0.944391,8.181397
0.944801,8.181397
0.945212,8.181397
0.945622,8.181397
0.946032,8.181397
0.946442,8.181397
0.946852,8.181397
0.947262,8.181397
0.947672,8.181397
0.948082,8.181397
0.948492,8.181397
0.948902,8.181397
0.949312,8.181397
0.949722,8.181397
0.950132,8.181397
0.950542,8.181397
0.950952,8.181397
0.951362,8.181397
0.951772,8.181397
0.952182,8.181397
0.952592,8.181397
0.953002,8.181397
0.953412,8.181397
0.953822,8.181397
0.954232,8.181397
0.954642,8.181397
0.955052,8.181397
0.955462,8.181397
0.955872,8.181397
0.956282,8.181397
0.956692,8.181397
0.957102,8.181397
0.957512,8.181397
0.957922,8.181397
0.958332,8.181397
0.958742,8.181397
0.959152,8.181397
0.959562,8.181397
0.959972,8.181397
0.960382,8.181397
0.960792,8.181397
0.961202,8.181397
0.961612,8.181397
0.962022,8.181397
0.962432,8.181397
0.962842,8.181397
0.963252,8.181397
0.963662,8.181397
0.964072,8.181397
0.964482,8.181397
0.964892,8.181397
0.965302,8.181397
0.965712,8.181397
0.966122,8.181397
0.966532,8.181397
0.966942,8.181397
0.967352,8.181397
0.967762,8.181397
0.968172,8.181397
0.968582,8.181397
0.968992,8.181397
0.969402,8.181397
0.969812,8.181397
0.970222,8.181397
0.970632,8.181397
0.971042,8.181397
0.971452,8.181397
0.971862,8.181397
0.972272,8.181397
0.972682,8.181397
0.973092,8.181397
0.973502,8.181397
0.973912,8.181397
0.974322,8.181397
0.974732,8.181397
0.975143,8.181397
0.975553,8.181397
0.975963,8.181397
0.976373,8.181397
0.976783,8.181397
0.977193,8.181397
0.977603,8.181397
0.978013,8.181397
0.978423,8.181397
0.978833,8.181397
0.979243,8.181397
0.979653,8.181397
0.980063,8.181397
0.980473,8.181397
0.980883,8.181397
0.981293,8.181397
0.981703,8.181397
0.982113,8.181397
0.982523,8.181397
0.982933,8.181397
0.983343,8.181397
0.983753,8.181397
0.984163,8.181397
0.984573,8.181397
0.984983,8.181397
0.985393,8.181397
0.985803,8.181397
0.986213,8.181397
0.986623,8.181397
0.987033,8.181397
0.987443,8.181397
0.987853,8.181397
0.988263,8.181397
0.988673,8.181397
0.989083,8.181397
0.989493,8.181397
0.989903,8.181397
0.990313,8.181397
0.990723,8.181397
0.991133,8.181397
0.991543,8.181397
0.991953,8.181397
0.992363,8.181397
0.992773,8.181397
0.993183,8.181397
0.993593,8.181397
0.994003,8.181397
0.994413,8.181397
0.994823,8.181397
0.995233,8.181397
0.995643,8.181397
0.996053,8.181397
0.996463,8.181397
0.996873,8.181397
0.997283,8.181397
0.997693,8.181397
0.998103,8.181397
0.998513,8.181397
0.998923,8.181397
0.999333,8.181397
0.999743,8.181397
1.000153,8.181397
1.000563,8.181397
1.000973,8.181397
1.001383,8.181397
1.001793,8.181397
1.002203,8.181397
1.002613,8.181397
1.003023,8.181397
1.003433,8.181397
1.003843,8.181397
1.004253,8.181397
1.004663,8.181397
1.005074,8.181397
1.005484,8.181397
1.005894,8.181397
1.006304,8.181397
1.006714,8.181397
1.007124,8.181397
1.007534,8.181397
1.007944,8.181397
1.008354,8.181397
1.008764,8.181397
1.009174,8.181397
1.009584,8.181397
1.009994,8.181397
1.010404,8.181397
1.010814,8.181397
1.011224,8.181397
1.011634,8.181397
1.012044,8.181397
1.012454,8.181397
1.012864,8.181397
1.013274,8.181397
1.013684,8.181397
1.014094,8.181397
1.014504,8.181397
1.014914,8.181397
1.015324,8.181397
1.015734,8.181397
1.016144,8.181397
1.016554,8.181397
1.016964,8.181397
1.017374,8.181397
1.017784,8.181397
1.018194,8.181397
1.018604,8.181397
1.019014,8.181397
1.019424,8.181397
1.019834,8.181397
1.020244,8.181397
1.020654,8.181397
1.021064,8.181397
1.021474,8.181397
1.021884,8.181397
1.022294,8.181397
1.022704,8.181397
1.023114,8.181397
1.023524,8.181397
1.023934,8.181397
1.024344,8.181397
1.024754,8.181397
1.025164,8.181397
1.025574,8.181397
1.025984,8.181397
1.026394,8.181397
1.026804,8.181397
1.027214,8.181397
1.027624,8.181397
1.028034,8.181397
1.028444,8.181397
1.028854,8.181397
1.029264,8.181397
1.029674,8.181397
1.030084,8.181397
1.030494,8.181397
1.030904,8.181397
1.031314,8.181397
1.031724,8.181397
1.032134,8.181397
1.032544,8.181397
1.032954,8.181397
1.033364,8.181397
1.033774,8.181397
1.034184,8.181397
1.034594,8.181397
1.035005,8.181397
1.035415,8.181397
1.035825,8.181397
1.036235,8.181397
1.036645,8.181397
1.037055,8.181397
1.037465,8.181397
1.037875,8.181397
1.038285,8.181397
1.038695,8.181397
1.039105,8.181397
1.039515,8.181397
1.039925,8.181397
1.040335,8.181397
1.040745,8.181397
1.041155,8.181397
1.041565,8.181397
1.041975,8.181397
1.042385,8.181397
1.042795,8.181397
1.043205,8.181397
1.043615,8.181397
1.044025,8.181397
1.044435,8.181397
1.044845,8.181397
1.045255,8.181397
1.045665,8.181397
1.046075,8.181397
1.046485,8.181397
1.046895,8.181397
1.047305,8.181397
1.047715,8.181397
1.048125,8.181397
1.048535,8.181397
1.048945,8.181397
1.049355,8.181397
1.049765,8.181397
1.050175,8.181397
1.050585,8.181397
1.050995,8.181397
1.051405,8.181397
1.051815,8.181397
1.052225,8.181397
1.052635,8.181397
1.053045,8.181397
1.053455,8.181397
1.053865,8.181397
1.054275,8.181397
1.054685,8.181397
1.055095,8.181397
1.055505,8.181397
1.055915,8.181397
1.056325,8.181397
1.056735,8.181397
1.057145,8.181397
1.057555,8.181397
1.057965,8.181397
1.058375,8.181397
1.058785,8.181397
1.059195,8.181397
1.059605,8.181397
1.060015,8.181397
1.060425,8.181397
1.060835,8.181397
1.061245,8.181397
1.061655,8.181397
1.062065,8.181397
1.062475,8.181397
1.062885,8.181397
1.063295,8.181397
1.063705,8.181397
1.064115,8.181397
1.064525,8.181397
1.064935,8.181397
1.065346,8.181397
1.065756,8.181397
1.066166,8.181397
1.066576,8.181397
1.066986,8.181397
1.067396,8.181397
1.067806,8.181397
1.068216,8.181397
1.068626,8.181397
1.069036,8.181397
1.069446,8.181397
1.069856,8.181397
1.070266,8.181397
1.070676,8.181397
1.071086,8.181397
1.071496,8.181397
1.071906,8.181397
1.072316,8.181397
1.072726,8.181397
1.073136,8.181397
1.073546,8.181397
1.073956,8.181397
1.074366,8.181397
1.074776,8.181397
1.075186,8.181397
1.075596,8.181397
1.076006,8.181397
1.076416,8.181397
1.076826,8.181397
1.077236,8.181397
1.077646,8.181397
1.078056,8.181397
1.078466,8.181397
1.078876,8.181397
1.079286,8.181397
1.079696,8.181397
1.080106,8.181397
1.080516,8.181397
1.080926,8.181397
1.081336,8.181397
1.081746,8.181397
1.082156,8.181397
1.082566,8.181397
1.082976,8.181397
1.083386,8.181397
1.083796,8.181397
1.084206,8.181397
1.084616,8.181397
1.085026,8.181397
1.085436,8.181397
1.085846,8.181397
1.086256,8.181397
1.086666,8.181397
1.087076,8.181397
1.087486,8.181397
1.087896,8.181397
1.088306,8.181397
1.088716,8.181397
1.089126,8.181397
1.089536,8.181397
1.089946,8.181397
1.090356,8.181397
1.090766,8.181397
1.091176,8.181397
1.091586,8.181397
1.091996,8.181397
1.092406,8.181397
1.092816,8.181397
1.093226,8.181397
1.093636,8.181397
1.094046,8.181397
1.094456,8.181397
1.094866,8.181397
1.095277,8.181397
1.095687,8.181397
1.096097,8.181397
1.096507,8.181397
1.096917,8.181397
1.097327,8.181397
1.097737,8.181397
1.098147,8.181397
1.098557,8.181397
1.098967,8.181397
1.099377,8.181397
1.099787,8.181397
1.100197,8.181397
1.100607,8.181397
1.101017,8.181397
1.101427,8.181397
1.101837,8.181397
1.102247,8.181397
1.102657,8.181397
1.103067,8.181397
1.103477,8.181397
1.103887,8.181397
1.104297,8.181397
1.104707,8.181397
1.105117,8.181397
1.105527,8.181397
1.105937,8.181397
1.106347,8.181397
1.106757,8.181397
1.107167,8.181397
1.107577,8.181397
1.107987,8.181397
1.108397,8.181397
1.108807,8.181397
1.109217,8.181397
1.109627,8.181397
1.110037,8.181397
1.110447,8.181397
1.110857,8.181397
1.111267,8.181397
1.111677,8.181397
1.112087,8.181397
1.112497,8.181397
1.112907,8.181397
1.113317,8.181397
1.113727,8.181397
1.114137,8.181397
1.114547,8.181397
1.114957,8.181397
1.115367,8.181397
1.115777,8.181397
1.116187,8.181397
1.116597,8.181397
1.117007,8.181397
1.117417,8.181397
1.117827,8.181397
1.118237,8.181397
1.118647,8.181397
1.119057,8.181397
1.119467,8.181397
1.119877,8.181397
1.120287,8.181397
1.120697,8.181397
1.121107,8.181397
1.121517,8.181397
1.121927,8.181397
1.122337,8.181397
1.122747,8.181397
1.123157,8.181397
1.123567,8.181397
1.123977,8.181397
1.124387,8.181397
1.124797,8.181397
1.125208,8.181397
1.125618,8.181397
1.126028,8.181397
1.126438,8.181397
1.126848,8.181397
1.127258,8.181397
1.127668,8.181397
1.128078,8.181397
1.128488,8.181397
1.128898,8.181397
1.129308,8.181397
1.129718,8.181397
1.130128,8.181397
1.130538,8.181397
1.130948,8.181397
1.131358,8.181397
1.131768,8.181397
1.132178,8.181397
1.132588,8.181397
1.132998,8.181397
1.133408,8.181397
1.133818,8.181397
1.134228,8.181397
1.134638,8.181397
1.135048,8.181397
1.135458,8.181397
1.135868,8.181397
1.136278,8.181397
1.136688,8.181397
1.137098,8.181397
1.137508,8.181397
1.137918,8.181397
1.138328,8.181397
1.138738,8.181397
1.139148,8.181397
1.139558,8.181397
1.139968,8.181397
1.140378,8.181397
1.140788,8.181397
1.141198,8.181397
1.141608,8.181397
1.142018,8.181397
1.142428,8.181397
1.142838,8.181397
1.143248,8.181397
1.143658,8.181397
1.144068,8.181397
1.144478,8.181397
1.144888,8.181397
1.145298,8.181397
1.145708,8.181397
1.146118,8.181397
1.146528,8.181397
1.146938,8.181397
1.147348,8.181397
1.147758,8.181397
1.148168,8.181397
1.148578,8.181397
1.148988,8.181397
1.149398,8.181397
1.149808,8.181397
1.150218,8.181397
1.150628,8.181397
1.151038,8.181397
1.151448,8.181397
1.151858,8.181397
1.152268,8.181397
1.152678,8.181397
1.153088,8.181397
1.153498,8.181397
1.153908,8.181397
1.154318,8.181397
1.154728,8.181397
1.155139,8.181397
1.155549,8.181397
1.155959,8.181397
1.156369,8.181397
1.156779,8.181397
1.157189,8.181397
1.157599,8.181397
1.158009,8.181397
1.158419,8.181397
1.158829,8.181397
1.159239,8.181397
1.159649,8.181397
1.160059,8.181397
1.160469,8.181397
1.160879,8.181397
1.161289,8.181397
1.161699,8.181397
1.162109,8.181397
1.162519,8.181397
1.162929,8.181397
1.163339,8.181397
1.163749,8.181397
1.164159,8.181397
1.164569,8.181397
1.164979,8.181397
1.165389,8.181397
1.165799,8.181397
1.166209,8.181397
1.166619,8.181397
1.167029,8.181397
1.167439,8.181397
1.167849,8.181397
1.168259,8.181397
1.168669,8.181397
1.169079,8.181397
1.169489,8.181397
1.169899,8.181397
1.170309,8.181397
1.170719,8.181397
1.171129,8.181397
1.171539,8.181397
1.171949,8.181397
1.172359,8.181397
1.172769,8.181397
1.173179,8.181397
1.173589,8.181397
1.173999,8.181397
1.174409,8.181397
1.174819,8.181397
1.175229,8.181397
1.175639,8.181397
1.176049,8.181397
1.176459,8.181397
1.176869,8.181397
1.177279,8.181397
1.177689,8.181397
1.178099,8.181397
1.178509,8.181397
1.178919,8.181397
1.179329,8.181397
1.179739,8.181397
1.180149,8.181397
1.180559,8.181397
1.180969,8.181397
1.181379,8.181397
1.181789,8.181397
1.182199,8.181397
1.182609,8.181397
1.183019,8.181397
1.183429,8.181397
1.183839,8.181397
1.184249,8.181397
1.184659,8.181397
1.185070,8.181397
1.185480,8.181397
1.185890,8.181397
1.186300,8.181397
1.186710,8.181397
1.187120,8.181397
1.187530,8.181397
1.187940,8.181397
1.188350,8.181397
1.188760,8.181397
1.189170,8.181397
1.189580,8.181397
1.189990,8.181397
1.190400,8.181397
1.190810,8.181397
1.191220,8.181397
1.191630,8.181397
1.192040,8.181397
1.192450,8.181397
1.192860,8.181397
1.193270,8.181397
1.193680,8.181397
1.194090,8.181397
1.194500,8.181397
1.194910,8.181397
1.195320,8.181397
1.195730,8.181397
1.196140,8.181397
1.196550,8.181397
1.196960,8.181397
1.197370,8.181397
1.197780,8.181397
1.198190,8.181397
1.198600,8.181397
1.199010,8.181397
1.199420,8.181397
1.199830,8.181397
1.200240,8.181397
1.200650,8.181397
1.201060,8.181397
1.201470,8.181397
1.201880,8.181397
1.202290,8.181397
1.202700,8.181397
1.203110,8.181397
1.203520,8.181397
1.203930,8.181397
1.204340,8.181397
1.204750,8.181397
1.205160,8.181397
1.205570,8.181397
1.205980,8.181397
1.206390,8.181397
1.206800,8.181397
1.207210,8.181397
1.207620,8.181397
1.208030,8.181397
1.208440,8.181397
1.208850,8.181397
1.209260,8.181397
1.209670,8.181397
1.210080,8.181397
1.210490,8.181397
1.210900,8.181397
1.211310,8.181397
1.211720,8.181397
1.212130,8.181397
1.212540,8.181397
1.212950,8.181397
1.213360,8.181397
1.213770,8.181397
1.214180,8.181397
1.214590,8.181397
1.215001,8.181397
1.215411,8.181397
1.215821,8.181397
1.216231,8.181397
1.216641,8.181397
1.217051,8.181397
1.217461,8.181397
1.217871,8.181397
1.218281,8.181397
1.218691,8.181397
1.219101,8.181397
1.219511,8.181397
1.219921,8.181397
1.220331,8.181397
1.220741,8.181397
1.221151,8.181397
1.221561,8.181397
1.221971,8.181397
1.222381,8.181397
1.222791,8.181397
1.223201,8.181397
1.223611,8.181397
1.224021,8.181397
1.224431,8.181397
1.224841,8.181397
1.225251,8.181397
1.225661,8.181397
1.226071,8.181397
1.226481,8.181397
1.226891,8.181397
1.227301,8.181397
1.227711,8.181397
1.228121,8.181397
1.228531,8.181397
1.228941,8.181397
1.229351,8.181397
1.229761,8.181397
1.230171,8.181397
1.230581,8.181397
1.230991,8.181397
1.231401,8.181397
1.231811,8.181397
1.232221,8.181397
1.232631,8.181397
1.233041,8.181397
1.233451,8.181397
1.233861,8.181397
1.234271,8.181397
1.234681,8.181397
1.235091,8.181397
1.235501,8.181397
1.235911,8.181397
1.236321,8.181397
1.236731,8.181397
1.237141,8.181397
1.237551,8.181397
1.237961,8.181397
1.238371,8.181397
1.238781,8.181397
1.239191,8.181397
1.239601,8.181397
1.240011,8.181397
1.240421,8.181397
1.240831,8.181397
1.241241,8.181397
1.241651,8.181397
1.242061,8.181397
1.242471,8.181397
1.242881,8.181397
1.243291,8.181397
1.243701,8.181397
1.244111,8.181397
1.244521,8.181397
1.244931,8.181397
1.245342,8.181397
1.245752,8.181397
1.246162,8.181397
1.246572,8.181397
1.246982,8.181397
1.247392,8.181397
1.247802,8.181397
1.248212,8.181397
1.248622,8.181397
1.249032,8.181397
1.249442,8.181397
1.249852,8.181397
1.250262,8.181397
1.250672,8.181397
1.251082,8.181397
1.251492,8.181397
1.251902,8.181397
1.252312,8.181397
1.252722,8.181397
1.253132,8.181397
1.253542,8.181397
1.253952,8.181397
1.254362,8.181397
1.254772,8.181397
1.255182,8.181397
1.255592,8.181397
1.256002,8.181397
1.256412,8.181397
1.256822,8.181397
1.257232,8.181397
1.257642,8.181397
1.258052,8.181397
1.258462,8.181397
1.258872,8.181397
1.259282,8.181397
1.259692,8.181397
1.260102,8.181397
1.260512,8.181397
1.260922,8.181397
1.261332,8.181397
1.261742,8.181397
1.262152,8.181397
1.262562,8.181397
1.262972,8.181397
1.263382,8.181397
1.263792,8.181397
1.264202,8.181397
1.264612,8.181397
1.265022,8.181397
1.265432,8.181397
1.265842,8.181397
1.266252,8.181397
1.266662,8.181397
1.267072,8.181397
1.267482,8.181397
1.267892,8.181397
1.268302,8.181397
1.268712,8.181397
1.269122,8.181397
1.269532,8.181397
1.269942,8.181397
1.270352,8.181397
1.270762,8.181397
1.271172,8.181397
1.271582,8.181397
1.271992,8.181397
1.272402,8.181397
1.272812,8.181397
1.273222,8.181397
1.273632,8.181397
1.274042,8.181397
1.274452,8.181397
1.274862,8.181397
1.275273,8.181397
1.275683,8.181397
1.276093,8.181397
1.276503,8.181397
1.276913,8.181397
1.277323,8.181397
1.277733,8.181397
1.278143,8.181397
1.278553,8.181397
1.278963,8.181397
1.279373,8.181397
1.279783,8.181397
1.280193,8.181397
1.280603,8.181397
1.281013,8.181397
1.281423,8.181397
1.281833,8.181397
1.282243,8.181397
1.282653,8.181397
1.283063,8.181397
1.283473,8.181397
1.283883,8.181397
1.284293,8.181397
1.284703,8.181397
1.285113,8.181397
1.285523,8.181397
1.285933,8.181397
1.286343,8.181397
1.286753,8.181397
1.287163,8.181397
1.287573,8.181397
1.287983,8.181397
1.288393,8.181397
1.288803,8.181397
1.289213,8.181397
1.289623,8.181397
1.290033,8.181397
1.290443,8.181397
1.290853,8.181397
1.291263,8.181397
1.291673,8.181397
1.292083,8.181397
1.292493,8.181397
1.292903,8.181397
1.293313,8.181397
1.293723,8.181397
1.294133,8.181397
1.294543,8.181397
1.294953,8.181397
1.295363,8.181397
1.295773,8.181397
1.296183,8.181397
1.296593,8.181397
1.297003,8.181397
1.297413,8.181397
1.297823,8.181397
1.298233,8.181397
1.298643,8.181397
1.299053,8.181397
1.299463,8.181397
1.299873,8.181397
1.300283,8.181397
1.300693,8.181397
1.301103,8.181397
1.301513,8.181397
1.301923,8.181397
1.302333,8.181397
1.302743,8.181397
1.303153,8.181397
1.303563,8.181397
1.303973,8.181397
1.304383,8.181397
1.304793,8.181397
1.305204,8.181397
1.305614,8.181397
1.306024,8.181397
1.306434,8.181397
1.306844,8.181397
1.307254,8.181397
1.307664,8.181397
1.308074,8.181397
1.308484,8.181397
1.308894,8.181397
1.309304,8.181397
1.309714,8.181397
1.310124,8.181397
1.310534,8.181397
1.310944,8.181397
1.311354,8.181397
1.311764,8.181397
1.312174,8.181397
1.312584,8.181397
1.312994,8.181397
1.313404,8.181397
1.313814,8.181397
1.314224,8.181397
1.314634,8.181397
1.315044,8.181397
1.315454,8.181397
1.315864,8.181397
1.316274,8.181397
1.316684,8.181397
1.317094,8.181397
1.317504,8.181397
1.317914,8.181397
1.318324,8.181397
1.318734,8.181397
1.319144,8.181397
1.319554,8.181397
1.319964,8.181397
1.320374,8.181397
1.320784,8.181397
1.321194,8.181397
1.321604,8.181397
1.322014,8.181397
1.322424,8.181397
1.322834,8.181397
1.323244,8.181397
1.323654,8.181397
1.324064,8.181397
1.324474,8.181397
1.324884,8.181397
1.325294,8.181397
1.325704,8.181397
1.326114,8.181397
1.326524,8.181397
1.326934,8.181397
1.327344,8.181397
1.327754,8.181397
1.328164,8.181397
1.328574,8.181397
1.328984,8.181397
1.329394,8.181397
1.329804,8.181397
1.330214,8.181397
1.330624,8.181397
1.331034,8.181397
1.331444,8.181397
1.331854,8.181397
1.332264,8.181397
1.332674,8.181397
1.333084,8.181397
1.333494,8.181397
1.333904,8.181397
1.334314,8.181397
1.334724,8.181397
1.335135,8.181397
1.335545,8.181397
1.335955,8.181397
1.336365,8.181397
1.336775,8.181397
1.337185,8.181397
1.337595,8.181397
1.338005,8.181397
1.338415,8.181397
1.338825,8.181397
1.339235,8.181397
1.339645,8.181397
1.340055,8.181397
1.340465,8.181397
1.340875,8.181397
1.341285,8.181397
1.341695,8.181397
1.342105,8.181397
1.342515,8.181397
1.342925,8.181397
1.343335,8.181397
1.343745,8.181397
1.344155,8.181397
1.344565,8.181397
1.344975,8.181397
1.345385,8.181397
1.345795,8.181397
1.346205,8.181397
1.346615,8.181397
1.347025,8.181397
1.347435,8.181397
1.347845,8.181397
1.348255,8.181397
1.348665,8.181397
1.349075,8.181397
1.349485,8.181397
1.349895,8.181397
1.350305,8.181397
1.350715,8.181397
1.351125,8.181397
1.351535,8.181397
1.351945,8.181397
1.352355,8.181397
1.352765,8.181397
1.353175,8.181397
1.353585,8.181397
1.353995,8.181397
1.354405,8.181397
1.354815,8.181397
1.355225,8.181397
1.355635,8.181397
1.356045,8.181397
1.356455,8.181397
1.356865,8.181397
1.357275,8.181397
1.357685,8.181397
1.358095,8.181397
1.358505,8.181397
1.358915,8.181397
1.359325,8.181397
1.359735,8.181397
1.360145,8.181397
1.360555,8.181397
1.360965,8.181397
1.361375,8.181397
1.361785,8.181397
1.362195,8.181397
1.362605,8.181397
1.363015,8.181397
1.363425,8.181397
1.363835,8.181397
1.364245,8.181397
1.364655,8.181397
1.365066,8.181397
1.365476,8.181397
1.365886,8.181397
1.366296,8.181397
1.366706,8.181397
1.367116,8.181397
1.367526,8.181397
1.367936,8.181397
1.368346,8.181397
1.368756,8.181397
1.369166,8.181397
1.369576,8.181397
1.369986,8.181397
1.370396,8.181397
1.370806,8.181397
1.371216,8.181397
1.371626,8.181397
1.372036,8.181397
1.372446,8.181397
1.372856,8.181397
1.373266,8.181397
1.373676,8.181397
1.374086,8.181397
1.374496,8.181397
1.374906,8.181397
1.375316,8.181397
1.375726,8.181397
1.376136,8.181397
1.376546,8.181397
1.376956,8.181397
1.377366,8.181397
1.377776,8.181397
1.378186,8.181397
1.378596,8.181397
1.379006,8.181397
1.379416,8.181397
1.379826,8.181397
1.380236,8.181397
1.380646,8.181397
1.381056,8.181397
1.381466,8.181397
1.381876,8.181397
1.382286,8.181397
1.382696,8.181397
1.383106,8.181397
1.383516,8.181397
1.383926,8.181397
1.384336,8.181397
1.384746,8.181397
1.385156,8.181397
1.385566,8.181397
1.385976,8.181397
1.386386,8.181397
1.386796,8.181397
1.387206,8.181397
1.387616,8.181397
1.388026,8.181397
1.388436,8.181397
1.388846,8.181397
1.389256,8.181397
1.389666,8.181397
1.390076,8.181397
1.390486,8.181397
1.390896,8.181397
1.391306,8.181397
1.391716,8.181397
1.392126,8.181397
1.392536,8.181397
1.392946,8.181397
1.393356,8.181397
1.393766,8.181397
1.394176,8.181397
1.394586,8.181397
1.394996,8.181397
1.395407,8.181397
1.395817,8.181397
1.396227,8.181397
1.396637,8.181397
1.397047,8.181397
1.397457,8.181397
1.397867,8.181397
1.398277,8.181397
1.398687,8.181397
1.399097,8.181397
1.399507,8.181397
1.399917,8.181397
1.400327,8.181397
1.400737,8.181397
1.401147,8.181397
1.401557,8.181397
1.401967,8.181397
1.402377,8.181397
1.402787,8.181397
1.403197,8.181397
1.403607,8.181397
1.404017,8.181397
1.404427,8.181397
1.404837,8.181397
1.405247,8.181397
1.405657,8.181397
1.406067,8.181397
1.406477,8.181397
1.406887,8.181397
1.407297,8.181397
1.407707,8.181397
1.408117,8.181397
1.408527,8.181397
1.408937,8.181397
1.409347,8.181397
1.409757,8.181397
1.410167,8.181397
1.410577,8.181397
1.410987,8.181397
1.411397,8.181397
1.411807,8.181397
1.412217,8.181397
1.412627,8.181397
1.413037,8.181397
1.413447,8.181397
1.413857,8.181397
1.414267,8.181397
1.414677,8.181397
1.415087,8.181397
1.415497,8.181397
1.415907,8.181397
1.416317,8.181397
1.416727,8.181397
1.417137,8.181397
1.417547,8.181397
1.417957,8.181397
1.418367,8.181397
1.418777,8.181397
1.419187,8.181397
1.419597,8.181397
1.420007,8.181397
1.420417,8.181397
1.420827,8.181397
1.421237,8.181397
1.421647,8.181397
1.422057,8.181397
1.422467,8.181397
1.422877,8.181397
1.423287,8.181397
1.423697,8.181397
1.424107,8.181397
1.424517,8.181397
1.424927,8.181397
1.425338,8.181397
1.425748,8.181397
1.426158,8.181397
1.426568,8.181397
1.426978,8.181397
1.427388,8.181397
1.427798,8.181397
1.428208,8.181397
1.428618,8.181397
1.429028,8.181397
1.429438,8.181397
1.429848,8.181397
1.430258,8.181397
1.430668,8.181397
1.431078,8.181397
1.431488,8.181397
1.431898,8.181397
1.432308,8.181397
1.432718,8.181397
1.433128,8.181397
1.433538,8.181397
1.433948,8.181397
1.434358,8.181397
1.434768,8.181397
1.435178,8.181397
1.435588,8.181397
1.435998,8.181397
1.436408,8.181397
1.436818,8.181397
1.437228,8.181397
1.437638,8.181397
1.438048,8.181397
1.438458,8.181397
1.438868,8.181397
1.439278,8.181397
1.439688,8.181397
1.440098,8.181397
1.440508,8.181397
1.440918,8.181397
1.441328,8.181397
1.441738,8.181397
1.442148,8.181397
1.442558,8.181397
1.442968,8.181397
1.443378,8.181397
1.443788,8.181397
1.444198,8.181397
1.444608,8.181397
1.445018,8.181397
1.445428,8.181397
1.445838,8.181397
1.446248,8.181397
1.446658,8.181397
1.447068,8.181397
1.447478,8.181397
1.447888,8.181397
1.448298,8.181397
1.448708,8.181397
1.449118,8.181397
1.449528,8.181397
1.449938,8.181397
1.450348,8.181397
1.450758,8.181397
1.451168,8.181397
1.451578,8.181397
1.451988,8.181397
1.452398,8.181397
1.452808,8.181397
1.453218,8.181397
1.453628,8.181397
1.454038,8.181397
1.454448,8.181397
1.454858,8.181397
1.455269,8.181397
1.455679,8.181397
1.456089,8.181397
1.456499,8.181397
1.456909,8.181397
1.457319,8.181397
1.457729,8.181397
1.458139,8.181397
1.458549,8.181397
1.458959,8.181397
1.459369,8.181397
1.459779,8.181397
1.460189,8.181397
1.460599,8.181397
1.461009,8.181397
1.461419,8.181397
1.461829,8.181397
1.462239,8.181397
1.462649,8.181397
1.463059,8.181397
1.463469,8.181397
1.463879,8.181397
1.464289,8.181397
1.464699,8.181397
1.465109,8.181397
1.465519,8.181397
1.465929,8.181397
1.466339,8.181397
1.466749,8.181397
1.467159,8.181397
1.467569,8.181397
1.467979,8.181397
1.468389,8.181397
1.468799,8.181397
1.469209,8.181397
1.469619,8.181397
1.470029,8.181397
1.470439,8.181397
1.470849,8.181397
1.471259,8.181397
1.471669,8.181397
1.472079,8.181397
1.472489,8.181397
1.472899,8.181397
1.473309,8.181397
1.473719,8.181397
1.474129,8.181397
1.474539,8.181397
1.474949,8.181397
1.475359,8.181397
1.475769,8.181397
1.476179,8.181397
1.476589,8.181397
1.476999,8.181397
1.477409,8.181397
1.477819,8.181397
1.478229,8.181397
1.478639,8.181397
1.479049,8.181397
1.479459,8.181397
1.479869,8.181397
1.480279,8.181397
1.480689,8.181397
1.481099,8.181397
1.481509,8.181397
1.481919,8.181397
1.482329,8.181397
1.482739,8.181397
1.483149,8.181397
1.483559,8.181397
1.483969,8.181397
1.484379,8.181397
1.484789,8.181397
1.485200,8.181397
1.485610,8.181397
1.486020,8.181397
1.486430,8.181397
1.486840,8.181397
1.487250,8.181397
1.487660,8.181397
1.488070,8.181397
1.488480,8.181397
1.488890,8.181397
1.489300,8.181397
1.489710,8.181397
1.490120,8.181397
1.490530,8.181397
1.490940,8.181397
1.491350,8.181397
1.491760,8.181397
1.492170,8.181397
1.492580,8.181397
1.492990,8.181397
1.493400,8.181397
1.493810,8.181397
1.494220,8.181397
1.494630,8.181397
1.495040,8.181397
1.495450,8.181397
1.495860,8.181397
1.496270,8.181397
1.496680,8.181397
1.497090,8.181397
1.497500,8.181397
1.497910,8.181397
1.498320,8.181397
1.498730,8.181397
1.499140,8.181397
1.499550,8.181397
1.499960,8.181397
1.500370,8.181397
1.500780,8.181397
1.501190,8.181397
1.501600,8.181397
1.502010,8.181397
1.502420,8.181397
1.502830,8.181397
1.503240,8.181397
1.503650,8.181397
1.504060,8.181397
1.504470,8.181397
1.504880,8.181397
1.505290,8.181397
1.505700,8.181397
1.506110,8.181397
1.506520,8.181397
1.506930,8.181397
1.507340,8.181397
1.507750,8.181397
1.508160,8.181397
1.508570,8.181397
1.508980,8.181397
1.509390,8.181397
1.509800,8.181397
1.510210,8.181397
1.510620,8.181397
1.511030,8.181397
1.511440,8.181397
1.511850,8.181397
1.512260,8.181397
1.512670,8.181397
1.513080,8.181397
1.513490,8.181397
1.513900,8.181397
1.514310,8.181397
1.514720,8.181397
1.515131,8.181397
1.515541,8.181397
1.515951,8.181397
1.516361,8.181397
1.516771,8.181397
1.517181,8.181397
1.517591,8.181397
1.518001,8.181397
1.518411,8.181397
1.518821,8.181397
1.519231,8.181397
1.519641,8.181397
1.520051,8.181397
1.520461,8.181397
1.520871,8.181397
1.521281,8.181397
1.521691,8.181397
1.522101,8.181397
1.522511,8.181397
1.522921,8.181397
1.523331,8.181397
1.523741,8.181397
1.524151,8.181397
1.524561,8.181397
1.524971,8.181397
1.525381,8.181397
1.525791,8.181397
1.526201,8.181397
1.526611,8.181397
1.527021,8.181397
1.527431,8.181397
1.527841,8.181397
1.528251,8.181397
1.528661,8.181397
1.529071,8.181397
1.529481,8.181397
1.529891,8.181397
1.530301,8.181397
1.530711,8.181397
1.531121,8.181397
1.531531,8.181397
1.531941,8.181397
1.532351,8.181397
1.532761,8.181397
1.533171,8.181397
1.533581,8.181397
1.533991,8.181397
1.534401,8.181397
1.534811,8.181397
1.535221,8.181397
1.535631,8.181397
1.536041,8.181397
1.536451,8.181397
1.536861,8.181397
1.537271,8.181397
1.537681,8.181397
1.538091,8.181397
1.538501,8.181397
1.538911,8.181397
1.539321,8.181397
1.539731,8.181397
1.540141,8.181397
1.540551,8.181397
1.540961,8.181397
1.541371,8.181397
1.541781,8.181397
1.542191,8.181397
1.542601,8.181397
1.543011,8.181397
1.543421,8.181397
1.543831,8.181397
1.544241,8.181397
1.544651,8.181397
1.545062,8.181397
1.545472,8.181397
1.545882,8.181397
1.546292,8.181397
1.546702,8.181397
1.547112,8.181397
1.547522,8.181397
1.547932,8.181397
1.548342,8.181397
1.548752,8.181397
1.549162,8.181397
1.549572,8.181397
1.549982,8.181397
1.550392,8.181397
1.550802,8.181397
1.551212,8.181397
1.551622,8.181397
1.552032,8.181397
1.552442,8.181397
1.552852,8.181397
1.553262,8.181397
1.553672,8.181397
1.554082,8.181397
1.554492,8.181397
1.554902,8.181397
1.555312,8.181397
1.555722,8.181397
1.556132,8.181397
1.556542,8.181397
1.556952,8.181397
1.557362,8.181397
1.557772,8.181397
1.558182,8.181397
1.558592,8.181397
1.559002,8.181397
1.559412,8.181397
1.559822,8.181397
1.560232,8.181397
1.560642,8.181397
1.561052,8.181397
1.561462,8.181397
1.561872,8.181397
1.562282,8.181397
1.562692,8.181397
1.563102,8.181397
1.563512,8.181397
1.563922,8.181397
1.564332,8.181397
1.564742,8.181397
1.565152,8.181397
1.565562,8.181397
1.565972,8.181397
1.566382,8.181397
1.566792,8.181397
1.567202,8.181397
1.567612,8.181397
1.568022,8.181397
1.568432,8.181397
1.568842,8.181397
1.569252,8.181397
1.569662,8.181397
1.570072,8.181397
1.570482,8.181397
1.570892,8.181397
1.571302,8.181397
1.571712,8.181397
1.572122,8.181397
1.572532,8.181397
1.572942,8.181397
1.573352,8.181397
1.573762,8.181397
1.574172,8.181397
1.574582,8.181397
1.574992,8.181397
1.575403,8.181397
1.575813,8.181397
1.576223,8.181397
1.576633,8.181397
1.577043,8.181397
1.577453,8.181397
1.577863,8.181397
1.578273,8.181397
1.578683,8.181397
1.579093,8.181397
1.579503,8.181397
1.579913,8.181397
1.580323,8.181397
1.580733,8.181397
1.581143,8.181397
1.581553,8.181397
1.581963,8.181397
1.582373,8.181397
1.582783,8.181397
1.583193,8.181397
1.583603,8.181397
1.584013,8.181397
1.584423,8.181397
1.584833,8.181397
1.585243,8.181397
1.585653,8.181397
1.586063,8.181397
1.586473,8.181397
1.586883,8.181397
1.587293,8.181397
1.587703,8.181397
1.588113,8.181397
1.588523,8.181397
1.588933,8.181397
1.589343,8.181397
1.589753,8.181397
1.590163,8.181397
1.590573,8.181397
1.590983,8.181397
1.591393,8.181397
1.591803,8.181397
1.592213,8.181397
1.592623,8.181397
1.593033,8.181397
1.593443,8.181397
1.593853,8.181397
1.594263,8.181397
1.594673,8.181397
1.595083,8.181397
1.595493,8.181397
1.595903,8.181397
1.596313,8.181397
1.596723,8.181397
1.597133,8.181397
1.597543,8.181397
1.597953,8.181397
1.598363,8.181397
1.598773,8.181397
1.599183,8.181397
1.599593,8.181397
1.600003,8.181397
1.600413,8.181397
1.600823,8.181397
1.601233,8.181397
1.601643,8.181397
1.602053,8.181397
1.602463,8.181397
1.602873,8.181397
1.603283,8.181397
1.603693,8.181397
1.604103,8.181397
1.604513,8.181397
1.604923,8.181397
1.605334,8.181397
1.605744,8.181397
1.606154,8.181397
1.606564,8.181397
1.606974,8.181397
1.607384,8.181397
1.607794,8.181397
1.608204,8.181397
1.608614,8.181397
1.609024,8.181397
1.609434,8.181397
1.609844,8.181397
1.610254,8.181397
1.610664,8.181397
1.611074,8.181397
1.611484,8.181397
1.611894,8.181397
1.612304,8.181397
1.612714,8.181397
1.613124,8.181397
1.613534,8.181397
1.613944,8.181397
1.614354,8.181397
1.614764,8.181397
1.615174,8.181397
1.615584,8.181397
1.615994,8.181397
1.616404,8.181397
1.616814,8.181397
1.617224,8.181397
1.617634,8.181397
1.618044,8.181397
1.618454,8.181397
1.618864,8.181397
1.619274,8.181397
1.619684,8.181397
1.620094,8.181397
1.620504,8.181397
1.620914,8.181397
1.621324,8.181397
1.621734,8.181397
1.622144,8.181397
1.622554,8.181397
1.622964,8.181397
1.623374,8.181397
1.623784,8.181397
1.624194,8.181397
1.624604,8.181397
1.625014,8.181397
1.625424,8.181397
1.625834,8.181397
1.626244,8.181397
1.626654,8.181397
1.627064,8.181397
1.627474,8.181397
1.627884,8.181397
1.628294,8.181397
1.628704,8.181397
1.629114,8.181397
1.629524,8.181397
1.629934,8.181397
1.630344,8.181397
1.630754,8.181397
1.631164,8.181397
1.631574,8.181397
1.631984,8.181397
1.632394,8.181397
1.632804,8.181397
1.633214,8.181397
1.633624,8.181397
1.634034,8.181397
1.634444,8.181397
1.634854,8.181397
1.635265,8.181397
1.635675,8.181397
1.636085,8.181397
1.636495,8.181397
1.636905,8.181397
1.637315,8.181397
1.637725,8.181397
1.638135,8.181397
1.638545,8.181397
1.638955,8.181397
1.639365,8.181397
1.639775,8.181397
1.640185,8.181397
1.640595,8.181397
1.641005,8.181397
1.641415,8.181397
1.641825,8.181397
1.642235,8.181397
1.642645,8.181397
1.643055,8.181397
1.643465,8.181397
1.643875,8.181397
1.644285,8.181397
1.644695,8.181397
1.645105,8.181397
1.645515,8.181397
1.645925,8.181397
1.646335,8.181397
1.646745,8.181397
1.647155,8.181397
1.647565,8.181397
1.647975,8.181397
1.648385,8.181397
1.648795,8.181397
1.649205,8.181397
1.649615,8.181397
1.650025,8.181397
1.650435,8.181397
1.650845,8.181397
1.651255,8.181397
1.651665,8.181397
1.652075,8.181397
1.652485,8.181397
1.652895,8.181397
1.653305,8.181397
1.653715,8.181397
1.654125,8.181397
1.654535,8.181397
1.654945,8.181397
1.655355,8.181397
1.655765,8.181397
1.656175,8.181397
1.656585,8.181397
1.656995,8.181397
1.657405,8.181397
1.657815,8.181397
1.658225,8.181397
1.658635,8.181397
1.659045,8.181397
1.659455,8.181397
1.659865,8.181397
1.660275,8.181397
1.660685,8.181397
1.661095,8.181397
1.661505,8.181397
1.661915,8.181397
1.662325,8.181397
1.662735,8.181397
1.663145,8.181397
1.663555,8.181397
1.663965,8.181397
1.664375,8.181397
1.664785,8.181397
1.665196,8.181397
1.665606,8.181397
1.666016,8.181397
1.666426,8.181397
1.666836,8.181397
1.667246,8.181397
1.667656,8.181397
1.668066,8.181397
1.668476,8.181397
1.668886,8.181397
1.669296,8.181397
1.669706,8.181397
1.670116,8.181397
1.670526,8.181397
1.670936,8.181397
1.671346,8.181397
1.671756,8.181397
1.672166,8.181397
1.672576,8.181397
1.672986,8.181397
1.673396,8.181397
1.673806,8.181397
1.674216,8.181397
1.674626,8.181397
1.675036,8.181397
1.675446,8.181397
1.675856,8.181397
1.676266,8.181397
1.676676,8.181397
1.677086,8.181397
1.677496,8.181397
1.677906,8.181397
1.678316,8.181397
1.678726,8.181397
1.679136,8.181397
1.679546,8.181397
1.679956,8.181397
1.680366,8.181397
1.680776,8.181397
1.681186,8.181397
1.681596,8.181397
1.682006,8.181397
1.682416,8.181397
1.682826,8.181397
1.683236,8.181397
1.683646,8.181397
1.684056,8.181397
1.684466,8.181397
1.684876,8.181397
1.685286,8.181397
1.685696,8.181397
1.686106,8.181397
1.686516,8.181397
1.686926,8.181397
1.687336,8.181397
1.687746,8.181397
1.688156,8.181397
1.688566,8.181397
1.688976,8.181397
1.689386,8.181397
1.689796,8.181397
1.690206,8.181397
1.690616,8.181397
1.691026,8.181397
1.691436,8.181397
1.691846,8.181397
1.692256,8.181397
1.692666,8.181397
1.693076,8.181397
1.693486,8.181397
1.693896,8.181397
1.694306,8.181397
1.694716,8.181397
1.695127,8.181397
1.695537,8.181397
1.695947,8.181397
1.696357,8.181397
1.696767,8.181397
1.697177,8.181397
1.697587,8.181397
1.697997,8.181397
1.698407,8.181397
1.698817,8.181397
1.699227,8.181397
1.699637,8.181397
1.700047,8.181397
1.700457,8.181397
1.700867,8.181397
1.701277,8.181397
1.701687,8.181397
1.702097,8.181397
1.702507,8.181397
1.702917,8.181397
1.703327,8.181397
1.703737,8.181397
1.704147,8.181397
1.704557,8.181397
1.704967,8.181397
1.705377,8.181397
1.705787,8.181397
1.706197,8.181397
1.706607,8.181397
1.707017,8.181397
1.707427,8.181397
1.707837,8.181397
1.708247,8.181397
1.708657,8.181397
1.709067,8.181397
1.709477,8.181397
1.709887,8.181397
1.710297,8.181397
1.710707,8.181397
1.711117,8.181397
1.711527,8.181397
1.711937,8.181397
1.712347,8.181397
1.712757,8.181397
1.713167,8.181397
1.713577,8.181397
1.713987,8.181397
1.714397,8.181397
1.714807,8.181397
1.715217,8.181397
1.715627,8.181397
1.716037,8.181397
1.716447,8.181397
1.716857,8.181397
1.717267,8.181397
1.717677,8.181397
1.718087,8.181397
1.718497,8.181397
1.718907,8.181397
1.719317,8.181397
1.719727,8.181397
1.720137,8.181397
1.720547,8.181397
1.720957,8.181397
1.721367,8.181397
1.721777,8.181397
1.722187,8.181397
1.722597,8.181397
1.723007,8.181397
1.723417,8.181397
1.723827,8.181397
1.724237,8.181397
1.724647,8.181397
1.725058,8.181397
1.725468,8.181397
1.725878,8.181397
1.726288,8.181397
1.726698,8.181397
1.727108,8.181397
1.727518,8.181397
1.727928,8.181397
1.728338,8.181397
1.728748,8.181397
1.729158,8.181397
1.729568,8.181397
1.729978,8.181397
1.730388,8.181397
1.730798,8.181397
1.731208,8.181397
1.731618,8.181397
1.732028,8.181397
1.732438,8.181397
1.732848,8.181397
1.733258,8.181397
1.733668,8.181397
1.734078,8.181397
1.734488,8.181397
1.734898,8.181397
1.735308,8.181397
1.735718,8.181397
1.736128,8.181397
1.736538,8.181397
1.736948,8.181397
1.737358,8.181397
1.737768,8.181397
1.738178,8.181397
1.738588,8.181397
1.738998,8.181397
1.739408,8.181397
1.739818,8.181397
1.740228,8.181397
1.740638,8.181397
1.741048,8.181397
1.741458,8.181397
1.741868,8.181397
1.742278,8.181397
1.742688,8.181397
1.743098,8.181397
1.743508,8.181397
1.743918,8.181397
1.744328,8.181397
1.744738,8.181397
1.745148,8.181397
1.745558,8.181397
1.745968,8.181397
1.746378,8.181397
1.746788,8.181397
1.747198,8.181397
1.747608,8.181397
1.748018,8.181397
1.748428,8.181397
1.748838,8.181397
1.749248,8.181397
1.749658,8.181397
1.750068,8.181397
1.750478,8.181397
1.750888,8.181397
1.751298,8.181397
1.751708,8.181397
1.752118,8.181397
1.752528,8.181397
1.752938,8.181397
1.753348,8.181397
1.753758,8.181397
1.754168,8.181397
1.754578,8.181397
1.754988,8.181397
1.755399,8.181397
1.755809,8.181397
1.756219,8.181397
1.756629,8.181397
1.757039,8.181397
1.757449,8.181397
1.757859,8.181397
1.758269,8.181397
1.758679,8.181397
1.759089,8.181397
1.759499,8.181397
1.759909,8.181397
1.760319,8.181397
1.760729,8.181397
1.761139,8.181397
1.761549,8.181397
1.761959,8.181397
1.762369,8.181397
1.762779,8.181397
1.763189,8.181397
1.763599,8.181397
1.764009,8.181397
1.764419,8.181397
1.764829,8.181397
1.765239,8.181397
1.765649,8.181397
1.766059,8.181397
1.766469,8.181397
1.766879,8.181397
1.767289,8.181397
1.767699,8.181397
1.768109,8.181397
1.768519,8.181397
1.768929,8.181397
1.769339,8.181397
1.769749,8.181397
1.770159,8.181397
1.770569,8.181397
1.770979,8.181397
1.771389,8.181397
1.771799,8.181397
1.772209,8.181397
1.772619,8.181397
1.773029,8.181397
1.773439,8.181397
1.773849,8.181397
1.774259,8.181397
1.774669,8.181397
1.775079,8.181397
1.775489,8.181397
1.775899,8.181397
1.776309,8.181397
1.776719,8.181397
1.777129,8.181397
1.777539,8.181397
1.777949,8.181397
1.778359,8.181397
1.778769,8.181397
1.779179,8.181397
1.779589,8.181397
1.779999,8.181397
1.780409,8.181397
1.780819,8.181397
1.781229,8.181397
1.781639,8.181397
1.782049,8.181397
1.782459,8.181397
1.782869,8.181397
1.783279,8.181397
1.783689,8.181397
1.784099,8.181397
1.784509,8.181397
1.784919,8.181397
1.785330,8.181397
1.785740,8.181397
1.786150,8.181397
1.786560,8.181397
1.786970,8.181397
1.787380,8.181397
1.787790,8.181397
1.788200,8.181397
1.788610,8.181397
1.789020,8.181397
1.789430,8.181397
1.789840,8.181397
1.790250,8.181397
1.790660,8.181397
1.791070,8.181397
1.791480,8.181397
1.791890,8.181397
1.792300,8.181397
1.792710,8.181397
1.793120,8.181397
1.793530,8.181397
1.793940,8.181397
1.794350,8.181397
1.794760,8.181397
1.795170,8.181397
1.795580,8.181397
1.795990,8.181397
1.796400,8.181397
1.796810,8.181397
1.797220,8.181397
1.797630,8.181397
1.798040,8.181397
1.798450,8.181397
1.798860,8.181397
1.799270,8.181397
1.799680,8.181397
1.800090,8.181397
1.800500,8.181397
1.800910,8.181397
1.801320,8.181397
1.801730,8.181397
1.802140,8.181397
1.802550,8.181397
1.802960,8.181397
1.803370,8.181397
1.803780,8.181397
1.804190,8.181397
1.804600,8.181397
1.805010,8.181397
1.805420,8.181397
1.805830,8.181397
1.806240,8.181397
1.806650,8.181397
1.807060,8.181397
1.807470,8.181397
1.807880,8.181397
1.808290,8.181397
1.808700,8.181397
1.809110,8.181397
1.809520,8.181397
1.809930,8.181397
1.810340,8.181397
1.810750,8.181397
1.811160,8.181397
1.811570,8.181397
1.811980,8.181397
1.812390,8.181397
1.812800,8.181397
1.813210,8.181397
1.813620,8.181397
1.814030,8.181397
1.814440,8.181397
1.814850,8.181397
1.815261,8.181397
1.815671,8.181397
1.816081,8.181397
1.816491,8.181397
1.816901,8.181397
1.817311,8.181397
1.817721,8.181397
1.818131,8.181397
1.818541,8.181397
1.818951,8.181397
1.819361,8.181397
1.819771,8.181397
1.820181,8.181397
1.820591,8.181397
1.821001,8.181397
1.821411,8.181397
1.821821,8.181397
1.822231,8.181397
1.822641,8.181397
1.823051,8.181397
1.823461,8.181397
1.823871,8.181397
1.824281,8.181397
1.824691,8.181397
1.825101,8.181397
1.825511,8.181397
1.825921,8.181397
1.826331,8.181397
1.826741,8.181397
1.827151,8.181397
1.827561,8.181397
1.827971,8.181397
1.828381,8.181397
1.828791,8.181397
1.829201,8.181397
1.829611,8.181397
1.830021,8.181397
1.830431,8.181397
1.830841,8.181397
1.831251,8.181397
1.831661,8.181397
1.832071,8.181397
1.832481,8.181397
1.832891,8.181397
1.833301,8.181397
1.833711,8.181397
1.834121,8.181397
1.834531,8.181397
1.834941,8.181397
1.835351,8.181397
1.835761,8.181397
1.836171,8.181397
1.836581,8.181397
1.836991,8.181397
1.837401,8.181397
1.837811,8.181397
1.838221,8.181397
1.838631,8.181397
1.839041,8.181397
1.839451,8.181397
1.839861,8.181397
1.840271,8.181397
1.840681,8.181397
1.841091,8.181397
1.841501,8.181397
1.841911,8.181397
1.842321,8.181397
1.842731,8.181397
1.843141,8.181397
1.843551,8.181397
1.843961,8.181397
1.844371,8.181397
1.844781,8.181397
1.845192,8.181397
1.845602,8.181397
1.846012,8.181397
1.846422,8.181397
1.846832,8.181397
1.847242,8.181397
1.847652,8.181397
1.848062,8.181397
1.848472,8.181397
1.848882,8.181397
1.849292,8.181397
1.849702,8.181397
1.850112,8.181397
1.850522,8.181397
1.850932,8.181397
1.851342,8.181397
1.851752,8.181397
1.852162,8.181397
1.852572,8.181397
1.852982,8.181397
1.853392,8.181397
1.853802,8.181397
1.854212,8.181397
1.854622,8.181397
1.855032,8.181397
1.855442,8.181397
1.855852,8.181397
1.856262,8.181397
1.856672,8.181397
1.857082,8.181397
1.857492,8.181397
1.857902,8.181397
1.858312,8.181397
1.858722,8.181397
1.859132,8.181397
1.859542,8.181397
1.859952,8.181397
1.860362,8.181397
1.860772,8.181397
1.861182,8.181397
1.861592,8.181397
1.862002,8.181397
1.862412,8.181397
1.862822,8.181397
1.863232,8.181397
1.863642,8.181397
1.864052,8.181397
1.864462,8.181397
1.864872,8.181397
1.865282,8.181397
1.865692,8.181397
1.866102,8.181397
1.866512,8.181397
1.866922,8.181397
1.867332,8.181397
1.867742,8.181397
1.868152,8.181397
1.868562,8.181397
1.868972,8.181397
1.869382,8.181397
1.869792,8.181397
1.870202,8.181397
1.870612,8.181397
1.871022,8.181397
1.871432,8.181397
1.871842,8.181397
1.872252,8.181397
1.872662,8.181397
1.873072,8.181397
1.873482,8.181397
1.873892,8.181397
1.874302,8.181397
1.874712,8.181397
1.875123,8.181397
1.875533,8.181397
1.875943,8.181397
1.876353,8.181397
1.876763,8.181397
1.877173,8.181397
1.877583,8.181397
1.877993,8.181397
1.878403,8.181397
1.878813,8.181397
1.879223,8.181397
1.879633,8.181397
1.880043,8.181397
1.880453,8.181397
1.880863,8.181397
1.881273,8.181397
1.881683,8.181397
1.882093,8.181397
1.882503,8.181397
1.882913,8.181397
1.883323,8.181397
1.883733,8.181397
1.884143,8.181397
1.884553,8.181397
1.884963,8.181397
1.885373,8.181397
1.885783,8.181397
1.886193,8.181397
1.886603,8.181397
1.887013,8.181397
1.887423,8.181397
1.887833,8.181397
1.888243,8.181397
1.888653,8.181397
1.889063,8.181397
1.889473,8.181397
1.889883,8.181397
1.890293,8.181397
1.890703,8.181397
1.891113,8.181397
1.891523,8.181397
1.891933,8.181397
1.892343,8.181397
1.892753,8.181397
1.893163,8.181397
1.893573,8.181397
1.893983,8.181397
1.894393,8.181397
1.894803,8.181397
1.895213,8.181397
1.895623,8.181397
1.896033,8.181397
1.896443,8.181397
1.896853,8.181397
1.897263,8.181397
1.897673,8.181397
1.898083,8.181397
1.898493,8.181397
1.898903,8.181397
1.899313,8.181397
1.899723,8.181397
1.900133,8.181397
1.900543,8.181397
1.900953,8.181397
1.901363,8.181397
1.901773,8.181397
1.902183,8.181397
1.902593,8.181397
1.903003,8.181397
1.903413,8.181397
1.903823,8.181397
1.904233,8.181397
1.904643,8.181397
1.905054,8.181397
1.905464,8.181397
1.905874,8.181397
1.906284,8.181397
1.906694,8.181397
1.907104,8.181397
1.907514,8.181397
1.907924,8.181397
1.908334,8.181397
1.908744,8.181397
1.909154,8.181397
1.909564,8.181397
1.909974,8.181397
1.910384,8.181397
1.910794,8.181397
1.911204,8.181397
1.911614,8.181397
1.912024,8.181397
1.912434,8.181397
1.912844,8.181397
1.913254,8.181397
1.913664,8.181397
1.914074,8.181397
1.914484,8.181397
1.914894,8.181397
1.915304,8.181397
1.915714,8.181397
1.916124,8.181397
1.916534,8.181397
1.916944,8.181397
1.917354,8.181397
1.917764,8.181397
1.918174,8.181397
1.918584,8.181397
1.918994,8.181397
1.919404,8.181397
1.919814,8.181397
1.920224,8.181397
1.920634,8.181397
1.921044,8.181397
1.921454,8.181397
1.921864,8.181397
1.922274,8.181397
1.922684,8.181397
1.923094,8.181397
1.923504,8.181397
1.923914,8.181397
1.924324,8.181397
1.924734,8.181397
1.925144,8.181397
1.925554,8.181397
1.925964,8.181397
1.926374,8.181397
1.926784,8.181397
1.927194,8.181397
1.927604,8.181397
1.928014,8.181397
1.928424,8.181397
1.928834,8.181397
1.929244,8.181397
1.929654,8.181397
1.930064,8.181397
1.930474,8.181397
1.930884,8.181397
1.931294,8.181397
1.931704,8.181397
1.932114,8.181397
1.932524,8.181397
1.932934,8.181397
1.933344,8.181397
1.933754,8.181397
1.934164,8.181397
1.934574,8.181397
1.934984,8.181397
1.935395,8.181397
1.935805,8.181397
1.936215,8.181397
1.936625,8.181397
1.937035,8.181397
1.937445,8.181397
1.937855,8.181397
1.938265,8.181397
1.938675,8.181397
1.939085,8.181397
1.939495,8.181397
1.939905,8.181397
1.940315,8.181397
1.940725,8.181397
1.941135,8.181397
1.941545,8.181397
1.941955,8.181397
1.942365,8.181397
1.942775,8.181397
1.943185,8.181397
1.943595,8.181397
1.944005,8.181397
1.944415,8.181397
1.944825,8.181397
1.945235,8.181397
1.945645,8.181397
1.946055,8.181397
1.946465,8.181397
1.946875,8.181397
1.947285,8.181397
1.947695,8.181397
1.948105,8.181397
1.948515,8.181397
1.948925,8.181397
1.949335,8.181397
1.949745,8.181397
1.950155,8.181397
1.950565,8.181397
1.950975,8.181397
1.951385,8.181397
1.951795,8.181397
1.952205,8.181397
1.952615,8.181397
1.953025,8.181397
1.953435,8.181397
1.953845,8.181397
1.954255,8.181397
1.954665,8.181397
1.955075,8.181397
1.955485,8.181397
1.955895,8.181397
1.956305,8.181397
1.956715,8.181397
1.957125,8.181397
1.957535,8.181397
1.957945,8.181397
1.958355,8.181397
1.958765,8.181397
1.959175,8.181397
1.959585,8.181397
1.959995,8.181397
1.960405,8.181397
1.960815,8.181397
1.961225,8.181397
1.961635,8.181397
1.962045,8.181397
1.962455,8.181397
1.962865,8.181397
1.963275,8.181397
1.963685,8.181397
1.964095,8.181397
1.964505,8.181397
1.964915,8.181397
1.965326,8.181397
1.965736,8.181397
1.966146,8.181397
1.966556,8.181397
1.966966,8.181397
1.967376,8.181397
1.967786,8.181397
1.968196,8.181397
1.968606,8.181397
1.969016,8.181397
1.969426,8.181397
1.969836,8.181397
1.970246,8.181397
1.970656,8.181397
1.971066,8.181397
1.971476,8.181397
1.971886,8.181397
1.972296,8.181397
1.972706,8.181397
1.973116,8.181397
1.973526,8.181397
1.973936,8.181397
1.974346,8.181397
1.974756,8.181397
1.975166,8.181397
1.975576,8.181397
1.975986,8.181397
1.976396,8.181397
1.976806,8.181397
1.977216,8.181397
1.977626,8.181397
1.978036,8.181397
1.978446,8.181397
1.978856,8.181397
1.979266,8.181397
1.979676,8.181397
1.980086,8.181397
1.980496,8.181397
1.980906,8.181397
1.981316,8.181397
1.981726,8.181397
1.982136,8.181397
1.982546,8.181397
1.982956,8.181397
1.983366,8.181397
1.983776,8.181397
1.984186,8.181397
1.984596,8.181397
1.985006,8.181397
1.985416,8.181397
1.985826,8.181397
1.986236,8.181397
1.986646,8.181397
1.987056,8.181397
1.987466,8.181397
1.987876,8.181397
1.988286,8.181397
1.988696,8.181397
1.989106,8.181397
1.989516,8.181397
1.989926,8.181397
1.990336,8.181397
1.990746,8.181397
1.991156,8.181397
1.991566,8.181397
1.991976,8.181397
1.992386,8.181397
1.992796,8.181397
1.993206,8.181397
1.993616,8.181397
1.994026,8.181397
1.994436,8.181397
1.994846,8.181397
1.995257,8.181397
1.995667,8.181397
1.996077,8.181397
1.996487,8.181397
1.996897,8.181397
1.997307,8.181397
1.997717,8.181397
1.998127,8.181397
1.998537,8.181397
1.998947,8.181397
1.999357,8.181397
1.999767,8.181397
2.000177,8.181397
2.000587,8.181397
2.000997,8.181397
2.001407,8.181397
2.001817,8.181397
2.002227,8.181397
2.002637,8.181397
2.003047,8.181397
2.003457,8.181397
2.003867,8.181397
2.004277,8.181397
2.004687,8.181397
2.005097,8.181397
2.005507,8.181397
2.005917,8.181397
2.006327,8.181397
2.006737,8.181397
2.007147,8.181397
2.007557,8.181397
2.007967,8.181397
2.008377,8.181397
2.008787,8.181397
2.009197,8.181397
2.009607,8.181397
2.010017,8.181397
2.010427,8.181397
2.010837,8.181397
2.011247,8.181397
2.011657,8.181397
2.012067,8.181397
2.012477,8.181397
2.012887,8.181397
2.013297,8.181397
2.013707,8.181397
2.014117,8.181397
2.014527,8.181397
2.014937,8.181397
2.015347,8.181397
2.015757,8.181397
2.016167,8.181397
2.016577,8.181397
2.016987,8.181397
2.017397,8.181397
2.017807,8.181397
2.018217,8.181397
2.018627,8.181397
2.019037,8.181397
2.019447,8.181397
2.019857,8.181397
2.020267,8.181397
2.020677,8.181397
2.021087,8.181397
2.021497,8.181397
2.021907,8.181397
2.022317,8.181397
2.022727,8.181397
2.023137,8.181397
2.023547,8.181397
2.023957,8.181397
2.024367,8.181397
2.024777,8.181397
2.025188,8.181397
2.025598,8.181397
2.026008,8.181397
2.026418,8.181397
2.026828,8.181397
2.027238,8.181397
2.027648,8.181397
2.028058,8.181397
2.028468,8.181397
2.028878,8.181397
2.029288,8.181397
2.029698,8.181397
2.030108,8.181397
2.030518,8.181397
2.030928,8.181397
2.031338,8.181397
2.031748,8.181397
2.032158,8.181397
2.032568,8.181397
2.032978,8.181397
2.033388,8.181397
2.033798,8.181397
2.034208,8.181397
2.034618,8.181397
2.035028,8.181397
2.035438,8.181397
2.035848,8.181397
2.036258,8.181397
2.036668,8.181397
2.037078,8.181397
2.037488,8.181397
2.037898,8.181397
2.038308,8.181397
2.038718,8.181397
2.039128,8.181397
2.039538,8.181397
2.039948,8.181397
2.040358,8.181397
2.040768,8.181397
2.041178,8.181397
2.041588,8.181397
2.041998,8.181397
2.042408,8.181397
2.042818,8.181397
2.043228,8.181397
2.043638,8.181397
2.044048,8.181397
2.044458,8.181397
2.044868,8.181397
2.045278,8.181397
2.045688,8.181397
2.046098,8.181397
2.046508,8.181397
2.046918,8.181397
2.047328,8.181397
2.047738,8.181397
2.048148,8.181397
2.048558,8.181397
2.048968,8.181397
2.049378,8.181397
2.049788,8.181397
2.050198,8.181397
2.050608,8.181397
2.051018,8.181397
2.051428,8.181397
2.051838,8.181397
2.052248,8.181397
2.052658,8.181397
2.053068,8.181397
2.053478,8.181397
2.053888,8.181397
2.054298,8.181397
2.054708,8.181397
2.055119,8.181397
2.055529,8.181397
2.055939,8.181397
2.056349,8.181397
2.056759,8.181397
2.057169,8.181397
2.057579,8.181397
2.057989,8.181397
2.058399,8.181397
2.058809,8.181397
2.059219,8.181397
2.059629,8.181397
2.060039,8.181397
2.060449,8.181397
2.060859,8.181397
2.061269,8.181397
2.061679,8.181397
2.062089,8.181397
2.062499,8.181397
2.062909,8.181397
2.063319,8.181397
2.063729,8.181397
2.064139,8.181397
2.064549,8.181397
2.064959,8.181397
2.065369,8.181397
2.065779,8.181397
2.066189,8.181397
2.066599,8.181397
2.067009,8.181397
2.067419,8.181397
2.067829,8.181397
2.068239,8.181397
2.068649,8.181397
2.069059,8.181397
2.069469,8.181397
2.069879,8.181397
2.070289,8.181397
2.070699,8.181397
2.071109,8.181397
2.071519,8.181397
2.071929,8.181397
2.072339,8.181397
2.072749,8.181397
2.073159,8.181397
2.073569,8.181397
2.073979,8.181397
2.074389,8.181397
2.074799,8.181397
2.075209,8.181397
2.075619,8.181397
2.076029,8.181397
2.076439,8.181397
2.076849,8.181397
2.077259,8.181397
2.077669,8.181397
2.078079,8.181397
2.078489,8.181397
2.078899,8.181397
2.079309,8.181397
2.079719,8.181397
2.080129,8.181397
2.080539,8.181397
2.080949,8.181397
2.081359,8.181397
2.081769,8.181397
2.082179,8.181397
2.082589,8.181397
2.082999,8.181397
2.083409,8.181397
2.083819,8.181397
2.084229,8.181397
2.084639,8.181397
2.085050,8.181397
2.085460,8.181397
2.085870,8.181397
2.086280,8.181397
2.086690,8.181397
2.087100,8.181397
2.087510,8.181397
2.087920,8.181397
2.088330,8.181397
2.088740,8.181397
2.089150,8.181397
2.089560,8.181397
2.089970,8.181397
2.090380,8.181397
2.090790,8.181397
2.091200,8.181397
2.091610,8.181397
2.092020,8.181397
2.092430,8.181397
2.092840,8.181397
2.093250,8.181397
2.093660,8.181397
2.094070,8.181397
2.094480,8.181397
2.094890,8.181397
2.095300,8.181397
2.095710,8.181397
2.096120,8.181397
2.096530,8.181397
2.096940,8.181397
2.097350,8.181397
2.097760,8.181397
2.098170,8.181397
2.098580,8.181397
2.098990,8.181397
2.099400,8.181397
2.099810,8.181397
2.100220,8.181397
2.100630,8.181397
2.101040,8.181397
2.101450,8.181397
2.101860,8.181397
2.102270,8.181397
2.102680,8.181397
2.103090,8.181397
2.103500,8.181397
2.103910,8.181397
2.104320,8.181397
2.104730,8.181397
2.105140,8.181397
2.105550,8.181397
2.105960,8.181397
2.106370,8.181397
2.106780,8.181397
2.107190,8.181397
2.107600,8.181397
2.108010,8.181397
2.108420,8.181397
2.108830,8.181397
2.109240,8.181397
2.109650,8.181397
2.110060,8.181397
2.110470,8.181397
2.110880,8.181397
2.111290,8.181397
2.111700,8.181397
2.112110,8.181397
2.112520,8.181397
2.112930,8.181397
2.113340,8.181397
2.113750,8.181397
2.114160,8.181397
2.114570,8.181397
2.114980,8.181397
2.115391,8.181397
2.115801,8.181397
2.116211,8.181397
2.116621,8.181397
2.117031,8.181397
2.117441,8.181397
2.117851,8.181397
2.118261,8.181397
2.118671,8.181397
2.119081,8.181397
2.119491,8.181397
2.119901,8.181397
2.120311,8.181397
2.120721,8.181397
2.121131,8.181397
2.121541,8.181397
2.121951,8.181397
2.122361,8.181397
2.122771,8.181397
2.123181,8.181397
2.123591,8.181397
2.124001,8.181397
2.124411,8.181397
2.124821,8.181397
2.125231,8.181397
2.125641,8.181397
2.126051,8.181397
2.126461,8.181397
2.126871,8.181397
2.127281,8.181397
2.127691,8.181397
2.128101,8.181397
2.128511,8.181397
2.128921,8.181397
2.129331,8.181397
2.129741,8.181397
2.130151,8.181397
2.130561,8.181397
2.130971,8.181397
2.131381,8.181397
2.131791,8.181397
2.132201,8.181397
2.132611,8.181397
2.133021,8.181397
2.133431,8.181397
2.133841,8.181397
2.134251,8.181397
2.134661,8.181397
2.135071,8.181397
2.135481,8.181397
2.135891,8.181397
2.136301,8.181397
2.136711,8.181397
2.137121,8.181397
2.137531,8.181397
2.137941,8.181397
2.138351,8.181397
2.138761,8.181397
2.139171,8.181397
2.139581,8.181397
2.139991,8.181397
2.140401,8.181397
2.140811,8.181397
2.141221,8.181397
2.141631,8.181397
2.142041,8.181397
2.142451,8.181397
2.142861,8.181397
2.143271,8.181397
2.143681,8.181397
2.144091,8.181397
2.144501,8.181397
2.144911,8.181397
2.145322,8.181397
2.145732,8.181397
2.146142,8.181397
2.146552,8.181397
2.146962,8.181397
2.147372,8.181397
2.147782,8.181397
2.148192,8.181397
2.148602,8.181397
2.149012,8.181397
2.149422,8.181397
2.149832,8.181397
2.150242,8.181397
2.150652,8.181397
2.151062,8.181397
2.151472,8.181397
2.151882,8.181397
2.152292,8.181397
2.152702,8.181397
2.153112,8.181397
2.153522,8.181397
2.153932,8.181397
2.154342,8.181397
2.154752,8.181397
2.155162,8.181397
2.155572,8.181397
2.155982,8.181397
2.156392,8.181397
2.156802,8.181397
2.157212,8.181397
2.157622,8.181397
2.158032,8.181397
2.158442,8.181397
2.158852,8.181397
2.159262,8.181397
2.159672,8.181397
2.160082,8.181397
2.160492,8.181397
2.160902,8.181397
2.161312,8.181397
2.161722,8.181397
2.162132,8.181397
2.162542,8.181397
2.162952,8.181397
2.163362,8.181397
2.163772,8.181397
2.164182,8.181397
2.164592,8.181397
2.165002,8.181397
2.165412,8.181397
2.165822,8.181397
2.166232,8.181397
2.166642,8.181397
2.167052,8.181397
2.167462,8.181397
2.167872,8.181397
2.168282,8.181397
2.168692,8.181397
2.169102,8.181397
2.169512,8.181397
2.169922,8.181397
2.170332,8.181397
2.170742,8.181397
2.171152,8.181397
2.171562,8.181397
2.171972,8.181397
2.172382,8.181397
2.172792,8.181397
2.173202,8.181397
2.173612,8.181397
2.174022,8.181397
2.174432,8.181397
2.174842,8.181397
2.175253,8.181397
2.175663,8.181397
2.176073,8.181397
2.176483,8.181397
2.176893,8.181397
2.177303,8.181397
2.177713,8.181397
2.178123,8.181397
2.178533,8.181397
2.178943,8.181397
2.179353,8.181397
2.179763,8.181397
2.180173,8.181397
2.180583,8.181397
2.180993,8.181397
2.181403,8.181397
2.181813,8.181397
2.182223,8.181397
2.182633,8.181397
2.183043,8.181397
2.183453,8.181397
2.183863,8.181397
2.184273,8.181397
2.184683,8.181397
2.185093,8.181397
2.185503,8.181397
2.185913,8.181397
2.186323,8.181397
2.186733,8.181397
2.187143,8.181397
2.187553,8.181397
2.187963,8.181397
2.188373,8.181397
2.188783,8.181397
2.189193,8.181397
2.189603,8.181397
2.190013,8.181397
2.190423,8.181397
2.190833,8.181397
2.191243,8.181397
2.191653,8.181397
2.192063,8.181397
2.192473,8.181397
2.192883,8.181397
2.193293,8.181397
2.193703,8.181397
2.194113,8.181397
2.194523,8.181397
2.194933,8.181397
2.195343,8.181397
2.195753,8.181397
2.196163,8.181397
2.196573,8.181397
2.196983,8.181397
2.197393,8.181397
2.197803,8.181397
2.198213,8.181397
2.198623,8.181397
2.199033,8.181397
2.199443,8.181397
2.199853,8.181397
2.200263,8.181397
2.200673,8.181397
2.201083,8.181397
2.201493,8.181397
2.201903,8.181397
2.202313,8.181397
2.202723,8.181397
2.203133,8.181397
2.203543,8.181397
2.203953,8.181397
2.204363,8.181397
2.204773,8.181397
2.205184,8.181397
2.205594,8.181397
2.206004,8.181397
2.206414,8.181397
2.206824,8.181397
2.207234,8.181397
2.207644,8.181397
2.208054,8.181397
2.208464,8.181397
2.208874,8.181397
2.209284,8.181397
2.209694,8.181397
2.210104,8.181397
2.210514,8.181397
2.210924,8.181397
2.211334,8.181397
2.211744,8.181397
2.212154,8.181397
2.212564,8.181397
2.212974,8.181397
2.213384,8.181397
2.213794,8.181397
2.214204,8.181397
2.214614,8.181397
2.215024,8.181397
2.215434,8.181397
2.215844,8.181397
2.216254,8.181397
2.216664,8.181397
2.217074,8.181397
2.217484,8.181397
2.217894,8.181397
2.218304,8.181397
2.218714,8.181397
2.219124,8.181397
2.219534,8.181397
2.219944,8.181397
2.220354,8.181397
2.220764,8.181397
2.221174,8.181397
2.221584,8.181397
2.221994,8.181397
2.222404,8.181397
2.222814,8.181397
2.223224,8.181397
2.223634,8.181397
2.224044,8.181397
2.224454,8.181397
2.224864,8.181397
2.225274,8.181397
2.225684,8.181397
2.226094,8.181397
2.226504,8.181397
2.226914,8.181397
2.227324,8.181397
2.227734,8.181397
2.228144,8.181397
2.228554,8.181397
2.228964,8.181397
2.229374,8.181397
2.229784,8.181397
2.230194,8.181397
2.230604,8.181397
2.231014,8.181397
2.231424,8.181397
2.231834,8.181397
2.232244,8.181397
2.232654,8.181397
2.233064,8.181397
2.233474,8.181397
2.233884,8.181397
2.234294,8.181397
2.234704,8.181397
2.235115,8.181397
2.235525,8.181397
2.235935,8.181397
2.236345,8.181397
2.236755,8.181397
2.237165,8.181397
2.237575,8.181397
2.237985,8.181397
2.238395,8.181397
2.238805,8.181397
2.239215,8.181397
2.239625,8.181397
2.240035,8.181397
2.240445,8.181397
2.240855,8.181397
2.241265,8.181397
2.241675,8.181397
2.242085,8.181397
2.242495,8.181397
2.242905,8.181397
2.243315,8.181397
2.243725,8.181397
2.244135,8.181397
2.244545,8.181397
2.244955,8.181397
2.245365,8.181397
2.245775,8.181397
2.246185,8.181397
2.246595,8.181397
2.247005,8.181397
2.247415,8.181397
2.247825,8.181397
2.248235,8.181397
2.248645,8.181397
2.249055,8.181397
2.249465,8.181397
2.249875,8.181397
2.250285,8.181397
2.250695,8.181397
2.251105,8.181397
2.251515,8.181397
2.251925,8.181397
2.252335,8.181397
2.252745,8.181397
2.253155,8.181397
2.253565,8.181397
2.253975,8.181397
2.254385,8.181397
2.254795,8.181397
2.255205,8.181397
2.255615,8.181397
2.256025,8.181397
2.256435,8.181397
2.256845,8.181397
2.257255,8.181397
2.257665,8.181397
2.258075,8.181397
2.258485,8.181397
2.258895,8.181397
2.259305,8.181397
2.259715,8.181397
2.260125,8.181397
2.260535,8.181397
2.260945,8.181397
2.261355,8.181397
2.261765,8.181397
2.262175,8.181397
2.262585,8.181397
2.262995,8.181397
2.263405,8.181397
2.263815,8.181397
2.264225,8.181397
2.264635,8.181397
2.265046,8.181397
2.265456,8.181397
2.265866,8.181397
2.266276,8.181397
2.266686,8.181397
2.267096,8.181397
2.267506,8.181397
2.267916,8.181397
2.268326,8.181397
2.268736,8.181397
2.269146,8.181397
2.269556,8.181397
2.269966,8.181397
2.270376,8.181397
2.270786,8.181397
2.271196,8.181397
2.271606,8.181397
2.272016,8.181397
2.272426,8.181397
2.272836,8.181397
2.273246,8.181397
2.273656,8.181397
2.274066,8.181397
2.274476,8.181397
2.274886,8.181397
2.275296,8.181397
2.275706,8.181397
2.276116,8.181397
2.276526,8.181397
2.276936,8.181397
2.277346,8.181397
2.277756,8.181397
2.278166,8.181397
2.278576,8.181397
2.278986,8.181397
2.279396,8.181397
2.279806,8.181397
2.280216,8.181397
2.280626,8.181397
2.281036,8.181397
2.281446,8.181397
2.281856,8.181397
2.282266,8.181397
2.282676,8.181397
2.283086,8.181397
2.283496,8.181397
2.283906,8.181397
2.284316,8.181397
2.284726,8.181397
2.285136,8.181397
2.285546,8.181397
2.285956,8.181397
2.286366,8.181397
2.286776,8.181397
2.287186,8.181397
2.287596,8.181397
2.288006,8.181397
2.288416,8.181397
2.288826,8.181397
2.289236,8.181397
2.289646,8.181397
2.290056,8.181397
2.290466,8.181397
2.290876,8.181397
2.291286,8.181397
2.291696,8.181397
2.292106,8.181397
2.292516,8.181397
2.292926,8.181397
2.293336,8.181397
2.293746,8.181397
2.294156,8.181397
2.294566,8.181397
2.294976,8.181397
2.295387,8.181397
2.295797,8.181397
2.296207,8.181397
2.296617,8.181397
2.297027,8.181397
2.297437,8.181397
2.297847,8.181397
2.298257,8.181397
2.298667,8.181397
2.299077,8.181397
2.299487,8.181397
2.299897,8.181397
2.300307,8.181397
2.300717,8.181397
2.301127,8.181397
2.301537,8.181397
2.301947,8.181397
2.302357,8.181397
2.302767,8.181397
2.303177,8.181397
2.303587,8.181397
2.303997,8.181397
2.304407,8.181397
2.304817,8.181397
2.305227,8.181397
2.305637,8.181397
2.306047,8.181397
2.306457,8.181397
2.306867,8.181397
2.307277,8.181397
2.307687,8.181397
2.308097,8.181397
2.308507,8.181397
2.308917,8.181397
2.309327,8.181397
2.309737,8.181397
2.310147,8.181397
2.310557,8.181397
2.310967,8.181397
2.311377,8.181397
2.311787,8.181397
2.312197,8.181397
2.312607,8.181397
2.313017,8.181397
2.313427,8.181397
2.313837,8.181397
2.314247,8.181397
2.314657,8.181397
2.315067,8.181397
2.315477,8.181397
2.315887,8.181397
2.316297,8.181397
2.316707,8.181397
2.317117,8.181397
2.317527,8.181397
2.317937,8.181397
2.318347,8.181397
2.318757,8.181397
2.319167,8.181397
2.319577,8.181397
2.319987,8.181397
2.320397,8.181397
2.320807,8.181397
2.321217,8.181397
2.321627,8.181397
2.322037,8.181397
2.322447,8.181397
2.322857,8.181397
2.323267,8.181397
2.323677,8.181397
2.324087,8.181397
2.324497,8.181397
2.324907,8.181397
2.325318,8.181397
2.325728,8.181397
2.326138,8.181397
2.326548,8.181397
2.326958,8.181397
2.327368,8.181397
2.327778,8.181397
2.328188,8.181397
2.328598,8.181397
2.329008,8.181397
2.329418,8.181397
2.329828,8.181397
2.330238,8.181397
2.330648,8.181397
2.331058,8.181397
2.331468,8.181397
2.331878,8.181397
2.332288,8.181397
2.332698,8.181397
2.333108,8.181397
2.333518,8.181397
2.333928,8.181397
2.334338,8.181397
2.334748,8.181397
2.335158,8.181397
2.335568,8.181397
2.335978,8.181397
2.336388,8.181397
2.336798,8.181397
2.337208,8.181397
2.337618,8.181397
2.338028,8.181397
2.338438,8.181397
2.338848,8.181397
2.339258,8.181397
2.339668,8.181397
2.340078,8.181397
2.340488,8.181397
2.340898,8.181397
2.341308,8.181397
2.341718,8.181397
2.342128,8.181397
2.342538,8.181397
2.342948,8.181397
2.343358,8.181397
2.343768,8.181397
2.344178,8.181397
2.344588,8.181397
2.344998,8.181397
2.345408,8.181397
2.345818,8.181397
2.346228,8.181397
2.346638,8.181397
2.347048,8.181397
2.347458,8.181397
2.347868,8.181397
2.348278,8.181397
2.348688,8.181397
2.349098,8.181397
2.349508,8.181397
2.349918,8.181397
2.350328,8.181397
2.350738,8.181397
2.351148,8.181397
2.351558,8.181397
2.351968,8.181397
2.352378,8.181397
2.352788,8.181397
2.353198,8.181397
2.353608,8.181397
2.354018,8.181397
2.354428,8.181397
2.354838,8.181397
2.355249,8.181397
2.355659,8.181397
2.356069,8.181397
2.356479,8.181397
2.356889,8.181397
2.357299,8.181397
2.357709,8.181397
2.358119,8.181397
2.358529,8.181397
2.358939,8.181397
2.359349,8.181397
2.359759,8.181397
2.360169,8.181397
2.360579,8.181397
2.360989,8.181397
2.361399,8.181397
2.361809,8.181397
2.362219,8.181397
2.362629,8.181397
2.363039,8.181397
2.363449,8.181397
2.363859,8.181397
2.364269,8.181397
2.364679,8.181397
2.365089,8.181397
2.365499,8.181397
2.365909,8.181397
2.366319,8.181397
2.366729,8.181397
2.367139,8.181397
2.367549,8.181397
2.367959,8.181397
2.368369,8.181397
2.368779,8.181397
2.369189,8.181397
2.369599,8.181397
2.370009,8.181397
2.370419,8.181397
2.370829,8.181397
2.371239,8.181397
2.371649,8.181397
2.372059,8.181397
2.372469,8.181397
2.372879,8.181397
2.373289,8.181397
2.373699,8.181397
2.374109,8.181397
2.374519,8.181397
2.374929,8.181397
2.375339,8.181397
2.375749,8.181397
2.376159,8.181397
2.376569,8.181397
2.376979,8.181397
2.377389,8.181397
2.377799,8.181397
2.378209,8.181397
2.378619,8.181397
2.379029,8.181397
2.379439,8.181397
2.379849,8.181397
2.380259,8.181397
2.380669,8.181397
2.381079,8.181397
2.381489,8.181397
2.381899,8.181397
2.382309,8.181397
2.382719,8.181397
2.383129,8.181397
2.383539,8.181397
2.383949,8.181397
2.384359,8.181397
2.384769,8.181397
2.385180,8.181397
2.385590,8.181397
2.386000,8.181397
2.386410,8.181397
2.386820,8.181397
2.387230,8.181397
2.387640,8.181397
2.388050,8.181397
2.388460,8.181397
2.388870,8.181397
2.389280,8.181397
2.389690,8.181397
2.390100,8.181397
2.390510,8.181397
2.390920,8.181397
2.391330,8.181397
2.391740,8.181397
2.392150,8.181397
2.392560,8.181397
2.392970,8.181397
2.393380,8.181397
2.393790,8.181397
2.394200,8.181397
2.394610,8.181397
2.395020,8.181397
2.395430,8.181397
2.395840,8.181397
2.396250,8.181397
2.396660,8.181397
2.397070,8.181397
2.397480,8.181397
2.397890,8.181397
2.398300,8.181397
2.398710,8.181397
2.399120,8.181397
2.399530,8.181397
2.399940,8.181397
2.400350,8.181397
2.400760,8.181397
2.401170,8.181397
2.401580,8.181397
2.401990,8.181397
2.402400,8.181397
2.402810,8.181397
2.403220,8.181397
2.403630,8.181397
2.404040,8.181397
2.404450,8.181397
2.404860,8.181397
2.405270,8.181397
2.405680,8.181397
2.406090,8.181397
2.406500,8.181397
2.406910,8.181397
2.407320,8.181397
2.407730,8.181397
2.408140,8.181397
2.408550,8.181397
2.408960,8.181397
2.409370,8.181397
2.409780,8.181397
2.410190,8.181397
2.410600,8.181397
2.411010,8.181397
2.411420,8.181397
2.411830,8.181397
2.412240,8.181397
2.412650,8.181397
2.413060,8.181397
2.413470,8.181397
2.413880,8.181397
2.414290,8.181397
2.414700,8.181397
2.415111,8.181397
2.415521,8.181397
2.415931,8.181397
2.416341,8.181397
2.416751,8.181397
2.417161,8.181397
2.417571,8.181397
2.417981,8.181397
2.418391,8.181397
2.418801,8.181397
2.419211,8.181397
2.419621,8.181397
2.420031,8.181397
2.420441,8.181397
2.420851,8.181397
2.421261,8.181397
2.421671,8.181397
2.422081,8.181397
2.422491,8.181397
2.422901,8.181397
2.423311,8.181397
2.423721,8.181397
2.424131,8.181397
2.424541,8.181397
2.424951,8.181397
2.425361,8.181397
2.425771,8.181397
2.426181,8.181397
2.426591,8.181397
2.427001,8.181397
2.427411,8.181397
2.427821,8.181397
2.428231,8.181397
2.428641,8.181397
2.429051,8.181397
2.429461,8.181397
2.429871,8.181397
2.430281,8.181397
2.430691,8.181397
2.431101,8.181397
2.431511,8.181397
2.431921,8.181397
2.432331,8.181397
2.432741,8.181397
2.433151,8.181397
2.433561,8.181397
2.433971,8.181397
2.434381,8.181397
2.434791,8.181397
2.435201,8.181397
2.435611,8.181397
2.436021,8.181397
2.436431,8.181397
2.436841,8.181397
2.437251,8.181397
2.437661,8.181397
2.438071,8.181397
2.438481,8.181397
2.438891,8.181397
2.439301,8.181397
2.439711,8.181397
2.440121,8.181397
2.440531,8.181397
2.440941,8.181397
2.441351,8.181397
2.441761,8.181397
2.442171,8.181397
2.442581,8.181397
2.442991,8.181397
2.443401,8.181397
2.443811,8.181397
2.444221,8.181397
2.444631,8.181397
2.445042,8.181397
2.445452,8.181397
2.445862,8.181397
2.446272,8.181397
2.446682,8.181397
2.447092,8.181397
2.447502,8.181397
2.447912,8.181397
2.448322,8.181397
2.448732,8.181397
2.449142,8.181397
2.449552,8.181397
2.449962,8.181397
2.450372,8.181397
2.450782,8.181397
2.451192,8.181397
2.451602,8.181397
2.452012,8.181397
2.452422,8.181397
2.452832,8.181397
2.453242,8.181397
2.453652,8.181397
2.454062,8.181397
2.454472,8.181397
2.454882,8.181397
2.455292,8.181397
2.455702,8.181397
2.456112,8.181397
2.456522,8.181397
2.456932,8.181397
2.457342,8.181397
2.457752,8.181397
2.458162,8.181397
2.458572,8.181397
2.458982,8.181397
2.459392,8.181397
2.459802,8.181397
2.460212,8.181397
2.460622,8.181397
2.461032,8.181397
2.461442,8.181397
2.461852,8.181397
2.462262,8.181397
2.462672,8.181397
2.463082,8.181397
2.463492,8.181397
2.463902,8.181397
2.464312,8.181397
2.464722,8.181397
2.465132,8.181397
2.465542,8.181397
2.465952,8.181397
2.466362,8.181397
2.466772,8.181397
2.467182,8.181397
2.467592,8.181397
2.468002,8.181397
2.468412,8.181397
2.468822,8.181397
2.469232,8.181397
2.469642,8.181397
2.470052,8.181397
2.470462,8.181397
2.470872,8.181397
2.471282,8.181397
2.471692,8.181397
2.472102,8.181397
2.472512,8.181397
2.472922,8.181397
2.473332,8.181397
2.473742,8.181397
2.474152,8.181397
2.474562,8.181397
2.474972,8.181397
2.475383,8.181397
2.475793,8.181397
2.476203,8.181397
2.476613,8.181397
2.477023,8.181397
2.477433,8.181397
2.477843,8.181397
2.478253,8.181397
2.478663,8.181397
2.479073,8.181397
2.479483,8.181397
2.479893,8.181397
2.480303,8.181397
2.480713,8.181397
2.481123,8.181397
2.481533,8.181397
2.481943,8.181397
2.482353,8.181397
2.482763,8.181397
2.483173,8.181397
2.483583,8.181397
2.483993,8.181397
2.484403,8.181397
2.484813,8.181397
2.485223,8.181397
2.485633,8.181397
2.486043,8.181397
2.486453,8.181397
2.486863,8.181397
2.487273,8.181397
2.487683,8.181397
2.488093,8.181397
2.488503,8.181397
2.488913,8.181397
2.489323,8.181397
2.489733,8.181397
2.490143,8.181397
2.490553,8.181397
2.490963,8.181397
2.491373,8.181397
2.491783,8.181397
2.492193,8.181397
2.492603,8.181397
2.493013,8.181397
2.493423,8.181397
2.493833,8.181397
2.494243,8.181397
2.494653,8.181397
2.495063,8.181397
2.495473,8.181397
2.495883,8.181397
2.496293,8.181397
2.496703,8.181397
2.497113,8.181397
2.497523,8.181397
2.497933,8.181397
2.498343,8.181397
2.498753,8.181397
2.499163,8.181397
2.499573,8.181397
2.499983,8.181397
2.500393,8.181397
2.500803,8.181397
2.501213,8.181397
2.501623,8.181397
2.502033,8.181397
2.502443,8.181397
2.502853,8.181397
2.503263,8.181397
2.503673,8.181397
2.504083,8.181397
2.504493,8.181397
2.504903,8.181397
2.505314,8.181397
2.505724,8.181397
2.506134,8.181397
2.506544,8.181397
2.506954,8.181397
2.507364,8.181397
2.507774,8.181397
2.508184,8.181397
2.508594,8.181397
2.509004,8.181397
2.509414,8.181397
2.509824,8.181397
2.510234,8.181397
2.510644,8.181397
2.511054,8.181397
2.511464,8.181397
2.511874,8.181397
2.512284,8.181397
2.512694,8.181397
2.513104,8.181397
2.513514,8.181397
2.513924,8.181397
2.514334,8.181397
2.514744,8.181397
2.515154,8.181397
2.515564,8.181397
2.515974,8.181397
2.516384,8.181397
2.516794,8.181397
2.517204,8.181397
2.517614,8.181397
2.518024,8.181397
2.518434,8.181397
2.518844,8.181397
2.519254,8.181397
2.519664,8.181397
2.520074,8.181397
2.520484,8.181397
2.520894,8.181397
2.521304,8.181397
2.521714,8.181397
2.522124,8.181397
2.522534,8.181397
2.522944,8.181397
2.523354,8.181397
2.523764,8.181397
2.524174,8.181397
2.524584,8.181397
2.524994,8.181397
2.525404,8.181397
2.525814,8.181397
2.526224,8.181397
2.526634,8.181397
2.527044,8.181397
2.527454,8.181397
2.527864,8.181397
2.528274,8.181397
2.528684,8.181397
2.529094,8.181397
2.529504,8.181397
2.529914,8.181397
2.530324,8.181397
2.530734,8.181397
2.531144,8.181397
2.531554,8.181397
2.531964,8.181397
2.532374,8.181397
2.532784,8.181397
2.533194,8.181397
2.533604,8.181397
2.534014,8.181397
2.534424,8.181397
2.534834,8.181397
2.535245,8.181397
2.535655,8.181397
2.536065,8.181397
2.536475,8.181397
2.536885,8.181397
2.537295,8.181397
2.537705,8.181397
2.538115,8.181397
2.538525,8.181397
2.538935,8.181397
2.539345,8.181397
2.539755,8.181397
2.540165,8.181397
2.540575,8.181397
2.540985,8.181397
2.541395,8.181397
2.541805,8.181397
2.542215,8.181397
2.542625,8.181397
2.543035,8.181397
2.543445,8.181397
2.543855,8.181397
2.544265,8.181397
2.544675,8.181397
2.545085,8.181397
2.545495,8.181397
2.545905,8.181397
2.546315,8.181397
2.546725,8.181397
2.547135,8.181397
2.547545,8.181397
2.547955,8.181397
2.548365,8.181397
2.548775,8.181397
2.549185,8.181397
2.549595,8.181397
2.550005,8.181397
2.550415,8.181397
2.550825,8.181397
2.551235,8.181397
2.551645,8.181397
2.552055,8.181397
2.552465,8.181397
2.552875,8.181397
2.553285,8.181397
2.553695,8.181397
2.554105,8.181397
2.554515,8.181397
2.554925,8.181397
2.555335,8.181397
2.555745,8.181397
2.556155,8.181397
2.556565,8.181397
2.556975,8.181397
2.557385,8.181397
2.557795,8.181397
2.558205,8.181397
2.558615,8.181397
2.559025,8.181397
2.559435,8.181397
2.559845,8.181397
2.560255,8.181397
2.560665,8.181397
2.561075,8.181397
2.561485,8.181397
2.561895,8.181397
2.562305,8.181397
2.562715,8.181397
2.563125,8.181397
2.563535,8.181397
2.563945,8.181397
2.564355,8.181397
2.564765,8.181397
2.565176,8.181397
2.565586,8.181397
2.565996,8.181397
2.566406,8.181397
2.566816,8.181397
2.567226,8.181397
2.567636,8.181397
2.568046,8.181397
2.568456,8.181397
2.568866,8.181397
2.569276,8.181397
2.569686,8.181397
2.570096,8.181397
2.570506,8.181397
2.570916,8.181397
2.571326,8.181397
2.571736,8.181397
2.572146,8.181397
2.572556,8.181397
2.572966,8.181397
2.573376,8.181397
2.573786,8.181397
2.574196,8.181397
2.574606,8.181397
2.575016,8.181397
2.575426,8.181397
2.575836,8.181397
2.576246,8.181397
2.576656,8.181397
2.577066,8.181397
2.577476,8.181397
2.577886,8.181397
2.578296,8.181397
2.578706,8.181397
2.579116,8.181397
2.579526,8.181397
2.579936,8.181397
2.580346,8.181397
2.580756,8.181397
2.581166,8.181397
2.581576,8.181397
2.581986,8.181397
2.582396,8.181397
2.582806,8.181397
2.583216,8.181397
2.583626,8.181397
2.584036,8.181397
2.584446,8.181397
2.584856,8.181397
2.585266,8.181397
2.585676,8.181397
2.586086,8.181397
2.586496,8.181397
2.586906,8.181397
2.587316,8.181397
2.587726,8.181397
2.588136,8.181397
2.588546,8.181397
2.588956,8.181397
2.589366,8.181397
2.589776,8.181397
2.590186,8.181397
2.590596,8.181397
2.591006,8.181397
2.591416,8.181397
2.591826,8.181397
2.592236,8.181397
2.592646,8.181397
2.593056,8.181397
2.593466,8.181397
2.593876,8.181397
2.594286,8.181397
2.594696,8.181397
2.595107,8.181397
2.595517,8.181397
2.595927,8.181397
2.596337,8.181397
2.596747,8.181397
2.597157,8.181397
2.597567,8.181397
2.597977,8.181397
2.598387,8.181397
2.598797,8.181397
2.599207,8.181397
2.599617,8.181397
2.600027,8.181397
2.600437,8.181397
2.600847,8.181397
2.601257,8.181397
2.601667,8.181397
2.602077,8.181397
2.602487,8.181397
2.602897,8.181397
2.603307,8.181397
2.603717,8.181397
2.604127,8.181397
2.604537,8.181397
2.604947,8.181397
2.605357,8.181397
2.605767,8.181397
2.606177,8.181397
2.606587,8.181397
2.606997,8.181397
2.607407,8.181397
2.607817,8.181397
2.608227,8.181397
2.608637,8.181397
2.609047,8.181397
2.609457,8.181397
2.609867,8.181397
2.610277,8.181397
2.610687,8.181397
2.611097,8.181397
2.611507,8.181397
2.611917,8.181397
2.612327,8.181397
2.612737,8.181397
2.613147,8.181397
2.613557,8.181397
2.613967,8.181397
2.614377,8.181397
2.614787,8.181397
2.615197,8.181397
2.615607,8.181397
2.616017,8.181397
2.616427,8.181397
2.616837,8.181397
2.617247,8.181397
2.617657,8.181397
2.618067,8.181397
2.618477,8.181397
2.618887,8.181397
2.619297,8.181397
2.619707,8.181397
2.620117,8.181397
2.620527,8.181397
2.620937,8.181397
2.621347,8.181397
2.621757,8.181397
2.622167,8.181397
2.622577,8.181397
2.622987,8.181397
2.623397,8.181397
2.623807,8.181397
2.624217,8.181397
2.624627,8.181397
2.625038,8.181397
2.625448,8.181397
2.625858,8.181397
2.626268,8.181397
2.626678,8.181397
2.627088,8.181397
2.627498,8.181397
2.627908,8.181397
2.628318,8.181397
2.628728,8.181397
2.629138,8.181397
2.629548,8.181397
2.629958,8.181397
2.630368,8.181397
2.630778,8.181397
2.631188,8.181397
2.631598,8.181397
2.632008,8.181397
2.632418,8.181397
2.632828,8.181397
2.633238,8.181397
2.633648,8.181397
2.634058,8.181397
2.634468,8.181397
2.634878,8.181397
2.635288,8.181397
2.635698,8.181397
2.636108,8.181397
2.636518,8.181397
2.636928,8.181397
2.637338,8.181397
2.637748,8.181397
2.638158,8.181397
2.638568,8.181397
2.638978,8.181397
2.639388,8.181397
2.639798,8.181397
2.640208,8.181397
2.640618,8.181397
2.641028,8.181397
2.641438,8.181397
2.641848,8.181397
2.642258,8.181397
2.642668,8.181397
2.643078,8.181397
2.643488,8.181397
2.643898,8.181397
2.644308,8.181397
2.644718,8.181397
2.645128,8.181397
2.645538,8.181397
2.645948,8.181397
2.646358,8.181397
2.646768,8.181397
2.647178,8.181397
2.647588,8.181397
2.647998,8.181397
2.648408,8.181397
2.648818,8.181397
2.649228,8.181397
2.649638,8.181397
2.650048,8.181397
2.650458,8.181397
2.650868,8.181397
2.651278,8.181397
2.651688,8.181397
2.652098,8.181397
2.652508,8.181397
2.652918,8.181397
2.653328,8.181397
2.653738,8.181397
2.654148,8.181397
2.654558,8.181397
2.654968,8.181397
2.655379,8.181397
2.655789,8.181397
2.656199,8.181397
2.656609,8.181397
2.657019,8.181397
2.657429,8.181397
2.657839,8.181397
2.658249,8.181397
2.658659,8.181397
2.659069,8.181397
2.659479,8.181397
2.659889,8.181397
2.660299,8.181397
2.660709,8.181397
2.661119,8.181397
2.661529,8.181397
2.661939,8.181397
2.662349,8.181397
2.662759,8.181397
2.663169,8.181397
2.663579,8.181397
2.663989,8.181397
2.664399,8.181397
2.664809,8.181397
2.665219,8.181397
2.665629,8.181397
2.666039,8.181397
2.666449,8.181397
2.666859,8.181397
2.667269,8.181397
2.667679,8.181397
2.668089,8.181397
2.668499,8.181397
2.668909,8.181397
2.669319,8.181397
2.669729,8.181397
2.670139,8.181397
2.670549,8.181397
2.670959,8.181397
2.671369,8.181397
2.671779,8.181397
2.672189,8.181397
2.672599,8.181397
2.673009,8.181397
2.673419,8.181397
2.673829,8.181397
2.674239,8.181397
2.674649,8.181397
2.675059,8.181397
2.675469,8.181397
2.675879,8.181397
2.676289,8.181397
2.676699,8.181397
2.677109,8.181397
2.677519,8.181397
2.677929,8.181397
2.678339,8.181397
2.678749,8.181397
2.679159,8.181397
2.679569,8.181397
2.679979,8.181397
2.680389,8.181397
2.680799,8.181397
2.681209,8.181397
2.681619,8.181397
2.682029,8.181397
2.682439,8.181397
2.682849,8.181397
2.683259,8.181397
2.683669,8.181397
2.684079,8.181397
2.684489,8.181397
2.684899,8.181397
2.685310,8.181397
2.685720,8.181397
2.686130,8.181397
2.686540,8.181397
2.686950,8.181397
2.687360,8.181397
2.687770,8.181397
2.688180,8.181397
2.688590,8.181397
2.689000,8.181397
2.689410,8.181397
2.689820,8.181397
2.690230,8.181397
2.690640,8.181397
2.691050,8.181397
2.691460,8.181397
2.691870,8.181397
2.692280,8.181397
2.692690,8.181397
2.693100,8.181397
2.693510,8.181397
2.693920,8.181397
2.694330,8.181397
2.694740,8.181397
2.695150,8.181397
2.695560,8.181397
2.695970,8.181397
2.696380,8.181397
2.696790,8.181397
2.697200,8.181397
2.697610,8.181397
2.698020,8.181397
2.698430,8.181397
2.698840,8.181397
2.699250,8.181397
2.699660,8.181397
2.700070,8.181397
2.700480,8.181397
2.700890,8.181397
2.701300,8.181397
2.701710,8.181397
2.702120,8.181397
2.702530,8.181397
2.702940,8.181397
2.703350,8.181397
2.703760,8.181397
2.704170,8.181397
2.704580,8.181397
2.704990,8.181397
2.705400,8.181397
2.705810,8.181397
2.706220,8.181397
2.706630,8.181397
2.707040,8.181397
2.707450,8.181397
2.707860,8.181397
2.708270,8.181397
2.708680,8.181397
2.709090,8.181397
2.709500,8.181397
2.709910,8.181397
2.710320,8.181397
2.710730,8.181397
2.711140,8.181397
2.711550,8.181397
2.711960,8.181397
2.712370,8.181397
2.712780,8.181397
2.713190,8.181397
2.713600,8.181397
2.714010,8.181397
2.714420,8.181397
2.714830,8.181397
2.715241,8.181397
2.715651,8.181397
2.716061,8.181397
2.716471,8.181397
2.716881,8.181397
2.717291,8.181397
2.717701,8.181397
2.718111,8.181397
2.718521,8.181397
2.718931,8.181397
2.719341,8.181397
2.719751,8.181397
2.720161,8.181397
2.720571,8.181397
2.720981,8.181397
2.721391,8.181397
2.721801,8.181397
2.722211,8.181397
2.722621,8.181397
2.723031,8.181397
2.723441,8.181397
2.723851,8.181397
2.724261,8.181397
2.724671,8.181397
2.725081,8.181397
2.725491,8.181397
2.725901,8.181397
2.726311,8.181397
2.726721,8.181397
2.727131,8.181397
2.727541,8.181397
2.727951,8.181397
2.728361,8.181397
2.728771,8.181397
2.729181,8.181397
2.729591,8.181397
2.730001,8.181397
2.730411,8.181397
2.730821,8.181397
2.731231,8.181397
2.731641,8.181397
2.732051,8.181397
2.732461,8.181397
2.732871,8.181397
2.733281,8.181397
2.733691,8.181397
2.734101,8.181397
2.734511,8.181397
2.734921,8.181397
2.735331,8.181397
2.735741,8.181397
2.736151,8.181397
2.736561,8.181397
2.736971,8.181397
2.737381,8.181397
2.737791,8.181397
2.738201,8.181397
2.738611,8.181397
2.739021,8.181397
2.739431,8.181397
2.739841,8.181397
2.740251,8.181397
2.740661,8.181397
2.741071,8.181397
2.741481,8.181397
2.741891,8.181397
2.742301,8.181397
2.742711,8.181397
2.743121,8.181397
2.743531,8.181397
2.743941,8.181397
2.744351,8.181397
2.744761,8.181397
2.745172,8.181397
2.745582,8.181397
2.745992,8.181397
2.746402,8.181397
2.746812,8.181397
2.747222,8.181397
2.747632,8.181397
2.748042,8.181397
2.748452,8.181397
2.748862,8.181397
2.749272,8.181397
2.749682,8.181397
2.750092,8.181397
2.750502,8.181397
2.750912,8.181397
2.751322,8.181397
2.751732,8.181397
2.752142,8.181397
2.752552,8.181397
2.752962,8.181397
2.753372,8.181397
2.753782,8.181397
2.754192,8.181397
2.754602,8.181397
2.755012,8.181397
2.755422,8.181397
2.755832,8.181397
2.756242,8.181397
2.756652,8.181397
2.757062,8.181397
2.757472,8.181397
2.757882,8.181397
2.758292,8.181397
2.758702,8.181397
2.759112,8.181397
2.759522,8.181397
2.759932,8.181397
2.760342,8.181397
2.760752,8.181397
2.761162,8.181397
2.761572,8.181397
2.761982,8.181397
2.762392,8.181397
2.762802,8.181397
2.763212,8.181397
2.763622,8.181397
2.764032,8.181397
2.764442,8.181397
2.764852,8.181397
2.765262,8.181397
2.765672,8.181397
2.766082,8.181397
2.766492,8.181397
2.766902,8.181397
2.767312,8.181397
2.767722,8.181397
2.768132,8.181397
2.768542,8.181397
2.768952,8.181397
2.769362,8.181397
2.769772,8.181397
2.770182,8.181397
2.770592,8.181397
2.771002,8.181397
2.771412,8.181397
2.771822,8.181397
2.772232,8.181397
2.772642,8.181397
2.773052,8.181397
2.773462,8.181397
2.773872,8.181397
2.774282,8.181397
2.774692,8.181397
2.775103,8.181397
2.775513,8.181397
2.775923,8.181397
2.776333,8.181397
2.776743,8.181397
2.777153,8.181397
2.777563,8.181397
2.777973,8.181397
2.778383,8.181397
2.778793,8.181397
2.779203,8.181397
2.779613,8.181397
2.780023,8.181397
2.780433,8.181397
2.780843,8.181397
2.781253,8.181397
2.781663,8.181397
2.782073,8.181397
2.782483,8.181397
2.782893,8.181397
2.783303,8.181397
2.783713,8.181397
2.784123,8.181397
2.784533,8.181397
2.784943,8.181397
2.785353,8.181397
2.785763,8.181397
2.786173,8.181397
2.786583,8.181397
2.786993,8.181397
2.787403,8.181397
2.787813,8.181397
2.788223,8.181397
2.788633,8.181397
2.789043,8.181397
2.789453,8.181397
2.789863,8.181397
2.790273,8.181397
2.790683,8.181397
2.791093,8.181397
2.791503,8.181397
2.791913,8.181397
2.792323,8.181397
2.792733,8.181397
2.793143,8.181397
2.793553,8.181397
2.793963,8.181397
2.794373,8.181397
2.794783,8.181397
2.795193,8.181397
2.795603,8.181397
2.796013,8.181397
2.796423,8.181397
2.796833,8.181397
2.797243,8.181397
2.797653,8.181397
2.798063,8.181397
2.798473,8.181397
2.798883,8.181397
2.799293,8.181397
2.799703,8.181397
2.800113,8.181397
2.800523,8.181397
2.800933,8.181397
2.801343,8.181397
2.801753,8.181397
2.802163,8.181397
2.802573,8.181397
2.802983,8.181397
2.803393,8.181397
2.803803,8.181397
2.804213,8.181397
2.804623,8.181397
2.805034,8.181397
2.805444,8.181397
2.805854,8.181397
2.806264,8.181397
2.806674,8.181397
2.807084,8.181397
2.807494,8.181397
2.807904,8.181397
2.808314,8.181397
2.808724,8.181397
2.809134,8.181397
2.809544,8.181397
2.809954,8.181397
2.810364,8.181397
2.810774,8.181397
2.811184,8.181397
2.811594,8.181397
2.812004,8.181397
2.812414,8.181397
2.812824,8.181397
2.813234,8.181397
2.813644,8.181397
2.814054,8.181397
2.814464,8.181397
2.814874,8.181397
2.815284,8.181397
2.815694,8.181397
2.816104,8.181397
2.816514,8.181397
2.816924,8.181397
2.817334,8.181397
2.817744,8.181397
2.818154,8.181397
2.818564,8.181397
2.818974,8.181397
2.819384,8.181397
2.819794,8.181397
2.820204,8.181397
2.820614,8.181397
2.821024,8.181397
2.821434,8.181397
2.821844,8.181397
2.822254,8.181397
2.822664,8.181397
2.823074,8.181397
2.823484,8.181397
2.823894,8.181397
2.824304,8.181397
2.824714,8.181397
2.825124,8.181397
2.825534,8.181397
2.825944,8.181397
2.826354,8.181397
2.826764,8.181397
2.827174,8.181397
2.827584,8.181397
2.827994,8.181397
2.828404,8.181397
2.828814,8.181397
2.829224,8.181397
2.829634,8.181397
2.830044,8.181397
2.830454,8.181397
2.830864,8.181397
2.831274,8.181397
2.831684,8.181397
2.832094,8.181397
2.832504,8.181397
2.832914,8.181397
2.833324,8.181397
2.833734,8.181397
2.834144,8.181397
2.834554,8.181397
2.834964,8.181397
2.835375,8.181397
2.835785,8.181397
2.836195,8.181397
2.836605,8.181397
2.837015,8.181397
2.837425,8.181397
2.837835,8.181397
2.838245,8.181397
2.838655,8.181397
2.839065,8.181397
2.839475,8.181397
2.839885,8.181397
2.840295,8.181397
2.840705,8.181397
2.841115,8.181397
2.841525,8.181397
2.841935,8.181397
2.842345,8.181397
2.842755,8.181397
2.843165,8.181397
2.843575,8.181397
2.843985,8.181397
2.844395,8.181397
2.844805,8.181397
2.845215,8.181397
2.845625,8.181397
2.846035,8.181397
2.846445,8.181397
2.846855,8.181397
2.847265,8.181397
2.847675,8.181397
2.848085,8.181397
2.848495,8.181397
2.848905,8.181397
2.849315,8.181397
2.849725,8.181397
2.850135,8.181397
2.850545,8.181397
2.850955,8.181397
2.851365,8.181397
2.851775,8.181397
2.852185,8.181397
2.852595,8.181397
2.853005,8.181397
2.853415,8.181397
2.853825,8.181397
2.854235,8.181397
2.854645,8.181397
2.855055,8.181397
2.855465,8.181397
2.855875,8.181397
2.856285,8.181397
2.856695,8.181397
2.857105,8.181397
2.857515,8.181397
2.857925,8.181397
2.858335,8.181397
2.858745,8.181397
2.859155,8.181397
2.859565,8.181397
2.859975,8.181397
2.860385,8.181397
2.860795,8.181397
2.861205,8.181397
2.861615,8.181397
2.862025,8.181397
2.862435,8.181397
2.862845,8.181397
2.863255,8.181397
2.863665,8.181397
2.864075,8.181397
2.864485,8.181397
2.864895,8.181397
2.865306,8.181397
2.865716,8.181397
2.866126,8.181397
2.866536,8.181397
2.866946,8.181397
2.867356,8.181397
2.867766,8.181397
2.868176,8.181397
2.868586,8.181397
2.868996,8.181397
2.869406,8.181397
2.869816,8.181397
2.870226,8.181397
2.870636,8.181397
2.871046,8.181397
2.871456,8.181397
2.871866,8.181397
2.872276,8.181397
2.872686,8.181397
2.873096,8.181397
2.873506,8.181397
2.873916,8.181397
2.874326,8.181397
2.874736,8.181397
2.875146,8.181397
2.875556,8.181397
2.875966,8.181397
2.876376,8.181397
2.876786,8.181397
2.877196,8.181397
2.877606,8.181397
2.878016,8.181397
2.878426,8.181397
2.878836,8.181397
2.879246,8.181397
2.879656,8.181397
2.880066,8.181397
2.880476,8.181397
2.880886,8.181397
2.881296,8.181397
2.881706,8.181397
2.882116,8.181397
2.882526,8.181397
2.882936,8.181397
2.883346,8.181397
2.883756,8.181397
2.884166,8.181397
2.884576,8.181397
2.884986,8.181397
2.885396,8.181397
2.885806,8.181397
2.886216,8.181397
2.886626,8.181397
2.887036,8.181397
2.887446,8.181397
2.887856,8.181397
2.888266,8.181397
2.888676,8.181397
2.889086,8.181397
2.889496,8.181397
2.889906,8.181397
2.890316,8.181397
2.890726,8.181397
2.891136,8.181397
2.891546,8.181397
2.891956,8.181397
2.892366,8.181397
2.892776,8.181397
2.893186,8.181397
2.893596,8.181397
2.894006,8.181397
2.894416,8.181397
2.894826,8.181397
2.895237,8.181397
2.895647,8.181397
2.896057,8.181397
2.896467,8.181397
2.896877,8.181397
2.897287,8.181397
2.897697,8.181397
2.898107,8.181397
2.898517,8.181397
2.898927,8.181397
2.899337,8.181397
2.899747,8.181397
2.900157,8.181397
2.900567,8.181397
2.900977,8.181397
2.901387,8.181397
2.901797,8.181397
2.902207,8.181397
2.902617,8.181397
2.903027,8.181397
2.903437,8.181397
2.903847,8.181397
2.904257,8.181397
2.904667,8.181397
2.905077,8.181397
2.905487,8.181397
2.905897,8.181397
2.906307,8.181397
2.906717,8.181397
2.907127,8.181397
2.907537,8.181397
2.907947,8.181397
2.908357,8.181397
2.908767,8.181397
2.909177,8.181397
2.909587,8.181397
2.909997,8.181397
2.910407,8.181397
2.910817,8.181397
2.911227,8.181397
2.911637,8.181397
2.912047,8.181397
2.912457,8.181397
2.912867,8.181397
2.913277,8.181397
2.913687,8.181397
2.914097,8.181397
2.914507,8.181397
2.914917,8.181397
2.915327,8.181397
2.915737,8.181397
2.916147,8.181397
2.916557,8.181397
2.916967,8.181397
2.917377,8.181397
2.917787,8.181397
2.918197,8.181397
2.918607,8.181397
2.919017,8.181397
2.919427,8.181397
2.919837,8.181397
2.920247,8.181397
2.920657,8.181397
2.921067,8.181397
2.921477,8.181397
2.921887,8.181397
2.922297,8.181397
2.922707,8.181397
2.923117,8.181397
2.923527,8.181397
2.923937,8.181397
2.924347,8.181397
2.924757,8.181397
2.925168,8.181397
2.925578,8.181397
2.925988,8.181397
2.926398,8.181397
2.926808,8.181397
2.927218,8.181397
2.927628,8.181397
2.928038,8.181397
2.928448,8.181397
2.928858,8.181397
2.929268,8.181397
2.929678,8.181397
2.930088,8.181397
2.930498,8.181397
2.930908,8.181397
2.931318,8.181397
2.931728,8.181397
2.932138,8.181397
2.932548,8.181397
2.932958,8.181397
2.933368,8.181397
2.933778,8.181397
2.934188,8.181397
2.934598,8.181397
2.935008,8.181397
2.935418,8.181397
2.935828,8.181397
2.936238,8.181397
2.936648,8.181397
2.937058,8.181397
2.937468,8.181397
2.937878,8.181397
2.938288,8.181397
2.938698,8.181397
2.939108,8.181397
2.939518,8.181397
2.939928,8.181397
2.940338,8.181397
2.940748,8.181397
2.941158,8.181397
2.941568,8.181397
2.941978,8.181397
2.942388,8.181397
2.942798,8.181397
2.943208,8.181397
2.943618,8.181397
2.944028,8.181397
2.944438,8.181397
2.944848,8.181397
2.945258,8.181397
2.945668,8.181397
2.946078,8.181397
2.946488,8.181397
2.946898,8.181397
2.947308,8.181397
2.947718,8.181397
2.948128,8.181397
2.948538,8.181397
2.948948,8.181397
2.949358,8.181397
2.949768,8.181397
2.950178,8.181397
2.950588,8.181397
2.950998,8.181397
2.951408,8.181397
2.951818,8.181397
2.952228,8.181397
2.952638,8.181397
2.953048,8.181397
2.953458,8.181397
2.953868,8.181397
2.954278,8.181397
2.954688,8.181397
2.955099,8.181397
2.955509,8.181397
2.955919,8.181397
2.956329,8.181397
2.956739,8.181397
2.957149,8.181397
2.957559,8.181397
2.957969,8.181397
2.958379,8.181397
2.958789,8.181397
2.959199,8.181397
2.959609,8.181397
2.960019,8.181397
2.960429,8.181397
2.960839,8.181397
2.961249,8.181397
2.961659,8.181397
2.962069,8.181397
2.962479,8.181397
2.962889,8.181397
2.963299,8.181397
2.963709,8.181397
2.964119,8.181397
2.964529,8.181397
2.964939,8.181397
2.965349,8.181397
2.965759,8.181397
2.966169,8.181397
2.966579,8.181397
2.966989,8.181397
2.967399,8.181397
2.967809,8.181397
2.968219,8.181397
2.968629,8.181397
2.969039,8.181397
2.969449,8.181397
2.969859,8.181397
2.970269,8.181397
2.970679,8.181397
2.971089,8.181397
2.971499,8.181397
2.971909,8.181397
2.972319,8.181397
2.972729,8.181397
2.973139,8.181397
2.973549,8.181397
2.973959,8.181397
2.974369,8.181397
2.974779,8.181397
2.975189,8.181397
2.975599,8.181397
2.976009,8.181397
2.976419,8.181397
2.976829,8.181397
2.977239,8.181397
2.977649,8.181397
2.978059,8.181397
2.978469,8.181397
2.978879,8.181397
2.979289,8.181397
2.979699,8.181397
2.980109,8.181397
2.980519,8.181397
2.980929,8.181397
2.981339,8.181397
2.981749,8.181397
2.982159,8.181397
2.982569,8.181397
2.982979,8.181397
2.983389,8.181397
2.983799,8.181397
2.984209,8.181397
2.984619,8.181397
2.985030,8.181397
2.985440,8.181397
2.985850,8.181397
2.986260,8.181397
2.986670,8.181397
2.987080,8.181397
2.987490,8.181397
2.987900,8.181397
2.988310,8.181397
2.988720,8.181397
2.989130,8.181397
2.989540,8.181397
2.989950,8.181397
2.990360,8.181397
2.990770,8.181397
2.991180,8.181397
2.991590,8.181397
2.992000,8.181397
2.992410,8.181397
2.992820,8.181397
2.993230,8.181397
2.993640,8.181397
2.994050,8.181397
2.994460,8.181397
2.994870,8.181397
2.995280,8.181397
2.995690,8.181397
2.996100,8.181397
2.996510,8.181397
2.996920,8.181397
2.997330,8.181397
2.997740,8.181397
2.998150,8.181397
2.998560,8.181397
2.998970,8.181397
2.999380,8.181397
2.999790,8.181397
3.000200,8.181397
3.000610,8.181397
3.001020,8.181397
3.001430,8.181397
3.001840,8.181397
3.002250,8.181397
3.002660,8.181397
3.003070,8.181397
3.003480,8.181397
3.003890,8.181397
3.004300,8.181397
3.004710,8.181397
3.005120,8.181397
3.005530,8.181397
3.005940,8.181397
3.006350,8.181397
3.006760,8.181397
3.007170,8.181397
3.007580,8.181397
3.007990,8.181397
3.008400,8.181397
3.008810,8.181397
3.009220,8.181397
3.009630,8.181397
3.010040,8.181397
3.010450,8.181397
3.010860,8.181397
3.011270,8.181397
3.011680,8.181397
3.012090,8.181397
3.012500,8.181397
3.012910,8.181397
3.013320,8.181397
3.013730,8.181397
3.014140,8.181397
3.014550,8.181397
3.014960,8.181397
3.015371,8.181397
3.015781,8.181397
3.016191,8.181397
3.016601,8.181397
3.017011,8.181397
3.017421,8.181397
3.017831,8.181397
3.018241,8.181397
3.018651,8.181397
3.019061,8.181397
3.019471,8.181397
3.019881,8.181397
3.020291,8.181397
3.020701,8.181397
3.021111,8.181397
3.021521,8.181397
3.021931,8.181397
3.022341,8.181397
3.022751,8.181397
3.023161,8.181397
3.023571,8.181397
3.023981,8.181397
3.024391,8.181397
3.024801,8.181397
3.025211,8.181397
3.025621,8.181397
3.026031,8.181397
3.026441,8.181397
3.026851,8.181397
3.027261,8.181397
3.027671,8.181397
3.028081,8.181397
3.028491,8.181397
3.028901,8.181397
3.029311,8.181397
3.029721,8.181397
3.030131,8.181397
3.030541,8.181397
3.030951,8.181397
3.031361,8.181397
3.031771,8.181397
3.032181,8.181397
3.032591,8.181397
3.033001,8.181397
3.033411,8.181397
3.033821,8.181397
3.034231,8.181397
3.034641,8.181397
3.035051,8.181397
3.035461,8.181397
3.035871,8.181397
3.036281,8.181397
3.036691,8.181397
3.037101,8.181397
3.037511,8.181397
3.037921,8.181397
3.038331,8.181397
3.038741,8.181397
3.039151,8.181397
3.039561,8.181397
3.039971,8.181397
3.040381,8.181397
3.040791,8.181397
3.041201,8.181397
3.041611,8.181397
3.042021,8.181397
3.042431,8.181397
3.042841,8.181397
3.043251,8.181397
3.043661,8.181397
3.044071,8.181397
3.044481,8.181397
3.044891,8.181397
3.045302,8.181397
3.045712,8.181397
3.046122,8.181397
3.046532,8.181397
3.046942,8.181397
3.047352,8.181397
3.047762,8.181397
3.048172,8.181397
3.048582,8.181397
3.048992,8.181397
3.049402,8.181397
3.049812,8.181397
3.050222,8.181397
3.050632,8.181397
3.051042,8.181397
3.051452,8.181397
3.051862,8.181397
3.052272,8.181397
3.052682,8.181397
3.053092,8.181397
3.053502,8.181397
3.053912,8.181397
3.054322,8.181397
3.054732,8.181397
3.055142,8.181397
3.055552,8.181397
3.055962,8.181397
3.056372,8.181397
3.056782,8.181397
3.057192,8.181397
3.057602,8.181397
3.058012,8.181397
3.058422,8.181397
3.058832,8.181397
3.059242,8.181397
3.059652,8.181397
3.060062,8.181397
3.060472,8.181397
3.060882,8.181397
3.061292,8.181397
3.061702,8.181397
3.062112,8.181397
3.062522,8.181397
3.062932,8.181397
3.063342,8.181397
3.063752,8.181397
3.064162,8.181397
3.064572,8.181397
3.064982,8.181397
3.065392,8.181397
3.065802,8.181397
3.066212,8.181397
3.066622,8.181397
3.067032,8.181397
3.067442,8.181397
3.067852,8.181397
3.068262,8.181397
3.068672,8.181397
3.069082,8.181397
3.069492,8.181397
3.069902,8.181397
3.070312,8.181397
3.070722,8.181397
3.071132,8.181397
3.071542,8.181397
3.071952,8.181397
3.072362,8.181397
3.072772,8.181397
3.073182,8.181397
3.073592,8.181397
3.074002,8.181397
3.074412,8.181397
3.074822,8.181397
3.075233,8.181397
3.075643,8.181397
3.076053,8.181397
3.076463,8.181397
3.076873,8.181397
3.077283,8.181397
3.077693,8.181397
3.078103,8.181397
3.078513,8.181397
3.078923,8.181397
3.079333,8.181397
3.079743,8.181397
3.080153,8.181397
3.080563,8.181397
3.080973,8.181397
3.081383,8.181397
3.081793,8.181397
3.082203,8.181397
3.082613,8.181397
3.083023,8.181397
3.083433,8.181397
3.083843,8.181397
3.084253,8.181397
3.084663,8.181397
3.085073,8.181397
3.085483,8.181397
3.085893,8.181397
3.086303,8.181397
3.086713,8.181397
3.087123,8.181397
3.087533,8.181397
3.087943,8.181397
3.088353,8.181397
3.088763,8.181397
3.089173,8.181397
3.089583,8.181397
3.089993,8.181397
3.090403,8.181397
3.090813,8.181397
3.091223,8.181397
3.091633,8.181397
3.092043,8.181397
3.092453,8.181397
3.092863,8.181397
3.093273,8.181397
3.093683,8.181397
3.094093,8.181397
3.094503,8.181397
3.094913,8.181397
3.095323,8.181397
3.095733,8.181397
3.096143,8.181397
3.096553,8.181397
3.096963,8.181397
3.097373,8.181397
3.097783,8.181397
3.098193,8.181397
3.098603,8.181397
3.099013,8.181397
3.099423,8.181397
3.099833,8.181397
3.100243,8.181397
3.100653,8.181397
3.101063,8.181397
3.101473,8.181397
3.101883,8.181397
3.102293,8.181397
3.102703,8.181397
3.103113,8.181397
3.103523,8.181397
3.103933,8.181397
3.104343,8.181397
3.104753,8.181397
3.105164,8.181397
3.105574,8.181397
3.105984,8.181397
3.106394,8.181397
3.106804,8.181397
3.107214,8.181397
3.107624,8.181397
3.108034,8.181397
3.108444,8.181397
3.108854,8.181397
3.109264,8.181397
3.109674,8.181397
3.110084,8.181397
3.110494,8.181397
3.110904,8.181397
3.111314,8.181397
3.111724,8.181397
3.112134,8.181397
3.112544,8.181397
3.112954,8.181397
3.113364,8.181397
3.113774,8.181397
3.114184,8.181397
3.114594,8.181397
3.115004,8.181397
3.115414,8.181397
3.115824,8.181397
3.116234,8.181397
3.116644,8.181397
3.117054,8.181397
3.117464,8.181397
3.117874,8.181397
3.118284,8.181397
3.118694,8.181397
3.119104,8.181397
3.119514,8.181397
3.119924,8.181397
3.120334,8.181397
3.120744,8.181397
3.121154,8.181397
3.121564,8.181397
3.121974,8.181397
3.122384,8.181397
3.122794,8.181397
3.123204,8.181397
3.123614,8.181397
3.124024,8.181397
3.124434,8.181397
3.124844,8.181397
3.125254,8.181397
3.125664,8.181397
3.126074,8.181397
3.126484,8.181397
3.126894,8.181397
3.127304,8.181397
3.127714,8.181397
3.128124,8.181397
3.128534,8.181397
3.128944,8.181397
3.129354,8.181397
3.129764,8.181397
3.130174,8.181397
3.130584,8.181397
3.130994,8.181397
3.131404,8.181397
3.131814,8.181397
3.132224,8.181397
3.132634,8.181397
3.133044,8.181397
3.133454,8.181397
3.133864,8.181397
3.134274,8.181397
3.134684,8.181397
3.135095,8.181397
3.135505,8.181397
3.135915,8.181397
3.136325,8.181397
3.136735,8.181397
3.137145,8.181397
3.137555,8.181397
3.137965,8.181397
3.138375,8.181397
3.138785,8.181397
3.139195,8.181397
3.139605,8.181397
3.140015,8.181397
3.140425,8.181397
3.140835,8.181397
3.141245,8.181397
3.141655,8.181397
3.142065,8.181397
3.142475,8.181397
3.142885,8.181397
3.143295,8.181397
3.143705,8.181397
3.144115,8.181397
3.144525,8.181397
3.144935,8.181397
3.145345,8.181397
3.145755,8.181397
3.146165,8.181397
3.146575,8.181397
3.146985,8.181397
3.147395,8.181397
3.147805,8.181397
3.148215,8.181397
3.148625,8.181397
3.149035,8.181397
3.149445,8.181397
3.149855,8.181397
3.150265,8.181397
3.150675,8.181397
3.151085,8.181397
3.151495,8.181397
3.151905,8.181397
3.152315,8.181397
3.152725,8.181397
3.153135,8.181397
3.153545,8.181397
3.153955,8.181397
3.154365,8.181397
3.154775,8.181397
3.155185,8.181397
3.155595,8.181397
3.156005,8.181397
3.156415,8.181397
3.156825,8.181397
3.157235,8.181397
3.157645,8.181397
3.158055,8.181397
3.158465,8.181397
3.158875,8.181397
3.159285,8.181397
3.159695,8.181397
3.160105,8.181397
3.160515,8.181397
3.160925,8.181397
3.161335,8.181397
3.161745,8.181397
3.162155,8.181397
3.162565,8.181397
3.162975,8.181397
3.163385,8.181397
3.163795,8.181397
3.164205,8.181397
3.164615,8.181397
3.165026,8.181397
3.165436,8.181397
3.165846,8.181397
3.166256,8.181397
3.166666,8.181397
3.167076,8.181397
3.167486,8.181397
3.167896,8.181397
3.168306,8.181397
3.168716,8.181397
3.169126,8.181397
3.169536,8.181397
3.169946,8.181397
3.170356,8.181397
3.170766,8.181397
3.171176,8.181397
3.171586,8.181397
3.171996,8.181397
3.172406,8.181397
3.172816,8.181397
3.173226,8.181397
3.173636,8.181397
3.174046,8.181397
3.174456,8.181397
3.174866,8.181397
3.175276,8.181397
3.175686,8.181397
3.176096,8.181397
3.176506,8.181397
3.176916,8.181397
3.177326,8.181397
3.177736,8.181397
3.178146,8.181397
3.178556,8.181397
3.178966,8.181397
3.179376,8.181397
3.179786,8.181397
3.180196,8.181397
3.180606,8.181397
3.181016,8.181397
3.181426,8.181397
3.181836,8.181397
3.182246,8.181397
3.182656,8.181397
3.183066,8.181397
3.183476,8.181397
3.183886,8.181397
3.184296,8.181397
3.184706,8.181397
3.185116,8.181397
3.185526,8.181397
3.185936,8.181397
3.186346,8.181397
3.186756,8.181397
3.187166,8.181397
3.187576,8.181397
3.187986,8.181397
3.188396,8.181397
3.188806,8.181397
3.189216,8.181397
3.189626,8.181397
3.190036,8.181397
3.190446,8.181397
3.190856,8.181397
3.191266,8.181397
3.191676,8.181397
3.192086,8.181397
3.192496,8.181397
3.192906,8.181397
3.193316,8.181397
3.193726,8.181397
3.194136,8.181397
3.194546,8.181397
3.194956,8.181397
3.195367,8.181397
3.195777,8.181397
3.196187,8.181397
3.196597,8.181397
3.197007,8.181397
3.197417,8.181397
3.197827,8.181397
3.198237,8.181397
3.198647,8.181397
3.199057,8.181397
3.199467,8.181397
3.199877,8.181397
3.200287,8.181397
3.200697,8.181397
3.201107,8.181397
3.201517,8.181397
3.201927,8.181397
3.202337,8.181397
3.202747,8.181397
3.203157,8.181397
3.203567,8.181397
3.203977,8.181397
3.204387,8.181397
3.204797,8.181397
3.205207,8.181397
3.205617,8.181397
3.206027,8.181397
3.206437,8.181397
3.206847,8.181397
3.207257,8.181397
3.207667,8.181397
3.208077,8.181397
3.208487,8.181397
3.208897,8.181397
3.209307,8.181397
3.209717,8.181397
3.210127,8.181397
3.210537,8.181397
3.210947,8.181397
3.211357,8.181397
3.211767,8.181397
3.212177,8.181397
3.212587,8.181397
3.212997,8.181397
3.213407,8.181397
3.213817,8.181397
3.214227,8.181397
3.214637,8.181397
3.215047,8.181397
3.215457,8.181397
3.215867,8.181397
3.216277,8.181397
3.216687,8.181397
3.217097,8.181397
3.217507,8.181397
3.217917,8.181397
3.218327,8.181397
3.218737,8.181397
3.219147,8.181397
3.219557,8.181397
3.219967,8.181397
3.220377,8.181397
3.220787,8.181397
3.221197,8.181397
3.221607,8.181397
3.222017,8.181397
3.222427,8.181397
3.222837,8.181397
3.223247,8.181397
3.223657,8.181397
3.224067,8.181397
3.224477,8.181397
3.224887,8.181397
3.225298,8.181397
3.225708,8.181397
3.226118,8.181397
3.226528,8.181397
3.226938,8.181397
3.227348,8.181397
3.227758,8.181397
3.228168,8.181397
3.228578,8.181397
3.228988,8.181397
3.229398,8.181397
3.229808,8.181397
3.230218,8.181397
3.230628,8.181397
3.231038,8.181397
3.231448,8.181397
3.231858,8.181397
3.232268,8.181397
3.232678,8.181397
3.233088,8.181397
3.233498,8.181397
3.233908,8.181397
3.234318,8.181397
3.234728,8.181397
3.235138,8.181397
3.235548,8.181397
3.235958,8.181397
3.236368,8.181397
3.236778,8.181397
3.237188,8.181397
3.237598,8.181397
3.238008,8.181397
3.238418,8.181397
3.238828,8.181397
3.239238,8.181397
3.239648,8.181397
3.240058,8.181397
3.240468,8.181397
3.240878,8.181397
3.241288,8.181397
3.241698,8.181397
3.242108,8.181397
3.242518,8.181397
3.242928,8.181397
3.243338,8.181397
3.243748,8.181397
3.244158,8.181397
3.244568,8.181397
3.244978,8.181397
3.245388,8.181397
3.245798,8.181397
3.246208,8.181397
3.246618,8.181397
3.247028,8.181397
3.247438,8.181397
3.247848,8.181397
3.248258,8.181397
3.248668,8.181397
3.249078,8.181397
3.249488,8.181397
3.249898,8.181397
3.250308,8.181397
3.250718,8.181397
3.251128,8.181397
3.251538,8.181397
3.251948,8.181397
3.252358,8.181397
3.252768,8.181397
3.253178,8.181397
3.253588,8.181397
3.253998,8.181397
3.254408,8.181397
3.254818,8.181397
3.255229,8.181397
3.255639,8.181397
3.256049,8.181397
3.256459,8.181397
3.256869,8.181397
3.257279,8.181397
3.257689,8.181397
3.258099,8.181397
3.258509,8.181397
3.258919,8.181397
3.259329,8.181397
3.259739,8.181397
3.260149,8.181397
3.260559,8.181397
3.260969,8.181397
3.261379,8.181397
3.261789,8.181397
3.262199,8.181397
3.262609,8.181397
3.263019,8.181397
3.263429,8.181397
3.263839,8.181397
3.264249,8.181397
3.264659,8.181397
3.265069,8.181397
3.265479,8.181397
3.265889,8.181397
3.266299,8.181397
3.266709,8.181397
3.267119,8.181397
3.267529,8.181397
3.267939,8.181397
3.268349,8.181397
3.268759,8.181397
3.269169,8.181397
3.269579,8.181397
3.269989,8.181397
3.270399,8.181397
3.270809,8.181397
3.271219,8.181397
3.271629,8.181397
3.272039,8.181397
3.272449,8.181397
3.272859,8.181397
3.273269,8.181397
3.273679,8.181397
3.274089,8.181397
3.274499,8.181397
3.274909,8.181397
3.275319,8.181397
3.275729,8.181397
3.276139,8.181397
3.276549,8.181397
3.276959,8.181397
3.277369,8.181397
3.277779,8.181397
3.278189,8.181397
3.278599,8.181397
3.279009,8.181397
3.279419,8.181397
3.279829,8.181397
3.280239,8.181397
3.280649,8.181397
3.281059,8.181397
3.281469,8.181397
3.281879,8.181397
3.282289,8.181397
3.282699,8.181397
3.283109,8.181397
3.283519,8.181397
3.283929,8.181397
3.284339,8.181397
3.284749,8.181397
3.285160,8.181397
3.285570,8.181397
3.285980,8.181397
3.286390,8.181397
3.286800,8.181397
3.287210,8.181397
3.287620,8.181397
3.288030,8.181397
3.288440,8.181397
3.288850,8.181397
3.289260,8.181397
3.289670,8.181397
3.290080,8.181397
3.290490,8.181397
3.290900,8.181397
3.291310,8.181397
3.291720,8.181397
3.292130,8.181397
3.292540,8.181397
3.292950,8.181397
3.293360,8.181397
3.293770,8.181397
3.294180,8.181397
3.294590,8.181397
3.295000,8.181397
3.295410,8.181397
3.295820,8.181397
3.296230,8.181397
3.296640,8.181397
3.297050,8.181397
3.297460,8.181397
3.297870,8.181397
3.298280,8.181397
3.298690,8.181397
3.299100,8.181397
3.299510,8.181397
3.299920,8.181397
3.300330,8.181397
3.300740,8.181397
3.301150,8.181397
3.301560,8.181397
3.301970,8.181397
3.302380,8.181397
3.302790,8.181397
3.303200,8.181397
3.303610,8.181397
3.304020,8.181397
3.304430,8.181397
3.304840,8.181397
3.305250,8.181397
3.305660,8.181397
3.306070,8.181397
3.306480,8.181397
3.306890,8.181397
3.307300,8.181397
3.307710,8.181397
3.308120,8.181397
3.308530,8.181397
3.308940,8.181397
3.309350,8.181397
3.309760,8.181397
3.310170,8.181397
3.310580,8.181397
3.310990,8.181397
3.311400,8.181397
3.311810,8.181397
3.312220,8.181397
3.312630,8.181397
3.313040,8.181397
3.313450,8.181397
3.313860,8.181397
3.314270,8.181397
3.314680,8.181397
3.315091,8.181397
3.315501,8.181397
3.315911,8.181397
3.316321,8.181397
3.316731,8.181397
3.317141,8.181397
3.317551,8.181397
3.317961,8.181397
3.318371,8.181397
3.318781,8.181397
3.319191,8.181397
3.319601,8.181397
3.320011,8.181397
3.320421,8.181397
3.320831,8.181397
3.321241,8.181397
3.321651,8.181397
3.322061,8.181397
3.322471,8.181397
3.322881,8.181397
3.323291,8.181397
3.323701,8.181397
3.324111,8.181397
3.324521,8.181397
3.324931,8.181397
3.325341,8.181397
3.325751,8.181397
3.326161,8.181397
3.326571,8.181397
3.326981,8.181397
3.327391,8.181397
3.327801,8.181397
3.328211,8.181397
3.328621,8.181397
3.329031,8.181397
3.329441,8.181397
3.329851,8.181397
3.330261,8.181397
3.330671,8.181397
3.331081,8.181397
3.331491,8.181397
3.331901,8.181397
3.332311,8.181397
3.332721,8.181397
3.333131,8.181397
3.333541,8.181397
3.333951,8.181397
3.334361,8.181397
3.334771,8.181397
3.335181,8.181397
3.335591,8.181397
3.336001,8.181397
3.336411,8.181397
3.336821,8.181397
3.337231,8.181397
3.337641,8.181397
3.338051,8.181397
3.338461,8.181397
3.338871,8.181397
3.339281,8.181397
3.339691,8.181397
3.340101,8.181397
3.340511,8.181397
3.340921,8.181397
3.341331,8.181397
3.341741,8.181397
3.342151,8.181397
3.342561,8.181397
3.342971,8.181397
3.343381,8.181397
3.343791,8.181397
3.344201,8.181397
3.344611,8.181397
3.345022,8.181397
3.345432,8.181397
3.345842,8.181397
3.346252,8.181397
3.346662,8.181397
3.347072,8.181397
3.347482,8.181397
3.347892,8.181397
3.348302,8.181397
3.348712,8.181397
3.349122,8.181397
3.349532,8.181397
3.349942,8.181397
3.350352,8.181397
3.350762,8.181397
3.351172,8.181397
3.351582,8.181397
3.351992,8.181397
3.352402,8.181397
3.352812,8.181397
3.353222,8.181397
3.353632,8.181397
3.354042,8.181397
3.354452,8.181397
3.354862,8.181397
3.355272,8.181397
3.355682,8.181397
3.356092,8.181397
3.356502,8.181397
3.356912,8.181397
3.357322,8.181397
3.357732,8.181397
3.358142,8.181397
3.358552,8.181397
3.358962,8.181397
3.359372,8.181397
3.359782,8.181397
3.360192,8.181397
3.360602,8.181397
3.361012,8.181397
3.361422,8.181397
3.361832,8.181397
3.362242,8.181397
3.362652,8.181397
3.363062,8.181397
3.363472,8.181397
3.363882,8.181397
3.364292,8.181397
3.364702,8.181397
3.365112,8.181397
3.365522,8.181397
3.365932,8.181397
3.366342,8.181397
3.366752,8.181397
3.367162,8.181397
3.367572,8.181397
3.367982,8.181397
3.368392,8.181397
3.368802,8.181397
3.369212,8.181397
3.369622,8.181397
3.370032,8.181397
3.370442,8.181397
3.370852,8.181397
3.371262,8.181397
3.371672,8.181397
3.372082,8.181397
3.372492,8.181397
3.372902,8.181397
3.373312,8.181397
3.373722,8.181397
3.374132,8.181397
3.374542,8.181397
3.374952,8.181397
3.375363,8.181397
3.375773,8.181397
3.376183,8.181397
3.376593,8.181397
3.377003,8.181397
3.377413,8.181397
3.377823,8.181397
3.378233,8.181397
3.378643,8.181397
3.379053,8.181397
3.379463,8.181397
3.379873,8.181397
3.380283,8.181397
3.380693,8.181397
3.381103,8.181397
3.381513,8.181397
3.381923,8.181397
3.382333,8.181397
3.382743,8.181397
3.383153,8.181397
3.383563,8.181397
3.383973,8.181397
3.384383,8.181397
3.384793,8.181397
3.385203,8.181397
3.385613,8.181397
3.386023,8.181397
3.386433,8.181397
3.386843,8.181397
3.387253,8.181397
3.387663,8.181397
3.388073,8.181397
3.388483,8.181397
3.388893,8.181397
3.389303,8.181397
3.389713,8.181397
3.390123,8.181397
3.390533,8.181397
3.390943,8.181397
3.391353,8.181397
3.391763,8.181397
3.392173,8.181397
3.392583,8.181397
3.392993,8.181397
3.393403,8.181397
3.393813,8.181397
3.394223,8.181397
3.394633,8.181397
3.395043,8.181397
3.395453,8.181397
3.395863,8.181397
3.396273,8.181397
3.396683,8.181397
3.397093,8.181397
3.397503,8.181397
3.397913,8.181397
3.398323,8.181397
3.398733,8.181397
3.399143,8.181397
3.399553,8.181397
3.399963,8.181397
3.400373,8.181397
3.400783,8.181397
3.401193,8.181397
3.401603,8.181397
3.402013,8.181397
3.402423,8.181397
3.402833,8.181397
3.403243,8.181397
3.403653,8.181397
3.404063,8.181397
3.404473,8.181397
3.404883,8.181397
3.405294,8.181397
3.405704,8.181397
3.406114,8.181397
3.406524,8.181397
3.406934,8.181397
3.407344,8.181397
3.407754,8.181397
3.408164,8.181397
3.408574,8.181397
3.408984,8.181397
3.409394,8.181397
3.409804,8.181397
3.410214,8.181397
3.410624,8.181397
3.411034,8.181397
3.411444,8.181397
3.411854,8.181397
3.412264,8.181397
3.412674,8.181397
3.413084,8.181397
3.413494,8.181397
3.413904,8.181397
3.414314,8.181397
3.414724,8.181397
3.415134,8.181397
3.415544,8.181397
3.415954,8.181397
3.416364,8.181397
3.416774,8.181397
3.417184,8.181397
3.417594,8.181397
3.418004,8.181397
3.418414,8.181397
3.418824,8.181397
3.419234,8.181397
3.419644,8.181397
3.420054,8.181397
3.420464,8.181397
3.420874,8.181397
3.421284,8.181397
3.421694,8.181397
3.422104,8.181397
3.422514,8.181397
3.422924,8.181397
3.423334,8.181397
3.423744,8.181397
3.424154,8.181397
3.424564,8.181397
3.424974,8.181397
3.425384,8.181397
3.425794,8.181397
3.426204,8.181397
3.426614,8.181397
3.427024,8.181397
3.427434,8.181397
3.427844,8.181397
3.428254,8.181397
3.428664,8.181397
3.429074,8.181397
3.429484,8.181397
3.429894,8.181397
3.430304,8.181397
3.430714,8.181397
3.431124,8.181397
3.431534,8.181397
3.431944,8.181397
3.432354,8.181397
3.432764,8.181397
3.433174,8.181397
3.433584,8.181397
3.433994,8.181397
3.434404,8.181397
3.434814,8.181397
3.435225,8.181397
3.435635,8.181397
3.436045,8.181397
3.436455,8.181397
3.436865,8.181397
3.437275,8.181397
3.437685,8.181397
3.438095,8.181397
3.438505,8.181397
3.438915,8.181397
3.439325,8.181397
3.439735,8.181397
3.440145,8.181397
3.440555,8.181397
3.440965,8.181397
3.441375,8.181397
3.441785,8.181397
3.442195,8.181397
3.442605,8.181397
3.443015,8.181397
3.443425,8.181397
3.443835,8.181397
3.444245,8.181397
3.444655,8.181397
3.445065,8.181397
3.445475,8.181397
3.445885,8.181397
3.446295,8.181397
3.446705,8.181397
3.447115,8.181397
3.447525,8.181397
3.447935,8.181397
3.448345,8.181397
3.448755,8.181397
3.449165,8.181397
3.449575,8.181397
3.449985,8.181397
3.450395,8.181397
3.450805,8.181397
3.451215,8.181397
3.451625,8.181397
3.452035,8.181397
3.452445,8.181397
3.452855,8.181397
3.453265,8.181397
3.453675,8.181397
3.454085,8.181397
3.454495,8.181397
3.454905,8.181397
3.455315,8.181397
3.455725,8.181397
3.456135,8.181397
3.456545,8.181397
3.456955,8.181397
3.457365,8.181397
3.457775,8.181397
3.458185,8.181397
3.458595,8.181397
3.459005,8.181397
3.459415,8.181397
3.459825,8.181397
3.460235,8.181397
3.460645,8.181397
3.461055,8.181397
3.461465,8.181397
3.461875,8.181397
3.462285,8.181397
3.462695,8.181397
3.463105,8.181397
3.463515,8.181397
3.463925,8.181397
3.464335,8.181397
3.464745,8.181397
3.465156,8.181397
3.465566,8.181397
3.465976,8.181397
3.466386,8.181397
3.466796,8.181397
3.467206,8.181397
3.467616,8.181397
3.468026,8.181397
3.468436,8.181397
3.468846,8.181397
3.469256,8.181397
3.469666,8.181397
3.470076,8.181397
3.470486,8.181397
3.470896,8.181397
3.471306,8.181397
3.471716,8.181397
3.472126,8.181397
3.472536,8.181397
3.472946,8.181397
3.473356,8.181397
3.473766,8.181397
3.474176,8.181397
3.474586,8.181397
3.474996,8.181397
3.475406,8.181397
3.475816,8.181397
3.476226,8.181397
3.476636,8.181397
3.477046,8.181397
3.477456,8.181397
3.477866,8.181397
3.478276,8.181397
3.478686,8.181397
3.479096,8.181397
3.479506,8.181397
3.479916,8.181397
3.480326,8.181397
3.480736,8.181397
3.481146,8.181397
3.481556,8.181397
3.481966,8.181397
3.482376,8.181397
3.482786,8.181397
3.483196,8.181397
3.483606,8.181397
3.484016,8.181397
3.484426,8.181397
3.484836,8.181397
3.485246,8.181397
3.485656,8.181397
3.486066,8.181397
3.486476,8.181397
3.486886,8.181397
3.487296,8.181397
3.487706,8.181397
3.488116,8.181397
3.488526,8.181397
3.488936,8.181397
3.489346,8.181397
3.489756,8.181397
3.490166,8.181397
3.490576,8.181397
3.490986,8.181397
3.491396,8.181397
3.491806,8.181397
3.492216,8.181397
3.492626,8.181397
3.493036,8.181397
3.493446,8.181397
3.493856,8.181397
3.494266,8.181397
3.494676,8.181397
3.495087,8.181397
3.495497,8.181397
3.495907,8.181397
3.496317,8.181397
3.496727,8.181397
3.497137,8.181397
3.497547,8.181397
3.497957,8.181397
3.498367,8.181397
3.498777,8.181397
3.499187,8.181397
3.499597,8.181397
3.500007,8.181397
3.500417,8.181397
3.500827,8.181397
3.501237,8.181397
3.501647,8.181397
3.502057,8.181397
3.502467,8.181397
3.502877,8.181397
3.503287,8.181397
3.503697,8.181397
3.504107,8.181397
3.504517,8.181397
3.504927,8.181397
3.505337,8.181397
3.505747,8.181397
3.506157,8.181397
3.506567,8.181397
3.506977,8.181397
3.507387,8.181397
3.507797,8.181397
3.508207,8.181397
3.508617,8.181397
3.509027,8.181397
3.509437,8.181397
3.509847,8.181397
3.510257,8.181397
3.510667,8.181397
3.511077,8.181397
3.511487,8.181397
3.511897,8.181397
3.512307,8.181397
3.512717,8.181397
3.513127,8.181397
3.513537,8.181397
3.513947,8.181397
3.514357,8.181397
3.514767,8.181397
3.515177,8.181397
3.515587,8.181397
3.515997,8.181397
3.516407,8.181397
3.516817,8.181397
3.517227,8.181397
3.517637,8.181397
3.518047,8.181397
3.518457,8.181397
3.518867,8.181397
3.519277,8.181397
3.519687,8.181397
3.520097,8.181397
3.520507,8.181397
3.520917,8.181397
3.521327,8.181397
3.521737,8.181397
3.522147,8.181397
3.522557,8.181397
3.522967,8.181397
3.523377,8.181397
3.523787,8.181397
3.524197,8.181397
3.524607,8.181397
3.525018,8.181397
3.525428,8.181397
3.525838,8.181397
3.526248,8.181397
3.526658,8.181397
3.527068,8.181397
3.527478,8.181397
3.527888,8.181397
3.528298,8.181397
3.528708,8.181397
3.529118,8.181397
3.529528,8.181397
3.529938,8.181397
3.530348,8.181397
3.530758,8.181397
3.531168,8.181397
3.531578,8.181397
3.531988,8.181397
3.532398,8.181397
3.532808,8.181397
3.533218,8.181397
3.533628,8.181397
3.534038,8.181397
3.534448,8.181397
3.534858,8.181397
3.535268,8.181397
3.535678,8.181397
3.536088,8.181397
3.536498,8.181397
3.536908,8.181397
3.537318,8.181397
3.537728,8.181397
3.538138,8.181397
3.538548,8.181397
3.538958,8.181397
3.539368,8.181397
3.539778,8.181397
3.540188,8.181397
3.540598,8.181397
3.541008,8.181397
3.541418,8.181397
3.541828,8.181397
3.542238,8.181397
3.542648,8.181397
3.543058,8.181397
3.543468,8.181397
3.543878,8.181397
3.544288,8.181397
3.544698,8.181397
3.545108,8.181397
3.545518,8.181397
3.545928,8.181397
3.546338,8.181397
3.546748,8.181397
3.547158,8.181397
3.547568,8.181397
3.547978,8.181397
3.548388,8.181397
3.548798,8.181397
3.549208,8.181397
3.549618,8.181397
3.550028,8.181397
3.550438,8.181397
3.550848,8.181397
3.551258,8.181397
3.551668,8.181397
3.552078,8.181397
3.552488,8.181397
3.552898,8.181397
3.553308,8.181397
3.553718,8.181397
3.554128,8.181397
3.554538,8.181397
3.554948,8.181397
3.555359,8.181397
3.555769,8.181397
3.556179,8.181397
3.556589,8.181397
3.556999,8.181397
3.557409,8.181397
3.557819,8.181397
3.558229,8.181397
3.558639,8.181397
3.559049,8.181397
3.559459,8.181397
3.559869,8.181397
3.560279,8.181397
3.560689,8.181397
3.561099,8.181397
3.561509,8.181397
3.561919,8.181397
3.562329,8.181397
3.562739,8.181397
3.563149,8.181397
3.563559,8.181397
3.563969,8.181397
3.564379,8.181397
3.564789,8.181397
3.565199,8.181397
3.565609,8.181397
3.566019,8.181397
3.566429,8.181397
3.566839,8.181397
3.567249,8.181397
3.567659,8.181397
3.568069,8.181397
3.568479,8.181397
3.568889,8.181397
3.569299,8.181397
3.569709,8.181397
3.570119,8.181397
3.570529,8.181397
3.570939,8.181397
3.571349,8.181397
3.571759,8.181397
3.572169,8.181397
3.572579,8.181397
3.572989,8.181397
3.573399,8.181397
3.573809,8.181397
3.574219,8.181397
3.574629,8.181397
3.575039,8.181397
3.575449,8.181397
3.575859,8.181397
3.576269,8.181397
3.576679,8.181397
3.577089,8.181397
3.577499,8.181397
3.577909,8.181397
3.578319,8.181397
3.578729,8.181397
3.579139,8.181397
3.579549,8.181397
3.579959,8.181397
3.580369,8.181397
3.580779,8.181397
3.581189,8.181397
3.581599,8.181397
3.582009,8.181397
3.582419,8.181397
3.582829,8.181397
3.583239,8.181397
3.583649,8.181397
3.584059,8.181397
3.584469,8.181397
3.584879,8.181397
3.585290,8.181397
3.585700,8.181397
3.586110,8.181397
3.586520,8.181397
3.586930,8.181397
3.587340,8.181397
3.587750,8.181397
3.588160,8.181397
3.588570,8.181397
3.588980,8.181397
3.589390,8.181397
3.589800,8.181397
3.590210,8.181397
3.590620,8.181397
3.591030,8.181397
3.591440,8.181397
3.591850,8.181397
3.592260,8.181397
3.592670,8.181397
3.593080,8.181397
3.593490,8.181397
3.593900,8.181397
3.594310,8.181397
3.594720,8.181397
3.595130,8.181397
3.595540,8.181397
3.595950,8.181397
3.596360,8.181397
3.596770,8.181397
3.597180,8.181397
3.597590,8.181397
3.598000,8.181397
3.598410,8.181397
3.598820,8.181397
3.599230,8.181397
3.599640,8.181397
3.600050,8.181397
3.600460,8.181397
3.600870,8.181397
3.601280,8.181397
3.601690,8.181397
3.602100,8.181397
3.602510,8.181397
3.602920,8.181397
3.603330,8.181397
3.603740,8.181397
3.604150,8.181397
3.604560,8.181397
3.604970,8.181397
3.605380,8.181397
3.605790,8.181397
3.606200,8.181397
3.606610,8.181397
3.607020,8.181397
3.607430,8.181397
3.607840,8.181397
3.608250,8.181397
3.608660,8.181397
3.609070,8.181397
3.609480,8.181397
3.609890,8.181397
3.610300,8.181397
3.610710,8.181397
3.611120,8.181397
3.611530,8.181397
3.611940,8.181397
3.612350,8.181397
3.612760,8.181397
3.613170,8.181397
3.613580,8.181397
3.613990,8.181397
3.614400,8.181397
3.614810,8.181397
3.615221,8.181397
3.615631,8.181397
3.616041,8.181397
3.616451,8.181397
3.616861,8.181397
3.617271,8.181397
3.617681,8.181397
3.618091,8.181397
3.618501,8.181397
3.618911,8.181397
3.619321,8.181397
3.619731,8.181397
3.620141,8.181397
3.620551,8.181397
3.620961,8.181397
3.621371,8.181397
3.621781,8.181397
3.622191,8.181397
3.622601,8.181397
3.623011,8.181397
3.623421,8.181397
3.623831,8.181397
3.624241,8.181397
3.624651,8.181397
3.625061,8.181397
3.625471,8.181397
3.625881,8.181397
3.626291,8.181397
3.626701,8.181397
3.627111,8.181397
3.627521,8.181397
3.627931,8.181397
3.628341,8.181397
3.628751,8.181397
3.629161,8.181397
3.629571,8.181397
3.629981,8.181397
3.630391,8.181397
3.630801,8.181397
3.631211,8.181397
3.631621,8.181397
3.632031,8.181397
3.632441,8.181397
3.632851,8.181397
3.633261,8.181397
3.633671,8.181397
3.634081,8.181397
3.634491,8.181397
3.634901,8.181397
3.635311,8.181397
3.635721,8.181397
3.636131,8.181397
3.636541,8.181397
3.636951,8.181397
3.637361,8.181397
3.637771,8.181397
3.638181,8.181397
3.638591,8.181397
3.639001,8.181397
3.639411,8.181397
3.639821,8.181397
3.640231,8.181397
3.640641,8.181397
3.641051,8.181397
3.641461,8.181397
3.641871,8.181397
3.642281,8.181397
3.642691,8.181397
3.643101,8.181397
3.643511,8.181397
3.643921,8.181397
3.644331,8.181397
3.644741,8.181397
3.645152,8.181397
3.645562,8.181397
3.645972,8.181397
3.646382,8.181397
3.646792,8.181397
3.647202,8.181397
3.647612,8.181397
3.648022,8.181397
3.648432,8.181397
3.648842,8.181397
3.649252,8.181397
3.649662,8.181397
3.650072,8.181397
3.650482,8.181397
3.650892,8.181397
3.651302,8.181397
3.651712,8.181397
3.652122,8.181397
3.652532,8.181397
3.652942,8.181397
3.653352,8.181397
3.653762,8.181397
3.654172,8.181397
3.654582,8.181397
3.654992,8.181397
3.655402,8.181397
3.655812,8.181397
3.656222,8.181397
3.656632,8.181397
3.657042,8.181397
3.657452,8.181397
3.657862,8.181397
3.658272,8.181397
3.658682,8.181397
3.659092,8.181397
3.659502,8.181397
3.659912,8.181397
3.660322,8.181397
3.660732,8.181397
3.661142,8.181397
3.661552,8.181397
3.661962,8.181397
3.662372,8.181397
3.662782,8.181397
3.663192,8.181397
3.663602,8.181397
3.664012,8.181397
3.664422,8.181397
3.664832,8.181397
3.665242,8.181397
3.665652,8.181397
3.666062,8.181397
3.666472,8.181397
3.666882,8.181397
3.667292,8.181397
3.667702,8.181397
3.668112,8.181397
3.668522,8.181397
3.668932,8.181397
3.669342,8.181397
3.669752,8.181397
3.670162,8.181397
3.670572,8.181397
3.670982,8.181397
3.671392,8.181397
3.671802,8.181397
3.672212,8.181397
3.672622,8.181397
3.673032,8.181397
3.673442,8.181397
3.673852,8.181397
3.674262,8.181397
3.674672,8.181397
3.675083,8.181397
3.675493,8.181397
3.675903,8.181397
3.676313,8.181397
3.676723,8.181397
3.677133,8.181397
3.677543,8.181397
3.677953,8.181397
3.678363,8.181397
3.678773,8.181397
3.679183,8.181397
3.679593,8.181397
3.680003,8.181397
3.680413,8.181397
3.680823,8.181397
3.681233,8.181397
3.681643,8.181397
3.682053,8.181397
3.682463,8.181397
3.682873,8.181397
3.683283,8.181397
3.683693,8.181397
3.684103,8.181397
3.684513,8.181397
3.684923,8.181397
3.685333,8.181397
3.685743,8.181397
3.686153,8.181397
3.686563,8.181397
3.686973,8.181397
3.687383,8.181397
3.687793,8.181397
3.688203,8.181397
3.688613,8.181397
3.689023,8.181397
3.689433,8.181397
3.689843,8.181397
3.690253,8.181397
3.690663,8.181397
3.691073,8.181397
3.691483,8.181397
3.691893,8.181397
3.692303,8.181397
3.692713,8.181397
3.693123,8.181397
3.693533,8.181397
3.693943,8.181397
3.694353,8.181397
3.694763,8.181397
3.695173,8.181397
3.695583,8.181397
3.695993,8.181397
3.696403,8.181397
3.696813,8.181397
3.697223,8.181397
3.697633,8.181397
3.698043,8.181397
3.698453,8.181397
3.698863,8.181397
3.699273,8.181397
3.699683,8.181397
3.700093,8.181397
3.700503,8.181397
3.700913,8.181397
3.701323,8.181397
3.701733,8.181397
3.702143,8.181397
3.702553,8.181397
3.702963,8.181397
3.703373,8.181397
3.703783,8.181397
3.704193,8.181397
3.704603,8.181397
3.705014,8.181397
3.705424,8.181397
3.705834,8.181397
3.706244,8.181397
3.706654,8.181397
3.707064,8.181397
3.707474,8.181397
3.707884,8.181397
3.708294,8.181397
3.708704,8.181397
3.709114,8.181397
3.709524,8.181397
3.709934,8.181397
3.710344,8.181397
3.710754,8.181397
3.711164,8.181397
3.711574,8.181397
3.711984,8.181397
3.712394,8.181397
3.712804,8.181397
3.713214,8.181397
3.713624,8.181397
3.714034,8.181397
3.714444,8.181397
3.714854,8.181397
3.715264,8.181397
3.715674,8.181397
3.716084,8.181397
3.716494,8.181397
3.716904,8.181397
3.717314,8.181397
3.717724,8.181397
3.718134,8.181397
3.718544,8.181397
3.718954,8.181397
3.719364,8.181397
3.719774,8.181397
3.720184,8.181397
3.720594,8.181397
3.721004,8.181397
3.721414,8.181397
3.721824,8.181397
3.722234,8.181397
3.722644,8.181397
3.723054,8.181397
3.723464,8.181397
3.723874,8.181397
3.724284,8.181397
3.724694,8.181397
3.725104,8.181397
3.725514,8.181397
3.725924,8.181397
3.726334,8.181397
3.726744,8.181397
3.727154,8.181397
3.727564,8.181397
3.727974,8.181397
3.728384,8.181397
3.728794,8.181397
3.729204,8.181397
3.729614,8.181397
3.730024,8.181397
3.730434,8.181397
3.730844,8.181397
3.731254,8.181397
3.731664,8.181397
3.732074,8.181397
3.732484,8.181397
3.732894,8.181397
3.733304,8.181397
3.733714,8.181397
3.734124,8.181397
3.734534,8.181397
3.734944,8.181397
3.735355,8.181397
3.735765,8.181397
3.736175,8.181397
3.736585,8.181397
3.736995,8.181397
3.737405,8.181397
3.737815,8.181397
3.738225,8.181397
3.738635,8.181397
3.739045,8.181397
3.739455,8.181397
3.739865,8.181397
3.740275,8.181397
3.740685,8.181397
3.741095,8.181397
3.741505,8.181397
3.741915,8.181397
3.742325,8.181397
3.742735,8.181397
3.743145,8.181397
3.743555,8.181397
3.743965,8.181397
3.744375,8.181397
3.744785,8.181397
3.745195,8.181397
3.745605,8.181397
3.746015,8.181397
3.746425,8.181397
3.746835,8.181397
3.747245,8.181397
3.747655,8.181397
3.748065,8.181397
3.748475,8.181397
3.748885,8.181397
3.749295,8.181397
3.749705,8.181397
3.750115,8.181397
3.750525,8.181397
3.750935,8.181397
3.751345,8.181397
3.751755,8.181397
3.752165,8.181397
3.752575,8.181397
3.752985,8.181397
3.753395,8.181397
3.753805,8.181397
3.754215,8.181397
3.754625,8.181397
3.755035,8.181397
3.755445,8.181397
3.755855,8.181397
3.756265,8.181397
3.756675,8.181397
3.757085,8.181397
3.757495,8.181397
3.757905,8.181397
3.758315,8.181397
3.758725,8.181397
3.759135,8.181397
3.759545,8.181397
3.759955,8.181397
3.760365,8.181397
3.760775,8.181397
3.761185,8.181397
3.761595,8.181397
3.762005,8.181397
3.762415,8.181397
3.762825,8.181397
3.763235,8.181397
3.763645,8.181397
3.764055,8.181397
3.764465,8.181397
3.764875,8.181397
3.765286,8.181397
3.765696,8.181397
3.766106,8.181397
3.766516,8.181397
3.766926,8.181397
3.767336,8.181397
3.767746,8.181397
3.768156,8.181397
3.768566,8.181397
3.768976,8.181397
3.769386,8.181397
3.769796,8.181397
3.770206,8.181397
3.770616,8.181397
3.771026,8.181397
3.771436,8.181397
3.771846,8.181397
3.772256,8.181397
3.772666,8.181397
3.773076,8.181397
3.773486,8.181397
3.773896,8.181397
3.774306,8.181397
3.774716,8.181397
3.775126,8.181397
3.775536,8.181397
3.775946,8.181397
3.776356,8.181397
3.776766,8.181397
3.777176,8.181397
3.777586,8.181397
3.777996,8.181397
3.778406,8.181397
3.778816,8.181397
3.779226,8.181397
3.779636,8.181397
3.780046,8.181397
3.780456,8.181397
3.780866,8.181397
3.781276,8.181397
3.781686,8.181397
3.782096,8.181397
3.782506,8.181397
3.782916,8.181397
3.783326,8.181397
3.783736,8.181397
3.784146,8.181397
3.784556,8.181397
3.784966,8.181397
3.785376,8.181397
3.785786,8.181397
3.786196,8.181397
3.786606,8.181397
3.787016,8.181397
3.787426,8.181397
3.787836,8.181397
3.788246,8.181397
3.788656,8.181397
3.789066,8.181397
3.789476,8.181397
3.789886,8.181397
3.790296,8.181397
3.790706,8.181397
3.791116,8.181397
3.791526,8.181397
3.791936,8.181397
3.792346,8.181397
3.792756,8.181397
3.793166,8.181397
3.793576,8.181397
3.793986,8.181397
3.794396,8.181397
3.794806,8.181397
3.795217,8.181397
3.795627,8.181397
3.796037,8.181397
3.796447,8.181397
3.796857,8.181397
3.797267,8.181397
3.797677,8.181397
3.798087,8.181397
3.798497,8.181397
3.798907,8.181397
3.799317,8.181397
3.799727,8.181397
3.800137,8.181397
3.800547,8.181397
3.800957,8.181397
3.801367,8.181397
3.801777,8.181397
3.802187,8.181397
3.802597,8.181397
3.803007,8.181397
3.803417,8.181397
3.803827,8.181397
3.804237,8.181397
3.804647,8.181397
3.805057,8.181397
3.805467,8.181397
3.805877,8.181397
3.806287,8.181397
3.806697,8.181397
3.807107,8.181397
3.807517,8.181397
3.807927,8.181397
3.808337,8.181397
3.808747,8.181397
3.809157,8.181397
3.809567,8.181397
3.809977,8.181397
3.810387,8.181397
3.810797,8.181397
3.811207,8.181397
3.811617,8.181397
3.812027,8.181397
3.812437,8.181397
3.812847,8.181397
3.813257,8.181397
3.813667,8.181397
3.814077,8.181397
3.814487,8.181397
3.814897,8.181397
3.815307,8.181397
3.815717,8.181397
3.816127,8.181397
3.816537,8.181397
3.816947,8.181397
3.817357,8.181397
3.817767,8.181397
3.818177,8.181397
3.818587,8.181397
3.818997,8.181397
3.819407,8.181397
3.819817,8.181397
3.820227,8.181397
3.820637,8.181397
3.821047,8.181397
3.821457,8.181397
3.821867,8.181397
3.822277,8.181397
3.822687,8.181397
3.823097,8.181397
3.823507,8.181397
3.823917,8.181397
3.824327,8.181397
3.824737,8.181397
3.825148,8.181397
3.825558,8.181397
3.825968,8.181397
3.826378,8.181397
3.826788,8.181397
3.827198,8.181397
3.827608,8.181397
3.828018,8.181397
3.828428,8.181397
3.828838,8.181397
3.829248,8.181397
3.829658,8.181397
3.830068,8.181397
3.830478,8.181397
3.830888,8.181397
3.831298,8.181397
3.831708,8.181397
3.832118,8.181397
3.832528,8.181397
3.832938,8.181397
3.833348,8.181397
3.833758,8.181397
3.834168,8.181397
3.834578,8.181397
3.834988,8.181397
3.835398,8.181397
3.835808,8.181397
3.836218,8.181397
3.836628,8.181397
3.837038,8.181397
3.837448,8.181397
3.837858,8.181397
3.838268,8.181397
3.838678,8.181397
3.839088,8.181397
3.839498,8.181397
3.839908,8.181397
3.840318,8.181397
3.840728,8.181397
3.841138,8.181397
3.841548,8.181397
3.841958,8.181397
3.842368,8.181397
3.842778,8.181397
3.843188,8.181397
3.843598,8.181397
3.844008,8.181397
3.844418,8.181397
3.844828,8.181397
3.845238,8.181397
3.845648,8.181397
3.846058,8.181397
3.846468,8.181397
3.846878,8.181397
3.847288,8.181397
3.847698,8.181397
3.848108,8.181397
3.848518,8.181397
3.848928,8.181397
3.849338,8.181397
3.849748,8.181397
3.850158,8.181397
3.850568,8.181397
3.850978,8.181397
3.851388,8.181397
3.851798,8.181397
3.852208,8.181397
3.852618,8.181397
3.853028,8.181397
3.853438,8.181397
3.853848,8.181397
3.854258,8.181397
3.854668,8.181397
3.855079,8.181397
3.855489,8.181397
3.855899,8.181397
3.856309,8.181397
3.856719,8.181397
3.857129,8.181397
3.857539,8.181397
3.857949,8.181397
3.858359,8.181397
3.858769,8.181397
3.859179,8.181397
3.859589,8.181397
3.859999,8.181397
3.860409,8.181397
3.860819,8.181397
3.861229,8.181397
3.861639,8.181397
3.862049,8.181397
3.862459,8.181397
3.862869,8.181397
3.863279,8.181397
3.863689,8.181397
3.864099,8.181397
3.864509,8.181397
3.864919,8.181397
3.865329,8.181397
3.865739,8.181397
3.866149,8.181397
3.866559,8.181397
3.866969,8.181397
3.867379,8.181397
3.867789,8.181397
3.868199,8.181397
3.868609,8.181397
3.869019,8.181397
3.869429,8.181397
3.869839,8.181397
3.870249,8.181397
3.870659,8.181397
3.871069,8.181397
3.871479,8.181397
3.871889,8.181397
3.872299,8.181397
3.872709,8.181397
3.873119,8.181397
3.873529,8.181397
3.873939,8.181397
3.874349,8.181397
3.874759,8.181397
3.875169,8.181397
3.875579,8.181397
3.875989,8.181397
3.876399,8.181397
3.876809,8.181397
3.877219,8.181397
3.877629,8.181397
3.878039,8.181397
3.878449,8.181397
3.878859,8.181397
3.879269,8.181397
3.879679,8.181397
3.880089,8.181397
3.880499,8.181397
3.880909,8.181397
3.881319,8.181397
3.881729,8.181397
3.882139,8.181397
3.882549,8.181397
3.882959,8.181397
3.883369,8.181397
3.883779,8.181397
3.884189,8.181397
3.884599,8.181397
3.885010,8.181397
3.885420,8.181397
3.885830,8.181397
3.886240,8.181397
3.886650,8.181397
3.887060,8.181397
3.887470,8.181397
3.887880,8.181397
3.888290,8.181397
3.888700,8.181397
3.889110,8.181397
3.889520,8.181397
3.889930,8.181397
3.890340,8.181397
3.890750,8.181397
3.891160,8.181397
3.891570,8.181397
3.891980,8.181397
3.892390,8.181397
3.892800,8.181397
3.893210,8.181397
3.893620,8.181397
3.894030,8.181397
3.894440,8.181397
3.894850,8.181397
3.895260,8.181397
3.895670,8.181397
3.896080,8.181397
3.896490,8.181397
3.896900,8.181397
3.897310,8.181397
3.897720,8.181397
3.898130,8.181397
3.898540,8.181397
3.898950,8.181397
3.899360,8.181397
3.899770,8.181397
3.900180,8.181397
3.900590,8.181397
3.901000,8.181397
3.901410,8.181397
3.901820,8.181397
3.902230,8.181397
3.902640,8.181397
3.903050,8.181397
3.903460,8.181397
3.903870,8.181397
3.904280,8.181397
3.904690,8.181397
3.905100,8.181397
3.905510,8.181397
3.905920,8.181397
3.906330,8.181397
3.906740,8.181397
3.907150,8.181397
3.907560,8.181397
3.907970,8.181397
3.908380,8.181397
3.908790,8.181397
3.909200,8.181397
3.909610,8.181397
3.910020,8.181397
3.910430,8.181397
3.910840,8.181397
3.911250,8.181397
3.911660,8.181397
3.912070,8.181397
3.912480,8.181397
3.912890,8.181397
3.913300,8.181397
3.913710,8.181397
3.914120,8.181397
3.914530,8.181397
3.914940,8.181397
3.915351,8.181397
3.915761,8.181397
3.916171,8.181397
3.916581,8.181397
3.916991,8.181397
3.917401,8.181397
3.917811,8.181397
3.918221,8.181397
3.918631,8.181397
3.919041,8.181397
3.919451,8.181397
3.919861,8.181397
3.920271,8.181397
3.920681,8.181397
3.921091,8.181397
3.921501,8.181397
3.921911,8.181397
3.922321,8.181397
3.922731,8.181397
3.923141,8.181397
3.923551,8.181397
3.923961,8.181397
3.924371,8.181397
3.924781,8.181397
3.925191,8.181397
3.925601,8.181397
3.926011,8.181397
3.926421,8.181397
3.926831,8.181397
3.927241,8.181397
3.927651,8.181397
3.928061,8.181397
3.928471,8.181397
3.928881,8.181397
3.929291,8.181397
3.929701,8.181397
3.930111,8.181397
3.930521,8.181397
3.930931,8.181397
3.931341,8.181397
3.931751,8.181397
3.932161,8.181397
3.932571,8.181397
3.932981,8.181397
3.933391,8.181397
3.933801,8.181397
3.934211,8.181397
3.934621,8.181397
3.935031,8.181397
3.935441,8.181397
3.935851,8.181397
3.936261,8.181397
3.936671,8.181397
3.937081,8.181397
3.937491,8.181397
3.937901,8.181397
3.938311,8.181397
3.938721,8.181397
3.939131,8.181397
3.939541,8.181397
3.939951,8.181397
3.940361,8.181397
3.940771,8.181397
3.941181,8.181397
3.941591,8.181397
3.942001,8.181397
3.942411,8.181397
3.942821,8.181397
3.943231,8.181397
3.943641,8.181397
3.944051,8.181397
3.944461,8.181397
3.944871,8.181397
3.945282,8.181397
3.945692,8.181397
3.946102,8.181397
3.946512,8.181397
3.946922,8.181397
3.947332,8.181397
3.947742,8.181397
3.948152,8.181397
3.948562,8.181397
3.948972,8.181397
3.949382,8.181397
3.949792,8.181397
3.950202,8.181397
3.950612,8.181397
3.951022,8.181397
3.951432,8.181397
3.951842,8.181397
3.952252,8.181397
3.952662,8.181397
3.953072,8.181397
3.953482,8.181397
3.953892,8.181397
3.954302,8.181397
3.954712,8.181397
3.955122,8.181397
3.955532,8.181397
3.955942,8.181397
3.956352,8.181397
3.956762,8.181397
3.957172,8.181397
3.957582,8.181397
3.957992,8.181397
3.958402,8.181397
3.958812,8.181397
3.959222,8.181397
3.959632,8.181397
3.960042,8.181397
3.960452,8.181397
3.960862,8.181397
3.961272,8.181397
3.961682,8.181397
3.962092,8.181397
3.962502,8.181397
3.962912,8.181397
3.963322,8.181397
3.963732,8.181397
3.964142,8.181397
3.964552,8.181397
3.964962,8.181397
3.965372,8.181397
3.965782,8.181397
3.966192,8.181397
3.966602,8.181397
3.967012,8.181397
3.967422,8.181397
3.967832,8.181397
3.968242,8.181397
3.968652,8.181397
3.969062,8.181397
3.969472,8.181397
3.969882,8.181397
3.970292,8.181397
3.970702,8.181397
3.971112,8.181397
3.971522,8.181397
3.971932,8.181397
3.972342,8.181397
3.972752,8.181397
3.973162,8.181397
3.973572,8.181397
3.973982,8.181397
3.974392,8.181397
3.974802,8.181397
3.975213,8.181397
3.975623,8.181397
3.976033,8.181397
3.976443,8.181397
3.976853,8.181397
3.977263,8.181397
3.977673,8.181397
3.978083,8.181397
3.978493,8.181397
3.978903,8.181397
3.979313,8.181397
3.979723,8.181397
3.980133,8.181397
3.980543,8.181397
3.980953,8.181397
3.981363,8.181397
3.981773,8.181397
3.982183,8.181397
3.982593,8.181397
3.983003,8.181397
3.983413,8.181397
3.983823,8.181397
3.984233,8.181397
3.984643,8.181397
3.985053,8.181397
3.985463,8.181397
3.985873,8.181397
3.986283,8.181397
3.986693,8.181397
3.987103,8.181397
3.987513,8.181397
3.987923,8.181397
3.988333,8.181397
3.988743,8.181397
3.989153,8.181397
3.989563,8.181397
3.989973,8.181397
3.990383,8.181397
3.990793,8.181397
3.991203,8.181397
3.991613,8.181397
3.992023,8.181397
3.992433,8.181397
3.992843,8.181397
3.993253,8.181397
3.993663,8.181397
3.994073,8.181397
3.994483,8.181397
3.994893,8.181397
3.995303,8.181397
3.995713,8.181397
3.996123,8.181397
3.996533,8.181397
3.996943,8.181397
3.997353,8.181397
3.997763,8.181397
3.998173,8.181397
3.998583,8.181397
3.998993,8.181397
3.999403,8.181397
3.999813,8.181397
4.000223,8.181397
4.000633,8.181397
4.001043,8.181397
4.001453,8.181397
4.001863,8.181397
4.002273,8.181397
4.002683,8.181397
4.003093,8.181397
4.003503,8.181397
4.003913,8.181397
4.004323,8.181397
4.004733,8.181397
4.005144,8.181397
4.005554,8.181397
4.005964,8.181397
4.006374,8.181397
4.006784,8.181397
4.007194,8.181397
4.007604,8.181397
4.008014,8.181397
4.008424,8.181397
4.008834,8.181397
4.009244,8.181397
4.009654,8.181397
4.010064,8.181397
4.010474,8.181397
4.010884,8.181397
4.011294,8.181397
4.011704,8.181397
4.012114,8.181397
4.012524,8.181397
4.012934,8.181397
4.013344,8.181397
4.013754,8.181397
4.014164,8.181397
4.014574,8.181397
4.014984,8.181397
4.015394,8.181397
4.015804,8.181397
4.016214,8.181397
4.016624,8.181397
4.017034,8.181397
4.017444,8.181397
4.017854,8.181397
4.018264,8.181397
4.018674,8.181397
4.019084,8.181397
4.019494,8.181397
4.019904,8.181397
4.020314,8.181397
4.020724,8.181397
4.021134,8.181397
4.021544,8.181397
4.021954,8.181397
4.022364,8.181397
4.022774,8.181397
4.023184,8.181397
4.023594,8.181397
4.024004,8.181397
4.024414,8.181397
4.024824,8.181397
4.025234,8.181397
4.025644,8.181397
4.026054,8.181397
4.026464,8.181397
4.026874,8.181397
4.027284,8.181397
4.027694,8.181397
4.028104,8.181397
4.028514,8.181397
4.028924,8.181397
4.029334,8.181397
4.029744,8.181397
4.030154,8.181397
4.030564,8.181397
4.030974,8.181397
4.031384,8.181397
4.031794,8.181397
4.032204,8.181397
4.032614,8.181397
4.033024,8.181397
4.033434,8.181397
4.033844,8.181397
4.034254,8.181397
4.034664,8.181397
4.035075,8.181397
4.035485,8.181397
4.035895,8.181397
4.036305,8.181397
4.036715,8.181397
4.037125,8.181397
4.037535,8.181397
4.037945,8.181397
4.038355,8.181397
4.038765,8.181397
4.039175,8.181397
4.039585,8.181397
4.039995,8.181397
4.040405,8.181397
4.040815,8.181397
4.041225,8.181397
4.041635,8.181397
4.042045,8.181397
4.042455,8.181397
4.042865,8.181397
4.043275,8.181397
4.043685,8.181397
4.044095,8.181397
4.044505,8.181397
4.044915,8.181397
4.045325,8.181397
4.045735,8.181397
4.046145,8.181397
4.046555,8.181397
4.046965,8.181397
4.047375,8.181397
4.047785,8.181397
4.048195,8.181397
4.048605,8.181397
4.049015,8.181397
4.049425,8.181397
4.049835,8.181397
4.050245,8.181397
4.050655,8.181397
4.051065,8.181397
4.051475,8.181397
4.051885,8.181397
4.052295,8.181397
4.052705,8.181397
4.053115,8.181397
4.053525,8.181397
4.053935,8.181397
4.054345,8.181397
4.054755,8.181397
4.055165,8.181397
4.055575,8.181397
4.055985,8.181397
4.056395,8.181397
4.056805,8.181397
4.057215,8.181397
4.057625,8.181397
4.058035,8.181397
4.058445,8.181397
4.058855,8.181397
4.059265,8.181397
4.059675,8.181397
4.060085,8.181397
4.060495,8.181397
4.060905,8.181397
4.061315,8.181397
4.061725,8.181397
4.062135,8.181397
4.062545,8.181397
4.062955,8.181397
4.063365,8.181397
4.063775,8.181397
4.064185,8.181397
4.064595,8.181397
4.065006,8.181397
4.065416,8.181397
4.065826,8.181397
4.066236,8.181397
4.066646,8.181397
4.067056,8.181397
4.067466,8.181397
4.067876,8.181397
4.068286,8.181397
4.068696,8.181397
4.069106,8.181397
4.069516,8.181397
4.069926,8.181397
4.070336,8.181397
4.070746,8.181397
4.071156,8.181397
4.071566,8.181397
4.071976,8.181397
4.072386,8.181397
4.072796,8.181397
4.073206,8.181397
4.073616,8.181397
4.074026,8.181397
4.074436,8.181397
4.074846,8.181397
4.075256,8.181397
4.075666,8.181397
4.076076,8.181397
4.076486,8.181397
4.076896,8.181397
4.077306,8.181397
4.077716,8.181397
4.078126,8.181397
4.078536,8.181397
4.078946,8.181397
4.079356,8.181397
4.079766,8.181397
4.080176,8.181397
4.080586,8.181397
4.080996,8.181397
4.081406,8.181397
4.081816,8.181397
4.082226,8.181397
4.082636,8.181397
4.083046,8.181397
4.083456,8.181397
4.083866,8.181397
4.084276,8.181397
4.084686,8.181397
4.085096,8.181397
4.085506,8.181397
4.085916,8.181397
4.086326,8.181397
4.086736,8.181397
4.087146,8.181397
4.087556,8.181397
4.087966,8.181397
4.088376,8.181397
4.088786,8.181397
4.089196,8.181397
4.089606,8.181397
4.090016,8.181397
4.090426,8.181397
4.090836,8.181397
4.091246,8.181397
4.091656,8.181397
4.092066,8.181397
4.092476,8.181397
4.092886,8.181397
4.093296,8.181397
4.093706,8.181397
4.094116,8.181397
4.094526,8.181397
4.094936,8.181397
4.095347,8.181397
4.095757,8.181397
4.096167,8.181397
4.096577,8.181397
4.096987,8.181397
4.097397,8.181397
4.097807,8.181397
4.098217,8.181397
4.098627,8.181397
4.099037,8.181397
4.099447,8.181397
4.099857,8.181397
4.100267,8.181397
4.100677,8.181397
4.101087,8.181397
4.101497,8.181397
4.101907,8.181397
4.102317,8.181397
4.102727,8.181397
4.103137,8.181397
4.103547,8.181397
4.103957,8.181397
4.104367,8.181397
4.104777,8.181397
4.105187,8.181397
4.105597,8.181397
4.106007,8.181397
4.106417,8.181397
4.106827,8.181397
4.107237,8.181397
4.107647,8.181397
4.108057,8.181397
4.108467,8.181397
4.108877,8.181397
4.109287,8.181397
4.109697,8.181397
4.110107,8.181397
4.110517,8.181397
4.110927,8.181397
4.111337,8.181397
4.111747,8.181397
4.112157,8.181397
4.112567,8.181397
4.112977,8.181397
4.113387,8.181397
4.113797,8.181397
4.114207,8.181397
4.114617,8.181397
4.115027,8.181397
4.115437,8.181397
4.115847,8.181397
4.116257,8.181397
4.116667,8.181397
4.117077,8.181397
4.117487,8.181397
4.117897,8.181397
4.118307,8.181397
4.118717,8.181397
4.119127,8.181397
4.119537,8.181397
4.119947,8.181397
4.120357,8.181397
4.120767,8.181397
4.121177,8.181397
4.121587,8.181397
4.121997,8.181397
4.122407,8.181397
4.122817,8.181397
4.123227,8.181397
4.123637,8.181397
4.124047,8.181397
4.124457,8.181397
4.124867,8.181397
4.125278,8.181397
4.125688,8.181397
4.126098,8.181397
4.126508,8.181397
4.126918,8.181397
4.127328,8.181397
4.127738,8.181397
4.128148,8.181397
4.128558,8.181397
4.128968,8.181397
4.129378,8.181397
4.129788,8.181397
4.130198,8.181397
4.130608,8.181397
4.131018,8.181397
4.131428,8.181397
4.131838,8.181397
4.132248,8.181397
4.132658,8.181397
4.133068,8.181397
4.133478,8.181397
4.133888,8.181397
4.134298,8.181397
4.134708,8.181397
4.135118,8.181397
4.135528,8.181397
4.135938,8.181397
4.136348,8.181397
4.136758,8.181397
4.137168,8.181397
4.137578,8.181397
4.137988,8.181397
4.138398,8.181397
4.138808,8.181397
4.139218,8.181397
4.139628,8.181397
4.140038,8.181397
4.140448,8.181397
4.140858,8.181397
4.141268,8.181397
4.141678,8.181397
4.142088,8.181397
4.142498,8.181397
4.142908,8.181397
4.143318,8.181397
4.143728,8.181397
4.144138,8.181397
4.144548,8.181397
4.144958,8.181397
4.145368,8.181397
4.145778,8.181397
4.146188,8.181397
4.146598,8.181397
4.147008,8.181397
4.147418,8.181397
4.147828,8.181397
4.148238,8.181397
4.148648,8.181397
4.149058,8.181397
4.149468,8.181397
4.149878,8.181397
4.150288,8.181397
4.150698,8.181397
4.151108,8.181397
4.151518,8.181397
4.151928,8.181397
4.152338,8.181397
4.152748,8.181397
4.153158,8.181397
4.153568,8.181397
4.153978,8.181397
4.154388,8.181397
4.154798,8.181397
4.155209,8.181397
4.155619,8.181397
4.156029,8.181397
4.156439,8.181397
4.156849,8.181397
4.157259,8.181397
4.157669,8.181397
4.158079,8.181397
4.158489,8.181397
4.158899,8.181397
4.159309,8.181397
4.159719,8.181397
4.160129,8.181397
4.160539,8.181397
4.160949,8.181397
4.161359,8.181397
4.161769,8.181397
4.162179,8.181397
4.162589,8.181397
4.162999,8.181397
4.163409,8.181397
4.163819,8.181397
4.164229,8.181397
4.164639,8.181397
4.165049,8.181397
4.165459,8.181397
4.165869,8.181397
4.166279,8.181397
4.166689,8.181397
4.167099,8.181397
4.167509,8.181397
4.167919,8.181397
4.168329,8.181397
4.168739,8.181397
4.169149,8.181397
4.169559,8.181397
4.169969,8.181397
4.170379,8.181397
4.170789,8.181397
4.171199,8.181397
4.171609,8.181397
4.172019,8.181397
4.172429,8.181397
4.172839,8.181397
4.173249,8.181397
4.173659,8.181397
4.174069,8.181397
4.174479,8.181397
4.174889,8.181397
4.175299,8.181397
4.175709,8.181397
4.176119,8.181397
4.176529,8.181397
4.176939,8.181397
4.177349,8.181397
4.177759,8.181397
4.178169,8.181397
4.178579,8.181397
4.178989,8.181397
4.179399,8.181397
4.179809,8.181397
4.180219,8.181397
4.180629,8.181397
4.181039,8.181397
4.181449,8.181397
4.181859,8.181397
4.182269,8.181397
4.182679,8.181397
4.183089,8.181397
4.183499,8.181397
4.183909,8.181397
4.184319,8.181397
4.184729,8.181397
4.185140,8.181397
4.185550,8.181397
4.185960,8.181397
4.186370,8.181397
4.186780,8.181397
4.187190,8.181397
4.187600,8.181397
4.188010,8.181397
4.188420,8.181397
4.188830,8.181397
4.189240,8.181397
4.189650,8.181397
4.190060,8.181397
4.190470,8.181397
4.190880,8.181397
4.191290,8.181397
4.191700,8.181397
4.192110,8.181397
4.192520,8.181397
4.192930,8.181397
4.193340,8.181397
4.193750,8.181397
4.194160,8.181397
4.194570,8.181397
4.194980,8.181397
4.195390,8.181397
4.195800,8.181397
4.196210,8.181397
4.196620,8.181397
4.197030,8.181397
4.197440,8.181397
4.197850,8.181397
4.198260,8.181397
4.198670,8.181397
4.199080,8.181397
4.199490,8.181397
4.199900,8.181397
4.200310,8.181397
4.200720,8.181397
4.201130,8.181397
4.201540,8.181397
4.201950,8.181397
4.202360,8.181397
4.202770,8.181397
4.203180,8.181397
4.203590,8.181397
4.204000,8.181397
4.204410,8.181397
4.204820,8.181397
4.205230,8.181397
4.205640,8.181397
4.206050,8.181397
4.206460,8.181397
4.206870,8.181397
4.207280,8.181397
4.207690,8.181397
4.208100,8.181397
4.208510,8.181397
4.208920,8.181397
4.209330,8.181397
4.209740,8.181397
4.210150,8.181397
4.210560,8.181397
4.210970,8.181397
4.211380,8.181397
4.211790,8.181397
4.212200,8.181397
4.212610,8.181397
4.213020,8.181397
4.213430,8.181397
4.213840,8.181397
4.214250,8.181397
4.214660,8.181397
4.215071,8.181397
4.215481,8.181397
4.215891,8.181397
4.216301,8.181397
4.216711,8.181397
4.217121,8.181397
4.217531,8.181397
4.217941,8.181397
4.218351,8.181397
4.218761,8.181397
4.219171,8.181397
4.219581,8.181397
4.219991,8.181397
4.220401,8.181397
4.220811,8.181397
4.221221,8.181397
4.221631,8.181397
4.222041,8.181397
4.222451,8.181397
4.222861,8.181397
4.223271,8.181397
4.223681,8.181397
4.224091,8.181397
4.224501,8.181397
4.224911,8.181397
4.225321,8.181397
4.225731,8.181397
4.226141,8.181397
4.226551,8.181397
4.226961,8.181397
4.227371,8.181397
4.227781,8.181397
4.228191,8.181397
4.228601,8.181397
4.229011,8.181397
4.229421,8.181397
4.229831,8.181397
4.230241,8.181397
4.230651,8.181397
4.231061,8.181397
4.231471,8.181397
4.231881,8.181397
4.232291,8.181397
4.232701,8.181397
4.233111,8.181397
4.233521,8.181397
4.233931,8.181397
4.234341,8.181397
4.234751,8.181397
4.235161,8.181397
4.235571,8.181397
4.235981,8.181397
4.236391,8.181397
4.236801,8.181397
4.237211,8.181397
4.237621,8.181397
4.238031,8.181397
4.238441,8.181397
4.238851,8.181397
4.239261,8.181397
4.239671,8.181397
4.240081,8.181397
4.240491,8.181397
4.240901,8.181397
4.241311,8.181397
4.241721,8.181397
4.242131,8.181397
4.242541,8.181397
4.242951,8.181397
4.243361,8.181397
4.243771,8.181397
4.244181,8.181397
4.244591,8.181397
4.245002,8.181397
4.245412,8.181397
4.245822,8.181397
4.246232,8.181397
4.246642,8.181397
4.247052,8.181397
4.247462,8.181397
4.247872,8.181397
4.248282,8.181397
4.248692,8.181397
4.249102,8.181397
4.249512,8.181397
4.249922,8.181397
4.250332,8.181397
4.250742,8.181397
4.251152,8.181397
4.251562,8.181397
4.251972,8.181397
4.252382,8.181397
4.252792,8.181397
4.253202,8.181397
4.253612,8.181397
4.254022,8.181397
4.254432,8.181397
4.254842,8.181397
4.255252,8.181397
4.255662,8.181397
4.256072,8.181397
4.256482,8.181397
4.256892,8.181397
4.257302,8.181397
4.257712,8.181397
4.258122,8.181397
4.258532,8.181397
4.258942,8.181397
4.259352,8.181397
4.259762,8.181397
4.260172,8.181397
4.260582,8.181397
4.260992,8.181397
4.261402,8.181397
4.261812,8.181397
4.262222,8.181397
4.262632,8.181397
4.263042,8.181397
4.263452,8.181397
4.263862,8.181397
4.264272,8.181397
4.264682,8.181397
4.265092,8.181397
4.265502,8.181397
4.265912,8.181397
4.266322,8.181397
4.266732,8.181397
4.267142,8.181397
4.267552,8.181397
4.267962,8.181397
4.268372,8.181397
4.268782,8.181397
4.269192,8.181397
4.269602,8.181397
4.270012,8.181397
4.270422,8.181397
4.270832,8.181397
4.271242,8.181397
4.271652,8.181397
4.272062,8.181397
4.272472,8.181397
4.272882,8.181397
4.273292,8.181397
4.273702,8.181397
4.274112,8.181397
4.274522,8.181397
4.274932,8.181397
4.275343,8.181397
4.275753,8.181397
4.276163,8.181397
4.276573,8.181397
4.276983,8.181397
4.277393,8.181397
4.277803,8.181397
4.278213,8.181397
4.278623,8.181397
4.279033,8.181397
4.279443,8.181397
4.279853,8.181397
4.280263,8.181397
4.280673,8.181397
4.281083,8.181397
4.281493,8.181397
4.281903,8.181397
4.282313,8.181397
4.282723,8.181397
4.283133,8.181397
4.283543,8.181397
4.283953,8.181397
4.284363,8.181397
4.284773,8.181397
4.285183,8.181397
4.285593,8.181397
4.286003,8.181397
4.286413,8.181397
4.286823,8.181397
4.287233,8.181397
4.287643,8.181397
4.288053,8.181397
4.288463,8.181397
4.288873,8.181397
4.289283,8.181397
4.289693,8.181397
4.290103,8.181397
4.290513,8.181397
4.290923,8.181397
4.291333,8.181397
4.291743,8.181397
4.292153,8.181397
4.292563,8.181397
4.292973,8.181397
4.293383,8.181397
4.293793,8.181397
4.294203,8.181397
4.294613,8.181397
4.295023,8.181397
4.295433,8.181397
4.295843,8.181397
4.296253,8.181397
4.296663,8.181397
4.297073,8.181397
4.297483,8.181397
4.297893,8.181397
4.298303,8.181397
4.298713,8.181397
4.299123,8.181397
4.299533,8.181397
4.299943,8.181397
4.300353,8.181397
4.300763,8.181397
4.301173,8.181397
4.301583,8.181397
4.301993,8.181397
4.302403,8.181397
4.302813,8.181397
4.303223,8.181397
4.303633,8.181397
4.304043,8.181397
4.304453,8.181397
4.304863,8.181397
4.305274,8.181397
4.305684,8.181397
4.306094,8.181397
4.306504,8.181397
4.306914,8.181397
4.307324,8.181397
4.307734,8.181397
4.308144,8.181397
4.308554,8.181397
4.308964,8.181397
4.309374,8.181397
4.309784,8.181397
4.310194,8.181397
4.310604,8.181397
4.311014,8.181397
4.311424,8.181397
4.311834,8.181397
4.312244,8.181397
4.312654,8.181397
4.313064,8.181397
4.313474,8.181397
4.313884,8.181397
4.314294,8.181397
4.314704,8.181397
4.315114,8.181397
4.315524,8.181397
4.315934,8.181397
4.316344,8.181397
4.316754,8.181397
4.317164,8.181397
4.317574,8.181397
4.317984,8.181397
4.318394,8.181397
4.318804,8.181397
4.319214,8.181397
4.319624,8.181397
4.320034,8.181397
4.320444,8.181397
4.320854,8.181397
4.321264,8.181397
4.321674,8.181397
4.322084,8.181397
4.322494,8.181397
4.322904,8.181397
4.323314,8.181397
4.323724,8.181397
4.324134,8.181397
4.324544,8.181397
4.324954,8.181397
4.325364,8.181397
4.325774,8.181397
4.326184,8.181397
4.326594,8.181397
4.327004,8.181397
4.327414,8.181397
4.327824,8.181397
4.328234,8.181397
4.328644,8.181397
4.329054,8.181397
4.329464,8.181397
4.329874,8.181397
4.330284,8.181397
4.330694,8.181397
4.331104,8.181397
4.331514,8.181397
4.331924,8.181397
4.332334,8.181397
4.332744,8.181397
4.333154,8.181397
4.333564,8.181397
4.333974,8.181397
4.334384,8.181397
4.334794,8.181397
4.335205,8.181397
4.335615,8.181397
4.336025,8.181397
4.336435,8.181397
4.336845,8.181397
4.337255,8.181397
4.337665,8.181397
4.338075,8.181397
4.338485,8.181397
4.338895,8.181397
4.339305,8.181397
4.339715,8.181397
4.340125,8.181397
4.340535,8.181397
4.340945,8.181397
4.341355,8.181397
4.341765,8.181397
4.342175,8.181397
4.342585,8.181397
4.342995,8.181397
4.343405,8.181397
4.343815,8.181397
4.344225,8.181397
4.344635,8.181397
4.345045,8.181397
4.345455,8.181397
4.345865,8.181397
4.346275,8.181397
4.346685,8.181397
4.347095,8.181397
4.347505,8.181397
4.347915,8.181397
4.348325,8.181397
4.348735,8.181397
4.349145,8.181397
4.349555,8.181397
4.349965,8.181397
4.350375,8.181397
4.350785,8.181397
4.351195,8.181397
4.351605,8.181397
4.352015,8.181397
4.352425,8.181397
4.352835,8.181397
4.353245,8.181397
4.353655,8.181397
4.354065,8.181397
4.354475,8.181397
4.354885,8.181397
4.355295,8.181397
4.355705,8.181397
4.356115,8.181397
4.356525,8.181397
4.356935,8.181397
4.357345,8.181397
4.357755,8.181397
4.358165,8.181397
4.358575,8.181397
4.358985,8.181397
4.359395,8.181397
4.359805,8.181397
4.360215,8.181397
4.360625,8.181397
4.361035,8.181397
4.361445,8.181397
4.361855,8.181397
4.362265,8.181397
4.362675,8.181397
4.363085,8.181397
4.363495,8.181397
4.363905,8.181397
4.364315,8.181397
4.364725,8.181397
4.365136,8.181397
4.365546,8.181397
4.365956,8.181397
4.366366,8.181397
4.366776,8.181397
4.367186,8.181397
4.367596,8.181397
4.368006,8.181397
4.368416,8.181397
4.368826,8.181397
4.369236,8.181397
4.369646,8.181397
4.370056,8.181397
4.370466,8.181397
4.370876,8.181397
4.371286,8.181397
4.371696,8.181397
4.372106,8.181397
4.372516,8.181397
4.372926,8.181397
4.373336,8.181397
4.373746,8.181397
4.374156,8.181397
4.374566,8.181397
4.374976,8.181397
4.375386,8.181397
4.375796,8.181397
4.376206,8.181397
4.376616,8.181397
4.377026,8.181397
4.377436,8.181397
4.377846,8.181397
4.378256,8.181397
4.378666,8.181397
4.379076,8.181397
4.379486,8.181397
4.379896,8.181397
4.380306,8.181397
4.380716,8.181397
4.381126,8.181397
4.381536,8.181397
4.381946,8.181397
4.382356,8.181397
4.382766,8.181397
4.383176,8.181397
4.383586,8.181397
4.383996,8.181397
4.384406,8.181397
4.384816,8.181397
4.385226,8.181397
4.385636,8.181397
4.386046,8.181397
4.386456,8.181397
4.386866,8.181397
4.387276,8.181397
4.387686,8.181397
4.388096,8.181397
4.388506,8.181397
4.388916,8.181397
4.389326,8.181397
4.389736,8.181397
4.390146,8.181397
4.390556,8.181397
4.390966,8.181397
4.391376,8.181397
4.391786,8.181397
4.392196,8.181397
4.392606,8.181397
4.393016,8.181397
4.393426,8.181397
4.393836,8.181397
4.394246,8.181397
4.394656,8.181397
4.395067,8.181397
4.395477,8.181397
4.395887,8.181397
4.396297,8.181397
4.396707,8.181397
4.397117,8.181397
4.397527,8.181397
4.397937,8.181397
4.398347,8.181397
4.398757,8.181397
4.399167,8.181397
4.399577,8.181397
4.399987,8.181397
4.400397,8.181397
4.400807,8.181397
4.401217,8.181397
4.401627,8.181397
4.402037,8.181397
4.402447,8.181397
4.402857,8.181397
4.403267,8.181397
4.403677,8.181397
4.404087,8.181397
4.404497,8.181397
4.404907,8.181397
4.405317,8.181397
4.405727,8.181397
4.406137,8.181397
4.406547,8.181397
4.406957,8.181397
4.407367,8.181397
4.407777,8.181397
4.408187,8.181397
4.408597,8.181397
4.409007,8.181397
4.409417,8.181397
4.409827,8.181397
4.410237,8.181397
4.410647,8.181397
4.411057,8.181397
4.411467,8.181397
4.411877,8.181397
4.412287,8.181397
4.412697,8.181397
4.413107,8.181397
4.413517,8.181397
4.413927,8.181397
4.414337,8.181397
4.414747,8.181397
4.415157,8.181397
4.415567,8.181397
4.415977,8.181397
4.416387,8.181397
4.416797,8.181397
4.417207,8.181397
4.417617,8.181397
4.418027,8.181397
4.418437,8.181397
4.418847,8.181397
4.419257,8.181397
4.419667,8.181397
4.420077,8.181397
4.420487,8.181397
4.420897,8.181397
4.421307,8.181397
4.421717,8.181397
4.422127,8.181397
4.422537,8.181397
4.422947,8.181397
4.423357,8.181397
4.423767,8.181397
4.424177,8.181397
4.424587,8.181397
4.424997,8.181397
4.425408,8.181397
4.425818,8.181397
4.426228,8.181397
4.426638,8.181397
4.427048,8.181397
4.427458,8.181397
4.427868,8.181397
4.428278,8.181397
4.428688,8.181397
4.429098,8.181397
4.429508,8.181397
4.429918,8.181397
4.430328,8.181397
4.430738,8.181397
4.431148,8.181397
4.431558,8.181397
4.431968,8.181397
4.432378,8.181397
4.432788,8.181397
4.433198,8.181397
4.433608,8.181397
4.434018,8.181397
4.434428,8.181397
4.434838,8.181397
4.435248,8.181397
4.435658,8.181397
4.436068,8.181397
4.436478,8.181397
4.436888,8.181397
4.437298,8.181397
4.437708,8.181397
4.438118,8.181397
4.438528,8.181397
4.438938,8.181397
4.439348,8.181397
4.439758,8.181397
4.440168,8.181397
4.440578,8.181397
4.440988,8.181397
4.441398,8.181397
4.441808,8.181397
4.442218,8.181397
4.442628,8.181397
4.443038,8.181397
4.443448,8.181397
4.443858,8.181397
4.444268,8.181397
4.444678,8.181397
4.445088,8.181397
4.445498,8.181397
4.445908,8.181397
4.446318,8.181397
4.446728,8.181397
4.447138,8.181397
4.447548,8.181397
4.447958,8.181397
4.448368,8.181397
4.448778,8.181397
4.449188,8.181397
4.449598,8.181397
4.450008,8.181397
4.450418,8.181397
4.450828,8.181397
4.451238,8.181397
4.451648,8.181397
4.452058,8.181397
4.452468,8.181397
4.452878,8.181397
4.453288,8.181397
4.453698,8.181397
4.454108,8.181397
4.454518,8.181397
4.454928,8.181397
4.455339,8.181397
4.455749,8.181397
4.456159,8.181397
4.456569,8.181397
4.456979,8.181397
4.457389,8.181397
4.457799,8.181397
4.458209,8.181397
4.458619,8.181397
4.459029,8.181397
4.459439,8.181397
4.459849,8.181397
4.460259,8.181397
4.460669,8.181397
4.461079,8.181397
4.461489,8.181397
4.461899,8.181397
4.462309,8.181397
4.462719,8.181397
4.463129,8.181397
4.463539,8.181397
4.463949,8.181397
4.464359,8.181397
4.464769,8.181397
4.465179,8.181397
4.465589,8.181397
4.465999,8.181397
4.466409,8.181397
4.466819,8.181397
4.467229,8.181397
4.467639,8.181397
4.468049,8.181397
4.468459,8.181397
4.468869,8.181397
4.469279,8.181397
4.469689,8.181397
4.470099,8.181397
4.470509,8.181397
4.470919,8.181397
4.471329,8.181397
4.471739,8.181397
4.472149,8.181397
4.472559,8.181397
4.472969,8.181397
4.473379,8.181397
4.473789,8.181397
4.474199,8.181397
4.474609,8.181397
4.475019,8.181397
4.475429,8.181397
4.475839,8.181397
4.476249,8.181397
4.476659,8.181397
4.477069,8.181397
4.477479,8.181397
4.477889,8.181397
4.478299,8.181397
4.478709,8.181397
4.479119,8.181397
4.479529,8.181397
4.479939,8.181397
4.480349,8.181397
4.480759,8.181397
4.481169,8.181397
4.481579,8.181397
4.481989,8.181397
4.482399,8.181397
4.482809,8.181397
4.483219,8.181397
4.483629,8.181397
4.484039,8.181397
4.484449,8.181397
4.484859,8.181397
4.485270,8.181397
4.485680,8.181397
4.486090,8.181397
4.486500,8.181397
4.486910,8.181397
4.487320,8.181397
4.487730,8.181397
4.488140,8.181397
4.488550,8.181397
4.488960,8.181397
4.489370,8.181397
4.489780,8.181397
4.490190,8.181397
4.490600,8.181397
4.491010,8.181397
4.491420,8.181397
4.491830,8.181397
4.492240,8.181397
4.492650,8.181397
4.493060,8.181397
4.493470,8.181397
4.493880,8.181397
4.494290,8.181397
4.494700,8.181397
4.495110,8.181397
4.495520,8.181397
4.495930,8.181397
4.496340,8.181397
4.496750,8.181397
4.497160,8.181397
4.497570,8.181397
4.497980,8.181397
4.498390,8.181397
4.498800,8.181397
4.499210,8.181397
4.499620,8.181397
4.500030,8.181397
4.500440,8.181397
4.500850,8.181397
4.501260,8.181397
4.501670,8.181397
4.502080,8.181397
4.502490,8.181397
4.502900,8.181397
4.503310,8.181397
4.503720,8.181397
4.504130,8.181397
4.504540,8.181397
4.504950,8.181397
4.505360,8.181397
4.505770,8.181397
4.506180,8.181397
4.506590,8.181397
4.507000,8.181397
4.507410,8.181397
4.507820,8.181397
4.508230,8.181397
4.508640,8.181397
4.509050,8.181397
4.509460,8.181397
4.509870,8.181397
4.510280,8.181397
4.510690,8.181397
4.511100,8.181397
4.511510,8.181397
4.511920,8.181397
4.512330,8.181397
4.512740,8.181397
4.513150,8.181397
4.513560,8.181397
4.513970,8.181397
4.514380,8.181397
4.514790,8.181397
4.515201,8.181397
4.515611,8.181397
4.516021,8.181397
4.516431,8.181397
4.516841,8.181397
4.517251,8.181397
4.517661,8.181397
4.518071,8.181397
4.518481,8.181397
4.518891,8.181397
4.519301,8.181397
4.519711,8.181397
4.520121,8.181397
4.520531,8.181397
4.520941,8.181397
4.521351,8.181397
4.521761,8.181397
4.522171,8.181397
4.522581,8.181397
4.522991,8.181397
4.523401,8.181397
4.523811,8.181397
4.524221,8.181397
4.524631,8.181397
4.525041,8.181397
4.525451,8.181397
4.525861,8.181397
4.526271,8.181397
4.526681,8.181397
4.527091,8.181397
4.527501,8.181397
4.527911,8.181397
4.528321,8.181397
4.528731,8.181397
4.529141,8.181397
4.529551,8.181397
4.529961,8.181397
4.530371,8.181397
4.530781,8.181397
4.531191,8.181397
4.531601,8.181397
4.532011,8.181397
4.532421,8.181397
4.532831,8.181397
4.533241,8.181397
4.533651,8.181397
4.534061,8.181397
4.534471,8.181397
4.534881,8.181397
4.535291,8.181397
4.535701,8.181397
4.536111,8.181397
4.536521,8.181397
4.536931,8.181397
4.537341,8.181397
4.537751,8.181397
4.538161,8.181397
4.538571,8.181397
4.538981,8.181397
4.539391,8.181397
4.539801,8.181397
4.540211,8.181397
4.540621,8.181397
4.541031,8.181397
4.541441,8.181397
4.541851,8.181397
4.542261,8.181397
4.542671,8.181397
4.543081,8.181397
4.543491,8.181397
4.543901,8.181397
4.544311,8.181397
4.544721,8.181397
4.545132,8.181397
4.545542,8.181397
4.545952,8.181397
4.546362,8.181397
4.546772,8.181397
4.547182,8.181397
4.547592,8.181397
4.548002,8.181397
4.548412,8.181397
4.548822,8.181397
4.549232,8.181397
4.549642,8.181397
4.550052,8.181397
4.550462,8.181397
4.550872,8.181397
4.551282,8.181397
4.551692,8.181397
4.552102,8.181397
4.552512,8.181397
4.552922,8.181397
4.553332,8.181397
4.553742,8.181397
4.554152,8.181397
4.554562,8.181397
4.554972,8.181397
4.555382,8.181397
4.555792,8.181397
4.556202,8.181397
4.556612,8.181397
4.557022,8.181397
4.557432,8.181397
4.557842,8.181397
4.558252,8.181397
4.558662,8.181397
4.559072,8.181397
4.559482,8.181397
4.559892,8.181397
4.560302,8.181397
4.560712,8.181397
4.561122,8.181397
4.561532,8.181397
4.561942,8.181397
4.562352,8.181397
4.562762,8.181397
4.563172,8.181397
4.563582,8.181397
4.563992,8.181397
4.564402,8.181397
4.564812,8.181397
4.565222,8.181397
4.565632,8.181397
4.566042,8.181397
4.566452,8.181397
4.566862,8.181397
4.567272,8.181397
4.567682,8.181397
4.568092,8.181397
4.568502,8.181397
4.568912,8.181397
4.569322,8.181397
4.569732,8.181397
4.570142,8.181397
4.570552,8.181397
4.570962,8.181397
4.571372,8.181397
4.571782,8.181397
4.572192,8.181397
4.572602,8.181397
4.573012,8.181397
4.573422,8.181397
4.573832,8.181397
4.574242,8.181397
4.574652,8.181397
4.575063,8.181397
4.575473,8.181397
4.575883,8.181397
4.576293,8.181397
4.576703,8.181397
4.577113,8.181397
4.577523,8.181397
4.577933,8.181397
4.578343,8.181397
4.578753,8.181397
4.579163,8.181397
4.579573,8.181397
4.579983,8.181397
4.580393,8.181397
4.580803,8.181397
4.581213,8.181397
4.581623,8.181397
4.582033,8.181397
4.582443,8.181397
4.582853,8.181397
4.583263,8.181397
4.583673,8.181397
4.584083,8.181397
4.584493,8.181397
4.584903,8.181397
4.585313,8.181397
4.585723,8.181397
4.586133,8.181397
4.586543,8.181397
4.586953,8.181397
4.587363,8.181397
4.587773,8.181397
4.588183,8.181397
4.588593,8.181397
4.589003,8.181397
4.589413,8.181397
4.589823,8.181397
4.590233,8.181397
4.590643,8.181397
4.591053,8.181397
4.591463,8.181397
4.591873,8.181397
4.592283,8.181397
4.592693,8.181397
4.593103,8.181397
4.593513,8.181397
4.593923,8.181397
4.594333,8.181397
4.594743,8.181397
4.595153,8.181397
4.595563,8.181397
4.595973,8.181397
4.596383,8.181397
4.596793,8.181397
4.597203,8.181397
4.597613,8.181397
4.598023,8.181397
4.598433,8.181397
4.598843,8.181397
4.599253,8.181397
4.599663,8.181397
4.600073,8.181397
4.600483,8.181397
4.600893,8.181397
4.601303,8.181397
4.601713,8.181397
4.602123,8.181397
4.602533,8.181397
4.602943,8.181397
4.603353,8.181397
4.603763,8.181397
4.604173,8.181397
4.604583,8.181397
4.604993,8.181397
4.605404,8.181397
4.605814,8.181397
4.606224,8.181397
4.606634,8.181397
4.607044,8.181397
4.607454,8.181397
4.607864,8.181397
4.608274,8.181397
4.608684,8.181397
4.609094,8.181397
4.609504,8.181397
4.609914,8.181397
4.610324,8.181397
4.610734,8.181397
4.611144,8.181397
4.611554,8.181397
4.611964,8.181397
4.612374,8.181397
4.612784,8.181397
4.613194,8.181397
4.613604,8.181397
4.614014,8.181397
4.614424,8.181397
4.614834,8.181397
4.615244,8.181397
4.615654,8.181397
4.616064,8.181397
4.616474,8.181397
4.616884,8.181397
4.617294,8.181397
4.617704,8.181397
4.618114,8.181397
4.618524,8.181397
4.618934,8.181397
4.619344,8.181397
4.619754,8.181397
4.620164,8.181397
4.620574,8.181397
4.620984,8.181397
4.621394,8.181397
4.621804,8.181397
4.622214,8.181397
4.622624,8.181397
4.623034,8.181397
4.623444,8.181397
4.623854,8.181397
4.624264,8.181397
4.624674,8.181397
4.625084,8.181397
4.625494,8.181397
4.625904,8.181397
4.626314,8.181397
4.626724,8.181397
4.627134,8.181397
4.627544,8.181397
4.627954,8.181397
4.628364,8.181397
4.628774,8.181397
4.629184,8.181397
4.629594,8.181397
4.630004,8.181397
4.630414,8.181397
4.630824,8.181397
4.631234,8.181397
4.631644,8.181397
4.632054,8.181397
4.632464,8.181397
4.632874,8.181397
4.633284,8.181397
4.633694,8.181397
4.634104,8.181397
4.634514,8.181397
4.634924,8.181397
4.635335,8.181397
4.635745,8.181397
4.636155,8.181397
4.636565,8.181397
4.636975,8.181397
4.637385,8.181397
4.637795,8.181397
4.638205,8.181397
4.638615,8.181397
4.639025,8.181397
4.639435,8.181397
4.639845,8.181397
4.640255,8.181397
4.640665,8.181397
4.641075,8.181397
4.641485,8.181397
4.641895,8.181397
4.642305,8.181397
4.642715,8.181397
4.643125,8.181397
4.643535,8.181397
4.643945,8.181397
4.644355,8.181397
4.644765,8.181397
4.645175,8.181397
4.645585,8.181397
4.645995,8.181397
4.646405,8.181397
4.646815,8.181397
4.647225,8.181397
4.647635,8.181397
4.648045,8.181397
4.648455,8.181397
4.648865,8.181397
4.649275,8.181397
4.649685,8.181397
4.650095,8.181397
4.650505,8.181397
4.650915,8.181397
4.651325,8.181397
4.651735,8.181397
4.652145,8.181397
4.652555,8.181397
4.652965,8.181397
4.653375,8.181397
4.653785,8.181397
4.654195,8.181397
4.654605,8.181397
4.655015,8.181397
4.655425,8.181397
4.655835,8.181397
4.656245,8.181397
4.656655,8.181397
4.657065,8.181397
4.657475,8.181397
4.657885,8.181397
4.658295,8.181397
4.658705,8.181397
4.659115,8.181397
4.659525,8.181397
4.659935,8.181397
4.660345,8.181397
4.660755,8.181397
4.661165,8.181397
4.661575,8.181397
4.661985,8.181397
4.662395,8.181397
4.662805,8.181397
4.663215,8.181397
4.663625,8.181397
4.664035,8.181397
4.664445,8.181397
4.664855,8.181397
4.665266,8.181397
4.665676,8.181397
4.666086,8.181397
4.666496,8.181397
4.666906,8.181397
4.667316,8.181397
4.667726,8.181397
4.668136,8.181397
4.668546,8.181397
4.668956,8.181397
4.669366,8.181397
4.669776,8.181397
4.670186,8.181397
4.670596,8.181397
4.671006,8.181397
4.671416,8.181397
4.671826,8.181397
4.672236,8.181397
4.672646,8.181397
4.673056,8.181397
4.673466,8.181397
4.673876,8.181397
4.674286,8.181397
4.674696,8.181397
4.675106,8.181397
4.675516,8.181397
4.675926,8.181397
4.676336,8.181397
4.676746,8.181397
4.677156,8.181397
4.677566,8.181397
4.677976,8.181397
4.678386,8.181397
4.678796,8.181397
4.679206,8.181397
4.679616,8.181397
4.680026,8.181397
4.680436,8.181397
4.680846,8.181397
4.681256,8.181397
4.681666,8.181397
4.682076,8.181397
4.682486,8.181397
4.682896,8.181397
4.683306,8.181397
4.683716,8.181397
4.684126,8.181397
4.684536,8.181397
4.684946,8.181397
4.685356,8.181397
4.685766,8.181397
4.686176,8.181397
4.686586,8.181397
4.686996,8.181397
4.687406,8.181397
4.687816,8.181397
4.688226,8.181397
4.688636,8.181397
4.689046,8.181397
4.689456,8.181397
4.689866,8.181397
4.690276,8.181397
4.690686,8.181397
4.691096,8.181397
4.691506,8.181397
4.691916,8.181397
4.692326,8.181397
4.692736,8.181397
4.693146,8.181397
4.693556,8.181397
4.693966,8.181397
4.694376,8.181397
4.694786,8.181397
4.695197,8.181397
4.695607,8.181397
4.696017,8.181397
4.696427,8.181397
4.696837,8.181397
4.697247,8.181397
4.697657,8.181397
4.698067,8.181397
4.698477,8.181397
4.698887,8.181397
4.699297,8.181397
4.699707,8.181397
4.700117,8.181397
4.700527,8.181397
4.700937,8.181397
4.701347,8.181397
4.701757,8.181397
4.702167,8.181397
4.702577,8.181397
4.702987,8.181397
4.703397,8.181397
4.703807,8.181397
4.704217,8.181397
4.704627,8.181397
4.705037,8.181397
4.705447,8.181397
4.705857,8.181397
4.706267,8.181397
4.706677,8.181397
4.707087,8.181397
4.707497,8.181397
4.707907,8.181397
4.708317,8.181397
4.708727,8.181397
4.709137,8.181397
4.709547,8.181397
4.709957,8.181397
4.710367,8.181397
4.710777,8.181397
4.711187,8.181397
4.711597,8.181397
4.712007,8.181397
4.712417,8.181397
4.712827,8.181397
4.713237,8.181397
4.713647,8.181397
4.714057,8.181397
4.714467,8.181397
4.714877,8.181397
4.715287,8.181397
4.715697,8.181397
4.716107,8.181397
4.716517,8.181397
4.716927,8.181397
4.717337,8.181397
4.717747,8.181397
4.718157,8.181397
4.718567,8.181397
4.718977,8.181397
4.719387,8.181397
4.719797,8.181397
4.720207,8.181397
4.720617,8.181397
4.721027,8.181397
4.721437,8.181397
4.721847,8.181397
4.722257,8.181397
4.722667,8.181397
4.723077,8.181397
4.723487,8.181397
4.723897,8.181397
4.724307,8.181397
4.724717,8.181397
4.725128,8.181397
4.725538,8.181397
4.725948,8.181397
4.726358,8.181397
4.726768,8.181397
4.727178,8.181397
4.727588,8.181397
4.727998,8.181397
4.728408,8.181397
4.728818,8.181397
4.729228,8.181397
4.729638,8.181397
4.730048,8.181397
4.730458,8.181397
4.730868,8.181397
4.731278,8.181397
4.731688,8.181397
4.732098,8.181397
4.732508,8.181397
4.732918,8.181397
4.733328,8.181397
4.733738,8.181397
4.734148,8.181397
4.734558,8.181397
4.734968,8.181397
4.735378,8.181397
4.735788,8.181397
4.736198,8.181397
4.736608,8.181397
4.737018,8.181397
4.737428,8.181397
4.737838,8.181397
4.738248,8.181397
4.738658,8.181397
4.739068,8.181397
4.739478,8.181397
4.739888,8.181397
4.740298,8.181397
4.740708,8.181397
4.741118,8.181397
4.741528,8.181397
4.741938,8.181397
4.742348,8.181397
4.742758,8.181397
4.743168,8.181397
4.743578,8.181397
4.743988,8.181397
4.744398,8.181397
4.744808,8.181397
4.745218,8.181397
4.745628,8.181397
4.746038,8.181397
4.746448,8.181397
4.746858,8.181397
4.747268,8.181397
4.747678,8.181397
4.748088,8.181397
4.748498,8.181397
4.748908,8.181397
4.749318,8.181397
4.749728,8.181397
4.750138,8.181397
4.750548,8.181397
4.750958,8.181397
4.751368,8.181397
4.751778,8.181397
4.752188,8.181397
4.752598,8.181397
4.753008,8.181397
4.753418,8.181397
4.753828,8.181397
4.754238,8.181397
4.754648,8.181397
4.755059,8.181397
4.755469,8.181397
4.755879,8.181397
4.756289,8.181397
4.756699,8.181397
4.757109,8.181397
4.757519,8.181397
4.757929,8.181397
4.758339,8.181397
4.758749,8.181397
4.759159,8.181397
4.759569,8.181397
4.759979,8.181397
4.760389,8.181397
4.760799,8.181397
4.761209,8.181397
4.761619,8.181397
4.762029,8.181397
4.762439,8.181397
4.762849,8.181397
4.763259,8.181397
4.763669,8.181397
4.764079,8.181397
4.764489,8.181397
4.764899,8.181397
4.765309,8.181397
4.765719,8.181397
4.766129,8.181397
4.766539,8.181397
4.766949,8.181397
4.767359,8.181397
4.767769,8.181397
4.768179,8.181397
4.768589,8.181397
4.768999,8.181397
4.769409,8.181397
4.769819,8.181397
4.770229,8.181397
4.770639,8.181397
4.771049,8.181397
4.771459,8.181397
4.771869,8.181397
4.772279,8.181397
4.772689,8.181397
4.773099,8.181397
4.773509,8.181397
4.773919,8.181397
4.774329,8.181397
4.774739,8.181397
4.775149,8.181397
4.775559,8.181397
4.775969,8.181397
4.776379,8.181397
4.776789,8.181397
4.777199,8.181397
4.777609,8.181397
4.778019,8.181397
4.778429,8.181397
4.778839,8.181397
4.779249,8.181397
4.779659,8.181397
4.780069,8.181397
4.780479,8.181397
4.780889,8.181397
4.781299,8.181397
4.781709,8.181397
4.782119,8.181397
4.782529,8.181397
4.782939,8.181397
4.783349,8.181397
4.783759,8.181397
4.784169,8.181397
4.784579,8.181397
4.784989,8.181397
4.785400,8.181397
4.785810,8.181397
4.786220,8.181397
4.786630,8.181397
4.787040,8.181397
4.787450,8.181397
4.787860,8.181397
4.788270,8.181397
4.788680,8.181397
4.789090,8.181397
4.789500,8.181397
4.789910,8.181397
4.790320,8.181397
4.790730,8.181397
4.791140,8.181397
4.791550,8.181397
4.791960,8.181397
4.792370,8.181397
4.792780,8.181397
4.793190,8.181397
4.793600,8.181397
4.794010,8.181397
4.794420,8.181397
4.794830,8.181397
4.795240,8.181397
4.795650,8.181397
4.796060,8.181397
4.796470,8.181397
4.796880,8.181397
4.797290,8.181397
4.797700,8.181397
4.798110,8.181397
4.798520,8.181397
4.798930,8.181397
4.799340,8.181397
4.799750,8.181397
4.800160,8.181397
4.800570,8.181397
4.800980,8.181397
4.801390,8.181397
4.801800,8.181397
4.802210,8.181397
4.802620,8.181397
4.803030,8.181397
4.803440,8.181397
4.803850,8.181397
4.804260,8.181397
4.804670,8.181397
4.805080,8.181397
4.805490,8.181397
4.805900,8.181397
4.806310,8.181397
4.806720,8.181397
4.807130,8.181397
4.807540,8.181397
4.807950,8.181397
4.808360,8.181397
4.808770,8.181397
4.809180,8.181397
4.809590,8.181397
4.810000,8.181397
4.810410,8.181397
4.810820,8.181397
4.811230,8.181397
4.811640,8.181397
4.812050,8.181397
4.812460,8.181397
4.812870,8.181397
4.813280,8.181397
4.813690,8.181397
4.814100,8.181397
4.814510,8.181397
4.814920,8.181397
4.815331,8.181397
4.815741,8.181397
4.816151,8.181397
4.816561,8.181397
4.816971,8.181397
4.817381,8.181397
4.817791,8.181397
4.818201,8.181397
4.818611,8.181397
4.819021,8.181397
4.819431,8.181397
4.819841,8.181397
4.820251,8.181397
4.820661,8.181397
4.821071,8.181397
4.821481,8.181397
4.821891,8.181397
4.822301,8.181397
4.822711,8.181397
4.823121,8.181397
4.823531,8.181397
4.823941,8.181397
4.824351,8.181397
4.824761,8.181397
4.825171,8.181397
4.825581,8.181397
4.825991,8.181397
4.826401,8.181397
4.826811,8.181397
4.827221,8.181397
4.827631,8.181397
4.828041,8.181397
4.828451,8.181397
4.828861,8.181397
4.829271,8.181397
4.829681,8.181397
4.830091,8.181397
4.830501,8.181397
4.830911,8.181397
4.831321,8.181397
4.831731,8.181397
4.832141,8.181397
4.832551,8.181397
4.832961,8.181397
4.833371,8.181397
4.833781,8.181397
4.834191,8.181397
4.834601,8.181397
4.835011,8.181397
4.835421,8.181397
4.835831,8.181397
4.836241,8.181397
4.836651,8.181397
4.837061,8.181397
4.837471,8.181397
4.837881,8.181397
4.838291,8.181397
4.838701,8.181397
4.839111,8.181397
4.839521,8.181397
4.839931,8.181397
4.840341,8.181397
4.840751,8.181397
4.841161,8.181397
4.841571,8.181397
4.841981,8.181397
4.842391,8.181397
4.842801,8.181397
4.843211,8.181397
4.843621,8.181397
4.844031,8.181397
4.844441,8.181397
4.844851,8.181397
4.845262,8.181397
4.845672,8.181397
4.846082,8.181397
4.846492,8.181397
4.846902,8.181397
4.847312,8.181397
4.847722,8.181397
4.848132,8.181397
4.848542,8.181397
4.848952,8.181397
4.849362,8.181397
4.849772,8.181397
4.850182,8.181397
4.850592,8.181397
4.851002,8.181397
4.851412,8.181397
4.851822,8.181397
4.852232,8.181397
4.852642,8.181397
4.853052,8.181397
4.853462,8.181397
4.853872,8.181397
4.854282,8.181397
4.854692,8.181397
4.855102,8.181397
4.855512,8.181397
4.855922,8.181397
4.856332,8.181397
4.856742,8.181397
4.857152,8.181397
4.857562,8.181397
4.857972,8.181397
4.858382,8.181397
4.858792,8.181397
4.859202,8.181397
4.859612,8.181397
4.860022,8.181397
4.860432,8.181397
4.860842,8.181397
4.861252,8.181397
4.861662,8.181397
4.862072,8.181397
4.862482,8.181397
4.862892,8.181397
4.863302,8.181397
4.863712,8.181397
4.864122,8.181397
4.864532,8.181397
4.864942,8.181397
4.865352,8.181397
4.865762,8.181397
4.866172,8.181397
4.866582,8.181397
4.866992,8.181397
4.867402,8.181397
4.867812,8.181397
4.868222,8.181397
4.868632,8.181397
4.869042,8.181397
4.869452,8.181397
4.869862,8.181397
4.870272,8.181397
4.870682,8.181397
4.871092,8.181397
4.871502,8.181397
4.871912,8.181397
4.872322,8.181397
4.872732,8.181397
4.873142,8.181397
4.873552,8.181397
4.873962,8.181397
4.874372,8.181397
4.874782,8.181397
4.875193,8.181397
4.875603,8.181397
4.876013,8.181397
4.876423,8.181397
4.876833,8.181397
4.877243,8.181397
4.877653,8.181397
4.878063,8.181397
4.878473,8.181397
4.878883,8.181397
4.879293,8.181397
4.879703,8.181397
4.880113,8.181397
4.880523,8.181397
4.880933,8.181397
4.881343,8.181397
4.881753,8.181397
4.882163,8.181397
4.882573,8.181397
4.882983,8.181397
4.883393,8.181397
4.883803,8.181397
4.884213,8.181397
4.884623,8.181397
4.885033,8.181397
4.885443,8.181397
4.885853,8.181397
4.886263,8.181397
4.886673,8.181397
4.887083,8.181397
4.887493,8.181397
4.887903,8.181397
4.888313,8.181397
4.888723,8.181397
4.889133,8.181397
4.889543,8.181397
4.889953,8.181397
4.890363,8.181397
4.890773,8.181397
4.891183,8.181397
4.891593,8.181397
4.892003,8.181397
4.892413,8.181397
4.892823,8.181397
4.893233,8.181397
4.893643,8.181397
4.894053,8.181397
4.894463,8.181397
4.894873,8.181397
4.895283,8.181397
4.895693,8.181397
4.896103,8.181397
4.896513,8.181397
4.896923,8.181397
4.897333,8.181397
4.897743,8.181397
4.898153,8.181397
4.898563,8.181397
4.898973,8.181397
4.899383,8.181397
4.899793,8.181397
4.900203,8.181397
4.900613,8.181397
4.901023,8.181397
4.901433,8.181397
4.901843,8.181397
4.902253,8.181397
4.902663,8.181397
4.903073,8.181397
4.903483,8.181397
4.903893,8.181397
4.904303,8.181397
4.904713,8.181397
4.905124,8.181397
4.905534,8.181397
4.905944,8.181397
4.906354,8.181397
4.906764,8.181397
4.907174,8.181397
4.907584,8.181397
4.907994,8.181397
4.908404,8.181397
4.908814,8.181397
4.909224,8.181397
4.909634,8.181397
4.910044,8.181397
4.910454,8.181397
4.910864,8.181397
4.911274,8.181397
4.911684,8.181397
4.912094,8.181397
4.912504,8.181397
4.912914,8.181397
4.913324,8.181397
4.913734,8.181397
4.914144,8.181397
4.914554,8.181397
4.914964,8.181397
4.915374,8.181397
4.915784,8.181397
4.916194,8.181397
4.916604,8.181397
4.917014,8.181397
4.917424,8.181397
4.917834,8.181397
4.918244,8.181397
4.918654,8.181397
4.919064,8.181397
4.919474,8.181397
4.919884,8.181397
4.920294,8.181397
4.920704,8.181397
4.921114,8.181397
4.921524,8.181397
4.921934,8.181397
4.922344,8.181397
4.922754,8.181397
4.923164,8.181397
4.923574,8.181397
4.923984,8.181397
4.924394,8.181397
4.924804,8.181397
4.925214,8.181397
4.925624,8.181397
4.926034,8.181397
4.926444,8.181397
4.926854,8.181397
4.927264,8.181397
4.927674,8.181397
4.928084,8.181397
4.928494,8.181397
4.928904,8.181397
4.929314,8.181397
4.929724,8.181397
4.930134,8.181397
4.930544,8.181397
4.930954,8.181397
4.931364,8.181397
4.931774,8.181397
4.932184,8.181397
4.932594,8.181397
4.933004,8.181397
4.933414,8.181397
4.933824,8.181397
4.934234,8.181397
4.934644,8.181397
4.935055,8.181397
4.935465,8.181397
4.935875,8.181397
4.936285,8.181397
4.936695,8.181397
4.937105,8.181397
4.937515,8.181397
4.937925,8.181397
4.938335,8.181397
4.938745,8.181397
4.939155,8.181397
4.939565,8.181397
4.939975,8.181397
4.940385,8.181397
4.940795,8.181397
4.941205,8.181397
4.941615,8.181397
4.942025,8.181397
4.942435,8.181397
4.942845,8.181397
4.943255,8.181397
4.943665,8.181397
4.944075,8.181397
4.944485,8.181397
4.944895,8.181397
4.945305,8.181397
4.945715,8.181397
4.946125,8.181397
4.946535,8.181397
4.946945,8.181397
4.947355,8.181397
4.947765,8.181397
4.948175,8.181397
4.948585,8.181397
4.948995,8.181397
4.949405,8.181397
4.949815,8.181397
4.950225,8.181397
4.950635,8.181397
4.951045,8.181397
4.951455,8.181397
4.951865,8.181397
4.952275,8.181397
4.952685,8.181397
4.953095,8.181397
4.953505,8.181397
4.953915,8.181397
4.954325,8.181397
4.954735,8.181397
4.955145,8.181397
4.955555,8.181397
4.955965,8.181397
4.956375,8.181397
4.956785,8.181397
4.957195,8.181397
4.957605,8.181397
4.958015,8.181397
4.958425,8.181397
4.958835,8.181397
4.959245,8.181397
4.959655,8.181397
4.960065,8.181397
4.960475,8.181397
4.960885,8.181397
4.961295,8.181397
4.961705,8.181397
4.962115,8.181397
4.962525,8.181397
4.962935,8.181397
4.963345,8.181397
4.963755,8.181397
4.964165,8.181397
4.964575,8.181397
4.964985,8.181397
4.965396,8.181397
4.965806,8.181397
4.966216,8.181397
4.966626,8.181397
4.967036,8.181397
4.967446,8.181397
4.967856,8.181397
4.968266,8.181397
4.968676,8.181397
4.969086,8.181397
4.969496,8.181397
4.969906,8.181397
4.970316,8.181397
4.970726,8.181397
4.971136,8.181397
4.971546,8.181397
4.971956,8.181397
4.972366,8.181397
4.972776,8.181397
4.973186,8.181397
4.973596,8.181397
4.974006,8.181397
4.974416,8.181397
4.974826,8.181397
4.975236,8.181397
4.975646,8.181397
4.976056,8.181397
4.976466,8.181397
4.976876,8.181397
4.977286,8.181397
4.977696,8.181397
4.978106,8.181397
4.978516,8.181397
4.978926,8.181397
4.979336,8.181397
4.979746,8.181397
4.980156,8.181397
4.980566,8.181397
4.980976,8.181397
4.981386,8.181397
4.981796,8.181397
4.982206,8.181397
4.982616,8.181397
4.983026,8.181397
4.983436,8.181397
4.983846,8.181397
4.984256,8.181397
4.984666,8.181397
4.985076,8.181397
4.985486,8.181397
4.985896,8.181397
4.986306,8.181397
4.986716,8.181397
4.987126,8.181397
4.987536,8.181397
4.987946,8.181397
4.988356,8.181397
4.988766,8.181397
4.989176,8.181397
4.989586,8.181397
4.989996,8.181397
4.990406,8.181397
4.990816,8.181397
4.991226,8.181397
4.991636,8.181397
4.992046,8.181397
4.992456,8.181397
4.992866,8.181397
4.993276,8.181397
4.993686,8.181397
4.994096,8.181397
4.994506,8.181397
4.994916,8.181397
4.995327,8.181397
4.995737,8.181397
4.996147,8.181397
4.996557,8.181397
4.996967,8.181397
4.997377,8.181397
4.997787,8.181397
4.998197,8.181397
4.998607,8.181397
4.999017,8.181397
4.999427,8.181397
4.999837,8.181397
5.000247,8.181397
5.000657,8.181397
5.001067,8.181397
5.001477,8.181397
5.001887,8.181397
5.002297,8.181397
5.002707,8.181397
5.003117,8.181397
5.003527,8.181397
5.003937,8.181397
5.004347,8.181397
5.004757,8.181397
5.005167,8.181397
5.005577,8.181397
5.005987,8.181397
5.006397,8.181397
5.006807,8.181397
5.007217,8.181397
5.007627,8.181397
5.008037,8.181397
5.008447,8.181397
5.008857,8.181397
5.009267,8.181397
5.009677,8.181397
5.010087,8.181397
5.010497,8.181397
5.010907,8.181397
5.011317,8.181397
5.011727,8.181397
5.012137,8.181397
5.012547,8.181397
5.012957,8.181397
5.013367,8.181397
5.013777,8.181397
5.014187,8.181397
5.014597,8.181397
5.015007,8.181397
5.015417,8.181397
5.015827,8.181397
5.016237,8.181397
5.016647,8.181397
5.017057,8.181397
5.017467,8.181397
5.017877,8.181397
5.018287,8.181397
5.018697,8.181397
5.019107,8.181397
5.019517,8.181397
5.019927,8.181397
5.020337,8.181397
5.020747,8.181397
5.021157,8.181397
5.021567,8.181397
5.021977,8.181397
5.022387,8.181397
5.022797,8.181397
5.023207,8.181397
5.023617,8.181397
5.024027,8.181397
5.024437,8.181397
5.024847,8.181397
5.025258,8.181397
5.025668,8.181397
5.026078,8.181397
5.026488,8.181397
5.026898,8.181397
5.027308,8.181397
5.027718,8.181397
5.028128,8.181397
5.028538,8.181397
5.028948,8.181397
5.029358,8.181397
5.029768,8.181397
5.030178,8.181397
5.030588,8.181397
5.030998,8.181397
5.031408,8.181397
5.031818,8.181397
5.032228,8.181397
5.032638,8.181397
5.033048,8.181397
5.033458,8.181397
5.033868,8.181397
5.034278,8.181397
5.034688,8.181397
5.035098,8.181397
5.035508,8.181397
5.035918,8.181397
5.036328,8.181397
5.036738,8.181397
5.037148,8.181397
5.037558,8.181397
5.037968,8.181397
5.038378,8.181397
5.038788,8.181397
5.039198,8.181397
5.039608,8.181397
5.040018,8.181397
5.040428,8.181397
5.040838,8.181397
5.041248,8.181397
5.041658,8.181397
5.042068,8.181397
5.042478,8.181397
5.042888,8.181397
5.043298,8.181397
5.043708,8.181397
5.044118,8.181397
5.044528,8.181397
5.044938,8.181397
5.045348,8.181397
5.045758,8.181397
5.046168,8.181397
5.046578,8.181397
5.046988,8.181397
5.047398,8.181397
5.047808,8.181397
5.048218,8.181397
5.048628,8.181397
5.049038,8.181397
5.049448,8.181397
5.049858,8.181397
5.050268,8.181397
5.050678,8.181397
5.051088,8.181397
5.051498,8.181397
5.051908,8.181397
5.052318,8.181397
5.052728,8.181397
5.053138,8.181397
5.053548,8.181397
5.053958,8.181397
5.054368,8.181397
5.054778,8.181397
5.055189,8.181397
5.055599,8.181397
5.056009,8.181397
5.056419,8.181397
5.056829,8.181397
5.057239,8.181397
5.057649,8.181397
5.058059,8.181397
5.058469,8.181397
5.058879,8.181397
5.059289,8.181397
5.059699,8.181397
5.060109,8.181397
5.060519,8.181397
5.060929,8.181397
5.061339,8.181397
5.061749,8.181397
5.062159,8.181397
5.062569,8.181397
5.062979,8.181397
5.063389,8.181397
5.063799,8.181397
5.064209,8.181397
5.064619,8.181397
5.065029,8.181397
5.065439,8.181397
5.065849,8.181397
5.066259,8.181397
5.066669,8.181397
5.067079,8.181397
5.067489,8.181397
5.067899,8.181397
5.068309,8.181397
5.068719,8.181397
5.069129,8.181397
5.069539,8.181397
5.069949,8.181397
5.070359,8.181397
5.070769,8.181397
5.071179,8.181397
5.071589,8.181397
5.071999,8.181397
5.072409,8.181397
5.072819,8.181397
5.073229,8.181397
5.073639,8.181397
5.074049,8.181397
5.074459,8.181397
5.074869,8.181397
5.075279,8.181397
5.075689,8.181397
5.076099,8.181397
5.076509,8.181397
5.076919,8.181397
5.077329,8.181397
5.077739,8.181397
5.078149,8.181397
5.078559,8.181397
5.078969,8.181397
5.079379,8.181397
5.079789,8.181397
5.080199,8.181397
5.080609,8.181397
5.081019,8.181397
5.081429,8.181397
5.081839,8.181397
5.082249,8.181397
5.082659,8.181397
5.083069,8.181397
5.083479,8.181397
5.083889,8.181397
5.084299,8.181397
5.084709,8.181397
5.085120,8.181397
5.085530,8.181397
5.085940,8.181397
5.086350,8.181397
5.086760,8.181397
5.087170,8.181397
5.087580,8.181397
5.087990,8.181397
5.088400,8.181397
5.088810,8.181397
5.089220,8.181397
5.089630,8.181397
5.090040,8.181397
5.090450,8.181397
5.090860,8.181397
5.091270,8.181397
5.091680,8.181397
5.092090,8.181397
5.092500,8.181397
5.092910,8.181397
5.093320,8.181397
5.093730,8.181397
5.094140,8.181397
5.094550,8.181397
5.094960,8.181397
5.095370,8.181397
5.095780,8.181397
5.096190,8.181397
5.096600,8.181397
5.097010,8.181397
5.097420,8.181397
5.097830,8.181397
5.098240,8.181397
5.098650,8.181397
5.099060,8.181397
5.099470,8.181397
5.099880,8.181397
5.100290,8.181397
5.100700,8.181397
5.101110,8.181397
5.101520,8.181397
5.101930,8.181397
5.102340,8.181397
5.102750,8.181397
5.103160,8.181397
5.103570,8.181397
5.103980,8.181397
5.104390,8.181397
5.104800,8.181397
5.105210,8.181397
5.105620,8.181397
5.106030,8.181397
5.106440,8.181397
5.106850,8.181397
5.107260,8.181397
5.107670,8.181397
5.108080,8.181397
5.108490,8.181397
5.108900,8.181397
5.109310,8.181397
5.109720,8.181397
5.110130,8.181397
5.110540,8.181397
5.110950,8.181397
5.111360,8.181397
5.111770,8.181397
5.112180,8.181397
5.112590,8.181397
5.113000,8.181397
5.113410,8.181397
5.113820,8.181397
5.114230,8.181397
5.114640,8.181397
5.115051,8.181397
5.115461,8.181397
5.115871,8.181397
5.116281,8.181397
5.116691,8.181397
5.117101,8.181397
5.117511,8.181397
5.117921,8.181397
5.118331,8.181397
5.118741,8.181397
5.119151,8.181397
5.119561,8.181397
5.119971,8.181397
5.120381,8.181397
5.120791,8.181397
5.121201,8.181397
5.121611,8.181397
5.122021,8.181397
5.122431,8.181397
5.122841,8.181397
5.123251,8.181397
5.123661,8.181397
5.124071,8.181397
5.124481,8.181397
5.124891,8.181397
5.125301,8.181397
5.125711,8.181397
5.126121,8.181397
5.126531,8.181397
5.126941,8.181397
5.127351,8.181397
5.127761,8.181397
5.128171,8.181397
5.128581,8.181397
5.128991,8.181397
5.129401,8.181397
5.129811,8.181397
5.130221,8.181397
5.130631,8.181397
5.131041,8.181397
5.131451,8.181397
5.131861,8.181397
5.132271,8.181397
5.132681,8.181397
5.133091,8.181397
5.133501,8.181397
5.133911,8.181397
5.134321,8.181397
5.134731,8.181397
5.135141,8.181397
5.135551,8.181397
5.135961,8.181397
5.136371,8.181397
5.136781,8.181397
5.137191,8.181397
5.137601,8.181397
5.138011,8.181397
5.138421,8.181397
5.138831,8.181397
5.139241,8.181397
5.139651,8.181397
5.140061,8.181397
5.140471,8.181397
5.140881,8.181397
5.141291,8.181397
5.141701,8.181397
5.142111,8.181397
5.142521,8.181397
5.142931,8.181397
5.143341,8.181397
5.143751,8.181397
5.144161,8.181397
5.144571,8.181397
5.144981,8.181397
5.145392,8.181397
5.145802,8.181397
5.146212,8.181397
5.146622,8.181397
5.147032,8.181397
5.147442,8.181397
5.147852,8.181397
5.148262,8.181397
5.148672,8.181397
5.149082,8.181397
5.149492,8.181397
5.149902,8.181397
5.150312,8.181397
5.150722,8.181397
5.151132,8.181397
5.151542,8.181397
5.151952,8.181397
5.152362,8.181397
5.152772,8.181397
5.153182,8.181397
5.153592,8.181397
5.154002,8.181397
5.154412,8.181397
5.154822,8.181397
5.155232,8.181397
5.155642,8.181397
5.156052,8.181397
5.156462,8.181397
5.156872,8.181397
5.157282,8.181397
5.157692,8.181397
5.158102,8.181397
5.158512,8.181397
5.158922,8.181397
5.159332,8.181397
5.159742,8.181397
5.160152,8.181397
5.160562,8.181397
5.160972,8.181397
5.161382,8.181397
5.161792,8.181397
5.162202,8.181397
5.162612,8.181397
5.163022,8.181397
5.163432,8.181397
5.163842,8.181397
5.164252,8.181397
5.164662,8.181397
5.165072,8.181397
5.165482,8.181397
5.165892,8.181397
5.166302,8.181397
5.166712,8.181397
5.167122,8.181397
5.167532,8.181397
5.167942,8.181397
5.168352,8.181397
5.168762,8.181397
5.169172,8.181397
5.169582,8.181397
5.169992,8.181397
5.170402,8.181397
5.170812,8.181397
5.171222,8.181397
5.171632,8.181397
5.172042,8.181397
5.172452,8.181397
5.172862,8.181397
5.173272,8.181397
5.173682,8.181397
5.174092,8.181397
5.174502,8.181397
5.174912,8.181397
5.175323,8.181397
5.175733,8.181397
5.176143,8.181397
5.176553,8.181397
5.176963,8.181397
5.177373,8.181397
5.177783,8.181397
5.178193,8.181397
5.178603,8.181397
5.179013,8.181397
5.179423,8.181397
5.179833,8.181397
5.180243,8.181397
5.180653,8.181397
5.181063,8.181397
5.181473,8.181397
5.181883,8.181397
5.182293,8.181397
5.182703,8.181397
5.183113,8.181397
5.183523,8.181397
5.183933,8.181397
5.184343,8.181397
5.184753,8.181397
5.185163,8.181397
5.185573,8.181397
5.185983,8.181397
5.186393,8.181397
5.186803,8.181397
5.187213,8.181397
5.187623,8.181397
5.188033,8.181397
5.188443,8.181397
5.188853,8.181397
5.189263,8.181397
5.189673,8.181397
5.190083,8.181397
5.190493,8.181397
5.190903,8.181397
5.191313,8.181397
5.191723,8.181397
5.192133,8.181397
5.192543,8.181397
5.192953,8.181397
5.193363,8.181397
5.193773,8.181397
5.194183,8.181397
5.194593,8.181397
5.195003,8.181397
5.195413,8.181397
5.195823,8.181397
5.196233,8.181397
5.196643,8.181397
5.197053,8.181397
5.197463,8.181397
5.197873,8.181397
5.198283,8.181397
5.198693,8.181397
5.199103,8.181397
5.199513,8.181397
5.199923,8.181397
5.200333,8.181397
5.200743,8.181397
5.201153,8.181397
5.201563,8.181397
5.201973,8.181397
5.202383,8.181397
5.202793,8.181397
5.203203,8.181397
5.203613,8.181397
5.204023,8.181397
5.204433,8.181397
5.204843,8.181397
5.205254,8.181397
5.205664,8.181397
5.206074,8.181397
5.206484,8.181397
5.206894,8.181397
5.207304,8.181397
5.207714,8.181397
5.208124,8.181397
5.208534,8.181397
5.208944,8.181397
5.209354,8.181397
5.209764,8.181397
5.210174,8.181397
5.210584,8.181397
5.210994,8.181397
5.211404,8.181397
5.211814,8.181397
5.212224,8.181397
5.212634,8.181397
5.213044,8.181397
5.213454,8.181397
5.213864,8.181397
5.214274,8.181397
5.214684,8.181397
5.215094,8.181397
5.215504,8.181397
5.215914,8.181397
5.216324,8.181397
5.216734,8.181397
5.217144,8.181397
5.217554,8.181397
5.217964,8.181397
5.218374,8.181397
5.218784,8.181397
5.219194,8.181397
5.219604,8.181397
5.220014,8.181397
5.220424,8.181397
5.220834,8.181397
5.221244,8.181397
5.221654,8.181397
5.222064,8.181397
5.222474,8.181397
5.222884,8.181397
5.223294,8.181397
5.223704,8.181397
5.224114,8.181397
5.224524,8.181397
5.224934,8.181397
5.225344,8.181397
5.225754,8.181397
5.226164,8.181397
5.226574,8.181397
5.226984,8.181397
5.227394,8.181397
5.227804,8.181397
5.228214,8.181397
5.228624,8.181397
5.229034,8.181397
5.229444,8.181397
5.229854,8.181397
5.230264,8.181397
5.230674,8.181397
5.231084,8.181397
5.231494,8.181397
5.231904,8.181397
5.232314,8.181397
5.232724,8.181397
5.233134,8.181397
5.233544,8.181397
5.233954,8.181397
5.234364,8.181397
5.234774,8.181397
5.235185,8.181397
5.235595,8.181397
5.236005,8.181397
5.236415,8.181397
5.236825,8.181397
5.237235,8.181397
5.237645,8.181397
5.238055,8.181397
5.238465,8.181397
5.238875,8.181397
5.239285,8.181397
5.239695,8.181397
5.240105,8.181397
5.240515,8.181397
5.240925,8.181397
5.241335,8.181397
5.241745,8.181397
5.242155,8.181397
5.242565,8.181397
5.242975,8.181397
5.243385,8.181397
5.243795,8.181397
5.244205,8.181397
5.244615,8.181397
5.245025,8.181397
5.245435,8.181397
5.245845,8.181397
5.246255,8.181397
5.246665,8.181397
5.247075,8.181397
5.247485,8.181397
5.247895,8.181397
5.248305,8.181397
5.248715,8.181397
5.249125,8.181397
5.249535,8.181397
5.249945,8.181397
5.250355,8.181397
5.250765,8.181397
5.251175,8.181397
5.251585,8.181397
5.251995,8.181397
5.252405,8.181397
5.252815,8.181397
5.253225,8.181397
5.253635,8.181397
5.254045,8.181397
5.254455,8.181397
5.254865,8.181397
5.255275,8.181397
5.255685,8.181397
5.256095,8.181397
5.256505,8.181397
5.256915,8.181397
5.257325,8.181397
5.257735,8.181397
5.258145,8.181397
5.258555,8.181397
5.258965,8.181397
5.259375,8.181397
5.259785,8.181397
5.260195,8.181397
5.260605,8.181397
5.261015,8.181397
5.261425,8.181397
5.261835,8.181397
5.262245,8.181397
5.262655,8.181397
5.263065,8.181397
5.263475,8.181397
5.263885,8.181397
5.264295,8.181397
5.264705,8.181397
5.265116,8.181397
5.265526,8.181397
5.265936,8.181397
5.266346,8.181397
5.266756,8.181397
5.267166,8.181397
5.267576,8.181397
5.267986,8.181397
5.268396,8.181397
5.268806,8.181397
5.269216,8.181397
5.269626,8.181397
5.270036,8.181397
5.270446,8.181397
5.270856,8.181397
5.271266,8.181397
5.271676,8.181397
5.272086,8.181397
5.272496,8.181397
5.272906,8.181397
5.273316,8.181397
5.273726,8.181397
5.274136,8.181397
5.274546,8.181397
5.274956,8.181397
5.275366,8.181397
5.275776,8.181397
5.276186,8.181397
5.276596,8.181397
5.277006,8.181397
5.277416,8.181397
5.277826,8.181397
5.278236,8.181397
5.278646,8.181397
5.279056,8.181397
5.279466,8.181397
5.279876,8.181397
5.280286,8.181397
5.280696,8.181397
5.281106,8.181397
5.281516,8.181397
5.281926,8.181397
5.282336,8.181397
5.282746,8.181397
5.283156,8.181397
5.283566,8.181397
5.283976,8.181397
5.284386,8.181397
5.284796,8.181397
5.285206,8.181397
5.285616,8.181397
5.286026,8.181397
5.286436,8.181397
5.286846,8.181397
5.287256,8.181397
5.287666,8.181397
5.288076,8.181397
5.288486,8.181397
5.288896,8.181397
5.289306,8.181397
5.289716,8.181397
5.290126,8.181397
5.290536,8.181397
5.290946,8.181397
5.291356,8.181397
5.291766,8.181397
5.292176,8.181397
5.292586,8.181397
5.292996,8.181397
5.293406,8.181397
5.293816,8.181397
5.294226,8.181397
5.294636,8.181397
5.295047,8.181397
5.295457,8.181397
5.295867,8.181397
5.296277,8.181397
5.296687,8.181397
5.297097,8.181397
5.297507,8.181397
5.297917,8.181397
5.298327,8.181397
5.298737,8.181397
5.299147,8.181397
5.299557,8.181397
5.299967,8.181397
5.300377,8.181397
5.300787,8.181397
5.301197,8.181397
5.301607,8.181397
5.302017,8.181397
5.302427,8.181397
5.302837,8.181397
5.303247,8.181397
5.303657,8.181397
5.304067,8.181397
5.304477,8.181397
5.304887,8.181397
5.305297,8.181397
5.305707,8.181397
5.306117,8.181397
5.306527,8.181397
5.306937,8.181397
5.307347,8.181397
5.307757,8.181397
5.308167,8.181397
5.308577,8.181397
5.308987,8.181397
5.309397,8.181397
5.309807,8.181397
5.310217,8.181397
5.310627,8.181397
5.311037,8.181397
5.311447,8.181397
5.311857,8.181397
5.312267,8.181397
5.312677,8.181397
5.313087,8.181397
5.313497,8.181397
5.313907,8.181397
5.314317,8.181397
5.314727,8.181397
5.315137,8.181397
5.315547,8.181397
5.315957,8.181397
5.316367,8.181397
5.316777,8.181397
5.317187,8.181397
5.317597,8.181397
5.318007,8.181397
5.318417,8.181397
5.318827,8.181397
5.319237,8.181397
5.319647,8.181397
5.320057,8.181397
5.320467,8.181397
5.320877,8.181397
5.321287,8.181397
5.321697,8.181397
5.322107,8.181397
5.322517,8.181397
5.322927,8.181397
5.323337,8.181397
5.323747,8.181397
5.324157,8.181397
5.324567,8.181397
5.324977,8.181397
5.325388,8.181397
5.325798,8.181397
5.326208,8.181397
5.326618,8.181397
5.327028,8.181397
5.327438,8.181397
5.327848,8.181397
5.328258,8.181397
5.328668,8.181397
5.329078,8.181397
5.329488,8.181397
5.329898,8.181397
5.330308,8.181397
5.330718,8.181397
5.331128,8.181397
5.331538,8.181397
5.331948,8.181397
5.332358,8.181397
5.332768,8.181397
5.333178,8.181397
5.333588,8.181397
5.333998,8.181397
5.334408,8.181397
5.334818,8.181397
5.335228,8.181397
5.335638,8.181397
5.336048,8.181397
5.336458,8.181397
5.336868,8.181397
5.337278,8.181397
5.337688,8.181397
5.338098,8.181397
5.338508,8.181397
5.338918,8.181397
5.339328,8.181397
5.339738,8.181397
5.340148,8.181397
5.340558,8.181397
5.340968,8.181397
5.341378,8.181397
5.341788,8.181397
5.342198,8.181397
5.342608,8.181397
5.343018,8.181397
5.343428,8.181397
5.343838,8.181397
5.344248,8.181397
5.344658,8.181397
5.345068,8.181397
5.345478,8.181397
5.345888,8.181397
5.346298,8.181397
5.346708,8.181397
5.347118,8.181397
5.347528,8.181397
5.347938,8.181397
5.348348,8.181397
5.348758,8.181397
5.349168,8.181397
5.349578,8.181397
5.349988,8.181397
5.350398,8.181397
5.350808,8.181397
5.351218,8.181397
5.351628,8.181397
5.352038,8.181397
5.352448,8.181397
5.352858,8.181397
5.353268,8.181397
5.353678,8.181397
5.354088,8.181397
5.354498,8.181397
5.354908,8.181397
5.355319,8.181397
5.355729,8.181397
5.356139,8.181397
5.356549,8.181397
5.356959,8.181397
5.357369,8.181397
5.357779,8.181397
5.358189,8.181397
5.358599,8.181397
5.359009,8.181397
5.359419,8.181397
5.359829,8.181397
5.360239,8.181397
5.360649,8.181397
5.361059,8.181397
5.361469,8.181397
5.361879,8.181397
5.362289,8.181397
5.362699,8.181397
5.363109,8.181397
5.363519,8.181397
5.363929,8.181397
5.364339,8.181397
5.364749,8.181397
5.365159,8.181397
5.365569,8.181397
5.365979,8.181397
5.366389,8.181397
5.366799,8.181397
5.367209,8.181397
5.367619,8.181397
5.368029,8.181397
5.368439,8.181397
5.368849,8.181397
5.369259,8.181397
5.369669,8.181397
5.370079,8.181397
5.370489,8.181397
5.370899,8.181397
5.371309,8.181397
5.371719,8.181397
5.372129,8.181397
5.372539,8.181397
5.372949,8.181397
5.373359,8.181397
5.373769,8.181397
5.374179,8.181397
5.374589,8.181397
5.374999,8.181397
5.375409,8.181397
5.375819,8.181397
5.376229,8.181397
5.376639,8.181397
5.377049,8.181397
5.377459,8.181397
5.377869,8.181397
5.378279,8.181397
5.378689,8.181397
5.379099,8.181397
5.379509,8.181397
5.379919,8.181397
5.380329,8.181397
5.380739,8.181397
5.381149,8.181397
5.381559,8.181397
5.381969,8.181397
5.382379,8.181397
5.382789,8.181397
5.383199,8.181397
5.383609,8.181397
5.384019,8.181397
5.384429,8.181397
5.384839,8.181397
5.385250,8.181397
5.385660,8.181397
5.386070,8.181397
5.386480,8.181397
5.386890,8.181397
5.387300,8.181397
5.387710,8.181397
5.388120,8.181397
5.388530,8.181397
5.388940,8.181397
5.389350,8.181397
5.389760,8.181397
5.390170,8.181397
5.390580,8.181397
5.390990,8.181397
5.391400,8.181397
5.391810,8.181397
5.392220,8.181397
5.392630,8.181397
5.393040,8.181397
5.393450,8.181397
5.393860,8.181397
5.394270,8.181397
5.394680,8.181397
5.395090,8.181397
5.395500,8.181397
5.395910,8.181397
5.396320,8.181397
5.396730,8.181397
5.397140,8.181397
5.397550,8.181397
5.397960,8.181397
5.398370,8.181397
5.398780,8.181397
5.399190,8.181397
5.399600,8.181397
5.400010,8.181397
5.400420,8.181397
5.400830,8.181397
5.401240,8.181397
5.401650,8.181397
5.402060,8.181397
5.402470,8.181397
5.402880,8.181397
5.403290,8.181397
5.403700,8.181397
5.404110,8.181397
5.404520,8.181397
5.404930,8.181397
5.405340,8.181397
5.405750,8.181397
5.406160,8.181397
5.406570,8.181397
5.406980,8.181397
5.407390,8.181397
5.407800,8.181397
5.408210,8.181397
5.408620,8.181397
5.409030,8.181397
5.409440,8.181397
5.409850,8.181397
5.410260,8.181397
5.410670,8.181397
5.411080,8.181397
5.411490,8.181397
5.411900,8.181397
5.412310,8.181397
5.412720,8.181397
5.413130,8.181397
5.413540,8.181397
5.413950,8.181397
5.414360,8.181397
5.414770,8.181397
5.415181,8.181397
5.415591,8.181397
5.416001,8.181397
5.416411,8.181397
5.416821,8.181397
5.417231,8.181397
5.417641,8.181397
5.418051,8.181397
5.418461,8.181397
5.418871,8.181397
5.419281,8.181397
5.419691,8.181397
5.420101,8.181397
5.420511,8.181397
5.420921,8.181397
5.421331,8.181397
5.421741,8.181397
5.422151,8.181397
5.422561,8.181397
5.422971,8.181397
5.423381,8.181397
5.423791,8.181397
5.424201,8.181397
5.424611,8.181397
5.425021,8.181397
5.425431,8.181397
5.425841,8.181397
5.426251,8.181397
5.426661,8.181397
5.427071,8.181397
5.427481,8.181397
5.427891,8.181397
5.428301,8.181397
5.428711,8.181397
5.429121,8.181397
5.429531,8.181397
5.429941,8.181397
5.430351,8.181397
5.430761,8.181397
5.431171,8.181397
5.431581,8.181397
5.431991,8.181397
5.432401,8.181397
5.432811,8.181397
5.433221,8.181397
5.433631,8.181397
5.434041,8.181397
5.434451,8.181397
5.434861,8.181397
5.435271,8.181397
5.435681,8.181397
5.436091,8.181397
5.436501,8.181397
5.436911,8.181397
5.437321,8.181397
5.437731,8.181397
5.438141,8.181397
5.438551,8.181397
5.438961,8.181397
5.439371,8.181397
5.439781,8.181397
5.440191,8.181397
5.440601,8.181397
5.441011,8.181397
5.441421,8.181397
5.441831,8.181397
5.442241,8.181397
5.442651,8.181397
5.443061,8.181397
5.443471,8.181397
5.443881,8.181397
5.444291,8.181397
5.444701,8.181397
5.445112,8.181397
5.445522,8.181397
5.445932,8.181397
5.446342,8.181397
5.446752,8.181397
5.447162,8.181397
5.447572,8.181397
5.447982,8.181397
5.448392,8.181397
5.448802,8.181397
5.449212,8.181397
5.449622,8.181397
5.450032,8.181397
5.450442,8.181397
5.450852,8.181397
5.451262,8.181397
5.451672,8.181397
5.452082,8.181397
5.452492,8.181397
5.452902,8.181397
5.453312,8.181397
5.453722,8.181397
5.454132,8.181397
5.454542,8.181397
5.454952,8.181397
5.455362,8.181397
5.455772,8.181397
5.456182,8.181397
5.456592,8.181397
5.457002,8.181397
5.457412,8.181397
5.457822,8.181397
5.458232,8.181397
5.458642,8.181397
5.459052,8.181397
5.459462,8.181397
5.459872,8.181397
5.460282,8.181397
5.460692,8.181397
5.461102,8.181397
5.461512,8.181397
5.461922,8.181397
5.462332,8.181397
5.462742,8.181397
5.463152,8.181397
5.463562,8.181397
5.463972,8.181397
5.464382,8.181397
5.464792,8.181397
5.465202,8.181397
5.465612,8.181397
5.466022,8.181397
5.466432,8.181397
5.466842,8.181397
5.467252,8.181397
5.467662,8.181397
5.468072,8.181397
5.468482,8.181397
5.468892,8.181397
5.469302,8.181397
5.469712,8.181397
5.470122,8.181397
5.470532,8.181397
5.470942,8.181397
5.471352,8.181397
5.471762,8.181397
5.472172,8.181397
5.472582,8.181397
5.472992,8.181397
5.473402,8.181397
5.473812,8.181397
5.474222,8.181397
5.474632,8.181397
5.475043,8.181397
5.475453,8.181397
5.475863,8.181397
5.476273,8.181397
5.476683,8.181397
5.477093,8.181397
5.477503,8.181397
5.477913,8.181397
5.478323,8.181397
5.478733,8.181397
5.479143,8.181397
5.479553,8.181397
5.479963,8.181397
5.480373,8.181397
5.480783,8.181397
5.481193,8.181397
5.481603,8.181397
5.482013,8.181397
5.482423,8.181397
5.482833,8.181397
5.483243,8.181397
5.483653,8.181397
5.484063,8.181397
5.484473,8.181397
5.484883,8.181397
5.485293,8.181397
5.485703,8.181397
5.486113,8.181397
5.486523,8.181397
5.486933,8.181397
5.487343,8.181397
5.487753,8.181397
5.488163,8.181397
5.488573,8.181397
5.488983,8.181397
5.489393,8.181397
5.489803,8.181397
5.490213,8.181397
5.490623,8.181397
5.491033,8.181397
5.491443,8.181397
5.491853,8.181397
5.492263,8.181397
5.492673,8.181397
5.493083,8.181397
5.493493,8.181397
5.493903,8.181397
5.494313,8.181397
5.494723,8.181397
5.495133,8.181397
5.495543,8.181397
5.495953,8.181397
5.496363,8.181397
5.496773,8.181397
5.497183,8.181397
5.497593,8.181397
5.498003,8.181397
5.498413,8.181397
5.498823,8.181397
5.499233,8.181397
5.499643,8.181397
5.500053,8.181397
5.500463,8.181397
5.500873,8.181397
5.501283,8.181397
5.501693,8.181397
5.502103,8.181397
5.502513,8.181397
5.502923,8.181397
5.503333,8.181397
5.503743,8.181397
5.504153,8.181397
5.504563,8.181397
5.504973,8.181397
5.505384,8.181397
5.505794,8.181397
5.506204,8.181397
5.506614,8.181397
5.507024,8.181397
5.507434,8.181397
5.507844,8.181397
5.508254,8.181397
5.508664,8.181397
5.509074,8.181397
5.509484,8.181397
5.509894,8.181397
5.510304,8.181397
5.510714,8.181397
5.511124,8.181397
5.511534,8.181397
5.511944,8.181397
5.512354,8.181397
5.512764,8.181397
5.513174,8.181397
5.513584,8.181397
5.513994,8.181397
5.514404,8.181397
5.514814,8.181397
5.515224,8.181397
5.515634,8.181397
5.516044,8.181397
5.516454,8.181397
5.516864,8.181397
5.517274,8.181397
5.517684,8.181397
5.518094,8.181397
5.518504,8.181397
5.518914,8.181397
5.519324,8.181397
5.519734,8.181397
5.520144,8.181397
5.520554,8.181397
5.520964,8.181397
5.521374,8.181397
5.521784,8.181397
5.522194,8.181397
5.522604,8.181397
5.523014,8.181397
5.523424,8.181397
5.523834,8.181397
5.524244,8.181397
5.524654,8.181397
5.525064,8.181397
5.525474,8.181397
5.525884,8.181397
5.526294,8.181397
5.526704,8.181397
5.527114,8.181397
5.527524,8.181397
5.527934,8.181397
5.528344,8.181397
5.528754,8.181397
5.529164,8.181397
5.529574,8.181397
5.529984,8.181397
5.530394,8.181397
5.530804,8.181397
5.531214,8.181397
5.531624,8.181397
5.532034,8.181397
5.532444,8.181397
5.532854,8.181397
5.533264,8.181397
5.533674,8.181397
5.534084,8.181397
5.534494,8.181397
5.534904,8.181397
5.535315,8.181397
5.535725,8.181397
5.536135,8.181397
5.536545,8.181397
5.536955,8.181397
5.537365,8.181397
5.537775,8.181397
5.538185,8.181397
5.538595,8.181397
5.539005,8.181397
5.539415,8.181397
5.539825,8.181397
5.540235,8.181397
5.540645,8.181397
5.541055,8.181397
5.541465,8.181397
5.541875,8.181397
5.542285,8.181397
5.542695,8.181397
5.543105,8.181397
5.543515,8.181397
5.543925,8.181397
5.544335,8.181397
5.544745,8.181397
5.545155,8.181397
5.545565,8.181397
5.545975,8.181397
5.546385,8.181397
5.546795,8.181397
5.547205,8.181397
5.547615,8.181397
5.548025,8.181397
5.548435,8.181397
5.548845,8.181397
5.549255,8.181397
5.549665,8.181397
5.550075,8.181397
5.550485,8.181397
5.550895,8.181397
5.551305,8.181397
5.551715,8.181397
5.552125,8.181397
5.552535,8.181397
5.552945,8.181397
5.553355,8.181397
5.553765,8.181397
5.554175,8.181397
5.554585,8.181397
5.554995,8.181397
5.555405,8.181397
5.555815,8.181397
5.556225,8.181397
5.556635,8.181397
5.557045,8.181397
5.557455,8.181397
5.557865,8.181397
5.558275,8.181397
5.558685,8.181397
5.559095,8.181397
5.559505,8.181397
5.559915,8.181397
5.560325,8.181397
5.560735,8.181397
5.561145,8.181397
5.561555,8.181397
5.561965,8.181397
5.562375,8.181397
5.562785,8.181397
5.563195,8.181397
5.563605,8.181397
5.564015,8.181397
5.564425,8.181397
5.564835,8.181397
5.565246,8.181397
5.565656,8.181397
5.566066,8.181397
5.566476,8.181397
5.566886,8.181397
5.567296,8.181397
5.567706,8.181397
5.568116,8.181397
5.568526,8.181397
5.568936,8.181397
5.569346,8.181397
5.569756,8.181397
5.570166,8.181397
5.570576,8.181397
5.570986,8.181397
5.571396,8.181397
5.571806,8.181397
5.572216,8.181397
5.572626,8.181397
5.573036,8.181397
5.573446,8.181397
5.573856,8.181397
5.574266,8.181397
5.574676,8.181397
5.575086,8.181397
5.575496,8.181397
5.575906,8.181397
5.576316,8.181397
5.576726,8.181397
5.577136,8.181397
5.577546,8.181397
5.577956,8.181397
5.578366,8.181397
5.578776,8.181397
5.579186,8.181397
5.579596,8.181397
5.580006,8.181397
5.580416,8.181397
5.580826,8.181397
5.581236,8.181397
5.581646,8.181397
5.582056,8.181397
5.582466,8.181397
5.582876,8.181397
5.583286,8.181397
5.583696,8.181397
5.584106,8.181397
5.584516,8.181397
5.584926,8.181397
5.585336,8.181397
5.585746,8.181397
5.586156,8.181397
5.586566,8.181397
5.586976,8.181397
5.587386,8.181397
5.587796,8.181397
5.588206,8.181397
5.588616,8.181397
5.589026,8.181397
5.589436,8.181397
5.589846,8.181397
5.590256,8.181397
5.590666,8.181397
5.591076,8.181397
5.591486,8.181397
5.591896,8.181397
5.592306,8.181397
5.592716,8.181397
5.593126,8.181397
5.593536,8.181397
5.593946,8.181397
5.594356,8.181397
5.594766,8.181397
5.595177,8.181397
5.595587,8.181397
5.595997,8.181397
5.596407,8.181397
5.596817,8.181397
5.597227,8.181397
5.597637,8.181397
5.598047,8.181397
5.598457,8.181397
5.598867,8.181397
5.599277,8.181397
5.599687,8.181397
5.600097,8.181397
5.600507,8.181397
5.600917,8.181397
5.601327,8.181397
5.601737,8.181397
5.602147,8.181397
5.602557,8.181397
5.602967,8.181397
5.603377,8.181397
5.603787,8.181397
5.604197,8.181397
5.604607,8.181397
5.605017,8.181397
5.605427,8.181397
5.605837,8.181397
5.606247,8.181397
5.606657,8.181397
5.607067,8.181397
5.607477,8.181397
5.607887,8.181397
5.608297,8.181397
5.608707,8.181397
5.609117,8.181397
5.609527,8.181397
5.609937,8.181397
5.610347,8.181397
5.610757,8.181397
5.611167,8.181397
5.611577,8.181397
5.611987,8.181397
5.612397,8.181397
5.612807,8.181397
5.613217,8.181397
5.613627,8.181397
5.614037,8.181397
5.614447,8.181397
5.614857,8.181397
5.615267,8.181397
5.615677,8.181397
5.616087,8.181397
5.616497,8.181397
5.616907,8.181397
5.617317,8.181397
5.617727,8.181397
5.618137,8.181397
5.618547,8.181397
5.618957,8.181397
5.619367,8.181397
5.619777,8.181397
5.620187,8.181397
5.620597,8.181397
5.621007,8.181397
5.621417,8.181397
5.621827,8.181397
5.622237,8.181397
5.622647,8.181397
5.623057,8.181397
5.623467,8.181397
5.623877,8.181397
5.624287,8.181397
5.624697,8.181397
5.625108,8.181397
5.625518,8.181397
5.625928,8.181397
5.626338,8.181397
5.626748,8.181397
5.627158,8.181397
5.627568,8.181397
5.627978,8.181397
5.628388,8.181397
5.628798,8.181397
5.629208,8.181397
5.629618,8.181397
5.630028,8.181397
5.630438,8.181397
5.630848,8.181397
5.631258,8.181397
5.631668,8.181397
5.632078,8.181397
5.632488,8.181397
5.632898,8.181397
5.633308,8.181397
5.633718,8.181397
5.634128,8.181397
5.634538,8.181397
5.634948,8.181397
5.635358,8.181397
5.635768,8.181397
5.636178,8.181397
5.636588,8.181397
5.636998,8.181397
5.637408,8.181397
5.637818,8.181397
5.638228,8.181397
5.638638,8.181397
5.639048,8.181397
5.639458,8.181397
5.639868,8.181397
5.640278,8.181397
5.640688,8.181397
5.641098,8.181397
5.641508,8.181397
5.641918,8.181397
5.642328,8.181397
5.642738,8.181397
5.643148,8.181397
5.643558,8.181397
5.643968,8.181397
5.644378,8.181397
5.644788,8.181397
5.645198,8.181397
5.645608,8.181397
5.646018,8.181397
5.646428,8.181397
5.646838,8.181397
5.647248,8.181397
5.647658,8.181397
5.648068,8.181397
5.648478,8.181397
5.648888,8.181397
5.649298,8.181397
5.649708,8.181397
5.650118,8.181397
5.650528,8.181397
5.650938,8.181397
5.651348,8.181397
5.651758,8.181397
5.652168,8.181397
5.652578,8.181397
5.652988,8.181397
5.653398,8.181397
5.653808,8.181397
5.654218,8.181397
5.654628,8.181397
5.655039,8.181397
5.655449,8.181397
5.655859,8.181397
5.656269,8.181397
5.656679,8.181397
5.657089,8.181397
5.657499,8.181397
5.657909,8.181397
5.658319,8.181397
5.658729,8.181397
5.659139,8.181397
5.659549,8.181397
5.659959,8.181397
5.660369,8.181397
5.660779,8.181397
5.661189,8.181397
5.661599,8.181397
5.662009,8.181397
5.662419,8.181397
5.662829,8.181397
5.663239,8.181397
5.663649,8.181397
5.664059,8.181397
5.664469,8.181397
5.664879,8.181397
5.665289,8.181397
5.665699,8.181397
5.666109,8.181397
5.666519,8.181397
5.666929,8.181397
5.667339,8.181397
5.667749,8.181397
5.668159,8.181397
5.668569,8.181397
5.668979,8.181397
5.669389,8.181397
5.669799,8.181397
5.670209,8.181397
5.670619,8.181397
5.671029,8.181397
5.671439,8.181397
5.671849,8.181397
5.672259,8.181397
5.672669,8.181397
5.673079,8.181397
5.673489,8.181397
5.673899,8.181397
5.674309,8.181397
5.674719,8.181397
5.675129,8.181397
5.675539,8.181397
5.675949,8.181397
5.676359,8.181397
5.676769,8.181397
5.677179,8.181397
5.677589,8.181397
5.677999,8.181397
5.678409,8.181397
5.678819,8.181397
5.679229,8.181397
5.679639,8.181397
5.680049,8.181397
5.680459,8.181397
5.680869,8.181397
5.681279,8.181397
5.681689,8.181397
5.682099,8.181397
5.682509,8.181397
5.682919,8.181397
5.683329,8.181397
5.683739,8.181397
5.684149,8.181397
5.684559,8.181397
5.684969,8.181397
5.685380,8.181397
5.685790,8.181397
5.686200,8.181397
5.686610,8.181397
5.687020,8.181397
5.687430,8.181397
5.687840,8.181397
5.688250,8.181397
5.688660,8.181397
5.689070,8.181397
5.689480,8.181397
5.689890,8.181397
5.690300,8.181397
5.690710,8.181397
5.691120,8.181397
5.691530,8.181397
5.691940,8.181397
5.692350,8.181397
5.692760,8.181397
5.693170,8.181397
5.693580,8.181397
5.693990,8.181397
5.694400,8.181397
5.694810,8.181397
5.695220,8.181397
5.695630,8.181397
5.696040,8.181397
5.696450,8.181397
5.696860,8.181397
5.697270,8.181397
5.697680,8.181397
5.698090,8.181397
5.698500,8.181397
5.698910,8.181397
5.699320,8.181397
5.699730,8.181397
5.700140,8.181397
5.700550,8.181397
5.700960,8.181397
5.701370,8.181397
5.701780,8.181397
5.702190,8.181397
5.702600,8.181397
5.703010,8.181397
5.703420,8.181397
5.703830,8.181397
5.704240,8.181397
5.704650,8.181397
5.705060,8.181397
5.705470,8.181397
5.705880,8.181397
5.706290,8.181397
5.706700,8.181397
5.707110,8.181397
5.707520,8.181397
5.707930,8.181397
5.708340,8.181397
5.708750,8.181397
5.709160,8.181397
5.709570,8.181397
5.709980,8.181397
5.710390,8.181397
5.710800,8.181397
5.711210,8.181397
5.711620,8.181397
5.712030,8.181397
5.712440,8.181397
5.712850,8.181397
5.713260,8.181397
5.713670,8.181397
5.714080,8.181397
5.714490,8.181397
5.714900,8.181397
5.715311,8.181397
5.715721,8.181397
5.716131,8.181397
5.716541,8.181397
5.716951,8.181397
5.717361,8.181397
5.717771,8.181397
5.718181,8.181397
5.718591,8.181397
5.719001,8.181397
5.719411,8.181397
5.719821,8.181397
5.720231,8.181397
5.720641,8.181397
5.721051,8.181397
5.721461,8.181397
5.721871,8.181397
5.722281,8.181397
5.722691,8.181397
5.723101,8.181397
5.723511,8.181397
5.723921,8.181397
5.724331,8.181397
5.724741,8.181397
5.725151,8.181397
5.725561,8.181397
5.725971,8.181397
5.726381,8.181397
5.726791,8.181397
5.727201,8.181397
5.727611,8.181397
5.728021,8.181397
5.728431,8.181397
5.728841,8.181397
5.729251,8.181397
5.729661,8.181397
5.730071,8.181397
5.730481,8.181397
5.730891,8.181397
5.731301,8.181397
5.731711,8.181397
5.732121,8.181397
5.732531,8.181397
5.732941,8.181397
5.733351,8.181397
5.733761,8.181397
5.734171,8.181397
5.734581,8.181397
5.734991,8.181397
5.735401,8.181397
5.735811,8.181397
5.736221,8.181397
5.736631,8.181397
5.737041,8.181397
5.737451,8.181397
5.737861,8.181397
5.738271,8.181397
5.738681,8.181397
5.739091,8.181397
5.739501,8.181397
5.739911,8.181397
5.740321,8.181397
5.740731,8.181397
5.741141,8.181397
5.741551,8.181397
5.741961,8.181397
5.742371,8.181397
5.742781,8.181397
5.743191,8.181397
5.743601,8.181397
5.744011,8.181397
5.744421,8.181397
5.744831,8.181397
5.745242,8.181397
5.745652,8.181397
5.746062,8.181397
5.746472,8.181397
5.746882,8.181397
5.747292,8.181397
5.747702,8.181397
5.748112,8.181397
5.748522,8.181397
5.748932,8.181397
5.749342,8.181397
5.749752,8.181397
5.750162,8.181397
5.750572,8.181397
5.750982,8.181397
5.751392,8.181397
5.751802,8.181397
5.752212,8.181397
5.752622,8.181397
5.753032,8.181397
5.753442,8.181397
5.753852,8.181397
5.754262,8.181397
5.754672,8.181397
5.755082,8.181397
5.755492,8.181397
5.755902,8.181397
5.756312,8.181397
5.756722,8.181397
5.757132,8.181397
5.757542,8.181397
5.757952,8.181397
5.758362,8.181397
5.758772,8.181397
5.759182,8.181397
5.759592,8.181397
5.760002,8.181397
5.760412,8.181397
5.760822,8.181397
5.761232,8.181397
5.761642,8.181397
5.762052,8.181397
5.762462,8.181397
5.762872,8.181397
5.763282,8.181397
5.763692,8.181397
5.764102,8.181397
5.764512,8.181397
5.764922,8.181397
5.765332,8.181397
5.765742,8.181397
5.766152,8.181397
5.766562,8.181397
5.766972,8.181397
5.767382,8.181397
5.767792,8.181397
5.768202,8.181397
5.768612,8.181397
5.769022,8.181397
5.769432,8.181397
5.769842,8.181397
5.770252,8.181397
5.770662,8.181397
5.771072,8.181397
5.771482,8.181397
5.771892,8.181397
5.772302,8.181397
5.772712,8.181397
5.773122,8.181397
5.773532,8.181397
5.773942,8.181397
5.774352,8.181397
5.774762,8.181397
5.775173,8.181397
5.775583,8.181397
5.775993,8.181397
5.776403,8.181397
5.776813,8.181397
5.777223,8.181397
5.777633,8.181397
5.778043,8.181397
5.778453,8.181397
5.778863,8.181397
5.779273,8.181397
5.779683,8.181397
5.780093,8.181397
5.780503,8.181397
5.780913,8.181397
5.781323,8.181397
5.781733,8.181397
5.782143,8.181397
5.782553,8.181397
5.782963,8.181397
5.783373,8.181397
5.783783,8.181397
5.784193,8.181397
5.784603,8.181397
5.785013,8.181397
5.785423,8.181397
5.785833,8.181397
5.786243,8.181397
5.786653,8.181397
5.787063,8.181397
5.787473,8.181397
5.787883,8.181397
5.788293,8.181397
5.788703,8.181397
5.789113,8.181397
5.789523,8.181397
5.789933,8.181397
5.790343,8.181397
5.790753,8.181397
5.791163,8.181397
5.791573,8.181397
5.791983,8.181397
5.792393,8.181397
5.792803,8.181397
5.793213,8.181397
5.793623,8.181397
5.794033,8.181397
5.794443,8.181397
5.794853,8.181397
5.795263,8.181397
5.795673,8.181397
5.796083,8.181397
5.796493,8.181397
5.796903,8.181397
5.797313,8.181397
5.797723,8.181397
5.798133,8.181397
5.798543,8.181397
5.798953,8.181397
5.799363,8.181397
5.799773,8.181397
5.800183,8.181397
5.800593,8.181397
5.801003,8.181397
5.801413,8.181397
5.801823,8.181397
5.802233,8.181397
5.802643,8.181397
5.803053,8.181397
5.803463,8.181397
5.803873,8.181397
5.804283,8.181397
5.804693,8.181397
5.805104,8.181397
5.805514,8.181397
5.805924,8.181397
5.806334,8.181397
5.806744,8.181397
5.807154,8.181397
5.807564,8.181397
5.807974,8.181397
5.808384,8.181397
5.808794,8.181397
5.809204,8.181397
5.809614,8.181397
5.810024,8.181397
5.810434,8.181397
5.810844,8.181397
5.811254,8.181397
5.811664,8.181397
5.812074,8.181397
5.812484,8.181397
5.812894,8.181397
5.813304,8.181397
5.813714,8.181397
5.814124,8.181397
5.814534,8.181397
5.814944,8.181397
5.815354,8.181397
5.815764,8.181397
5.816174,8.181397
5.816584,8.181397
5.816994,8.181397
5.817404,8.181397
5.817814,8.181397
5.818224,8.181397
5.818634,8.181397
5.819044,8.181397
5.819454,8.181397
5.819864,8.181397
5.820274,8.181397
5.820684,8.181397
5.821094,8.181397
5.821504,8.181397
5.821914,8.181397
5.822324,8.181397
5.822734,8.181397
5.823144,8.181397
5.823554,8.181397
5.823964,8.181397
5.824374,8.181397
5.824784,8.181397
5.825194,8.181397
5.825604,8.181397
5.826014,8.181397
5.826424,8.181397
5.826834,8.181397
5.827244,8.181397
5.827654,8.181397
5.828064,8.181397
5.828474,8.181397
5.828884,8.181397
5.829294,8.181397
5.829704,8.181397
5.830114,8.181397
5.830524,8.181397
5.830934,8.181397
5.831344,8.181397
5.831754,8.181397
5.832164,8.181397
5.832574,8.181397
5.832984,8.181397
5.833394,8.181397
5.833804,8.181397
5.834214,8.181397
5.834624,8.181397
5.835035,8.181397
5.835445,8.181397
5.835855,8.181397
5.836265,8.181397
5.836675,8.181397
5.837085,8.181397
5.837495,8.181397
5.837905,8.181397
5.838315,8.181397
5.838725,8.181397
5.839135,8.181397
5.839545,8.181397
5.839955,8.181397
5.840365,8.181397
5.840775,8.181397
5.841185,8.181397
5.841595,8.181397
5.842005,8.181397
5.842415,8.181397
5.842825,8.181397
5.843235,8.181397
5.843645,8.181397
5.844055,8.181397
5.844465,8.181397
5.844875,8.181397
5.845285,8.181397
5.845695,8.181397
5.846105,8.181397
5.846515,8.181397
5.846925,8.181397
5.847335,8.181397
5.847745,8.181397
5.848155,8.181397
5.848565,8.181397
5.848975,8.181397
5.849385,8.181397
5.849795,8.181397
5.850205,8.181397
5.850615,8.181397
5.851025,8.181397
5.851435,8.181397
5.851845,8.181397
5.852255,8.181397
5.852665,8.181397
5.853075,8.181397
5.853485,8.181397
5.853895,8.181397
5.854305,8.181397
5.854715,8.181397
5.855125,8.181397
5.855535,8.181397
5.855945,8.181397
5.856355,8.181397
5.856765,8.181397
5.857175,8.181397
5.857585,8.181397
5.857995,8.181397
5.858405,8.181397
5.858815,8.181397
5.859225,8.181397
5.859635,8.181397
5.860045,8.181397
5.860455,8.181397
5.860865,8.181397
5.861275,8.181397
5.861685,8.181397
5.862095,8.181397
5.862505,8.181397
5.862915,8.181397
5.863325,8.181397
5.863735,8.181397
5.864145,8.181397
5.864555,8.181397
5.864965,8.181397
5.865376,8.181397
5.865786,8.181397
5.866196,8.181397
5.866606,8.181397
5.867016,8.181397
5.867426,8.181397
5.867836,8.181397
5.868246,8.181397
5.868656,8.181397
5.869066,8.181397
5.869476,8.181397
5.869886,8.181397
5.870296,8.181397
5.870706,8.181397
5.871116,8.181397
5.871526,8.181397
5.871936,8.181397
5.872346,8.181397
5.872756,8.181397
5.873166,8.181397
5.873576,8.181397
5.873986,8.181397
5.874396,8.181397
5.874806,8.181397
5.875216,8.181397
5.875626,8.181397
5.876036,8.181397
5.876446,8.181397
5.876856,8.181397
5.877266,8.181397
5.877676,8.181397
5.878086,8.181397
5.878496,8.181397
5.878906,8.181397
5.879316,8.181397
5.879726,8.181397
5.880136,8.181397
5.880546,8.181397
5.880956,8.181397
5.881366,8.181397
5.881776,8.181397
5.882186,8.181397
5.882596,8.181397
5.883006,8.181397
5.883416,8.181397
5.883826,8.181397
5.884236,8.181397
5.884646,8.181397
5.885056,8.181397
5.885466,8.181397
5.885876,8.181397
5.886286,8.181397
5.886696,8.181397
5.887106,8.181397
5.887516,8.181397
5.887926,8.181397
5.888336,8.181397
5.888746,8.181397
5.889156,8.181397
5.889566,8.181397
5.889976,8.181397
5.890386,8.181397
5.890796,8.181397
5.891206,8.181397
5.891616,8.181397
5.892026,8.181397
5.892436,8.181397
5.892846,8.181397
5.893256,8.181397
5.893666,8.181397
5.894076,8.181397
5.894486,8.181397
5.894896,8.181397
5.895307,8.181397
5.895717,8.181397
5.896127,8.181397
5.896537,8.181397
5.896947,8.181397
5.897357,8.181397
5.897767,8.181397
5.898177,8.181397
5.898587,8.181397
5.898997,8.181397
5.899407,8.181397
5.899817,8.181397
5.900227,8.181397
5.900637,8.181397
5.901047,8.181397
5.901457,8.181397
5.901867,8.181397
5.902277,8.181397
5.902687,8.181397
5.903097,8.181397
5.903507,8.181397
5.903917,8.181397
5.904327,8.181397
5.904737,8.181397
5.905147,8.181397
5.905557,8.181397
5.905967,8.181397
5.906377,8.181397
5.906787,8.181397
5.907197,8.181397
5.907607,8.181397
5.908017,8.181397
5.908427,8.181397
5.908837,8.181397
5.909247,8.181397
5.909657,8.181397
5.910067,8.181397
5.910477,8.181397
5.910887,8.181397
5.911297,8.181397
5.911707,8.181397
5.912117,8.181397
5.912527,8.181397
5.912937,8.181397
5.913347,8.181397
5.913757,8.181397
5.914167,8.181397
5.914577,8.181397
5.914987,8.181397
5.915397,8.181397
5.915807,8.181397
5.916217,8.181397
5.916627,8.181397
5.917037,8.181397
5.917447,8.181397
5.917857,8.181397
5.918267,8.181397
5.918677,8.181397
5.919087,8.181397
5.919497,8.181397
5.919907,8.181397
5.920317,8.181397
5.920727,8.181397
5.921137,8.181397
5.921547,8.181397
5.921957,8.181397
5.922367,8.181397
5.922777,8.181397
5.923187,8.181397
5.923597,8.181397
5.924007,8.181397
5.924417,8.181397
5.924827,8.181397
5.925238,8.181397
5.925648,8.181397
5.926058,8.181397
5.926468,8.181397
5.926878,8.181397
5.927288,8.181397
5.927698,8.181397
5.928108,8.181397
5.928518,8.181397
5.928928,8.181397
5.929338,8.181397
5.929748,8.181397
5.930158,8.181397
5.930568,8.181397
5.930978,8.181397
5.931388,8.181397
5.931798,8.181397
5.932208,8.181397
5.932618,8.181397
5.933028,8.181397
5.933438,8.181397
5.933848,8.181397
5.934258,8.181397
5.934668,8.181397
5.935078,8.181397
5.935488,8.181397
5.935898,8.181397
5.936308,8.181397
5.936718,8.181397
5.937128,8.181397
5.937538,8.181397
5.937948,8.181397
5.938358,8.181397
5.938768,8.181397
5.939178,8.181397
5.939588,8.181397
5.939998,8.181397
5.940408,8.181397
5.940818,8.181397
5.941228,8.181397
5.941638,8.181397
5.942048,8.181397
5.942458,8.181397
5.942868,8.181397
5.943278,8.181397
5.943688,8.181397
5.944098,8.181397
5.944508,8.181397
5.944918,8.181397
5.945328,8.181397
5.945738,8.181397
5.946148,8.181397
5.946558,8.181397
5.946968,8.181397
5.947378,8.181397
5.947788,8.181397
5.948198,8.181397
5.948608,8.181397
5.949018,8.181397
5.949428,8.181397
5.949838,8.181397
5.950248,8.181397
5.950658,8.181397
5.951068,8.181397
5.951478,8.181397
5.951888,8.181397
5.952298,8.181397
5.952708,8.181397
5.953118,8.181397
5.953528,8.181397
5.953938,8.181397
5.954348,8.181397
5.954758,8.181397
5.955169,8.181397
5.955579,8.181397
5.955989,8.181397
5.956399,8.181397
5.956809,8.181397
5.957219,8.181397
5.957629,8.181397
5.958039,8.181397
5.958449,8.181397
5.958859,8.181397
5.959269,8.181397
5.959679,8.181397
5.960089,8.181397
5.960499,8.181397
5.960909,8.181397
5.961319,8.181397
5.961729,8.181397
5.962139,8.181397
5.962549,8.181397
5.962959,8.181397
5.963369,8.181397
5.963779,8.181397
5.964189,8.181397
5.964599,8.181397
5.965009,8.181397
5.965419,8.181397
5.965829,8.181397
5.966239,8.181397
5.966649,8.181397
5.967059,8.181397
5.967469,8.181397
5.967879,8.181397
5.968289,8.181397
5.968699,8.181397
5.969109,8.181397
5.969519,8.181397
5.969929,8.181397
5.970339,8.181397
5.970749,8.181397
5.971159,8.181397
5.971569,8.181397
5.971979,8.181397
5.972389,8.181397
5.972799,8.181397
5.973209,8.181397
5.973619,8.181397
5.974029,8.181397
5.974439,8.181397
5.974849,8.181397
5.975259,8.181397
5.975669,8.181397
5.976079,8.181397
5.976489,8.181397
5.976899,8.181397
5.977309,8.181397
5.977719,8.181397
5.978129,8.181397
5.978539,8.181397
5.978949,8.181397
5.979359,8.181397
5.979769,8.181397
5.980179,8.181397
5.980589,8.181397
5.980999,8.181397
5.981409,8.181397
5.981819,8.181397
5.982229,8.181397
5.982639,8.181397
5.983049,8.181397
5.983459,8.181397
5.983869,8.181397
5.984279,8.181397
5.984689,8.181397
5.985100,8.181397
5.985510,8.181397
5.985920,8.181397
5.986330,8.181397
5.986740,8.181397
5.987150,8.181397
5.987560,8.181397
5.987970,8.181397
5.988380,8.181397
5.988790,8.181397
5.989200,8.181397
5.989610,8.181397
5.990020,8.181397
5.990430,8.181397
5.990840,8.181397
5.991250,8.181397
5.991660,8.181397
5.992070,8.181397
5.992480,8.181397
5.992890,8.181397
5.993300,8.181397
5.993710,8.181397
5.994120,8.181397
5.994530,8.181397
5.994940,8.181397
5.995350,8.181397
5.995760,8.181397
5.996170,8.181397
5.996580,8.181397
5.996990,8.181397
5.997400,8.181397
5.997810,8.181397
5.998220,8.181397
5.998630,8.181397
5.999040,8.181397
5.999450,8.181397
5.999860,8.181397
6.000270,8.181397
6.000680,8.181397
6.001090,8.181397
6.001500,8.181397
6.001910,8.181397
6.002320,8.181397
6.002730,8.181397
6.003140,8.181397
6.003550,8.181397
6.003960,8.181397
6.004370,8.181397
6.004780,8.181397
6.005190,8.181397
6.005600,8.181397
6.006010,8.181397
6.006420,8.181397
6.006830,8.181397
6.007240,8.181397
6.007650,8.181397
6.008060,8.181397
6.008470,8.181397
6.008880,8.181397
6.009290,8.181397
6.009700,8.181397
6.010110,8.181397
6.010520,8.181397
6.010930,8.181397
6.011340,8.181397
6.011750,8.181397
6.012160,8.181397
6.012570,8.181397
6.012980,8.181397
6.013390,8.181397
6.013800,8.181397
6.014210,8.181397
6.014620,8.181397
6.015031,8.181397
6.015441,8.181397
6.015851,8.181397
6.016261,8.181397
6.016671,8.181397
6.017081,8.181397
6.017491,8.181397
6.017901,8.181397
6.018311,8.181397
6.018721,8.181397
6.019131,8.181397
6.019541,8.181397
6.019951,8.181397
6.020361,8.181397
6.020771,8.181397
6.021181,8.181397
6.021591,8.181397
6.022001,8.181397
6.022411,8.181397
6.022821,8.181397
6.023231,8.181397
6.023641,8.181397
6.024051,8.181397
6.024461,8.181397
6.024871,8.181397
6.025281,8.181397
6.025691,8.181397
6.026101,8.181397
6.026511,8.181397
6.026921,8.181397
6.027331,8.181397
6.027741,8.181397
6.028151,8.181397
6.028561,8.181397
6.028971,8.181397
6.029381,8.181397
6.029791,8.181397
6.030201,8.181397
6.030611,8.181397
6.031021,8.181397
6.031431,8.181397
6.031841,8.181397
6.032251,8.181397
6.032661,8.181397
6.033071,8.181397
6.033481,8.181397
6.033891,8.181397
6.034301,8.181397
6.034711,8.181397
6.035121,8.181397
6.035531,8.181397
6.035941,8.181397
6.036351,8.181397
6.036761,8.181397
6.037171,8.181397
6.037581,8.181397
6.037991,8.181397
6.038401,8.181397
6.038811,8.181397
6.039221,8.181397
6.039631,8.181397
6.040041,8.181397
6.040451,8.181397
6.040861,8.181397
6.041271,8.181397
6.041681,8.181397
6.042091,8.181397
6.042501,8.181397
6.042911,8.181397
6.043321,8.181397
6.043731,8.181397
6.044141,8.181397
6.044551,8.181397
6.044961,8.181397
6.045372,8.181397
6.045782,8.181397
6.046192,8.181397
6.046602,8.181397
6.047012,8.181397
6.047422,8.181397
6.047832,8.181397
6.048242,8.181397
6.048652,8.181397
6.049062,8.181397
6.049472,8.181397
6.049882,8.181397
6.050292,8.181397
6.050702,8.181397
6.051112,8.181397
6.051522,8.181397
6.051932,8.181397
6.052342,8.181397
6.052752,8.181397
6.053162,8.181397
6.053572,8.181397
6.053982,8.181397
6.054392,8.181397
6.054802,8.181397
6.055212,8.181397
6.055622,8.181397
6.056032,8.181397
6.056442,8.181397
6.056852,8.181397
6.057262,8.181397
6.057672,8.181397
6.058082,8.181397
6.058492,8.181397
6.058902,8.181397
6.059312,8.181397
6.059722,8.181397
6.060132,8.181397
6.060542,8.181397
6.060952,8.181397
6.061362,8.181397
6.061772,8.181397
6.062182,8.181397
6.062592,8.181397
6.063002,8.181397
6.063412,8.181397
6.063822,8.181397
6.064232,8.181397
6.064642,8.181397
6.065052,8.181397
6.065462,8.181397
6.065872,8.181397
6.066282,8.181397
6.066692,8.181397
6.067102,8.181397
6.067512,8.181397
6.067922,8.181397
6.068332,8.181397
6.068742,8.181397
6.069152,8.181397
6.069562,8.181397
6.069972,8.181397
6.070382,8.181397
6.070792,8.181397
6.071202,8.181397
6.071612,8.181397
6.072022,8.181397
6.072432,8.181397
6.072842,8.181397
6.073252,8.181397
6.073662,8.181397
6.074072,8.181397
6.074482,8.181397
6.074892,8.181397
6.075303,8.181397
6.075713,8.181397
6.076123,8.181397
6.076533,8.181397
6.076943,8.181397
6.077353,8.181397
6.077763,8.181397
6.078173,8.181397
6.078583,8.181397
6.078993,8.181397
6.079403,8.181397
6.079813,8.181397
6.080223,8.181397
6.080633,8.181397
6.081043,8.181397
6.081453,8.181397
6.081863,8.181397
6.082273,8.181397
6.082683,8.181397
6.083093,8.181397
6.083503,8.181397
6.083913,8.181397
6.084323,8.181397
6.084733,8.181397
6.085143,8.181397
6.085553,8.181397
6.085963,8.181397
6.086373,8.181397
6.086783,8.181397
6.087193,8.181397
6.087603,8.181397
6.088013,8.181397
6.088423,8.181397
6.088833,8.181397
6.089243,8.181397
6.089653,8.181397
6.090063,8.181397
6.090473,8.181397
6.090883,8.181397
6.091293,8.181397
6.091703,8.181397
6.092113,8.181397
6.092523,8.181397
6.092933,8.181397
6.093343,8.181397
6.093753,8.181397
6.094163,8.181397
6.094573,8.181397
6.094983,8.181397
6.095393,8.181397
6.095803,8.181397
6.096213,8.181397
6.096623,8.181397
6.097033,8.181397
6.097443,8.181397
6.097853,8.181397
6.098263,8.181397
6.098673,8.181397
6.099083,8.181397
6.099493,8.181397
6.099903,8.181397
6.100313,8.181397
6.100723,8.181397
6.101133,8.181397
6.101543,8.181397
6.101953,8.181397
6.102363,8.181397
6.102773,8.181397
6.103183,8.181397
6.103593,8.181397
6.104003,8.181397
6.104413,8.181397
6.104823,8.181397
6.105234,8.181397
6.105644,8.181397
6.106054,8.181397
6.106464,8.181397
6.106874,8.181397
6.107284,8.181397
6.107694,8.181397
6.108104,8.181397
6.108514,8.181397
6.108924,8.181397
6.109334,8.181397
6.109744,8.181397
6.110154,8.181397
6.110564,8.181397
6.110974,8.181397
6.111384,8.181397
6.111794,8.181397
6.112204,8.181397
6.112614,8.181397
6.113024,8.181397
6.113434,8.181397
6.113844,8.181397
6.114254,8.181397
6.114664,8.181397
6.115074,8.181397
6.115484,8.181397
6.115894,8.181397
6.116304,8.181397
6.116714,8.181397
6.117124,8.181397
6.117534,8.181397
6.117944,8.181397
6.118354,8.181397
6.118764,8.181397
6.119174,8.181397
6.119584,8.181397
6.119994,8.181397
6.120404,8.181397
6.120814,8.181397
6.121224,8.181397
6.121634,8.181397
6.122044,8.181397
6.122454,8.181397
6.122864,8.181397
6.123274,8.181397
6.123684,8.181397
6.124094,8.181397
6.124504,8.181397
6.124914,8.181397
6.125324,8.181397
6.125734,8.181397
6.126144,8.181397
6.126554,8.181397
6.126964,8.181397
6.127374,8.181397
6.127784,8.181397
6.128194,8.181397
6.128604,8.181397
6.129014,8.181397
6.129424,8.181397
6.129834,8.181397
6.130244,8.181397
6.130654,8.181397
6.131064,8.181397
6.131474,8.181397
6.131884,8.181397
6.132294,8.181397
6.132704,8.181397
6.133114,8.181397
6.133524,8.181397
6.133934,8.181397
6.134344,8.181397
6.134754,8.181397
6.135165,8.181397
6.135575,8.181397
6.135985,8.181397
6.136395,8.181397
6.136805,8.181397
6.137215,8.181397
6.137625,8.181397
6.138035,8.181397
6.138445,8.181397
6.138855,8.181397
6.139265,8.181397
6.139675,8.181397
6.140085,8.181397
6.140495,8.181397
6.140905,8.181397
6.141315,8.181397
6.141725,8.181397
6.142135,8.181397
6.142545,8.181397
6.142955,8.181397
6.143365,8.181397
6.143775,8.181397
6.144185,8.181397
6.144595,8.181397
6.145005,8.181397
6.145415,8.181397
6.145825,8.181397
6.146235,8.181397
6.146645,8.181397
6.147055,8.181397
6.147465,8.181397
6.147875,8.181397
6.148285,8.181397
6.148695,8.181397
6.149105,8.181397
6.149515,8.181397
6.149925,8.181397
6.150335,8.181397
6.150745,8.181397
6.151155,8.181397
6.151565,8.181397
6.151975,8.181397
6.152385,8.181397
6.152795,8.181397
6.153205,8.181397
6.153615,8.181397
6.154025,8.181397
6.154435,8.181397
6.154845,8.181397
6.155255,8.181397
6.155665,8.181397
6.156075,8.181397
6.156485,8.181397
6.156895,8.181397
6.157305,8.181397
6.157715,8.181397
6.158125,8.181397
6.158535,8.181397
6.158945,8.181397
6.159355,8.181397
6.159765,8.181397
6.160175,8.181397
6.160585,8.181397
6.160995,8.181397
6.161405,8.181397
6.161815,8.181397
6.162225,8.181397
6.162635,8.181397
6.163045,8.181397
6.163455,8.181397
6.163865,8.181397
6.164275,8.181397
6.164685,8.181397
6.165096,8.181397
6.165506,8.181397
6.165916,8.181397
6.166326,8.181397
6.166736,8.181397
6.167146,8.181397
6.167556,8.181397
6.167966,8.181397
6.168376,8.181397
6.168786,8.181397
6.169196,8.181397
6.169606,8.181397
6.170016,8.181397
6.170426,8.181397
6.170836,8.181397
6.171246,8.181397
6.171656,8.181397
6.172066,8.181397
6.172476,8.181397
6.172886,8.181397
6.173296,8.181397
6.173706,8.181397
6.174116,8.181397
6.174526,8.181397
6.174936,8.181397
6.175346,8.181397
6.175756,8.181397
6.176166,8.181397
6.176576,8.181397
6.176986,8.181397
6.177396,8.181397
6.177806,8.181397
6.178216,8.181397
6.178626,8.181397
6.179036,8.181397
6.179446,8.181397
6.179856,8.181397
6.180266,8.181397
6.180676,8.181397
6.181086,8.181397
6.181496,8.181397
6.181906,8.181397
6.182316,8.181397
6.182726,8.181397
6.183136,8.181397
6.183546,8.181397
6.183956,8.181397
6.184366,8.181397
6.184776,8.181397
6.185186,8.181397
6.185596,8.181397
6.186006,8.181397
6.186416,8.181397
6.186826,8.181397
6.187236,8.181397
6.187646,8.181397
6.188056,8.181397
6.188466,8.181397
6.188876,8.181397
6.189286,8.181397
6.189696,8.181397
6.190106,8.181397
6.190516,8.181397
6.190926,8.181397
6.191336,8.181397
6.191746,8.181397
6.192156,8.181397
6.192566,8.181397
6.192976,8.181397
6.193386,8.181397
6.193796,8.181397
6.194206,8.181397
6.194616,8.181397
6.195027,8.181397
6.195437,8.181397
6.195847,8.181397
6.196257,8.181397
6.196667,8.181397
6.197077,8.181397
6.197487,8.181397
6.197897,8.181397
6.198307,8.181397
6.198717,8.181397
6.199127,8.181397
6.199537,8.181397
6.199947,8.181397
6.200357,8.181397
6.200767,8.181397
6.201177,8.181397
6.201587,8.181397
6.201997,8.181397
6.202407,8.181397
6.202817,8.181397
6.203227,8.181397
6.203637,8.181397
6.204047,8.181397
6.204457,8.181397
6.204867,8.181397
6.205277,8.181397
6.205687,8.181397
6.206097,8.181397
6.206507,8.181397
6.206917,8.181397
6.207327,8.181397
6.207737,8.181397
6.208147,8.181397
6.208557,8.181397
6.208967,8.181397
6.209377,8.181397
6.209787,8.181397
6.210197,8.181397
6.210607,8.181397
6.211017,8.181397
6.211427,8.181397
6.211837,8.181397
6.212247,8.181397
6.212657,8.181397
6.213067,8.181397
6.213477,8.181397
6.213887,8.181397
6.214297,8.181397
6.214707,8.181397
6.215117,8.181397
6.215527,8.181397
6.215937,8.181397
6.216347,8.181397
6.216757,8.181397
6.217167,8.181397
6.217577,8.181397
6.217987,8.181397
6.218397,8.181397
6.218807,8.181397
6.219217,8.181397
6.219627,8.181397
6.220037,8.181397
6.220447,8.181397
6.220857,8.181397
6.221267,8.181397
6.221677,8.181397
6.222087,8.181397
6.222497,8.181397
6.222907,8.181397
6.223317,8.181397
6.223727,8.181397
6.224137,8.181397
6.224547,8.181397
6.224957,8.181397
6.225368,8.181397
6.225778,8.181397
6.226188,8.181397
6.226598,8.181397
6.227008,8.181397
6.227418,8.181397
6.227828,8.181397
6.228238,8.181397
6.228648,8.181397
6.229058,8.181397
6.229468,8.181397
6.229878,8.181397
6.230288,8.181397
6.230698,8.181397
6.231108,8.181397
6.231518,8.181397
6.231928,8.181397
6.232338,8.181397
6.232748,8.181397
6.233158,8.181397
6.233568,8.181397
6.233978,8.181397
6.234388,8.181397
6.234798,8.181397
6.235208,8.181397
6.235618,8.181397
6.236028,8.181397
6.236438,8.181397
6.236848,8.181397
6.237258,8.181397
6.237668,8.181397
6.238078,8.181397
6.238488,8.181397
6.238898,8.181397
6.239308,8.181397
6.239718,8.181397
6.240128,8.181397
6.240538,8.181397
6.240948,8.181397
6.241358,8.181397
6.241768,8.181397
6.242178,8.181397
6.242588,8.181397
6.242998,8.181397
6.243408,8.181397
6.243818,8.181397
6.244228,8.181397
6.244638,8.181397
6.245048,8.181397
6.245458,8.181397
6.245868,8.181397
6.246278,8.181397
6.246688,8.181397
6.247098,8.181397
6.247508,8.181397
6.247918,8.181397
6.248328,8.181397
6.248738,8.181397
6.249148,8.181397
6.249558,8.181397
6.249968,8.181397
6.250378,8.181397
6.250788,8.181397
6.251198,8.181397
6.251608,8.181397
6.252018,8.181397
6.252428,8.181397
6.252838,8.181397
6.253248,8.181397
6.253658,8.181397
6.254068,8.181397
6.254478,8.181397
6.254888,8.181397
6.255299,8.181397
6.255709,8.181397
6.256119,8.181397
6.256529,8.181397
6.256939,8.181397
6.257349,8.181397
6.257759,8.181397
6.258169,8.181397
6.258579,8.181397
6.258989,8.181397
6.259399,8.181397
6.259809,8.181397
6.260219,8.181397
6.260629,8.181397
6.261039,8.181397
6.261449,8.181397
6.261859,8.181397
6.262269,8.181397
6.262679,8.181397
6.263089,8.181397
6.263499,8.181397
6.263909,8.181397
6.264319,8.181397
6.264729,8.181397
6.265139,8.181397
6.265549,8.181397
6.265959,8.181397
6.266369,8.181397
6.266779,8.181397
6.267189,8.181397
6.267599,8.181397
6.268009,8.181397
6.268419,8.181397
6.268829,8.181397
6.269239,8.181397
6.269649,8.181397
6.270059,8.181397
6.270469,8.181397
6.270879,8.181397
6.271289,8.181397
6.271699,8.181397
6.272109,8.181397
6.272519,8.181397
6.272929,8.181397
6.273339,8.181397
6.273749,8.181397
6.274159,8.181397
6.274569,8.181397
6.274979,8.181397
6.275389,8.181397
6.275799,8.181397
6.276209,8.181397
6.276619,8.181397
6.277029,8.181397
6.277439,8.181397
6.277849,8.181397
6.278259,8.181397
6.278669,8.181397
6.279079,8.181397
6.279489,8.181397
6.279899,8.181397
6.280309,8.181397
6.280719,8.181397
6.281129,8.181397
6.281539,8.181397
6.281949,8.181397
6.282359,8.181397
6.282769,8.181397
6.283179,8.181397
6.283589,8.181397
6.283999,8.181397
6.284409,8.181397
6.284819,8.181397
6.285230,8.181397
6.285640,8.181397
6.286050,8.181397
6.286460,8.181397
6.286870,8.181397
6.287280,8.181397
6.287690,8.181397
6.288100,8.181397
6.288510,8.181397
6.288920,8.181397
6.289330,8.181397
6.289740,8.181397
6.290150,8.181397
6.290560,8.181397
6.290970,8.181397
6.291380,8.181397
6.291790,8.181397
6.292200,8.181397
6.292610,8.181397
6.293020,8.181397
6.293430,8.181397
6.293840,8.181397
6.294250,8.181397
6.294660,8.181397
6.295070,8.181397
6.295480,8.181397
6.295890,8.181397
6.296300,8.181397
6.296710,8.181397
6.297120,8.181397
6.297530,8.181397
6.297940,8.181397
6.298350,8.181397
6.298760,8.181397
6.299170,8.181397
6.299580,8.181397
6.299990,8.181397
6.300400,8.181397
6.300810,8.181397
6.301220,8.181397
6.301630,8.181397
6.302040,8.181397
6.302450,8.181397
6.302860,8.181397
6.303270,8.181397
6.303680,8.181397
6.304090,8.181397
6.304500,8.181397
6.304910,8.181397
6.305320,8.181397
6.305730,8.181397
6.306140,8.181397
6.306550,8.181397
6.306960,8.181397
6.307370,8.181397
6.307780,8.181397
6.308190,8.181397
6.308600,8.181397
6.309010,8.181397
6.309420,8.181397
6.309830,8.181397
6.310240,8.181397
6.310650,8.181397
6.311060,8.181397
6.311470,8.181397
6.311880,8.181397
6.312290,8.181397
6.312700,8.181397
6.313110,8.181397
6.313520,8.181397
6.313930,8.181397
6.314340,8.181397
6.314750,8.181397
6.315161,8.181397
6.315571,8.181397
6.315981,8.181397
6.316391,8.181397
6.316801,8.181397
6.317211,8.181397
6.317621,8.181397
6.318031,8.181397
6.318441,8.181397
6.318851,8.181397
6.319261,8.181397
6.319671,8.181397
6.320081,8.181397
6.320491,8.181397
6.320901,8.181397
6.321311,8.181397
6.321721,8.181397
6.322131,8.181397
6.322541,8.181397
6.322951,8.181397
6.323361,8.181397
6.323771,8.181397
6.324181,8.181397
6.324591,8.181397
6.325001,8.181397
6.325411,8.181397
6.325821,8.181397
6.326231,8.181397
6.326641,8.181397
6.327051,8.181397
6.327461,8.181397
6.327871,8.181397
6.328281,8.181397
6.328691,8.181397
6.329101,8.181397
6.329511,8.181397
6.329921,8.181397
6.330331,8.181397
6.330741,8.181397
6.331151,8.181397
6.331561,8.181397
6.331971,8.181397
6.332381,8.181397
6.332791,8.181397
6.333201,8.181397
6.333611,8.181397
6.334021,8.181397
6.334431,8.181397
6.334841,8.181397
6.335251,8.181397
6.335661,8.181397
6.336071,8.181397
6.336481,8.181397
6.336891,8.181397
6.337301,8.181397
6.337711,8.181397
6.338121,8.181397
6.338531,8.181397
6.338941,8.181397
6.339351,8.181397
6.339761,8.181397
6.340171,8.181397
6.340581,8.181397
6.340991,8.181397
6.341401,8.181397
6.341811,8.181397
6.342221,8.181397
6.342631,8.181397
6.343041,8.181397
6.343451,8.181397
6.343861,8.181397
6.344271,8.181397
6.344681,8.181397
6.345092,8.181397
6.345502,8.181397
6.345912,8.181397
6.346322,8.181397
6.346732,8.181397
6.347142,8.181397
6.347552,8.181397
6.347962,8.181397
6.348372,8.181397
6.348782,8.181397
6.349192,8.181397
6.349602,8.181397
6.350012,8.181397
6.350422,8.181397
6.350832,8.181397
6.351242,8.181397
6.351652,8.181397
6.352062,8.181397
6.352472,8.181397
6.352882,8.181397
6.353292,8.181397
6.353702,8.181397
6.354112,8.181397
6.354522,8.181397
6.354932,8.181397
6.355342,8.181397
6.355752,8.181397
6.356162,8.181397
6.356572,8.181397
6.356982,8.181397
6.357392,8.181397
6.357802,8.181397
6.358212,8.181397
6.358622,8.181397
6.359032,8.181397
6.359442,8.181397
6.359852,8.181397
6.360262,8.181397
6.360672,8.181397
6.361082,8.181397
6.361492,8.181397
6.361902,8.181397
6.362312,8.181397
6.362722,8.181397
6.363132,8.181397
6.363542,8.181397
6.363952,8.181397
6.364362,8.181397
6.364772,8.181397
6.365182,8.181397
6.365592,8.181397
6.366002,8.181397
6.366412,8.181397
6.366822,8.181397
6.367232,8.181397
6.367642,8.181397
6.368052,8.181397
6.368462,8.181397
6.368872,8.181397
6.369282,8.181397
6.369692,8.181397
6.370102,8.181397
6.370512,8.181397
6.370922,8.181397
6.371332,8.181397
6.371742,8.181397
6.372152,8.181397
6.372562,8.181397
6.372972,8.181397
6.373382,8.181397
6.373792,8.181397
6.374202,8.181397
6.374612,8.181397
6.375023,8.181397
6.375433,8.181397
6.375843,8.181397
6.376253,8.181397
6.376663,8.181397
6.377073,8.181397
6.377483,8.181397
6.377893,8.181397
6.378303,8.181397
6.378713,8.181397
6.379123,8.181397
6.379533,8.181397
6.379943,8.181397
6.380353,8.181397
6.380763,8.181397
6.381173,8.181397
6.381583,8.181397
6.381993,8.181397
6.382403,8.181397
6.382813,8.181397
6.383223,8.181397
6.383633,8.181397
6.384043,8.181397
6.384453,8.181397
6.384863,8.181397
6.385273,8.181397
6.385683,8.181397
6.386093,8.181397
6.386503,8.181397
6.386913,8.181397
6.387323,8.181397
6.387733,8.181397
6.388143,8.181397
6.388553,8.181397
6.388963,8.181397
6.389373,8.181397
6.389783,8.181397
6.390193,8.181397
6.390603,8.181397
6.391013,8.181397
6.391423,8.181397
6.391833,8.181397
6.392243,8.181397
6.392653,8.181397
6.393063,8.181397
6.393473,8.181397
6.393883,8.181397
6.394293,8.181397
6.394703,8.181397
6.395113,8.181397
6.395523,8.181397
6.395933,8.181397
6.396343,8.181397
6.396753,8.181397
6.397163,8.181397
6.397573,8.181397
6.397983,8.181397
6.398393,8.181397
6.398803,8.181397
6.399213,8.181397
6.399623,8.181397
6.400033,8.181397
6.400443,8.181397
6.400853,8.181397
6.401263,8.181397
6.401673,8.181397
6.402083,8.181397
6.402493,8.181397
6.402903,8.181397
6.403313,8.181397
6.403723,8.181397
6.404133,8.181397
6.404543,8.181397
6.404953,8.181397
6.405364,8.181397
6.405774,8.181397
6.406184,8.181397
6.406594,8.181397
6.407004,8.181397
6.407414,8.181397
6.407824,8.181397
6.408234,8.181397
6.408644,8.181397
6.409054,8.181397
6.409464,8.181397
6.409874,8.181397
6.410284,8.181397
6.410694,8.181397
6.411104,8.181397
6.411514,8.181397
6.411924,8.181397
6.412334,8.181397
6.412744,8.181397
6.413154,8.181397
6.413564,8.181397
6.413974,8.181397
6.414384,8.181397
6.414794,8.181397
6.415204,8.181397
6.415614,8.181397
6.416024,8.181397
6.416434,8.181397
6.416844,8.181397
6.417254,8.181397
6.417664,8.181397
6.418074,8.181397
6.418484,8.181397
6.418894,8.181397
6.419304,8.181397
6.419714,8.181397
6.420124,8.181397
6.420534,8.181397
6.420944,8.181397
6.421354,8.181397
6.421764,8.181397
6.422174,8.181397
6.422584,8.181397
6.422994,8.181397
6.423404,8.181397
6.423814,8.181397
6.424224,8.181397
6.424634,8.181397
6.425044,8.181397
6.425454,8.181397
6.425864,8.181397
6.426274,8.181397
6.426684,8.181397
6.427094,8.181397
6.427504,8.181397
6.427914,8.181397
6.428324,8.181397
6.428734,8.181397
6.429144,8.181397
6.429554,8.181397
6.429964,8.181397
6.430374,8.181397
6.430784,8.181397
6.431194,8.181397
6.431604,8.181397
6.432014,8.181397
6.432424,8.181397
6.432834,8.181397
6.433244,8.181397
6.433654,8.181397
6.434064,8.181397
6.434474,8.181397
6.434884,8.181397
6.435295,8.181397
6.435705,8.181397
6.436115,8.181397
6.436525,8.181397
6.436935,8.181397
6.437345,8.181397
6.437755,8.181397
6.438165,8.181397
6.438575,8.181397
6.438985,8.181397
6.439395,8.181397
6.439805,8.181397
6.440215,8.181397
6.440625,8.181397
6.441035,8.181397
6.441445,8.181397
6.441855,8.181397
6.442265,8.181397
6.442675,8.181397
6.443085,8.181397
6.443495,8.181397
6.443905,8.181397
6.444315,8.181397
6.444725,8.181397
6.445135,8.181397
6.445545,8.181397
6.445955,8.181397
6.446365,8.181397
6.446775,8.181397
6.447185,8.181397
6.447595,8.181397
6.448005,8.181397
6.448415,8.181397
6.448825,8.181397
6.449235,8.181397
6.449645,8.181397
6.450055,8.181397
6.450465,8.181397
6.450875,8.181397
6.451285,8.181397
6.451695,8.181397
6.452105,8.181397
6.452515,8.181397
6.452925,8.181397
6.453335,8.181397
6.453745,8.181397
6.454155,8.181397
6.454565,8.181397
6.454975,8.181397
6.455385,8.181397
6.455795,8.181397
6.456205,8.181397
6.456615,8.181397
6.457025,8.181397
6.457435,8.181397
6.457845,8.181397
6.458255,8.181397
6.458665,8.181397
6.459075,8.181397
6.459485,8.181397
6.459895,8.181397
6.460305,8.181397
6.460715,8.181397
6.461125,8.181397
6.461535,8.181397
6.461945,8.181397
6.462355,8.181397
6.462765,8.181397
6.463175,8.181397
6.463585,8.181397
6.463995,8.181397
6.464405,8.181397
6.464815,8.181397
6.465226,8.181397
6.465636,8.181397
6.466046,8.181397
6.466456,8.181397
6.466866,8.181397
6.467276,8.181397
6.467686,8.181397
6.468096,8.181397
6.468506,8.181397
6.468916,8.181397
6.469326,8.181397
6.469736,8.181397
6.470146,8.181397
6.470556,8.181397
6.470966,8.181397
6.471376,8.181397
6.471786,8.181397
6.472196,8.181397
6.472606,8.181397
6.473016,8.181397
6.473426,8.181397
6.473836,8.181397
6.474246,8.181397
6.474656,8.181397
6.475066,8.181397
6.475476,8.181397
6.475886,8.181397
6.476296,8.181397
6.476706,8.181397
6.477116,8.181397
6.477526,8.181397
6.477936,8.181397
6.478346,8.181397
6.478756,8.181397
6.479166,8.181397
6.479576,8.181397
6.479986,8.181397
6.480396,8.181397
6.480806,8.181397
6.481216,8.181397
6.481626,8.181397
6.482036,8.181397
6.482446,8.181397
6.482856,8.181397
6.483266,8.181397
6.483676,8.181397
6.484086,8.181397
6.484496,8.181397
6.484906,8.181397
6.485316,8.181397
6.485726,8.181397
6.486136,8.181397
6.486546,8.181397
6.486956,8.181397
6.487366,8.181397
6.487776,8.181397
6.488186,8.181397
6.488596,8.181397
6.489006,8.181397
6.489416,8.181397
6.489826,8.181397
6.490236,8.181397
6.490646,8.181397
6.491056,8.181397
6.491466,8.181397
6.491876,8.181397
6.492286,8.181397
6.492696,8.181397
6.493106,8.181397
6.493516,8.181397
6.493926,8.181397
6.494336,8.181397
6.494746,8.181397
6.495157,8.181397
6.495567,8.181397
6.495977,8.181397
6.496387,8.181397
6.496797,8.181397
6.497207,8.181397
6.497617,8.181397
6.498027,8.181397
6.498437,8.181397
6.498847,8.181397
6.499257,8.181397
6.499667,8.181397
6.500077,8.181397
6.500487,8.181397
6.500897,8.181397
6.501307,8.181397
6.501717,8.181397
6.502127,8.181397
6.502537,8.181397
6.502947,8.181397
6.503357,8.181397
6.503767,8.181397
6.504177,8.181397
6.504587,8.181397
6.504997,8.181397
6.505407,8.181397
6.505817,8.181397
6.506227,8.181397
6.506637,8.181397
6.507047,8.181397
6.507457,8.181397
6.507867,8.181397
6.508277,8.181397
6.508687,8.181397
6.509097,8.181397
6.509507,8.181397
6.509917,8.181397
6.510327,8.181397
6.510737,8.181397
6.511147,8.181397
6.511557,8.181397
6.511967,8.181397
6.512377,8.181397
6.512787,8.181397
6.513197,8.181397
6.513607,8.181397
6.514017,8.181397
6.514427,8.181397
6.514837,8.181397
6.515247,8.181397
6.515657,8.181397
6.516067,8.181397
6.516477,8.181397
6.516887,8.181397
6.517297,8.181397
6.517707,8.181397
6.518117,8.181397
6.518527,8.181397
6.518937,8.181397
6.519347,8.181397
6.519757,8.181397
6.520167,8.181397
6.520577,8.181397
6.520987,8.181397
6.521397,8.181397
6.521807,8.181397
6.522217,8.181397
6.522627,8.181397
6.523037,8.181397
6.523447,8.181397
6.523857,8.181397
6.524267,8.181397
6.524677,8.181397
6.525088,8.181397
6.525498,8.181397
6.525908,8.181397
6.526318,8.181397
6.526728,8.181397
6.527138,8.181397
6.527548,8.181397
6.527958,8.181397
6.528368,8.181397
6.528778,8.181397
6.529188,8.181397
6.529598,8.181397
6.530008,8.181397
6.530418,8.181397
6.530828,8.181397
6.531238,8.181397
6.531648,8.181397
6.532058,8.181397
6.532468,8.181397
6.532878,8.181397
6.533288,8.181397
6.533698,8.181397
6.534108,8.181397
6.534518,8.181397
6.534928,8.181397
6.535338,8.181397
6.535748,8.181397
6.536158,8.181397
6.536568,8.181397
6.536978,8.181397
6.537388,8.181397
6.537798,8.181397
6.538208,8.181397
6.538618,8.181397
6.539028,8.181397
6.539438,8.181397
6.539848,8.181397
6.540258,8.181397
6.540668,8.181397
6.541078,8.181397
6.541488,8.181397
6.541898,8.181397
6.542308,8.181397
6.542718,8.181397
6.543128,8.181397
6.543538,8.181397
6.543948,8.181397
6.544358,8.181397
6.544768,8.181397
6.545178,8.181397
6.545588,8.181397
6.545998,8.181397
6.546408,8.181397
6.546818,8.181397
6.547228,8.181397
6.547638,8.181397
6.548048,8.181397
6.548458,8.181397
6.548868,8.181397
6.549278,8.181397
6.549688,8.181397
6.550098,8.181397
6.550508,8.181397
6.550918,8.181397
6.551328,8.181397
6.551738,8.181397
6.552148,8.181397
6.552558,8.181397
6.552968,8.181397
6.553378,8.181397
6.553788,8.181397
6.554198,8.181397
6.554608,8.181397
6.555019,8.181397
6.555429,8.181397
6.555839,8.181397
6.556249,8.181397
6.556659,8.181397
6.557069,8.181397
6.557479,8.181397
6.557889,8.181397
6.558299,8.181397
6.558709,8.181397
6.559119,8.181397
6.559529,8.181397
6.559939,8.181397
6.560349,8.181397
6.560759,8.181397
6.561169,8.181397
6.561579,8.181397
6.561989,8.181397
6.562399,8.181397
6.562809,8.181397
6.563219,8.181397
6.563629,8.181397
6.564039,8.181397
6.564449,8.181397
6.564859,8.181397
6.565269,8.181397
6.565679,8.181397
6.566089,8.181397
6.566499,8.181397
6.566909,8.181397
6.567319,8.181397
6.567729,8.181397
6.568139,8.181397
6.568549,8.181397
6.568959,8.181397
6.569369,8.181397
6.569779,8.181397
6.570189,8.181397
6.570599,8.181397
6.571009,8.181397
6.571419,8.181397
6.571829,8.181397
6.572239,8.181397
6.572649,8.181397
6.573059,8.181397
6.573469,8.181397
6.573879,8.181397
6.574289,8.181397
6.574699,8.181397
6.575109,8.181397
6.575519,8.181397
6.575929,8.181397
6.576339,8.181397
6.576749,8.181397
6.577159,8.181397
6.577569,8.181397
6.577979,8.181397
6.578389,8.181397
6.578799,8.181397
6.579209,8.181397
6.579619,8.181397
6.580029,8.181397
6.580439,8.181397
6.580849,8.181397
6.581259,8.181397
6.581669,8.181397
6.582079,8.181397
6.582489,8.181397
6.582899,8.181397
6.583309,8.181397
6.583719,8.181397
6.584129,8.181397
6.584539,8.181397
6.584949,8.181397
6.585360,8.181397
6.585770,8.181397
6.586180,8.181397
6.586590,8.181397
6.587000,8.181397
6.587410,8.181397
6.587820,8.181397
6.588230,8.181397
6.588640,8.181397
6.589050,8.181397
6.589460,8.181397
6.589870,8.181397
6.590280,8.181397
6.590690,8.181397
6.591100,8.181397
6.591510,8.181397
6.591920,8.181397
6.592330,8.181397
6.592740,8.181397
6.593150,8.181397
6.593560,8.181397
6.593970,8.181397
6.594380,8.181397
6.594790,8.181397
6.595200,8.181397
6.595610,8.181397
6.596020,8.181397
6.596430,8.181397
6.596840,8.181397
6.597250,8.181397
6.597660,8.181397
6.598070,8.181397
6.598480,8.181397
6.598890,8.181397
6.599300,8.181397
6.599710,8.181397
6.600120,8.181397
6.600530,8.181397
6.600940,8.181397
6.601350,8.181397
6.601760,8.181397
6.602170,8.181397
6.602580,8.181397
6.602990,8.181397
6.603400,8.181397
6.603810,8.181397
6.604220,8.181397
6.604630,8.181397
6.605040,8.181397
6.605450,8.181397
6.605860,8.181397
6.606270,8.181397
6.606680,8.181397
6.607090,8.181397
6.607500,8.181397
6.607910,8.181397
6.608320,8.181397
6.608730,8.181397
6.609140,8.181397
6.609550,8.181397
6.609960,8.181397
6.610370,8.181397
6.610780,8.181397
6.611190,8.181397
6.611600,8.181397
6.612010,8.181397
6.612420,8.181397
6.612830,8.181397
6.613240,8.181397
6.613650,8.181397
6.614060,8.181397
6.614470,8.181397
6.614880,8.181397
6.615291,8.181397
6.615701,8.181397
6.616111,8.181397
6.616521,8.181397
6.616931,8.181397
6.617341,8.181397
6.617751,8.181397
6.618161,8.181397
6.618571,8.181397
6.618981,8.181397
6.619391,8.181397
6.619801,8.181397
6.620211,8.181397
6.620621,8.181397
6.621031,8.181397
6.621441,8.181397
6.621851,8.181397
6.622261,8.181397
6.622671,8.181397
6.623081,8.181397
6.623491,8.181397
6.623901,8.181397
6.624311,8.181397
6.624721,8.181397
6.625131,8.181397
6.625541,8.181397
6.625951,8.181397
6.626361,8.181397
6.626771,8.181397
6.627181,8.181397
6.627591,8.181397
6.628001,8.181397
6.628411,8.181397
6.628821,8.181397
6.629231,8.181397
6.629641,8.181397
6.630051,8.181397
6.630461,8.181397
6.630871,8.181397
6.631281,8.181397
6.631691,8.181397
6.632101,8.181397
6.632511,8.181397
6.632921,8.181397
6.633331,8.181397
6.633741,8.181397
6.634151,8.181397
6.634561,8.181397
6.634971,8.181397
6.635381,8.181397
6.635791,8.181397
6.636201,8.181397
6.636611,8.181397
6.637021,8.181397
6.637431,8.181397
6.637841,8.181397
6.638251,8.181397
6.638661,8.181397
6.639071,8.181397
6.639481,8.181397
6.639891,8.181397
6.640301,8.181397
6.640711,8.181397
6.641121,8.181397
6.641531,8.181397
6.641941,8.181397
6.642351,8.181397
6.642761,8.181397
6.643171,8.181397
6.643581,8.181397
6.643991,8.181397
6.644401,8.181397
6.644811,8.181397
6.645222,8.181397
6.645632,8.181397
6.646042,8.181397
6.646452,8.181397
6.646862,8.181397
6.647272,8.181397
6.647682,8.181397
6.648092,8.181397
6.648502,8.181397
6.648912,8.181397
6.649322,8.181397
6.649732,8.181397
6.650142,8.181397
6.650552,8.181397
6.650962,8.181397
6.651372,8.181397
6.651782,8.181397
6.652192,8.181397
6.652602,8.181397
6.653012,8.181397
6.653422,8.181397
6.653832,8.181397
6.654242,8.181397
6.654652,8.181397
6.655062,8.181397
6.655472,8.181397
6.655882,8.181397
6.656292,8.181397
6.656702,8.181397
6.657112,8.181397
6.657522,8.181397
6.657932,8.181397
6.658342,8.181397
6.658752,8.181397
6.659162,8.181397
6.659572,8.181397
6.659982,8.181397
6.660392,8.181397
6.660802,8.181397
6.661212,8.181397
6.661622,8.181397
6.662032,8.181397
6.662442,8.181397
6.662852,8.181397
6.663262,8.181397
6.663672,8.181397
6.664082,8.181397
6.664492,8.181397
6.664902,8.181397
6.665312,8.181397
6.665722,8.181397
6.666132,8.181397
6.666542,8.181397
6.666952,8.181397
6.667362,8.181397
6.667772,8.181397
6.668182,8.181397
6.668592,8.181397
6.669002,8.181397
6.669412,8.181397
6.669822,8.181397
6.670232,8.181397
6.670642,8.181397
6.671052,8.181397
6.671462,8.181397
6.671872,8.181397
6.672282,8.181397
6.672692,8.181397
6.673102,8.181397
6.673512,8.181397
6.673922,8.181397
6.674332,8.181397
6.674742,8.181397
6.675153,8.181397
6.675563,8.181397
6.675973,8.181397
6.676383,8.181397
6.676793,8.181397
6.677203,8.181397
6.677613,8.181397
6.678023,8.181397
6.678433,8.181397
6.678843,8.181397
6.679253,8.181397
6.679663,8.181397
6.680073,8.181397
6.680483,8.181397
6.680893,8.181397
6.681303,8.181397
6.681713,8.181397
6.682123,8.181397
6.682533,8.181397
6.682943,8.181397
6.683353,8.181397
6.683763,8.181397
6.684173,8.181397
6.684583,8.181397
6.684993,8.181397
6.685403,8.181397
6.685813,8.181397
6.686223,8.181397
6.686633,8.181397
6.687043,8.181397
6.687453,8.181397
6.687863,8.181397
6.688273,8.181397
6.688683,8.181397
6.689093,8.181397
6.689503,8.181397
6.689913,8.181397
6.690323,8.181397
6.690733,8.181397
6.691143,8.181397
6.691553,8.181397
6.691963,8.181397
6.692373,8.181397
6.692783,8.181397
6.693193,8.181397
6.693603,8.181397
6.694013,8.181397
6.694423,8.181397
6.694833,8.181397
6.695243,8.181397
6.695653,8.181397
6.696063,8.181397
6.696473,8.181397
6.696883,8.181397
6.697293,8.181397
6.697703,8.181397
6.698113,8.181397
6.698523,8.181397
6.698933,8.181397
6.699343,8.181397
6.699753,8.181397
6.700163,8.181397
6.700573,8.181397
6.700983,8.181397
6.701393,8.181397
6.701803,8.181397
6.702213,8.181397
6.702623,8.181397
6.703033,8.181397
6.703443,8.181397
6.703853,8.181397
6.704263,8.181397
6.704673,8.181397
6.705084,8.181397
6.705494,8.181397
6.705904,8.181397
6.706314,8.181397
6.706724,8.181397
6.707134,8.181397
6.707544,8.181397
6.707954,8.181397
6.708364,8.181397
6.708774,8.181397
6.709184,8.181397
6.709594,8.181397
6.710004,8.181397
6.710414,8.181397
6.710824,8.181397
6.711234,8.181397
6.711644,8.181397
6.712054,8.181397
6.712464,8.181397
6.712874,8.181397
6.713284,8.181397
6.713694,8.181397
6.714104,8.181397
6.714514,8.181397
6.714924,8.181397
6.715334,8.181397
6.715744,8.181397
6.716154,8.181397
6.716564,8.181397
6.716974,8.181397
6.717384,8.181397
6.717794,8.181397
6.718204,8.181397
6.718614,8.181397
6.719024,8.181397
6.719434,8.181397
6.719844,8.181397
6.720254,8.181397
6.720664,8.181397
6.721074,8.181397
6.721484,8.181397
6.721894,8.181397
6.722304,8.181397
6.722714,8.181397
6.723124,8.181397
6.723534,8.181397
6.723944,8.181397
6.724354,8.181397
6.724764,8.181397
6.725174,8.181397
6.725584,8.181397
6.725994,8.181397
6.726404,8.181397
6.726814,8.181397
6.727224,8.181397
6.727634,8.181397
6.728044,8.181397
6.728454,8.181397
6.728864,8.181397
6.729274,8.181397
6.729684,8.181397
6.730094,8.181397
6.730504,8.181397
6.730914,8.181397
6.731324,8.181397
6.731734,8.181397
6.732144,8.181397
6.732554,8.181397
6.732964,8.181397
6.733374,8.181397
6.733784,8.181397
6.734194,8.181397
6.734604,8.181397
6.735015,8.181397
6.735425,8.181397
6.735835,8.181397
6.736245,8.181397
6.736655,8.181397
6.737065,8.181397
6.737475,8.181397
6.737885,8.181397
6.738295,8.181397
6.738705,8.181397
6.739115,8.181397
6.739525,8.181397
6.739935,8.181397
6.740345,8.181397
6.740755,8.181397
6.741165,8.181397
6.741575,8.181397
6.741985,8.181397
6.742395,8.181397
6.742805,8.181397
6.743215,8.181397
6.743625,8.181397
6.744035,8.181397
6.744445,8.181397
6.744855,8.181397
6.745265,8.181397
6.745675,8.181397
6.746085,8.181397
6.746495,8.181397
6.746905,8.181397
6.747315,8.181397
6.747725,8.181397
6.748135,8.181397
6.748545,8.181397
6.748955,8.181397
6.749365,8.181397
6.749775,8.181397
6.750185,8.181397
6.750595,8.181397
6.751005,8.181397
6.751415,8.181397
6.751825,8.181397
6.752235,8.181397
6.752645,8.181397
6.753055,8.181397
6.753465,8.181397
6.753875,8.181397
6.754285,8.181397
6.754695,8.181397
6.755105,8.181397
6.755515,8.181397
6.755925,8.181397
6.756335,8.181397
6.756745,8.181397
6.757155,8.181397
6.757565,8.181397
6.757975,8.181397
6.758385,8.181397
6.758795,8.181397
6.759205,8.181397
6.759615,8.181397
6.760025,8.181397
6.760435,8.181397
6.760845,8.181397
6.761255,8.181397
6.761665,8.181397
6.762075,8.181397
6.762485,8.181397
6.762895,8.181397
6.763305,8.181397
6.763715,8.181397
6.764125,8.181397
6.764535,8.181397
6.764945,8.181397
6.765356,8.181397
6.765766,8.181397
6.766176,8.181397
6.766586,8.181397
6.766996,8.181397
6.767406,8.181397
6.767816,8.181397
6.768226,8.181397
6.768636,8.181397
6.769046,8.181397
6.769456,8.181397
6.769866,8.181397
6.770276,8.181397
6.770686,8.181397
6.771096,8.181397
6.771506,8.181397
6.771916,8.181397
6.772326,8.181397
6.772736,8.181397
6.773146,8.181397
6.773556,8.181397
6.773966,8.181397
6.774376,8.181397
6.774786,8.181397
6.775196,8.181397
6.775606,8.181397
6.776016,8.181397
6.776426,8.181397
6.776836,8.181397
6.777246,8.181397
6.777656,8.181397
6.778066,8.181397
6.778476,8.181397
6.778886,8.181397
6.779296,8.181397
6.779706,8.181397
6.780116,8.181397
6.780526,8.181397
6.780936,8.181397
6.781346,8.181397
6.781756,8.181397
6.782166,8.181397
6.782576,8.181397
6.782986,8.181397
6.783396,8.181397
6.783806,8.181397
6.784216,8.181397
6.784626,8.181397
6.785036,8.181397
6.785446,8.181397
6.785856,8.181397
6.786266,8.181397
6.786676,8.181397
6.787086,8.181397
6.787496,8.181397
6.787906,8.181397
6.788316,8.181397
6.788726,8.181397
6.789136,8.181397
6.789546,8.181397
6.789956,8.181397
6.790366,8.181397
6.790776,8.181397
6.791186,8.181397
6.791596,8.181397
6.792006,8.181397
6.792416,8.181397
6.792826,8.181397
6.793236,8.181397
6.793646,8.181397
6.794056,8.181397
6.794466,8.181397
6.794876,8.181397
6.795287,8.181397
6.795697,8.181397
6.796107,8.181397
6.796517,8.181397
6.796927,8.181397
6.797337,8.181397
6.797747,8.181397
6.798157,8.181397
6.798567,8.181397
6.798977,8.181397
6.799387,8.181397
6.799797,8.181397
6.800207,8.181397
6.800617,8.181397
6.801027,8.181397
6.801437,8.181397
6.801847,8.181397
6.802257,8.181397
6.802667,8.181397
6.803077,8.181397
6.803487,8.181397
6.803897,8.181397
6.804307,8.181397
6.804717,8.181397
6.805127,8.181397
6.805537,8.181397
6.805947,8.181397
6.806357,8.181397
6.806767,8.181397
6.807177,8.181397
6.807587,8.181397
6.807997,8.181397
6.808407,8.181397
6.808817,8.181397
6.809227,8.181397
6.809637,8.181397
6.810047,8.181397
6.810457,8.181397
6.810867,8.181397
6.811277,8.181397
6.811687,8.181397
6.812097,8.181397
6.812507,8.181397
6.812917,8.181397
6.813327,8.181397
6.813737,8.181397
6.814147,8.181397
6.814557,8.181397
6.814967,8.181397
6.815377,8.181397
6.815787,8.181397
6.816197,8.181397
6.816607,8.181397
6.817017,8.181397
6.817427,8.181397
6.817837,8.181397
6.818247,8.181397
6.818657,8.181397
6.819067,8.181397
6.819477,8.181397
6.819887,8.181397
6.820297,8.181397
6.820707,8.181397
6.821117,8.181397
6.821527,8.181397
6.821937,8.181397
6.822347,8.181397
6.822757,8.181397
6.823167,8.181397
6.823577,8.181397
6.823987,8.181397
6.824397,8.181397
6.824807,8.181397
6.825218,8.181397
6.825628,8.181397
6.826038,8.181397
6.826448,8.181397
6.826858,8.181397
6.827268,8.181397
6.827678,8.181397
6.828088,8.181397
6.828498,8.181397
6.828908,8.181397
6.829318,8.181397
6.829728,8.181397
6.830138,8.181397
6.830548,8.181397
6.830958,8.181397
6.831368,8.181397
6.831778,8.181397
6.832188,8.181397
6.832598,8.181397
6.833008,8.181397
6.833418,8.181397
6.833828,8.181397
6.834238,8.181397
6.834648,8.181397
6.835058,8.181397
6.835468,8.181397
6.835878,8.181397
6.836288,8.181397
6.836698,8.181397
6.837108,8.181397
6.837518,8.181397
6.837928,8.181397
6.838338,8.181397
6.838748,8.181397
6.839158,8.181397
6.839568,8.181397
6.839978,8.181397
6.840388,8.181397
6.840798,8.181397
6.841208,8.181397
6.841618,8.181397
6.842028,8.181397
6.842438,8.181397
6.842848,8.181397
6.843258,8.181397
6.843668,8.181397
6.844078,8.181397
6.844488,8.181397
6.844898,8.181397
6.845308,8.181397
6.845718,8.181397
6.846128,8.181397
6.846538,8.181397
6.846948,8.181397
6.847358,8.181397
6.847768,8.181397
6.848178,8.181397
6.848588,8.181397
6.848998,8.181397
6.849408,8.181397
6.849818,8.181397
6.850228,8.181397
6.850638,8.181397
6.851048,8.181397
6.851458,8.181397
6.851868,8.181397
6.852278,8.181397
6.852688,8.181397
6.853098,8.181397
6.853508,8.181397
6.853918,8.181397
6.854328,8.181397
6.854738,8.181397
6.855149,8.181397
6.855559,8.181397
6.855969,8.181397
6.856379,8.181397
6.856789,8.181397
6.857199,8.181397
6.857609,8.181397
6.858019,8.181397
6.858429,8.181397
6.858839,8.181397
6.859249,8.181397
6.859659,8.181397
6.860069,8.181397
6.860479,8.181397
6.860889,8.181397
6.861299,8.181397
6.861709,8.181397
6.862119,8.181397
6.862529,8.181397
6.862939,8.181397
6.863349,8.181397
6.863759,8.181397
6.864169,8.181397
6.864579,8.181397
6.864989,8.181397
6.865399,8.181397
6.865809,8.181397
6.866219,8.181397
6.866629,8.181397
6.867039,8.181397
6.867449,8.181397
6.867859,8.181397
6.868269,8.181397
6.868679,8.181397
6.869089,8.181397
6.869499,8.181397
6.869909,8.181397
6.870319,8.181397
6.870729,8.181397
6.871139,8.181397
6.871549,8.181397
6.871959,8.181397
6.872369,8.181397
6.872779,8.181397
6.873189,8.181397
6.873599,8.181397
6.874009,8.181397
6.874419,8.181397
6.874829,8.181397
6.875239,8.181397
6.875649,8.181397
6.876059,8.181397
6.876469,8.181397
6.876879,8.181397
6.877289,8.181397
6.877699,8.181397
6.878109,8.181397
6.878519,8.181397
6.878929,8.181397
6.879339,8.181397
6.879749,8.181397
6.880159,8.181397
6.880569,8.181397
6.880979,8.181397
6.881389,8.181397
6.881799,8.181397
6.882209,8.181397
6.882619,8.181397
6.883029,8.181397
6.883439,8.181397
6.883849,8.181397
6.884259,8.181397
6.884669,8.181397
6.885080,8.181397
6.885490,8.181397
6.885900,8.181397
6.886310,8.181397
6.886720,8.181397
6.887130,8.181397
6.887540,8.181397
6.887950,8.181397
6.888360,8.181397
6.888770,8.181397
6.889180,8.181397
6.889590,8.181397
6.890000,8.181397
6.890410,8.181397
6.890820,8.181397
6.891230,8.181397
6.891640,8.181397
6.892050,8.181397
6.892460,8.181397
6.892870,8.181397
6.893280,8.181397
6.893690,8.181397
6.894100,8.181397
6.894510,8.181397
6.894920,8.181397
6.895330,8.181397
6.895740,8.181397
6.896150,8.181397
6.896560,8.181397
6.896970,8.181397
6.897380,8.181397
6.897790,8.181397
6.898200,8.181397
6.898610,8.181397
6.899020,8.181397
6.899430,8.181397
6.899840,8.181397
6.900250,8.181397
6.900660,8.181397
6.901070,8.181397
6.901480,8.181397
6.901890,8.181397
6.902300,8.181397
6.902710,8.181397
6.903120,8.181397
6.903530,8.181397
6.903940,8.181397
6.904350,8.181397
6.904760,8.181397
6.905170,8.181397
6.905580,8.181397
6.905990,8.181397
6.906400,8.181397
6.906810,8.181397
6.907220,8.181397
6.907630,8.181397
6.908040,8.181397
6.908450,8.181397
6.908860,8.181397
6.909270,8.181397
6.909680,8.181397
6.910090,8.181397
6.910500,8.181397
6.910910,8.181397
6.911320,8.181397
6.911730,8.181397
6.912140,8.181397
6.912550,8.181397
6.912960,8.181397
6.913370,8.181397
6.913780,8.181397
6.914190,8.181397
6.914600,8.181397
6.915011,8.181397
6.915421,8.181397
6.915831,8.181397
6.916241,8.181397
6.916651,8.181397
6.917061,8.181397
6.917471,8.181397
6.917881,8.181397
6.918291,8.181397
6.918701,8.181397
6.919111,8.181397
6.919521,8.181397
6.919931,8.181397
6.920341,8.181397
6.920751,8.181397
6.921161,8.181397
6.921571,8.181397
6.921981,8.181397
6.922391,8.181397
6.922801,8.181397
6.923211,8.181397
6.923621,8.181397
6.924031,8.181397
6.924441,8.181397
6.924851,8.181397
6.925261,8.181397
6.925671,8.181397
6.926081,8.181397
6.926491,8.181397
6.926901,8.181397
6.927311,8.181397
6.927721,8.181397
6.928131,8.181397
6.928541,8.181397
6.928951,8.181397
6.929361,8.181397
6.929771,8.181397
6.930181,8.181397
6.930591,8.181397
6.931001,8.181397
6.931411,8.181397
6.931821,8.181397
6.932231,8.181397
6.932641,8.181397
6.933051,8.181397
6.933461,8.181397
6.933871,8.181397
6.934281,8.181397
6.934691,8.181397
6.935101,8.181397
6.935511,8.181397
6.935921,8.181397
6.936331,8.181397
6.936741,8.181397
6.937151,8.181397
6.937561,8.181397
6.937971,8.181397
6.938381,8.181397
6.938791,8.181397
6.939201,8.181397
6.939611,8.181397
6.940021,8.181397
6.940431,8.181397
6.940841,8.181397
6.941251,8.181397
6.941661,8.181397
6.942071,8.181397
6.942481,8.181397
6.942891,8.181397
6.943301,8.181397
6.943711,8.181397
6.944121,8.181397
6.944531,8.181397
6.944941,8.181397
6.945352,8.181397
6.945762,8.181397
6.946172,8.181397
6.946582,8.181397
6.946992,8.181397
6.947402,8.181397
6.947812,8.181397
6.948222,8.181397
6.948632,8.181397
6.949042,8.181397
6.949452,8.181397
6.949862,8.181397
6.950272,8.181397
6.950682,8.181397
6.951092,8.181397
6.951502,8.181397
6.951912,8.181397
6.952322,8.181397
6.952732,8.181397
6.953142,8.181397
6.953552,8.181397
6.953962,8.181397
6.954372,8.181397
6.954782,8.181397
6.955192,8.181397
6.955602,8.181397
6.956012,8.181397
6.956422,8.181397
6.956832,8.181397
6.957242,8.181397
6.957652,8.181397
6.958062,8.181397
6.958472,8.181397
6.958882,8.181397
6.959292,8.181397
6.959702,8.181397
6.960112,8.181397
6.960522,8.181397
6.960932,8.181397
6.961342,8.181397
6.961752,8.181397
6.962162,8.181397
6.962572,8.181397
6.962982,8.181397
6.963392,8.181397
6.963802,8.181397
6.964212,8.181397
6.964622,8.181397
6.965032,8.181397
6.965442,8.181397
6.965852,8.181397
6.966262,8.181397
6.966672,8.181397
6.967082,8.181397
6.967492,8.181397
6.967902,8.181397
6.968312,8.181397
6.968722,8.181397
6.969132,8.181397
6.969542,8.181397
6.969952,8.181397
6.970362,8.181397
6.970772,8.181397
6.971182,8.181397
6.971592,8.181397
6.972002,8.181397
6.972412,8.181397
6.972822,8.181397
6.973232,8.181397
6.973642,8.181397
6.974052,8.181397
6.974462,8.181397
6.974872,8.181397
6.975283,8.181397
6.975693,8.181397
6.976103,8.181397
6.976513,8.181397
6.976923,8.181397
6.977333,8.181397
6.977743,8.181397
6.978153,8.181397
6.978563,8.181397
6.978973,8.181397
6.979383,8.181397
6.979793,8.181397
6.980203,8.181397
6.980613,8.181397
6.981023,8.181397
6.981433,8.181397
6.981843,8.181397
6.982253,8.181397
6.982663,8.181397
6.983073,8.181397
6.983483,8.181397
6.983893,8.181397
6.984303,8.181397
6.984713,8.181397
6.985123,8.181397
6.985533,8.181397
6.985943,8.181397
6.986353,8.181397
6.986763,8.181397
6.987173,8.181397
6.987583,8.181397
6.987993,8.181397
6.988403,8.181397
6.988813,8.181397
6.989223,8.181397
6.989633,8.181397
6.990043,8.181397
6.990453,8.181397
6.990863,8.181397
6.991273,8.181397
6.991683,8.181397
6.992093,8.181397
6.992503,8.181397
6.992913,8.181397
6.993323,8.181397
6.993733,8.181397
6.994143,8.181397
6.994553,8.181397
6.994963,8.181397
6.995373,8.181397
6.995783,8.181397
6.996193,8.181397
6.996603,8.181397
6.997013,8.181397
6.997423,8.181397
6.997833,8.181397
6.998243,8.181397
6.998653,8.181397
6.999063,8.181397
6.999473,8.181397
6.999883,8.181397
7.000293,8.181397
7.000703,8.181397
7.001113,8.181397
7.001523,8.181397
7.001933,8.181397
7.002343,8.181397
7.002753,8.181397
7.003163,8.181397
7.003573,8.181397
7.003983,8.181397
7.004393,8.181397
7.004803,8.181397
7.005214,8.181397
7.005624,8.181397
7.006034,8.181397
7.006444,8.181397
7.006854,8.181397
7.007264,8.181397
7.007674,8.181397
7.008084,8.181397
7.008494,8.181397
7.008904,8.181397
7.009314,8.181397
7.009724,8.181397
7.010134,8.181397
7.010544,8.181397
7.010954,8.181397
7.011364,8.181397
7.011774,8.181397
7.012184,8.181397
7.012594,8.181397
7.013004,8.181397
7.013414,8.181397
7.013824,8.181397
7.014234,8.181397
7.014644,8.181397
7.015054,8.181397
7.015464,8.181397
7.015874,8.181397
7.016284,8.181397
7.016694,8.181397
7.017104,8.181397
7.017514,8.181397
7.017924,8.181397
7.018334,8.181397
7.018744,8.181397
7.019154,8.181397
7.019564,8.181397
7.019974,8.181397
7.020384,8.181397
7.020794,8.181397
7.021204,8.181397
7.021614,8.181397
7.022024,8.181397
7.022434,8.181397
7.022844,8.181397
7.023254,8.181397
7.023664,8.181397
7.024074,8.181397
7.024484,8.181397
7.024894,8.181397
7.025304,8.181397
7.025714,8.181397
7.026124,8.181397
7.026534,8.181397
7.026944,8.181397
7.027354,8.181397
7.027764,8.181397
7.028174,8.181397
7.028584,8.181397
7.028994,8.181397
7.029404,8.181397
7.029814,8.181397
7.030224,8.181397
7.030634,8.181397
7.031044,8.181397
7.031454,8.181397
7.031864,8.181397
7.032274,8.181397
7.032684,8.181397
7.033094,8.181397
7.033504,8.181397
7.033914,8.181397
7.034324,8.181397
7.034734,8.181397
7.035145,8.181397
7.035555,8.181397
7.035965,8.181397
7.036375,8.181397
7.036785,8.181397
7.037195,8.181397
7.037605,8.181397
7.038015,8.181397
7.038425,8.181397
7.038835,8.181397
7.039245,8.181397
7.039655,8.181397
7.040065,8.181397
7.040475,8.181397
7.040885,8.181397
7.041295,8.181397
7.041705,8.181397
7.042115,8.181397
7.042525,8.181397
7.042935,8.181397
7.043345,8.181397
7.043755,8.181397
7.044165,8.181397
7.044575,8.181397
7.044985,8.181397
7.045395,8.181397
7.045805,8.181397
7.046215,8.181397
7.046625,8.181397
7.047035,8.181397
7.047445,8.181397
7.047855,8.181397
7.048265,8.181397
7.048675,8.181397
7.049085,8.181397
7.049495,8.181397
7.049905,8.181397
7.050315,8.181397
7.050725,8.181397
7.051135,8.181397
7.051545,8.181397
7.051955,8.181397
7.052365,8.181397
7.052775,8.181397
7.053185,8.181397
7.053595,8.181397
7.054005,8.181397
7.054415,8.181397
7.054825,8.181397
7.055235,8.181397
7.055645,8.181397
7.056055,8.181397
7.056465,8.181397
7.056875,8.181397
7.057285,8.181397
7.057695,8.181397
7.058105,8.181397
7.058515,8.181397
7.058925,8.181397
7.059335,8.181397
7.059745,8.181397
7.060155,8.181397
7.060565,8.181397
7.060975,8.181397
7.061385,8.181397
7.061795,8.181397
7.062205,8.181397
7.062615,8.181397
7.063025,8.181397
7.063435,8.181397
7.063845,8.181397
7.064255,8.181397
7.064665,8.181397
7.065076,8.181397
7.065486,8.181397
7.065896,8.181397
7.066306,8.181397
7.066716,8.181397
7.067126,8.181397
7.067536,8.181397
7.067946,8.181397
7.068356,8.181397
7.068766,8.181397
7.069176,8.181397
7.069586,8.181397
7.069996,8.181397
7.070406,8.181397
7.070816,8.181397
7.071226,8.181397
7.071636,8.181397
7.072046,8.181397
7.072456,8.181397
7.072866,8.181397
7.073276,8.181397
7.073686,8.181397
7.074096,8.181397
7.074506,8.181397
7.074916,8.181397
7.075326,8.181397
7.075736,8.181397
7.076146,8.181397
7.076556,8.181397
7.076966,8.181397
7.077376,8.181397
7.077786,8.181397
7.078196,8.181397
7.078606,8.181397
7.079016,8.181397
7.079426,8.181397
7.079836,8.181397
7.080246,8.181397
7.080656,8.181397
7.081066,8.181397
7.081476,8.181397
7.081886,8.181397
7.082296,8.181397
7.082706,8.181397
7.083116,8.181397
7.083526,8.181397
7.083936,8.181397
7.084346,8.181397
7.084756,8.181397
7.085166,8.181397
7.085576,8.181397
7.085986,8.181397
7.086396,8.181397
7.086806,8.181397
7.087216,8.181397
7.087626,8.181397
7.088036,8.181397
7.088446,8.181397
7.088856,8.181397
7.089266,8.181397
7.089676,8.181397
7.090086,8.181397
7.090496,8.181397
7.090906,8.181397
7.091316,8.181397
7.091726,8.181397
7.092136,8.181397
7.092546,8.181397
7.092956,8.181397
7.093366,8.181397
7.093776,8.181397
7.094186,8.181397
7.094596,8.181397
7.095007,8.181397
7.095417,8.181397
7.095827,8.181397
7.096237,8.181397
7.096647,8.181397
7.097057,8.181397
7.097467,8.181397
7.097877,8.181397
7.098287,8.181397
7.098697,8.181397
7.099107,8.181397
7.099517,8.181397
7.099927,8.181397
7.100337,8.181397
7.100747,8.181397
7.101157,8.181397
7.101567,8.181397
7.101977,8.181397
7.102387,8.181397
7.102797,8.181397
7.103207,8.181397
7.103617,8.181397
7.104027,8.181397
7.104437,8.181397
7.104847,8.181397
7.105257,8.181397
7.105667,8.181397
7.106077,8.181397
7.106487,8.181397
7.106897,8.181397
7.107307,8.181397
7.107717,8.181397
7.108127,8.181397
7.108537,8.181397
7.108947,8.181397
7.109357,8.181397
7.109767,8.181397
7.110177,8.181397
7.110587,8.181397
7.110997,8.181397
7.111407,8.181397
7.111817,8.181397
7.112227,8.181397
7.112637,8.181397
7.113047,8.181397
7.113457,8.181397
7.113867,8.181397
7.114277,8.181397
7.114687,8.181397
7.115097,8.181397
7.115507,8.181397
7.115917,8.181397
7.116327,8.181397
7.116737,8.181397
7.117147,8.181397
7.117557,8.181397
7.117967,8.181397
7.118377,8.181397
7.118787,8.181397
7.119197,8.181397
7.119607,8.181397
7.120017,8.181397
7.120427,8.181397
7.120837,8.181397
7.121247,8.181397
7.121657,8.181397
7.122067,8.181397
7.122477,8.181397
7.122887,8.181397
7.123297,8.181397
7.123707,8.181397
7.124117,8.181397
7.124527,8.181397
7.124937,8.181397
7.125348,8.181397
7.125758,8.181397
7.126168,8.181397
7.126578,8.181397
7.126988,8.181397
7.127398,8.181397
7.127808,8.181397
7.128218,8.181397
7.128628,8.181397
7.129038,8.181397
7.129448,8.181397
7.129858,8.181397
7.130268,8.181397
7.130678,8.181397
7.131088,8.181397
7.131498,8.181397
7.131908,8.181397
7.132318,8.181397
7.132728,8.181397
7.133138,8.181397
7.133548,8.181397
7.133958,8.181397
7.134368,8.181397
7.134778,8.181397
7.135188,8.181397
7.135598,8.181397
7.136008,8.181397
7.136418,8.181397
7.136828,8.181397
7.137238,8.181397
7.137648,8.181397
7.138058,8.181397
7.138468,8.181397
7.138878,8.181397
7.139288,8.181397
7.139698,8.181397
7.140108,8.181397
7.140518,8.181397
7.140928,8.181397
7.141338,8.181397
7.141748,8.181397
7.142158,8.181397
7.142568,8.181397
7.142978,8.181397
7.143388,8.181397
7.143798,8.181397
7.144208,8.181397
7.144618,8.181397
7.145028,8.181397
7.145438,8.181397
7.145848,8.181397
7.146258,8.181397
7.146668,8.181397
7.147078,8.181397
7.147488,8.181397
7.147898,8.181397
7.148308,8.181397
7.148718,8.181397
7.149128,8.181397
7.149538,8.181397
7.149948,8.181397
7.150358,8.181397
7.150768,8.181397
7.151178,8.181397
7.151588,8.181397
7.151998,8.181397
7.152408,8.181397
7.152818,8.181397
7.153228,8.181397
7.153638,8.181397
7.154048,8.181397
7.154458,8.181397
7.154868,8.181397
7.155279,8.181397
7.155689,8.181397
7.156099,8.181397
7.156509,8.181397
7.156919,8.181397
7.157329,8.181397
7.157739,8.181397
7.158149,8.181397
7.158559,8.181397
7.158969,8.181397
7.159379,8.181397
7.159789,8.181397
7.160199,8.181397
7.160609,8.181397
7.161019,8.181397
7.161429,8.181397
7.161839,8.181397
7.162249,8.181397
7.162659,8.181397
7.163069,8.181397
7.163479,8.181397
7.163889,8.181397
7.164299,8.181397
7.164709,8.181397
7.165119,8.181397
7.165529,8.181397
7.165939,8.181397
7.166349,8.181397
7.166759,8.181397
7.167169,8.181397
7.167579,8.181397
7.167989,8.181397
7.168399,8.181397
7.168809,8.181397
7.169219,8.181397
7.169629,8.181397
7.170039,8.181397
7.170449,8.181397
7.170859,8.181397
7.171269,8.181397
7.171679,8.181397
7.172089,8.181397
7.172499,8.181397
7.172909,8.181397
7.173319,8.181397
7.173729,8.181397
7.174139,8.181397
7.174549,8.181397
7.174959,8.181397
7.175369,8.181397
7.175779,8.181397
7.176189,8.181397
7.176599,8.181397
7.177009,8.181397
7.177419,8.181397
7.177829,8.181397
7.178239,8.181397
7.178649,8.181397
7.179059,8.181397
7.179469,8.181397
7.179879,8.181397
7.180289,8.181397
7.180699,8.181397
7.181109,8.181397
7.181519,8.181397
7.181929,8.181397
7.182339,8.181397
7.182749,8.181397
7.183159,8.181397
7.183569,8.181397
7.183979,8.181397
7.184389,8.181397
7.184799,8.181397
7.185210,8.181397
7.185620,8.181397
7.186030,8.181397
7.186440,8.181397
7.186850,8.181397
7.187260,8.181397
7.187670,8.181397
7.188080,8.181397
7.188490,8.181397
7.188900,8.181397
7.189310,8.181397
7.189720,8.181397
7.190130,8.181397
7.190540,8.181397
7.190950,8.181397
7.191360,8.181397
7.191770,8.181397
7.192180,8.181397
7.192590,8.181397
7.193000,8.181397
7.193410,8.181397
7.193820,8.181397
7.194230,8.181397
7.194640,8.181397
7.195050,8.181397
7.195460,8.181397
7.195870,8.181397
7.196280,8.181397
7.196690,8.181397
7.197100,8.181397
7.197510,8.181397
7.197920,8.181397
7.198330,8.181397
7.198740,8.181397
7.199150,8.181397
7.199560,8.181397
7.199970,8.181397
7.200380,8.181397
7.200790,8.181397
7.201200,8.181397
7.201610,8.181397
7.202020,8.181397
7.202430,8.181397
7.202840,8.181397
7.203250,8.181397
7.203660,8.181397
7.204070,8.181397
7.204480,8.181397
7.204890,8.181397
7.205300,8.181397
7.205710,8.181397
7.206120,8.181397
7.206530,8.181397
7.206940,8.181397
7.207350,8.181397
7.207760,8.181397
7.208170,8.181397
7.208580,8.181397
7.208990,8.181397
7.209400,8.181397
7.209810,8.181397
7.210220,8.181397
7.210630,8.181397
7.211040,8.181397
7.211450,8.181397
7.211860,8.181397
7.212270,8.181397
7.212680,8.181397
7.213090,8.181397
7.213500,8.181397
7.213910,8.181397
7.214320,8.181397
7.214730,8.181397
7.215141,8.181397
7.215551,8.181397
7.215961,8.181397
7.216371,8.181397
7.216781,8.181397
7.217191,8.181397
7.217601,8.181397
7.218011,8.181397
7.218421,8.181397
7.218831,8.181397
7.219241,8.181397
7.219651,8.181397
7.220061,8.181397
7.220471,8.181397
7.220881,8.181397
7.221291,8.181397
7.221701,8.181397
7.222111,8.181397
7.222521,8.181397
7.222931,8.181397
7.223341,8.181397
7.223751,8.181397
7.224161,8.181397
7.224571,8.181397
7.224981,8.181397
7.225391,8.181397
7.225801,8.181397
7.226211,8.181397
7.226621,8.181397
7.227031,8.181397
7.227441,8.181397
7.227851,8.181397
7.228261,8.181397
7.228671,8.181397
7.229081,8.181397
7.229491,8.181397
7.229901,8.181397
7.230311,8.181397
7.230721,8.181397
7.231131,8.181397
7.231541,8.181397
7.231951,8.181397
7.232361,8.181397
7.232771,8.181397
7.233181,8.181397
7.233591,8.181397
7.234001,8.181397
7.234411,8.181397
7.234821,8.181397
7.235231,8.181397
7.235641,8.181397
7.236051,8.181397
7.236461,8.181397
7.236871,8.181397
7.237281,8.181397
7.237691,8.181397
7.238101,8.181397
7.238511,8.181397
7.238921,8.181397
7.239331,8.181397
7.239741,8.181397
7.240151,8.181397
7.240561,8.181397
7.240971,8.181397
7.241381,8.181397
7.241791,8.181397
7.242201,8.181397
7.242611,8.181397
7.243021,8.181397
7.243431,8.181397
7.243841,8.181397
7.244251,8.181397
7.244661,8.181397
7.245072,8.181397
7.245482,8.181397
7.245892,8.181397
7.246302,8.181397
7.246712,8.181397
7.247122,8.181397
7.247532,8.181397
7.247942,8.181397
7.248352,8.181397
7.248762,8.181397
7.249172,8.181397
7.249582,8.181397
7.249992,8.181397
7.250402,8.181397
7.250812,8.181397
7.251222,8.181397
7.251632,8.181397
7.252042,8.181397
7.252452,8.181397
7.252862,8.181397
7.253272,8.181397
7.253682,8.181397
7.254092,8.181397
7.254502,8.181397
7.254912,8.181397
7.255322,8.181397
7.255732,8.181397
7.256142,8.181397
7.256552,8.181397
7.256962,8.181397
7.257372,8.181397
7.257782,8.181397
7.258192,8.181397
7.258602,8.181397
7.259012,8.181397
7.259422,8.181397
7.259832,8.181397
7.260242,8.181397
7.260652,8.181397
7.261062,8.181397
7.261472,8.181397
7.261882,8.181397
7.262292,8.181397
7.262702,8.181397
7.263112,8.181397
7.263522,8.181397
7.263932,8.181397
7.264342,8.181397
7.264752,8.181397
7.265162,8.181397
7.265572,8.181397
7.265982,8.181397
7.266392,8.181397
7.266802,8.181397
7.267212,8.181397
7.267622,8.181397
7.268032,8.181397
7.268442,8.181397
7.268852,8.181397
7.269262,8.181397
7.269672,8.181397
7.270082,8.181397
7.270492,8.181397
7.270902,8.181397
7.271312,8.181397
7.271722,8.181397
7.272132,8.181397
7.272542,8.181397
7.272952,8.181397
7.273362,8.181397
7.273772,8.181397
7.274182,8.181397
7.274592,8.181397
7.275003,8.181397
7.275413,8.181397
7.275823,8.181397
7.276233,8.181397
7.276643,8.181397
7.277053,8.181397
7.277463,8.181397
7.277873,8.181397
7.278283,8.181397
7.278693,8.181397
7.279103,8.181397
7.279513,8.181397
7.279923,8.181397
7.280333,8.181397
7.280743,8.181397
7.281153,8.181397
7.281563,8.181397
7.281973,8.181397
7.282383,8.181397
7.282793,8.181397
7.283203,8.181397
7.283613,8.181397
7.284023,8.181397
7.284433,8.181397
7.284843,8.181397
7.285253,8.181397
7.285663,8.181397
7.286073,8.181397
7.286483,8.181397
7.286893,8.181397
7.287303,8.181397
7.287713,8.181397
7.288123,8.181397
7.288533,8.181397
7.288943,8.181397
7.289353,8.181397
7.289763,8.181397
7.290173,8.181397
7.290583,8.181397
7.290993,8.181397
7.291403,8.181397
7.291813,8.181397
7.292223,8.181397
7.292633,8.181397
7.293043,8.181397
7.293453,8.181397
7.293863,8.181397
7.294273,8.181397
7.294683,8.181397
7.295093,8.181397
7.295503,8.181397
7.295913,8.181397
7.296323,8.181397
7.296733,8.181397
7.297143,8.181397
7.297553,8.181397
7.297963,8.181397
7.298373,8.181397
7.298783,8.181397
7.299193,8.181397
7.299603,8.181397
7.300013,8.181397
7.300423,8.181397
7.300833,8.181397
7.301243,8.181397
7.301653,8.181397
7.302063,8.181397
7.302473,8.181397
7.302883,8.181397
7.303293,8.181397
7.303703,8.181397
7.304113,8.181397
7.304523,8.181397
7.304933,8.181397
7.305344,8.181397
7.305754,8.181397
7.306164,8.181397
7.306574,8.181397
7.306984,8.181397
7.307394,8.181397
7.307804,8.181397
7.308214,8.181397
7.308624,8.181397
7.309034,8.181397
7.309444,8.181397
7.309854,8.181397
7.310264,8.181397
7.310674,8.181397
7.311084,8.181397
7.311494,8.181397
7.311904,8.181397
7.312314,8.181397
7.312724,8.181397
7.313134,8.181397
7.313544,8.181397
7.313954,8.181397
7.314364,8.181397
7.314774,8.181397
7.315184,8.181397
7.315594,8.181397
7.316004,8.181397
7.316414,8.181397
7.316824,8.181397
7.317234,8.181397
7.317644,8.181397
7.318054,8.181397
7.318464,8.181397
7.318874,8.181397
7.319284,8.181397
7.319694,8.181397
7.320104,8.181397
7.320514,8.181397
7.320924,8.181397
7.321334,8.181397
7.321744,8.181397
7.322154,8.181397
7.322564,8.181397
7.322974,8.181397
7.323384,8.181397
7.323794,8.181397
7.324204,8.181397
7.324614,8.181397
7.325024,8.181397
7.325434,8.181397
7.325844,8.181397
7.326254,8.181397
7.326664,8.181397
7.327074,8.181397
7.327484,8.181397
7.327894,8.181397
7.328304,8.181397
7.328714,8.181397
7.329124,8.181397
7.329534,8.181397
7.329944,8.181397
7.330354,8.181397
7.330764,8.181397
7.331174,8.181397
7.331584,8.181397
7.331994,8.181397
7.332404,8.181397
7.332814,8.181397
7.333224,8.181397
7.333634,8.181397
7.334044,8.181397
7.334454,8.181397
7.334864,8.181397
7.335275,8.181397
7.335685,8.181397
7.336095,8.181397
7.336505,8.181397
7.336915,8.181397
7.337325,8.181397
7.337735,8.181397
7.338145,8.181397
7.338555,8.181397
7.338965,8.181397
7.339375,8.181397
7.339785,8.181397
7.340195,8.181397
7.340605,8.181397
7.341015,8.181397
7.341425,8.181397
7.341835,8.181397
7.342245,8.181397
7.342655,8.181397
7.343065,8.181397
7.343475,8.181397
7.343885,8.181397
7.344295,8.181397
7.344705,8.181397
7.345115,8.181397
7.345525,8.181397
7.345935,8.181397
7.346345,8.181397
7.346755,8.181397
7.347165,8.181397
7.347575,8.181397
7.347985,8.181397
7.348395,8.181397
7.348805,8.181397
7.349215,8.181397
7.349625,8.181397
7.350035,8.181397
7.350445,8.181397
7.350855,8.181397
7.351265,8.181397
7.351675,8.181397
7.352085,8.181397
7.352495,8.181397
7.352905,8.181397
7.353315,8.181397
7.353725,8.181397
7.354135,8.181397
7.354545,8.181397
7.354955,8.181397
7.355365,8.181397
7.355775,8.181397
7.356185,8.181397
7.356595,8.181397
7.357005,8.181397
7.357415,8.181397
7.357825,8.181397
7.358235,8.181397
7.358645,8.181397
7.359055,8.181397
7.359465,8.181397
7.359875,8.181397
7.360285,8.181397
7.360695,8.181397
7.361105,8.181397
7.361515,8.181397
7.361925,8.181397
7.362335,8.181397
7.362745,8.181397
7.363155,8.181397
7.363565,8.181397
7.363975,8.181397
7.364385,8.181397
7.364795,8.181397
7.365206,8.181397
7.365616,8.181397
7.366026,8.181397
7.366436,8.181397
7.366846,8.181397
7.367256,8.181397
7.367666,8.181397
7.368076,8.181397
7.368486,8.181397
7.368896,8.181397
7.369306,8.181397
7.369716,8.181397
7.370126,8.181397
7.370536,8.181397
7.370946,8.181397
7.371356,8.181397
7.371766,8.181397
7.372176,8.181397
7.372586,8.181397
7.372996,8.181397
7.373406,8.181397
7.373816,8.181397
7.374226,8.181397
7.374636,8.181397
7.375046,8.181397
7.375456,8.181397
7.375866,8.181397
7.376276,8.181397
7.376686,8.181397
7.377096,8.181397
7.377506,8.181397
7.377916,8.181397
7.378326,8.181397
7.378736,8.181397
7.379146,8.181397
7.379556,8.181397
7.379966,8.181397
7.380376,8.181397
7.380786,8.181397
7.381196,8.181397
7.381606,8.181397
7.382016,8.181397
7.382426,8.181397
7.382836,8.181397
7.383246,8.181397
7.383656,8.181397
7.384066,8.181397
7.384476,8.181397
7.384886,8.181397
7.385296,8.181397
7.385706,8.181397
7.386116,8.181397
7.386526,8.181397
7.386936,8.181397
7.387346,8.181397
7.387756,8.181397
7.388166,8.181397
7.388576,8.181397
7.388986,8.181397
7.389396,8.181397
7.389806,8.181397
7.390216,8.181397
7.390626,8.181397
7.391036,8.181397
7.391446,8.181397
7.391856,8.181397
7.392266,8.181397
7.392676,8.181397
7.393086,8.181397
7.393496,8.181397
7.393906,8.181397
7.394316,8.181397
7.394726,8.181397
7.395137,8.181397
7.395547,8.181397
7.395957,8.181397
7.396367,8.181397
7.396777,8.181397
7.397187,8.181397
7.397597,8.181397
7.398007,8.181397
7.398417,8.181397
7.398827,8.181397
7.399237,8.181397
7.399647,8.181397
7.400057,8.181397
7.400467,8.181397
7.400877,8.181397
7.401287,8.181397
7.401697,8.181397
7.402107,8.181397
7.402517,8.181397
7.402927,8.181397
7.403337,8.181397
7.403747,8.181397
7.404157,8.181397
7.404567,8.181397
7.404977,8.181397
7.405387,8.181397
7.405797,8.181397
7.406207,8.181397
7.406617,8.181397
7.407027,8.181397
7.407437,8.181397
7.407847,8.181397
7.408257,8.181397
7.408667,8.181397
7.409077,8.181397
7.409487,8.181397
7.409897,8.181397
7.410307,8.181397
7.410717,8.181397
7.411127,8.181397
7.411537,8.181397
7.411947,8.181397
7.412357,8.181397
7.412767,8.181397
7.413177,8.181397
7.413587,8.181397
7.413997,8.181397
7.414407,8.181397
7.414817,8.181397
7.415227,8.181397
7.415637,8.181397
7.416047,8.181397
7.416457,8.181397
7.416867,8.181397
7.417277,8.181397
7.417687,8.181397
7.418097,8.181397
7.418507,8.181397
7.418917,8.181397
7.419327,8.181397
7.419737,8.181397
7.420147,8.181397
7.420557,8.181397
7.420967,8.181397
7.421377,8.181397
7.421787,8.181397
7.422197,8.181397
7.422607,8.181397
7.423017,8.181397
7.423427,8.181397
7.423837,8.181397
7.424247,8.181397
7.424657,8.181397
7.425068,8.181397
7.425478,8.181397
7.425888,8.181397
7.426298,8.181397
7.426708,8.181397
7.427118,8.181397
7.427528,8.181397
7.427938,8.181397
7.428348,8.181397
7.428758,8.181397
7.429168,8.181397
7.429578,8.181397
7.429988,8.181397
7.430398,8.181397
7.430808,8.181397
7.431218,8.181397
7.431628,8.181397
7.432038,8.181397
7.432448,8.181397
7.432858,8.181397
7.433268,8.181397
7.433678,8.181397
7.434088,8.181397
7.434498,8.181397
7.434908,8.181397
7.435318,8.181397
7.435728,8.181397
7.436138,8.181397
7.436548,8.181397
7.436958,8.181397
7.437368,8.181397
7.437778,8.181397
7.438188,8.181397
7.438598,8.181397
7.439008,8.181397
7.439418,8.181397
7.439828,8.181397
7.440238,8.181397
7.440648,8.181397
7.441058,8.181397
7.441468,8.181397
7.441878,8.181397
7.442288,8.181397
7.442698,8.181397
7.443108,8.181397
7.443518,8.181397
7.443928,8.181397
7.444338,8.181397
7.444748,8.181397
7.445158,8.181397
7.445568,8.181397
7.445978,8.181397
7.446388,8.181397
7.446798,8.181397
7.447208,8.181397
7.447618,8.181397
7.448028,8.181397
7.448438,8.181397
7.448848,8.181397
7.449258,8.181397
7.449668,8.181397
7.450078,8.181397
7.450488,8.181397
7.450898,8.181397
7.451308,8.181397
7.451718,8.181397
7.452128,8.181397
7.452538,8.181397
7.452948,8.181397
7.453358,8.181397
7.453768,8.181397
7.454178,8.181397
7.454588,8.181397
7.454998,8.181397
7.455409,8.181397
7.455819,8.181397
7.456229,8.181397
7.456639,8.181397
7.457049,8.181397
7.457459,8.181397
7.457869,8.181397
7.458279,8.181397
7.458689,8.181397
7.459099,8.181397
7.459509,8.181397
7.459919,8.181397
7.460329,8.181397
7.460739,8.181397
7.461149,8.181397
7.461559,8.181397
7.461969,8.181397
7.462379,8.181397
7.462789,8.181397
7.463199,8.181397
7.463609,8.181397
7.464019,8.181397
7.464429,8.181397
7.464839,8.181397
7.465249,8.181397
7.465659,8.181397
7.466069,8.181397
7.466479,8.181397
7.466889,8.181397
7.467299,8.181397
7.467709,8.181397
7.468119,8.181397
7.468529,8.181397
7.468939,8.181397
7.469349,8.181397
7.469759,8.181397
7.470169,8.181397
7.470579,8.181397
7.470989,8.181397
7.471399,8.181397
7.471809,8.181397
7.472219,8.181397
7.472629,8.181397
7.473039,8.181397
7.473449,8.181397
7.473859,8.181397
7.474269,8.181397
7.474679,8.181397
7.475089,8.181397
7.475499,8.181397
7.475909,8.181397
7.476319,8.181397
7.476729,8.181397
7.477139,8.181397
7.477549,8.181397
7.477959,8.181397
7.478369,8.181397
7.478779,8.181397
7.479189,8.181397
7.479599,8.181397
7.480009,8.181397
7.480419,8.181397
7.480829,8.181397
7.481239,8.181397
7.481649,8.181397
7.482059,8.181397
7.482469,8.181397
7.482879,8.181397
7.483289,8.181397
7.483699,8.181397
7.484109,8.181397
7.484519,8.181397
7.484929,8.181397
7.485340,8.181397
7.485750,8.181397
7.486160,8.181397
7.486570,8.181397
7.486980,8.181397
7.487390,8.181397
7.487800,8.181397
7.488210,8.181397
7.488620,8.181397
7.489030,8.181397
7.489440,8.181397
7.489850,8.181397
7.490260,8.181397
7.490670,8.181397
7.491080,8.181397
7.491490,8.181397
7.491900,8.181397
7.492310,8.181397
7.492720,8.181397
7.493130,8.181397
7.493540,8.181397
7.493950,8.181397
7.494360,8.181397
7.494770,8.181397
7.495180,8.181397
7.495590,8.181397
7.496000,8.181397
7.496410,8.181397
7.496820,8.181397
7.497230,8.181397
7.497640,8.181397
7.498050,8.181397
7.498460,8.181397
7.498870,8.181397
7.499280,8.181397
7.499690,8.181397
7.500100,8.181397
7.500510,8.181397
7.500920,8.181397
7.501330,8.181397
7.501740,8.181397
7.502150,8.181397
7.502560,8.181397
7.502970,8.181397
7.503380,8.181397
7.503790,8.181397
7.504200,8.181397
7.504610,8.181397
7.505020,8.181397
7.505430,8.181397
7.505840,8.181397
7.506250,8.181397
7.506660,8.181397
7.507070,8.181397
7.507480,8.181397
7.507890,8.181397
7.508300,8.181397
7.508710,8.181397
7.509120,8.181397
7.509530,8.181397
7.509940,8.181397
7.510350,8.181397
7.510760,8.181397
7.511170,8.181397
7.511580,8.181397
7.511990,8.181397
7.512400,8.181397
7.512810,8.181397
7.513220,8.181397
7.513630,8.181397
7.514040,8.181397
7.514450,8.181397
7.514860,8.181397
7.515271,8.181397
7.515681,8.181397
7.516091,8.181397
7.516501,8.181397
7.516911,8.181397
7.517321,8.181397
7.517731,8.181397
7.518141,8.181397
7.518551,8.181397
7.518961,8.181397
7.519371,8.181397
7.519781,8.181397
7.520191,8.181397
7.520601,8.181397
7.521011,8.181397
7.521421,8.181397
7.521831,8.181397
7.522241,8.181397
7.522651,8.181397
7.523061,8.181397
7.523471,8.181397
7.523881,8.181397
7.524291,8.181397
7.524701,8.181397
7.525111,8.181397
7.525521,8.181397
7.525931,8.181397
7.526341,8.181397
7.526751,8.181397
7.527161,8.181397
7.527571,8.181397
7.527981,8.181397
7.528391,8.181397
7.528801,8.181397
7.529211,8.181397
7.529621,8.181397
7.530031,8.181397
7.530441,8.181397
7.530851,8.181397
7.531261,8.181397
7.531671,8.181397
7.532081,8.181397
7.532491,8.181397
7.532901,8.181397
7.533311,8.181397
7.533721,8.181397
7.534131,8.181397
7.534541,8.181397
7.534951,8.181397
7.535361,8.181397
7.535771,8.181397
7.536181,8.181397
7.536591,8.181397
7.537001,8.181397
7.537411,8.181397
7.537821,8.181397
7.538231,8.181397
7.538641,8.181397
7.539051,8.181397
7.539461,8.181397
7.539871,8.181397
7.540281,8.181397
7.540691,8.181397
7.541101,8.181397
7.541511,8.181397
7.541921,8.181397
7.542331,8.181397
7.542741,8.181397
7.543151,8.181397
7.543561,8.181397
7.543971,8.181397
7.544381,8.181397
7.544791,8.181397
7.545202,8.181397
7.545612,8.181397
7.546022,8.181397
7.546432,8.181397
7.546842,8.181397
7.547252,8.181397
7.547662,8.181397
7.548072,8.181397
7.548482,8.181397
7.548892,8.181397
7.549302,8.181397
7.549712,8.181397
7.550122,8.181397
7.550532,8.181397
7.550942,8.181397
7.551352,8.181397
7.551762,8.181397
7.552172,8.181397
7.552582,8.181397
7.552992,8.181397
7.553402,8.181397
7.553812,8.181397
7.554222,8.181397
7.554632,8.181397
7.555042,8.181397
7.555452,8.181397
7.555862,8.181397
7.556272,8.181397
7.556682,8.181397
7.557092,8.181397
7.557502,8.181397
7.557912,8.181397
7.558322,8.181397
7.558732,8.181397
7.559142,8.181397
7.559552,8.181397
7.559962,8.181397
7.560372,8.181397
7.560782,8.181397
7.561192,8.181397
7.561602,8.181397
7.562012,8.181397
7.562422,8.181397
7.562832,8.181397
7.563242,8.181397
7.563652,8.181397
7.564062,8.181397
7.564472,8.181397
7.564882,8.181397
7.565292,8.181397
7.565702,8.181397
7.566112,8.181397
7.566522,8.181397
7.566932,8.181397
7.567342,8.181397
7.567752,8.181397
7.568162,8.181397
7.568572,8.181397
7.568982,8.181397
7.569392,8.181397
7.569802,8.181397
7.570212,8.181397
7.570622,8.181397
7.571032,8.181397
7.571442,8.181397
7.571852,8.181397
7.572262,8.181397
7.572672,8.181397
7.573082,8.181397
7.573492,8.181397
7.573902,8.181397
7.574312,8.181397
7.574722,8.181397
7.575133,8.181397
7.575543,8.181397
7.575953,8.181397
7.576363,8.181397
7.576773,8.181397
7.577183,8.181397
7.577593,8.181397
7.578003,8.181397
7.578413,8.181397
7.578823,8.181397
7.579233,8.181397
7.579643,8.181397
7.580053,8.181397
7.580463,8.181397
7.580873,8.181397
7.581283,8.181397
7.581693,8.181397
7.582103,8.181397
7.582513,8.181397
7.582923,8.181397
7.583333,8.181397
7.583743,8.181397
7.584153,8.181397
7.584563,8.181397
7.584973,8.181397
7.585383,8.181397
7.585793,8.181397
7.586203,8.181397
7.586613,8.181397
7.587023,8.181397
7.587433,8.181397
7.587843,8.181397
7.588253,8.181397
7.588663,8.181397
7.589073,8.181397
7.589483,8.181397
7.589893,8.181397
7.590303,8.181397
7.590713,8.181397
7.591123,8.181397
7.591533,8.181397
7.591943,8.181397
7.592353,8.181397
7.592763,8.181397
7.593173,8.181397
7.593583,8.181397
7.593993,8.181397
7.594403,8.181397
7.594813,8.181397
7.595223,8.181397
7.595633,8.181397
7.596043,8.181397
7.596453,8.181397
7.596863,8.181397
7.597273,8.181397
7.597683,8.181397
7.598093,8.181397
7.598503,8.181397
7.598913,8.181397
7.599323,8.181397
7.599733,8.181397
7.600143,8.181397
7.600553,8.181397
7.600963,8.181397
7.601373,8.181397
7.601783,8.181397
7.602193,8.181397
7.602603,8.181397
7.603013,8.181397
7.603423,8.181397
7.603833,8.181397
7.604243,8.181397
7.604653,8.181397
7.605064,8.181397
7.605474,8.181397
7.605884,8.181397
7.606294,8.181397
7.606704,8.181397
7.607114,8.181397
7.607524,8.181397
7.607934,8.181397
7.608344,8.181397
7.608754,8.181397
7.609164,8.181397
7.609574,8.181397
7.609984,8.181397
7.610394,8.181397
7.610804,8.181397
7.611214,8.181397
7.611624,8.181397
7.612034,8.181397
7.612444,8.181397
7.612854,8.181397
7.613264,8.181397
7.613674,8.181397
7.614084,8.181397
7.614494,8.181397
7.614904,8.181397
7.615314,8.181397
7.615724,8.181397
7.616134,8.181397
7.616544,8.181397
7.616954,8.181397
7.617364,8.181397
7.617774,8.181397
7.618184,8.181397
7.618594,8.181397
7.619004,8.181397
7.619414,8.181397
7.619824,8.181397
7.620234,8.181397
7.620644,8.181397
7.621054,8.181397
7.621464,8.181397
7.621874,8.181397
7.622284,8.181397
7.622694,8.181397
7.623104,8.181397
7.623514,8.181397
7.623924,8.181397
7.624334,8.181397
7.624744,8.181397
7.625154,8.181397
7.625564,8.181397
7.625974,8.181397
7.626384,8.181397
7.626794,8.181397
7.627204,8.181397
7.627614,8.181397
7.628024,8.181397
7.628434,8.181397
7.628844,8.181397
7.629254,8.181397
7.629664,8.181397
7.630074,8.181397
7.630484,8.181397
7.630894,8.181397
7.631304,8.181397
7.631714,8.181397
7.632124,8.181397
7.632534,8.181397
7.632944,8.181397
7.633354,8.181397
7.633764,8.181397
7.634174,8.181397
7.634584,8.181397
7.634994,8.181397
7.635405,8.181397
7.635815,8.181397
7.636225,8.181397
7.636635,8.181397
7.637045,8.181397
7.637455,8.181397
7.637865,8.181397
7.638275,8.181397
7.638685,8.181397
7.639095,8.181397
7.639505,8.181397
7.639915,8.181397
7.640325,8.181397
7.640735,8.181397
7.641145,8.181397
7.641555,8.181397
7.641965,8.181397
7.642375,8.181397
7.642785,8.181397
7.643195,8.181397
7.643605,8.181397
7.644015,8.181397
7.644425,8.181397
7.644835,8.181397
7.645245,8.181397
7.645655,8.181397
7.646065,8.181397
7.646475,8.181397
7.646885,8.181397
7.647295,8.181397
7.647705,8.181397
7.648115,8.181397
7.648525,8.181397
7.648935,8.181397
7.649345,8.181397
7.649755,8.181397
7.650165,8.181397
7.650575,8.181397
7.650985,8.181397
7.651395,8.181397
7.651805,8.181397
7.652215,8.181397
7.652625,8.181397
7.653035,8.181397
7.653445,8.181397
7.653855,8.181397
7.654265,8.181397
7.654675,8.181397
7.655085,8.181397
7.655495,8.181397
7.655905,8.181397
7.656315,8.181397
7.656725,8.181397
7.657135,8.181397
7.657545,8.181397
7.657955,8.181397
7.658365,8.181397
7.658775,8.181397
7.659185,8.181397
7.659595,8.181397
7.660005,8.181397
7.660415,8.181397
7.660825,8.181397
7.661235,8.181397
7.661645,8.181397
7.662055,8.181397
7.662465,8.181397
7.662875,8.181397
7.663285,8.181397
7.663695,8.181397
7.664105,8.181397
7.664515,8.181397
7.664925,8.181397
7.665336,8.181397
7.665746,8.181397
7.666156,8.181397
7.666566,8.181397
7.666976,8.181397
7.667386,8.181397
7.667796,8.181397
7.668206,8.181397
7.668616,8.181397
7.669026,8.181397
7.669436,8.181397
7.669846,8.181397
7.670256,8.181397
7.670666,8.181397
7.671076,8.181397
7.671486,8.181397
7.671896,8.181397
7.672306,8.181397
7.672716,8.181397
7.673126,8.181397
7.673536,8.181397
7.673946,8.181397
7.674356,8.181397
7.674766,8.181397
7.675176,8.181397
7.675586,8.181397
7.675996,8.181397
7.676406,8.181397
7.676816,8.181397
7.677226,8.181397
7.677636,8.181397
7.678046,8.181397
7.678456,8.181397
7.678866,8.181397
7.679276,8.181397
7.679686,8.181397
7.680096,8.181397
7.680506,8.181397
7.680916,8.181397
7.681326,8.181397
7.681736,8.181397
7.682146,8.181397
7.682556,8.181397
7.682966,8.181397
7.683376,8.181397
7.683786,8.181397
7.684196,8.181397
7.684606,8.181397
7.685016,8.181397
7.685426,8.181397
7.685836,8.181397
7.686246,8.181397
7.686656,8.181397
7.687066,8.181397
7.687476,8.181397
7.687886,8.181397
7.688296,8.181397
7.688706,8.181397
7.689116,8.181397
7.689526,8.181397
7.689936,8.181397
7.690346,8.181397
7.690756,8.181397
7.691166,8.181397
7.691576,8.181397
7.691986,8.181397
7.692396,8.181397
7.692806,8.181397
7.693216,8.181397
7.693626,8.181397
7.694036,8.181397
7.694446,8.181397
7.694856,8.181397
7.695267,8.181397
7.695677,8.181397
7.696087,8.181397
7.696497,8.181397
7.696907,8.181397
7.697317,8.181397
7.697727,8.181397
7.698137,8.181397
7.698547,8.181397
7.698957,8.181397
7.699367,8.181397
7.699777,8.181397
7.700187,8.181397
7.700597,8.181397
7.701007,8.181397
7.701417,8.181397
7.701827,8.181397
7.702237,8.181397
7.702647,8.181397
7.703057,8.181397
7.703467,8.181397
7.703877,8.181397
7.704287,8.181397
7.704697,8.181397
7.705107,8.181397
7.705517,8.181397
7.705927,8.181397
7.706337,8.181397
7.706747,8.181397
7.707157,8.181397
7.707567,8.181397
7.707977,8.181397
7.708387,8.181397
7.708797,8.181397
7.709207,8.181397
7.709617,8.181397
7.710027,8.181397
7.710437,8.181397
7.710847,8.181397
7.711257,8.181397
7.711667,8.181397
7.712077,8.181397
7.712487,8.181397
7.712897,8.181397
7.713307,8.181397
7.713717,8.181397
7.714127,8.181397
7.714537,8.181397
7.714947,8.181397
7.715357,8.181397
7.715767,8.181397
7.716177,8.181397
7.716587,8.181397
7.716997,8.181397
7.717407,8.181397
7.717817,8.181397
7.718227,8.181397
7.718637,8.181397
7.719047,8.181397
7.719457,8.181397
7.719867,8.181397
7.720277,8.181397
7.720687,8.181397
7.721097,8.181397
7.721507,8.181397
7.721917,8.181397
7.722327,8.181397
7.722737,8.181397
7.723147,8.181397
7.723557,8.181397
7.723967,8.181397
7.724377,8.181397
7.724787,8.181397
7.725198,8.181397
7.725608,8.181397
7.726018,8.181397
7.726428,8.181397
7.726838,8.181397
7.727248,8.181397
7.727658,8.181397
7.728068,8.181397
7.728478,8.181397
7.728888,8.181397
7.729298,8.181397
7.729708,8.181397
7.730118,8.181397
7.730528,8.181397
7.730938,8.181397
7.731348,8.181397
7.731758,8.181397
7.732168,8.181397
7.732578,8.181397
7.732988,8.181397
7.733398,8.181397
7.733808,8.181397
7.734218,8.181397
7.734628,8.181397
7.735038,8.181397
7.735448,8.181397
7.735858,8.181397
7.736268,8.181397
7.736678,8.181397
7.737088,8.181397
7.737498,8.181397
7.737908,8.181397
7.738318,8.181397
7.738728,8.181397
7.739138,8.181397
7.739548,8.181397
7.739958,8.181397
7.740368,8.181397
7.740778,8.181397
7.741188,8.181397
7.741598,8.181397
7.742008,8.181397
7.742418,8.181397
7.742828,8.181397
7.743238,8.181397
7.743648,8.181397
7.744058,8.181397
7.744468,8.181397
7.744878,8.181397
7.745288,8.181397
7.745698,8.181397
7.746108,8.181397
7.746518,8.181397
7.746928,8.181397
7.747338,8.181397
7.747748,8.181397
7.748158,8.181397
7.748568,8.181397
7.748978,8.181397
7.749388,8.181397
7.749798,8.181397
7.750208,8.181397
7.750618,8.181397
7.751028,8.181397
7.751438,8.181397
7.751848,8.181397
7.752258,8.181397
7.752668,8.181397
7.753078,8.181397
7.753488,8.181397
7.753898,8.181397
7.754308,8.181397
7.754718,8.181397
7.755129,8.181397
7.755539,8.181397
7.755949,8.181397
7.756359,8.181397
7.756769,8.181397
7.757179,8.181397
7.757589,8.181397
7.757999,8.181397
7.758409,8.181397
7.758819,8.181397
7.759229,8.181397
7.759639,8.181397
7.760049,8.181397
7.760459,8.181397
7.760869,8.181397
7.761279,8.181397
7.761689,8.181397
7.762099,8.181397
7.762509,8.181397
7.762919,8.181397
7.763329,8.181397
7.763739,8.181397
7.764149,8.181397
7.764559,8.181397
7.764969,8.181397
7.765379,8.181397
7.765789,8.181397
7.766199,8.181397
7.766609,8.181397
7.767019,8.181397
7.767429,8.181397
7.767839,8.181397
7.768249,8.181397
7.768659,8.181397
7.769069,8.181397
7.769479,8.181397
7.769889,8.181397
7.770299,8.181397
7.770709,8.181397
7.771119,8.181397
7.771529,8.181397
7.771939,8.181397
7.772349,8.181397
7.772759,8.181397
7.773169,8.181397
7.773579,8.181397
7.773989,8.181397
7.774399,8.181397
7.774809,8.181397
7.775219,8.181397
7.775629,8.181397
7.776039,8.181397
7.776449,8.181397
7.776859,8.181397
7.777269,8.181397
7.777679,8.181397
7.778089,8.181397
7.778499,8.181397
7.778909,8.181397
7.779319,8.181397
7.779729,8.181397
7.780139,8.181397
7.780549,8.181397
7.780959,8.181397
7.781369,8.181397
7.781779,8.181397
7.782189,8.181397
7.782599,8.181397
7.783009,8.181397
7.783419,8.181397
7.783829,8.181397
7.784239,8.181397
7.784649,8.181397
7.785060,8.181397
7.785470,8.181397
7.785880,8.181397
7.786290,8.181397
7.786700,8.181397
7.787110,8.181397
7.787520,8.181397
7.787930,8.181397
7.788340,8.181397
7.788750,8.181397
7.789160,8.181397
7.789570,8.181397
7.789980,8.181397
7.790390,8.181397
7.790800,8.181397
7.791210,8.181397
7.791620,8.181397
7.792030,8.181397
7.792440,8.181397
7.792850,8.181397
7.793260,8.181397
7.793670,8.181397
7.794080,8.181397
7.794490,8.181397
7.794900,8.181397
7.795310,8.181397
7.795720,8.181397
7.796130,8.181397
7.796540,8.181397
7.796950,8.181397
7.797360,8.181397
7.797770,8.181397
7.798180,8.181397
7.798590,8.181397
7.799000,8.181397
7.799410,8.181397
7.799820,8.181397
7.800230,8.181397
7.800640,8.181397
7.801050,8.181397
7.801460,8.181397
7.801870,8.181397
7.802280,8.181397
7.802690,8.181397
7.803100,8.181397
7.803510,8.181397
7.803920,8.181397
7.804330,8.181397
7.804740,8.181397
7.805150,8.181397
7.805560,8.181397
7.805970,8.181397
7.806380,8.181397
7.806790,8.181397
7.807200,8.181397
7.807610,8.181397
7.808020,8.181397
7.808430,8.181397
7.808840,8.181397
7.809250,8.181397
7.809660,8.181397
7.810070,8.181397
7.810480,8.181397
7.810890,8.181397
7.811300,8.181397
7.811710,8.181397
7.812120,8.181397
7.812530,8.181397
7.812940,8.181397
7.813350,8.181397
7.813760,8.181397
7.814170,8.181397
7.814580,8.181397
7.814990,8.181397
7.815401,8.181397
7.815811,8.181397
7.816221,8.181397
7.816631,8.181397
7.817041,8.181397
7.817451,8.181397
7.817861,8.181397
7.818271,8.181397
7.818681,8.181397
7.819091,8.181397
7.819501,8.181397
7.819911,8.181397
7.820321,8.181397
7.820731,8.181397
7.821141,8.181397
7.821551,8.181397
7.821961,8.181397
7.822371,8.181397
7.822781,8.181397
7.823191,8.181397
7.823601,8.181397
7.824011,8.181397
7.824421,8.181397
7.824831,8.181397
7.825241,8.181397
7.825651,8.181397
7.826061,8.181397
7.826471,8.181397
7.826881,8.181397
7.827291,8.181397
7.827701,8.181397
7.828111,8.181397
7.828521,8.181397
7.828931,8.181397
7.829341,8.181397
7.829751,8.181397
7.830161,8.181397
7.830571,8.181397
7.830981,8.181397
7.831391,8.181397
7.831801,8.181397
7.832211,8.181397
7.832621,8.181397
7.833031,8.181397
7.833441,8.181397
7.833851,8.181397
7.834261,8.181397
7.834671,8.181397
7.835081,8.181397
7.835491,8.181397
7.835901,8.181397
7.836311,8.181397
7.836721,8.181397
7.837131,8.181397
7.837541,8.181397
7.837951,8.181397
7.838361,8.181397
7.838771,8.181397
7.839181,8.181397
7.839591,8.181397
7.840001,8.181397
7.840411,8.181397
7.840821,8.181397
7.841231,8.181397
7.841641,8.181397
7.842051,8.181397
7.842461,8.181397
7.842871,8.181397
7.843281,8.181397
7.843691,8.181397
7.844101,8.181397
7.844511,8.181397
7.844921,8.181397
7.845332,8.181397
7.845742,8.181397
7.846152,8.181397
7.846562,8.181397
7.846972,8.181397
7.847382,8.181397
7.847792,8.181397
7.848202,8.181397
7.848612,8.181397
7.849022,8.181397
7.849432,8.181397
7.849842,8.181397
7.850252,8.181397
7.850662,8.181397
7.851072,8.181397
7.851482,8.181397
7.851892,8.181397
7.852302,8.181397
7.852712,8.181397
7.853122,8.181397
7.853532,8.181397
7.853942,8.181397
7.854352,8.181397
7.854762,8.181397
7.855172,8.181397
7.855582,8.181397
7.855992,8.181397
7.856402,8.181397
7.856812,8.181397
7.857222,8.181397
7.857632,8.181397
7.858042,8.181397
7.858452,8.181397
7.858862,8.181397
7.859272,8.181397
7.859682,8.181397
7.860092,8.181397
7.860502,8.181397
7.860912,8.181397
7.861322,8.181397
7.861732,8.181397
7.862142,8.181397
7.862552,8.181397
7.862962,8.181397
7.863372,8.181397
7.863782,8.181397
7.864192,8.181397
7.864602,8.181397
7.865012,8.181397
7.865422,8.181397
7.865832,8.181397
7.866242,8.181397
7.866652,8.181397
7.867062,8.181397
7.867472,8.181397
7.867882,8.181397
7.868292,8.181397
7.868702,8.181397
7.869112,8.181397
7.869522,8.181397
7.869932,8.181397
7.870342,8.181397
7.870752,8.181397
7.871162,8.181397
7.871572,8.181397
7.871982,8.181397
7.872392,8.181397
7.872802,8.181397
7.873212,8.181397
7.873622,8.181397
7.874032,8.181397
7.874442,8.181397
7.874852,8.181397
7.875263,8.181397
7.875673,8.181397
7.876083,8.181397
7.876493,8.181397
7.876903,8.181397
7.877313,8.181397
7.877723,8.181397
7.878133,8.181397
7.878543,8.181397
7.878953,8.181397
7.879363,8.181397
7.879773,8.181397
7.880183,8.181397
7.880593,8.181397
7.881003,8.181397
7.881413,8.181397
7.881823,8.181397
7.882233,8.181397
7.882643,8.181397
7.883053,8.181397
7.883463,8.181397
7.883873,8.181397
7.884283,8.181397
7.884693,8.181397
7.885103,8.181397
7.885513,8.181397
7.885923,8.181397
7.886333,8.181397
7.886743,8.181397
7.887153,8.181397
7.887563,8.181397
7.887973,8.181397
7.888383,8.181397
7.888793,8.181397
7.889203,8.181397
7.889613,8.181397
7.890023,8.181397
7.890433,8.181397
7.890843,8.181397
7.891253,8.181397
7.891663,8.181397
7.892073,8.181397
7.892483,8.181397
7.892893,8.181397
7.893303,8.181397
7.893713,8.181397
7.894123,8.181397
7.894533,8.181397
7.894943,8.181397
7.895353,8.181397
7.895763,8.181397
7.896173,8.181397
7.896583,8.181397
7.896993,8.181397
7.897403,8.181397
7.897813,8.181397
7.898223,8.181397
7.898633,8.181397
7.899043,8.181397
7.899453,8.181397
7.899863,8.181397
7.900273,8.181397
7.900683,8.181397
7.901093,8.181397
7.901503,8.181397
7.901913,8.181397
7.902323,8.181397
7.902733,8.181397
7.903143,8.181397
7.903553,8.181397
7.903963,8.181397
7.904373,8.181397
7.904783,8.181397
7.905194,8.181397
7.905604,8.181397
7.906014,8.181397
7.906424,8.181397
7.906834,8.181397
7.907244,8.181397
7.907654,8.181397
7.908064,8.181397
7.908474,8.181397
7.908884,8.181397
7.909294,8.181397
7.909704,8.181397
7.910114,8.181397
7.910524,8.181397
7.910934,8.181397
7.911344,8.181397
7.911754,8.181397
7.912164,8.181397
7.912574,8.181397
7.912984,8.181397
7.913394,8.181397
7.913804,8.181397
7.914214,8.181397
7.914624,8.181397
7.915034,8.181397
7.915444,8.181397
7.915854,8.181397
7.916264,8.181397
7.916674,8.181397
7.917084,8.181397
7.917494,8.181397
7.917904,8.181397
7.918314,8.181397
7.918724,8.181397
7.919134,8.181397
7.919544,8.181397
7.919954,8.181397
7.920364,8.181397
7.920774,8.181397
7.921184,8.181397
7.921594,8.181397
7.922004,8.181397
7.922414,8.181397
7.922824,8.181397
7.923234,8.181397
7.923644,8.181397
7.924054,8.181397
7.924464,8.181397
7.924874,8.181397
7.925284,8.181397
7.925694,8.181397
7.926104,8.181397
7.926514,8.181397
7.926924,8.181397
7.927334,8.181397
7.927744,8.181397
7.928154,8.181397
7.928564,8.181397
7.928974,8.181397
7.929384,8.181397
7.929794,8.181397
7.930204,8.181397
7.930614,8.181397
7.931024,8.181397
7.931434,8.181397
7.931844,8.181397
7.932254,8.181397
7.932664,8.181397
7.933074,8.181397
7.933484,8.181397
7.933894,8.181397
7.934304,8.181397
7.934714,8.181397
7.935125,8.181397
7.935535,8.181397
7.935945,8.181397
7.936355,8.181397
7.936765,8.181397
7.937175,8.181397
7.937585,8.181397
7.937995,8.181397
7.938405,8.181397
7.938815,8.181397
7.939225,8.181397
7.939635,8.181397
7.940045,8.181397
7.940455,8.181397
7.940865,8.181397
7.941275,8.181397
7.941685,8.181397
7.942095,8.181397
7.942505,8.181397
7.942915,8.181397
7.943325,8.181397
7.943735,8.181397
7.944145,8.181397
7.944555,8.181397
7.944965,8.181397
7.945375,8.181397
7.945785,8.181397
7.946195,8.181397
7.946605,8.181397
7.947015,8.181397
7.947425,8.181397
7.947835,8.181397
7.948245,8.181397
7.948655,8.181397
7.949065,8.181397
7.949475,8.181397
7.949885,8.181397
7.950295,8.181397
7.950705,8.181397
7.951115,8.181397
7.951525,8.181397
7.951935,8.181397
7.952345,8.181397
7.952755,8.181397
7.953165,8.181397
7.953575,8.181397
7.953985,8.181397
7.954395,8.181397
7.954805,8.181397
7.955215,8.181397
7.955625,8.181397
7.956035,8.181397
7.956445,8.181397
7.956855,8.181397
7.957265,8.181397
7.957675,8.181397
7.958085,8.181397
7.958495,8.181397
7.958905,8.181397
7.959315,8.181397
7.959725,8.181397
7.960135,8.181397
7.960545,8.181397
7.960955,8.181397
7.961365,8.181397
7.961775,8.181397
7.962185,8.181397
7.962595,8.181397
7.963005,8.181397
7.963415,8.181397
7.963825,8.181397
7.964235,8.181397
7.964645,8.181397
7.965056,8.181397
7.965466,8.181397
7.965876,8.181397
7.966286,8.181397
7.966696,8.181397
7.967106,8.181397
7.967516,8.181397
7.967926,8.181397
7.968336,8.181397
7.968746,8.181397
7.969156,8.181397
7.969566,8.181397
7.969976,8.181397
7.970386,8.181397
7.970796,8.181397
7.971206,8.181397
7.971616,8.181397
7.972026,8.181397
7.972436,8.181397
7.972846,8.181397
7.973256,8.181397
7.973666,8.181397
7.974076,8.181397
7.974486,8.181397
7.974896,8.181397
7.975306,8.181397
7.975716,8.181397
7.976126,8.181397
7.976536,8.181397
7.976946,8.181397
7.977356,8.181397
7.977766,8.181397
7.978176,8.181397
7.978586,8.181397
7.978996,8.181397
7.979406,8.181397
7.979816,8.181397
7.980226,8.181397
7.980636,8.181397
7.981046,8.181397
7.981456,8.181397
7.981866,8.181397
7.982276,8.181397
7.982686,8.181397
7.983096,8.181397
7.983506,8.181397
7.983916,8.181397
7.984326,8.181397
7.984736,8.181397
7.985146,8.181397
7.985556,8.181397
7.985966,8.181397
7.986376,8.181397
7.986786,8.181397
7.987196,8.181397
7.987606,8.181397
7.988016,8.181397
7.988426,8.181397
7.988836,8.181397
7.989246,8.181397
7.989656,8.181397
7.990066,8.181397
7.990476,8.181397
7.990886,8.181397
7.991296,8.181397
7.991706,8.181397
7.992116,8.181397
7.992526,8.181397
7.992936,8.181397
7.993346,8.181397
7.993756,8.181397
7.994166,8.181397
7.994576,8.181397
7.994986,8.181397
7.995397,8.181397
7.995807,8.181397
7.996217,8.181397
7.996627,8.181397
7.997037,8.181397
7.997447,8.181397
7.997857,8.181397
7.998267,8.181397
7.998677,8.181397
7.999087,8.181397
7.999497,8.181397
7.999907,8.181397
8.000317,8.181397
8.000727,8.181397
8.001137,8.181397
8.001547,8.181397
8.001957,8.181397
8.002367,8.181397
8.002777,8.181397
8.003187,8.181397
8.003597,8.181397
8.004007,8.181397
8.004417,8.181397
8.004827,8.181397
8.005237,8.181397
8.005647,8.181397
8.006057,8.181397
8.006467,8.181397
8.006877,8.181397
8.007287,8.181397
8.007697,8.181397
8.008107,8.181397
8.008517,8.181397
8.008927,8.181397
8.009337,8.181397
8.009747,8.181397
8.010157,8.181397
8.010567,8.181397
8.010977,8.181397
8.011387,8.181397
8.011797,8.181397
8.012207,8.181397
8.012617,8.181397
8.013027,8.181397
8.013437,8.181397
8.013847,8.181397
8.014257,8.181397
8.014667,8.181397
8.015077,8.181397
8.015487,8.181397
8.015897,8.181397
8.016307,8.181397
8.016717,8.181397
8.017127,8.181397
8.017537,8.181397
8.017947,8.181397
8.018357,8.181397
8.018767,8.181397
8.019177,8.181397
8.019587,8.181397
8.019997,8.181397
8.020407,8.181397
8.020817,8.181397
8.021227,8.181397
8.021637,8.181397
8.022047,8.181397
8.022457,8.181397
8.022867,8.181397
8.023277,8.181397
8.023687,8.181397
8.024097,8.181397
8.024507,8.181397
8.024917,8.181397
8.025328,8.181397
8.025738,8.181397
8.026148,8.181397
8.026558,8.181397
8.026968,8.181397
8.027378,8.181397
8.027788,8.181397
8.028198,8.181397
8.028608,8.181397
8.029018,8.181397
8.029428,8.181397
8.029838,8.181397
8.030248,8.181397
8.030658,8.181397
8.031068,8.181397
8.031478,8.181397
8.031888,8.181397
8.032298,8.181397
8.032708,8.181397
8.033118,8.181397
8.033528,8.181397
8.033938,8.181397
8.034348,8.181397
8.034758,8.181397
8.035168,8.181397
8.035578,8.181397
8.035988,8.181397
8.036398,8.181397
8.036808,8.181397
8.037218,8.181397
8.037628,8.181397
8.038038,8.181397
8.038448,8.181397
8.038858,8.181397
8.039268,8.181397
8.039678,8.181397
8.040088,8.181397
8.040498,8.181397
8.040908,8.181397
8.041318,8.181397
8.041728,8.181397
8.042138,8.181397
8.042548,8.181397
8.042958,8.181397
8.043368,8.181397
8.043778,8.181397
8.044188,8.181397
8.044598,8.181397
8.045008,8.181397
8.045418,8.181397
8.045828,8.181397
8.046238,8.181397
8.046648,8.181397
8.047058,8.181397
8.047468,8.181397
8.047878,8.181397
8.048288,8.181397
8.048698,8.181397
8.049108,8.181397
8.049518,8.181397
8.049928,8.181397
8.050338,8.181397
8.050748,8.181397
8.051158,8.181397
8.051568,8.181397
8.051978,8.181397
8.052388,8.181397
8.052798,8.181397
8.053208,8.181397
8.053618,8.181397
8.054028,8.181397
8.054438,8.181397
8.054848,8.181397
8.055259,8.181397
8.055669,8.181397
8.056079,8.181397
8.056489,8.181397
8.056899,8.181397
8.057309,8.181397
8.057719,8.181397
8.058129,8.181397
8.058539,8.181397
8.058949,8.181397
8.059359,8.181397
8.059769,8.181397
8.060179,8.181397
8.060589,8.181397
8.060999,8.181397
8.061409,8.181397
8.061819,8.181397
8.062229,8.181397
8.062639,8.181397
8.063049,8.181397
8.063459,8.181397
8.063869,8.181397
8.064279,8.181397
8.064689,8.181397
8.065099,8.181397
8.065509,8.181397
8.065919,8.181397
8.066329,8.181397
8.066739,8.181397
8.067149,8.181397
8.067559,8.181397
8.067969,8.181397
8.068379,8.181397
8.068789,8.181397
8.069199,8.181397
8.069609,8.181397
8.070019,8.181397
8.070429,8.181397
8.070839,8.181397
8.071249,8.181397
8.071659,8.181397
8.072069,8.181397
8.072479,8.181397
8.072889,8.181397
8.073299,8.181397
8.073709,8.181397
8.074119,8.181397
8.074529,8.181397
8.074939,8.181397
8.075349,8.181397
8.075759,8.181397
8.076169,8.181397
8.076579,8.181397
8.076989,8.181397
8.077399,8.181397
8.077809,8.181397
8.078219,8.181397
8.078629,8.181397
8.079039,8.181397
8.079449,8.181397
8.079859,8.181397
8.080269,8.181397
8.080679,8.181397
8.081089,8.181397
8.081499,8.181397
8.081909,8.181397
8.082319,8.181397
8.082729,8.181397
8.083139,8.181397
8.083549,8.181397
8.083959,8.181397
8.084369,8.181397
8.084779,8.181397
8.085190,8.181397
8.085600,8.181397
8.086010,8.181397
8.086420,8.181397
8.086830,8.181397
8.087240,8.181397
8.087650,8.181397
8.088060,8.181397
8.088470,8.181397
8.088880,8.181397
8.089290,8.181397
8.089700,8.181397
8.090110,8.181397
8.090520,8.181397
8.090930,8.181397
8.091340,8.181397
8.091750,8.181397
8.092160,8.181397
8.092570,8.181397
8.092980,8.181397
8.093390,8.181397
8.093800,8.181397
8.094210,8.181397
8.094620,8.181397
8.095030,8.181397
8.095440,8.181397
8.095850,8.181397
8.096260,8.181397
8.096670,8.181397
8.097080,8.181397
8.097490,8.181397
8.097900,8.181397
8.098310,8.181397
8.098720,8.181397
8.099130,8.181397
8.099540,8.181397
8.099950,8.181397
8.100360,8.181397
8.100770,8.181397
8.101180,8.181397
8.101590,8.181397
8.102000,8.181397
8.102410,8.181397
8.102820,8.181397
8.103230,8.181397
8.103640,8.181397
8.104050,8.181397
8.104460,8.181397
8.104870,8.181397
8.105280,8.181397
8.105690,8.181397
8.106100,8.181397
8.106510,8.181397
8.106920,8.181397
8.107330,8.181397
8.107740,8.181397
8.108150,8.181397
8.108560,8.181397
8.108970,8.181397
8.109380,8.181397
8.109790,8.181397
8.110200,8.181397
8.110610,8.181397
8.111020,8.181397
8.111430,8.181397
8.111840,8.181397
8.112250,8.181397
8.112660,8.181397
8.113070,8.181397
8.113480,8.181397
8.113890,8.181397
8.114300,8.181397
8.114710,8.181397
8.115121,8.181397
8.115531,8.181397
8.115941,8.181397
8.116351,8.181397
8.116761,8.181397
8.117171,8.181397
8.117581,8.181397
8.117991,8.181397
8.118401,8.181397
8.118811,8.181397
8.119221,8.181397
8.119631,8.181397
8.120041,8.181397
8.120451,8.181397
8.120861,8.181397
8.121271,8.181397
8.121681,8.181397
8.122091,8.181397
8.122501,8.181397
8.122911,8.181397
8.123321,8.181397
8.123731,8.181397
8.124141,8.181397
8.124551,8.181397
8.124961,8.181397
8.125371,8.181397
8.125781,8.181397
8.126191,8.181397
8.126601,8.181397
8.127011,8.181397
8.127421,8.181397
8.127831,8.181397
8.128241,8.181397
8.128651,8.181397
8.129061,8.181397
8.129471,8.181397
8.129881,8.181397
8.130291,8.181397
8.130701,8.181397
8.131111,8.181397
8.131521,8.181397
8.131931,8.181397
8.132341,8.181397
8.132751,8.181397
8.133161,8.181397
8.133571,8.181397
8.133981,8.181397
8.134391,8.181397
8.134801,8.181397
8.135211,8.181397
8.135621,8.181397
8.136031,8.181397
8.136441,8.181397
8.136851,8.181397
8.137261,8.181397
8.137671,8.181397
8.138081,8.181397
8.138491,8.181397
8.138901,8.181397
8.139311,8.181397
8.139721,8.181397
8.140131,8.181397
8.140541,8.181397
8.140951,8.181397
8.141361,8.181397
8.141771,8.181397
8.142181,8.181397
8.142591,8.181397
8.143001,8.181397
8.143411,8.181397
8.143821,8.181397
8.144231,8.181397
8.144641,8.181397
8.145052,8.181397
8.145462,8.181397
8.145872,8.181397
8.146282,8.181397
8.146692,8.181397
8.147102,8.181397
8.147512,8.181397
8.147922,8.181397
8.148332,8.181397
8.148742,8.181397
8.149152,8.181397
8.149562,8.181397
8.149972,8.181397
8.150382,8.181397
8.150792,8.181397
8.151202,8.181397
8.151612,8.181397
8.152022,8.181397
8.152432,8.181397
8.152842,8.181397
8.153252,8.181397
8.153662,8.181397
8.154072,8.181397
8.154482,8.181397
8.154892,8.181397
8.155302,8.181397
8.155712,8.181397
8.156122,8.181397
8.156532,8.181397
8.156942,8.181397
8.157352,8.181397
8.157762,8.181397
8.158172,8.181397
8.158582,8.181397
8.158992,8.181397
8.159402,8.181397
8.159812,8.181397
8.160222,8.181397
8.160632,8.181397
8.161042,8.181397
8.161452,8.181397
8.161862,8.181397
8.162272,8.181397
8.162682,8.181397
8.163092,8.181397
8.163502,8.181397
8.163912,8.181397
8.164322,8.181397
8.164732,8.181397
8.165142,8.181397
8.165552,8.181397
8.165962,8.181397
8.166372,8.181397
8.166782,8.181397
8.167192,8.181397
8.167602,8.181397
8.168012,8.181397
8.168422,8.181397
8.168832,8.181397
8.169242,8.181397
8.169652,8.181397
8.170062,8.181397
8.170472,8.181397
8.170882,8.181397
8.171292,8.181397
8.171702,8.181397
8.172112,8.181397
8.172522,8.181397
8.172932,8.181397
8.173342,8.181397
8.173752,8.181397
8.174162,8.181397
8.174572,8.181397
8.174982,8.181397
8.175393,8.181397
8.175803,8.181397
8.176213,8.181397
8.176623,8.181397
8.177033,8.181397
8.177443,8.181397
8.177853,8.181397
8.178263,8.181397
8.178673,8.181397
8.179083,8.181397
8.179493,8.181397
8.179903,8.181397
8.180313,8.181397
8.180723,8.181397
8.181133,8.181397
8.181543,8.181397
8.181953,8.181397
8.182363,8.181397
8.182773,8.181397
8.183183,8.181397
8.183593,8.181397
8.184003,8.181397
8.184413,8.181397
8.184823,8.181397
8.185233,8.181397
8.185643,8.181397
8.186053,8.181397
8.186463,8.181397
8.186873,8.181397
8.187283,8.181397
8.187693,8.181397
8.188103,8.181397
8.188513,8.181397
8.188923,8.181397
8.189333,8.181397
8.189743,8.181397
8.190153,8.181397
8.190563,8.181397
8.190973,8.181397
8.191383,8.181397
8.191793,8.181397
8.192203,8.181397
8.192613,8.181397
8.193023,8.181397
8.193433,8.181397
8.193843,8.181397
8.194253,8.181397
8.194663,8.181397
8.195073,8.181397
8.195483,8.181397
8.195893,8.181397
8.196303,8.181397
8.196713,8.181397
8.197123,8.181397
8.197533,8.181397
8.197943,8.181397
8.198353,8.181397
8.198763,8.181397
8.199173,8.181397
8.199583,8.181397
8.199993,8.181397
8.200403,8.181397
8.200813,8.181397
8.201223,8.181397
8.201633,8.181397
8.202043,8.181397
8.202453,8.181397
8.202863,8.181397
8.203273,8.181397
8.203683,8.181397
8.204093,8.181397
8.204503,8.181397
8.204913,8.181397
8.205324,8.181397
8.205734,8.181397
8.206144,8.181397
8.206554,8.181397
8.206964,8.181397
8.207374,8.181397
8.207784,8.181397
8.208194,8.181397
8.208604,8.181397
8.209014,8.181397
8.209424,8.181397
8.209834,8.181397
8.210244,8.181397
8.210654,8.181397
8.211064,8.181397
8.211474,8.181397
8.211884,8.181397
8.212294,8.181397
8.212704,8.181397
8.213114,8.181397
8.213524,8.181397
8.213934,8.181397
8.214344,8.181397
8.214754,8.181397
8.215164,8.181397
8.215574,8.181397
8.215984,8.181397
8.216394,8.181397
8.216804,8.181397
8.217214,8.181397
8.217624,8.181397
8.218034,8.181397
8.218444,8.181397
8.218854,8.181397
8.219264,8.181397
8.219674,8.181397
8.220084,8.181397
8.220494,8.181397
8.220904,8.181397
8.221314,8.181397
8.221724,8.181397
8.222134,8.181397
8.222544,8.181397
8.222954,8.181397
8.223364,8.181397
8.223774,8.181397
8.224184,8.181397
8.224594,8.181397
8.225004,8.181397
8.225414,8.181397
8.225824,8.181397
8.226234,8.181397
8.226644,8.181397
8.227054,8.181397
8.227464,8.181397
8.227874,8.181397
8.228284,8.181397
8.228694,8.181397
8.229104,8.181397
8.229514,8.181397
8.229924,8.181397
8.230334,8.181397
8.230744,8.181397
8.231154,8.181397
8.231564,8.181397
8.231974,8.181397
8.232384,8.181397
8.232794,8.181397
8.233204,8.181397
8.233614,8.181397
8.234024,8.181397
8.234434,8.181397
8.234844,8.181397
8.235255,8.181397
8.235665,8.181397
8.236075,8.181397
8.236485,8.181397
8.236895,8.181397
8.237305,8.181397
8.237715,8.181397
8.238125,8.181397
8.238535,8.181397
8.238945,8.181397
8.239355,8.181397
8.239765,8.181397
8.240175,8.181397
8.240585,8.181397
8.240995,8.181397
8.241405,8.181397
8.241815,8.181397
8.242225,8.181397
8.242635,8.181397
8.243045,8.181397
8.243455,8.181397
8.243865,8.181397
8.244275,8.181397
8.244685,8.181397
8.245095,8.181397
8.245505,8.181397
8.245915,8.181397
8.246325,8.181397
8.246735,8.181397
8.247145,8.181397
8.247555,8.181397
8.247965,8.181397
8.248375,8.181397
8.248785,8.181397
8.249195,8.181397
8.249605,8.181397
8.250015,8.181397
8.250425,8.181397
8.250835,8.181397
8.251245,8.181397
8.251655,8.181397
8.252065,8.181397
8.252475,8.181397
8.252885,8.181397
8.253295,8.181397
8.253705,8.181397
8.254115,8.181397
8.254525,8.181397
8.254935,8.181397
8.255345,8.181397
8.255755,8.181397
8.256165,8.181397
8.256575,8.181397
8.256985,8.181397
8.257395,8.181397
8.257805,8.181397
8.258215,8.181397
8.258625,8.181397
8.259035,8.181397
8.259445,8.181397
8.259855,8.181397
8.260265,8.181397
8.260675,8.181397
8.261085,8.181397
8.261495,8.181397
8.261905,8.181397
8.262315,8.181397
8.262725,8.181397
8.263135,8.181397
8.263545,8.181397
8.263955,8.181397
8.264365,8.181397
8.264775,8.181397
8.265186,8.181397
8.265596,8.181397
8.266006,8.181397
8.266416,8.181397
8.266826,8.181397
8.267236,8.181397
8.267646,8.181397
8.268056,8.181397
8.268466,8.181397
8.268876,8.181397
8.269286,8.181397
8.269696,8.181397
8.270106,8.181397
8.270516,8.181397
8.270926,8.181397
8.271336,8.181397
8.271746,8.181397
8.272156,8.181397
8.272566,8.181397
8.272976,8.181397
8.273386,8.181397
8.273796,8.181397
8.274206,8.181397
8.274616,8.181397
8.275026,8.181397
8.275436,8.181397
8.275846,8.181397
8.276256,8.181397
8.276666,8.181397
8.277076,8.181397
8.277486,8.181397
8.277896,8.181397
8.278306,8.181397
8.278716,8.181397
8.279126,8.181397
8.279536,8.181397
8.279946,8.181397
8.280356,8.181397
8.280766,8.181397
8.281176,8.181397
8.281586,8.181397
8.281996,8.181397
8.282406,8.181397
8.282816,8.181397
8.283226,8.181397
8.283636,8.181397
8.284046,8.181397
8.284456,8.181397
8.284866,8.181397
8.285276,8.181397
8.285686,8.181397
8.286096,8.181397
8.286506,8.181397
8.286916,8.181397
8.287326,8.181397
8.287736,8.181397
8.288146,8.181397
8.288556,8.181397
8.288966,8.181397
8.289376,8.181397
8.289786,8.181397
8.290196,8.181397
8.290606,8.181397
8.291016,8.181397
8.291426,8.181397
8.291836,8.181397
8.292246,8.181397
8.292656,8.181397
8.293066,8.181397
8.293476,8.181397
8.293886,8.181397
8.294296,8.181397
8.294706,8.181397
8.295117,8.181397
8.295527,8.181397
8.295937,8.181397
8.296347,8.181397
8.296757,8.181397
8.297167,8.181397
8.297577,8.181397
8.297987,8.181397
8.298397,8.181397
8.298807,8.181397
8.299217,8.181397
8.299627,8.181397
8.300037,8.181397
8.300447,8.181397
8.300857,8.181397
8.301267,8.181397
8.301677,8.181397
8.302087,8.181397
8.302497,8.181397
8.302907,8.181397
8.303317,8.181397
8.303727,8.181397
8.304137,8.181397
8.304547,8.181397
8.304957,8.181397
8.305367,8.181397
8.305777,8.181397
8.306187,8.181397
8.306597,8.181397
8.307007,8.181397
8.307417,8.181397
8.307827,8.181397
8.308237,8.181397
8.308647,8.181397
8.309057,8.181397
8.309467,8.181397
8.309877,8.181397
8.310287,8.181397
8.310697,8.181397
8.311107,8.181397
8.311517,8.181397
8.311927,8.181397
8.312337,8.181397
8.312747,8.181397
8.313157,8.181397
8.313567,8.181397
8.313977,8.181397
8.314387,8.181397
8.314797,8.181397
8.315207,8.181397
8.315617,8.181397
8.316027,8.181397
8.316437,8.181397
8.316847,8.181397
8.317257,8.181397
8.317667,8.181397
8.318077,8.181397
8.318487,8.181397
8.318897,8.181397
8.319307,8.181397
8.319717,8.181397
8.320127,8.181397
8.320537,8.181397
8.320947,8.181397
8.321357,8.181397
8.321767,8.181397
8.322177,8.181397
8.322587,8.181397
8.322997,8.181397
8.323407,8.181397
8.323817,8.181397
8.324227,8.181397
8.324637,8.181397
8.325048,8.181397
8.325458,8.181397
8.325868,8.181397
8.326278,8.181397
8.326688,8.181397
8.327098,8.181397
8.327508,8.181397
8.327918,8.181397
8.328328,8.181397
8.328738,8.181397
8.329148,8.181397
8.329558,8.181397
8.329968,8.181397
8.330378,8.181397
8.330788,8.181397
8.331198,8.181397
8.331608,8.181397
8.332018,8.181397
8.332428,8.181397
8.332838,8.181397
8.333248,8.181397
8.333658,8.181397
8.334068,8.181397
8.334478,8.181397
8.334888,8.181397
8.335298,8.181397
8.335708,8.181397
8.336118,8.181397
8.336528,8.181397
8.336938,8.181397
8.337348,8.181397
8.337758,8.181397
8.338168,8.181397
8.338578,8.181397
8.338988,8.181397
8.339398,8.181397
8.339808,8.181397
8.340218,8.181397
8.340628,8.181397
8.341038,8.181397
8.341448,8.181397
8.341858,8.181397
8.342268,8.181397
8.342678,8.181397
8.343088,8.181397
8.343498,8.181397
8.343908,8.181397
8.344318,8.181397
8.344728,8.181397
8.345138,8.181397
8.345548,8.181397
8.345958,8.181397
8.346368,8.181397
8.346778,8.181397
8.347188,8.181397
8.347598,8.181397
8.348008,8.181397
8.348418,8.181397
8.348828,8.181397
8.349238,8.181397
8.349648,8.181397
8.350058,8.181397
8.350468,8.181397
8.350878,8.181397
8.351288,8.181397
8.351698,8.181397
8.352108,8.181397
8.352518,8.181397
8.352928,8.181397
8.353338,8.181397
8.353748,8.181397
8.354158,8.181397
8.354568,8.181397
8.354978,8.181397
8.355389,8.181397
8.355799,8.181397
8.356209,8.181397
8.356619,8.181397
8.357029,8.181397
8.357439,8.181397
8.357849,8.181397
8.358259,8.181397
8.358669,8.181397
8.359079,8.181397
8.359489,8.181397
8.359899,8.181397
8.360309,8.181397
8.360719,8.181397
8.361129,8.181397
8.361539,8.181397
8.361949,8.181397
8.362359,8.181397
8.362769,8.181397
8.363179,8.181397
8.363589,8.181397
8.363999,8.181397
8.364409,8.181397
8.364819,8.181397
8.365229,8.181397
8.365639,8.181397
8.366049,8.181397
8.366459,8.181397
8.366869,8.181397
8.367279,8.181397
8.367689,8.181397
8.368099,8.181397
8.368509,8.181397
8.368919,8.181397
8.369329,8.181397
8.369739,8.181397
8.370149,8.181397
8.370559,8.181397
8.370969,8.181397
8.371379,8.181397
8.371789,8.181397
8.372199,8.181397
8.372609,8.181397
8.373019,8.181397
8.373429,8.181397
8.373839,8.181397
8.374249,8.181397
8.374659,8.181397
8.375069,8.181397
8.375479,8.181397
8.375889,8.181397
8.376299,8.181397
8.376709,8.181397
8.377119,8.181397
8.377529,8.181397
8.377939,8.181397
8.378349,8.181397
8.378759,8.181397
8.379169,8.181397
8.379579,8.181397
8.379989,8.181397
8.380399,8.181397
8.380809,8.181397
8.381219,8.181397
8.381629,8.181397
8.382039,8.181397
8.382449,8.181397
8.382859,8.181397
8.383269,8.181397
8.383679,8.181397
8.384089,8.181397
8.384499,8.181397
8.384909,8.181397
8.385320,8.181397
8.385730,8.181397
8.386140,8.181397
8.386550,8.181397
8.386960,8.181397
8.387370,8.181397
8.387780,8.181397
8.388190,8.181397
8.388600,8.181397
8.389010,8.181397
8.389420,8.181397
8.389830,8.181397
8.390240,8.181397
8.390650,8.181397
8.391060,8.181397
8.391470,8.181397
8.391880,8.181397
8.392290,8.181397
8.392700,8.181397
8.393110,8.181397
8.393520,8.181397
8.393930,8.181397
8.394340,8.181397
8.394750,8.181397
8.395160,8.181397
8.395570,8.181397
8.395980,8.181397
8.396390,8.181397
8.396800,8.181397
8.397210,8.181397
8.397620,8.181397
8.398030,8.181397
8.398440,8.181397
8.398850,8.181397
8.399260,8.181397
8.399670,8.181397
8.400080,8.181397
8.400490,8.181397
8.400900,8.181397
8.401310,8.181397
8.401720,8.181397
8.402130,8.181397
8.402540,8.181397
8.402950,8.181397
8.403360,8.181397
8.403770,8.181397
8.404180,8.181397
8.404590,8.181397
8.405000,8.181397
8.405410,8.181397
8.405820,8.181397
8.406230,8.181397
8.406640,8.181397
8.407050,8.181397
8.407460,8.181397
8.407870,8.181397
8.408280,8.181397
8.408690,8.181397
8.409100,8.181397
8.409510,8.181397
8.409920,8.181397
8.410330,8.181397
8.410740,8.181397
8.411150,8.181397
8.411560,8.181397
8.411970,8.181397
8.412380,8.181397
8.412790,8.181397
8.413200,8.181397
8.413610,8.181397
8.414020,8.181397
8.414430,8.181397
8.414840,8.181397
8.415251,8.181397
8.415661,8.181397
8.416071,8.181397
8.416481,8.181397
8.416891,8.181397
8.417301,8.181397
8.417711,8.181397
8.418121,8.181397
8.418531,8.181397
8.418941,8.181397
8.419351,8.181397
8.419761,8.181397
8.420171,8.181397
8.420581,8.181397
8.420991,8.181397
8.421401,8.181397
8.421811,8.181397
8.422221,8.181397
8.422631,8.181397
8.423041,8.181397
8.423451,8.181397
8.423861,8.181397
8.424271,8.181397
8.424681,8.181397
8.425091,8.181397
8.425501,8.181397
8.425911,8.181397
8.426321,8.181397
8.426731,8.181397
8.427141,8.181397
8.427551,8.181397
8.427961,8.181397
8.428371,8.181397
8.428781,8.181397
8.429191,8.181397
8.429601,8.181397
8.430011,8.181397
8.430421,8.181397
8.430831,8.181397
8.431241,8.181397
8.431651,8.181397
8.432061,8.181397
8.432471,8.181397
8.432881,8.181397
8.433291,8.181397
8.433701,8.181397
8.434111,8.181397
8.434521,8.181397
8.434931,8.181397
8.435341,8.181397
8.435751,8.181397
8.436161,8.181397
8.436571,8.181397
8.436981,8.181397
8.437391,8.181397
8.437801,8.181397
8.438211,8.181397
8.438621,8.181397
8.439031,8.181397
8.439441,8.181397
8.439851,8.181397
8.440261,8.181397
8.440671,8.181397
8.441081,8.181397
8.441491,8.181397
8.441901,8.181397
8.442311,8.181397
8.442721,8.181397
8.443131,8.181397
8.443541,8.181397
8.443951,8.181397
8.444361,8.181397
8.444771,8.181397
8.445182,8.181397
8.445592,8.181397
8.446002,8.181397
8.446412,8.181397
8.446822,8.181397
8.447232,8.181397
8.447642,8.181397
8.448052,8.181397
8.448462,8.181397
8.448872,8.181397
8.449282,8.181397
8.449692,8.181397
8.450102,8.181397
8.450512,8.181397
8.450922,8.181397
8.451332,8.181397
8.451742,8.181397
8.452152,8.181397
8.452562,8.181397
8.452972,8.181397
8.453382,8.181397
8.453792,8.181397
8.454202,8.181397
8.454612,8.181397
8.455022,8.181397
8.455432,8.181397
8.455842,8.181397
8.456252,8.181397
8.456662,8.181397
8.457072,8.181397
8.457482,8.181397
8.457892,8.181397
8.458302,8.181397
8.458712,8.181397
8.459122,8.181397
8.459532,8.181397
8.459942,8.181397
8.460352,8.181397
8.460762,8.181397
8.461172,8.181397
8.461582,8.181397
8.461992,8.181397
8.462402,8.181397
8.462812,8.181397
8.463222,8.181397
8.463632,8.181397
8.464042,8.181397
8.464452,8.181397
8.464862,8.181397
8.465272,8.181397
8.465682,8.181397
8.466092,8.181397
8.466502,8.181397
8.466912,8.181397
8.467322,8.181397
8.467732,8.181397
8.468142,8.181397
8.468552,8.181397
8.468962,8.181397
8.469372,8.181397
8.469782,8.181397
8.470192,8.181397
8.470602,8.181397
8.471012,8.181397
8.471422,8.181397
8.471832,8.181397
8.472242,8.181397
8.472652,8.181397
8.473062,8.181397
8.473472,8.181397
8.473882,8.181397
8.474292,8.181397
8.474702,8.181397
8.475113,8.181397
8.475523,8.181397
8.475933,8.181397
8.476343,8.181397
8.476753,8.181397
8.477163,8.181397
8.477573,8.181397
8.477983,8.181397
8.478393,8.181397
8.478803,8.181397
8.479213,8.181397
8.479623,8.181397
8.480033,8.181397
8.480443,8.181397
8.480853,8.181397
8.481263,8.181397
8.481673,8.181397
8.482083,8.181397
8.482493,8.181397
8.482903,8.181397
8.483313,8.181397
8.483723,8.181397
8.484133,8.181397
8.484543,8.181397
8.484953,8.181397
8.485363,8.181397
8.485773,8.181397
8.486183,8.181397
8.486593,8.181397
8.487003,8.181397
8.487413,8.181397
8.487823,8.181397
8.488233,8.181397
8.488643,8.181397
8.489053,8.181397
8.489463,8.181397
8.489873,8.181397
8.490283,8.181397
8.490693,8.181397
8.491103,8.181397
8.491513,8.181397
8.491923,8.181397
8.492333,8.181397
8.492743,8.181397
8.493153,8.181397
8.493563,8.181397
8.493973,8.181397
8.494383,8.181397
8.494793,8.181397
8.495203,8.181397
8.495613,8.181397
8.496023,8.181397
8.496433,8.181397
8.496843,8.181397
8.497253,8.181397
8.497663,8.181397
8.498073,8.181397
8.498483,8.181397
8.498893,8.181397
8.499303,8.181397
8.499713,8.181397
8.500123,8.181397
8.500533,8.181397
8.500943,8.181397
8.501353,8.181397
8.501763,8.181397
8.502173,8.181397
8.502583,8.181397
8.502993,8.181397
8.503403,8.181397
8.503813,8.181397
8.504223,8.181397
8.504633,8.181397
8.505044,8.181397
8.505454,8.181397
8.505864,8.181397
8.506274,8.181397
8.506684,8.181397
8.507094,8.181397
8.507504,8.181397
8.507914,8.181397
8.508324,8.181397
8.508734,8.181397
8.509144,8.181397
8.509554,8.181397
8.509964,8.181397
8.510374,8.181397
8.510784,8.181397
8.511194,8.181397
8.511604,8.181397
8.512014,8.181397
8.512424,8.181397
8.512834,8.181397
8.513244,8.181397
8.513654,8.181397
8.514064,8.181397
8.514474,8.181397
8.514884,8.181397
8.515294,8.181397
8.515704,8.181397
8.516114,8.181397
8.516524,8.181397
8.516934,8.181397
8.517344,8.181397
8.517754,8.181397
8.518164,8.181397
8.518574,8.181397
8.518984,8.181397
8.519394,8.181397
8.519804,8.181397
8.520214,8.181397
8.520624,8.181397
8.521034,8.181397
8.521444,8.181397
8.521854,8.181397
8.522264,8.181397
8.522674,8.181397
8.523084,8.181397
8.523494,8.181397
8.523904,8.181397
8.524314,8.181397
8.524724,8.181397
8.525134,8.181397
8.525544,8.181397
8.525954,8.181397
8.526364,8.181397
8.526774,8.181397
8.527184,8.181397
8.527594,8.181397
8.528004,8.181397
8.528414,8.181397
8.528824,8.181397
8.529234,8.181397
8.529644,8.181397
8.530054,8.181397
8.530464,8.181397
8.530874,8.181397
8.531284,8.181397
8.531694,8.181397
8.532104,8.181397
8.532514,8.181397
8.532924,8.181397
8.533334,8.181397
8.533744,8.181397
8.534154,8.181397
8.534564,8.181397
8.534974,8.181397
8.535385,8.181397
8.535795,8.181397
8.536205,8.181397
8.536615,8.181397
8.537025,8.181397
8.537435,8.181397
8.537845,8.181397
8.538255,8.181397
8.538665,8.181397
8.539075,8.181397
8.539485,8.181397
8.539895,8.181397
8.540305,8.181397
8.540715,8.181397
8.541125,8.181397
8.541535,8.181397
8.541945,8.181397
8.542355,8.181397
8.542765,8.181397
8.543175,8.181397
8.543585,8.181397
8.543995,8.181397
8.544405,8.181397
8.544815,8.181397
8.545225,8.181397
8.545635,8.181397
8.546045,8.181397
8.546455,8.181397
8.546865,8.181397
8.547275,8.181397
8.547685,8.181397
8.548095,8.181397
8.548505,8.181397
8.548915,8.181397
8.549325,8.181397
8.549735,8.181397
8.550145,8.181397
8.550555,8.181397
8.550965,8.181397
8.551375,8.181397
8.551785,8.181397
8.552195,8.181397
8.552605,8.181397
8.553015,8.181397
8.553425,8.181397
8.553835,8.181397
8.554245,8.181397
8.554655,8.181397
8.555065,8.181397
8.555475,8.181397
8.555885,8.181397
8.556295,8.181397
8.556705,8.181397
8.557115,8.181397
8.557525,8.181397
8.557935,8.181397
8.558345,8.181397
8.558755,8.181397
8.559165,8.181397
8.559575,8.181397
8.559985,8.181397
8.560395,8.181397
8.560805,8.181397
8.561215,8.181397
8.561625,8.181397
8.562035,8.181397
8.562445,8.181397
8.562855,8.181397
8.563265,8.181397
8.563675,8.181397
8.564085,8.181397
8.564495,8.181397
8.564905,8.181397
8.565316,8.181397
8.565726,8.181397
8.566136,8.181397
8.566546,8.181397
8.566956,8.181397
8.567366,8.181397
8.567776,8.181397
8.568186,8.181397
8.568596,8.181397
8.569006,8.181397
8.569416,8.181397
8.569826,8.181397
8.570236,8.181397
8.570646,8.181397
8.571056,8.181397
8.571466,8.181397
8.571876,8.181397
8.572286,8.181397
8.572696,8.181397
8.573106,8.181397
8.573516,8.181397
8.573926,8.181397
8.574336,8.181397
8.574746,8.181397
8.575156,8.181397
8.575566,8.181397
8.575976,8.181397
8.576386,8.181397
8.576796,8.181397
8.577206,8.181397
8.577616,8.181397
8.578026,8.181397
8.578436,8.181397
8.578846,8.181397
8.579256,8.181397
8.579666,8.181397
8.580076,8.181397
8.580486,8.181397
8.580896,8.181397
8.581306,8.181397
8.581716,8.181397
8.582126,8.181397
8.582536,8.181397
8.582946,8.181397
8.583356,8.181397
8.583766,8.181397
8.584176,8.181397
8.584586,8.181397
8.584996,8.181397
8.585406,8.181397
8.585816,8.181397
8.586226,8.181397
8.586636,8.181397
8.587046,8.181397
8.587456,8.181397
8.587866,8.181397
8.588276,8.181397
8.588686,8.181397
8.589096,8.181397
8.589506,8.181397
8.589916,8.181397
8.590326,8.181397
8.590736,8.181397
8.591146,8.181397
8.591556,8.181397
8.591966,8.181397
8.592376,8.181397
8.592786,8.181397
8.593196,8.181397
8.593606,8.181397
8.594016,8.181397
8.594426,8.181397
8.594836,8.181397
8.595247,8.181397
8.595657,8.181397
8.596067,8.181397
8.596477,8.181397
8.596887,8.181397
8.597297,8.181397
8.597707,8.181397
8.598117,8.181397
8.598527,8.181397
8.598937,8.181397
8.599347,8.181397
8.599757,8.181397
8.600167,8.181397
8.600577,8.181397
8.600987,8.181397
8.601397,8.181397
8.601807,8.181397
8.602217,8.181397
8.602627,8.181397
8.603037,8.181397
8.603447,8.181397
8.603857,8.181397
8.604267,8.181397
8.604677,8.181397
8.605087,8.181397
8.605497,8.181397
8.605907,8.181397
8.606317,8.181397
8.606727,8.181397
8.607137,8.181397
8.607547,8.181397
8.607957,8.181397
8.608367,8.181397
8.608777,8.181397
8.609187,8.181397
8.609597,8.181397
8.610007,8.181397
8.610417,8.181397
8.610827,8.181397
8.611237,8.181397
8.611647,8.181397
8.612057,8.181397
8.612467,8.181397
8.612877,8.181397
8.613287,8.181397
8.613697,8.181397
8.614107,8.181397
8.614517,8.181397
8.614927,8.181397
8.615337,8.181397
8.615747,8.181397
8.616157,8.181397
8.616567,8.181397
8.616977,8.181397
8.617387,8.181397
8.617797,8.181397
8.618207,8.181397
8.618617,8.181397
8.619027,8.181397
8.619437,8.181397
8.619847,8.181397
8.620257,8.181397
8.620667,8.181397
8.621077,8.181397
8.621487,8.181397
8.621897,8.181397
8.622307,8.181397
8.622717,8.181397
8.623127,8.181397
8.623537,8.181397
8.623947,8.181397
8.624357,8.181397
8.624767,8.181397
8.625178,8.181397
8.625588,8.181397
8.625998,8.181397
8.626408,8.181397
8.626818,8.181397
8.627228,8.181397
8.627638,8.181397
8.628048,8.181397
8.628458,8.181397
8.628868,8.181397
8.629278,8.181397
8.629688,8.181397
8.630098,8.181397
8.630508,8.181397
8.630918,8.181397
8.631328,8.181397
8.631738,8.181397
8.632148,8.181397
8.632558,8.181397
8.632968,8.181397
8.633378,8.181397
8.633788,8.181397
8.634198,8.181397
8.634608,8.181397
8.635018,8.181397
8.635428,8.181397
8.635838,8.181397
8.636248,8.181397
8.636658,8.181397
8.637068,8.181397
8.637478,8.181397
8.637888,8.181397
8.638298,8.181397
8.638708,8.181397
8.639118,8.181397
8.639528,8.181397
8.639938,8.181397
8.640348,8.181397
8.640758,8.181397
8.641168,8.181397
8.641578,8.181397
8.641988,8.181397
8.642398,8.181397
8.642808,8.181397
8.643218,8.181397
8.643628,8.181397
8.644038,8.181397
8.644448,8.181397
8.644858,8.181397
8.645268,8.181397
8.645678,8.181397
8.646088,8.181397
8.646498,8.181397
8.646908,8.181397
8.647318,8.181397
8.647728,8.181397
8.648138,8.181397
8.648548,8.181397
8.648958,8.181397
8.649368,8.181397
8.649778,8.181397
8.650188,8.181397
8.650598,8.181397
8.651008,8.181397
8.651418,8.181397
8.651828,8.181397
8.652238,8.181397
8.652648,8.181397
8.653058,8.181397
8.653468,8.181397
8.653878,8.181397
8.654288,8.181397
8.654698,8.181397
8.655109,8.181397
8.655519,8.181397
8.655929,8.181397
8.656339,8.181397
8.656749,8.181397
8.657159,8.181397
8.657569,8.181397
8.657979,8.181397
8.658389,8.181397
8.658799,8.181397
8.659209,8.181397
8.659619,8.181397
8.660029,8.181397
8.660439,8.181397
8.660849,8.181397
8.661259,8.181397
8.661669,8.181397
8.662079,8.181397
8.662489,8.181397
8.662899,8.181397
8.663309,8.181397
8.663719,8.181397
8.664129,8.181397
8.664539,8.181397
8.664949,8.181397
8.665359,8.181397
8.665769,8.181397
8.666179,8.181397
8.666589,8.181397
8.666999,8.181397
8.667409,8.181397
8.667819,8.181397
8.668229,8.181397
8.668639,8.181397
8.669049,8.181397
8.669459,8.181397
8.669869,8.181397
8.670279,8.181397
8.670689,8.181397
8.671099,8.181397
8.671509,8.181397
8.671919,8.181397
8.672329,8.181397
8.672739,8.181397
8.673149,8.181397
8.673559,8.181397
8.673969,8.181397
8.674379,8.181397
8.674789,8.181397
8.675199,8.181397
8.675609,8.181397
8.676019,8.181397
8.676429,8.181397
8.676839,8.181397
8.677249,8.181397
8.677659,8.181397
8.678069,8.181397
8.678479,8.181397
8.678889,8.181397
8.679299,8.181397
8.679709,8.181397
8.680119,8.181397
8.680529,8.181397
8.680939,8.181397
8.681349,8.181397
8.681759,8.181397
8.682169,8.181397
8.682579,8.181397
8.682989,8.181397
8.683399,8.181397
8.683809,8.181397
8.684219,8.181397
8.684629,8.181397
8.685040,8.181397
8.685450,8.181397
8.685860,8.181397
8.686270,8.181397
8.686680,8.181397
8.687090,8.181397
8.687500,8.181397
8.687910,8.181397
8.688320,8.181397
8.688730,8.181397
8.689140,8.181397
8.689550,8.181397
8.689960,8.181397
8.690370,8.181397
8.690780,8.181397
8.691190,8.181397
8.691600,8.181397
8.692010,8.181397
8.692420,8.181397
8.692830,8.181397
8.693240,8.181397
8.693650,8.181397
8.694060,8.181397
8.694470,8.181397
8.694880,8.181397
8.695290,8.181397
8.695700,8.181397
8.696110,8.181397
8.696520,8.181397
8.696930,8.181397
8.697340,8.181397
8.697750,8.181397
8.698160,8.181397
8.698570,8.181397
8.698980,8.181397
8.699390,8.181397
8.699800,8.181397
8.700210,8.181397
8.700620,8.181397
8.701030,8.181397
8.701440,8.181397
8.701850,8.181397
8.702260,8.181397
8.702670,8.181397
8.703080,8.181397
8.703490,8.181397
8.703900,8.181397
8.704310,8.181397
8.704720,8.181397
8.705130,8.181397
8.705540,8.181397
8.705950,8.181397
8.706360,8.181397
8.706770,8.181397
8.707180,8.181397
8.707590,8.181397
8.708000,8.181397
8.708410,8.181397
8.708820,8.181397
8.709230,8.181397
8.709640,8.181397
8.710050,8.181397
8.710460,8.181397
8.710870,8.181397
8.711280,8.181397
8.711690,8.181397
8.712100,8.181397
8.712510,8.181397
8.712920,8.181397
8.713330,8.181397
8.713740,8.181397
8.714150,8.181397
8.714560,8.181397
8.714970,8.181397
8.715381,8.181397
8.715791,8.181397
8.716201,8.181397
8.716611,8.181397
8.717021,8.181397
8.717431,8.181397
8.717841,8.181397
8.718251,8.181397
8.718661,8.181397
8.719071,8.181397
8.719481,8.181397
8.719891,8.181397
8.720301,8.181397
8.720711,8.181397
8.721121,8.181397
8.721531,8.181397
8.721941,8.181397
8.722351,8.181397
8.722761,8.181397
8.723171,8.181397
8.723581,8.181397
8.723991,8.181397
8.724401,8.181397
8.724811,8.181397
8.725221,8.181397
8.725631,8.181397
8.726041,8.181397
8.726451,8.181397
8.726861,8.181397
8.727271,8.181397
8.727681,8.181397
8.728091,8.181397
8.728501,8.181397
8.728911,8.181397
8.729321,8.181397
8.729731,8.181397
8.730141,8.181397
8.730551,8.181397
8.730961,8.181397
8.731371,8.181397
8.731781,8.181397
8.732191,8.181397
8.732601,8.181397
8.733011,8.181397
8.733421,8.181397
8.733831,8.181397
8.734241,8.181397
8.734651,8.181397
8.735061,8.181397
8.735471,8.181397
8.735881,8.181397
8.736291,8.181397
8.736701,8.181397
8.737111,8.181397
8.737521,8.181397
8.737931,8.181397
8.738341,8.181397
8.738751,8.181397
8.739161,8.181397
8.739571,8.181397
8.739981,8.181397
8.740391,8.181397
8.740801,8.181397
8.741211,8.181397
8.741621,8.181397
8.742031,8.181397
8.742441,8.181397
8.742851,8.181397
8.743261,8.181397
8.743671,8.181397
8.744081,8.181397
8.744491,8.181397
8.744901,8.181397
8.745312,8.181397
8.745722,8.181397
8.746132,8.181397
8.746542,8.181397
8.746952,8.181397
8.747362,8.181397
8.747772,8.181397
8.748182,8.181397
8.748592,8.181397
8.749002,8.181397
8.749412,8.181397
8.749822,8.181397
8.750232,8.181397
8.750642,8.181397
8.751052,8.181397
8.751462,8.181397
8.751872,8.181397
8.752282,8.181397
8.752692,8.181397
8.753102,8.181397
8.753512,8.181397
8.753922,8.181397
8.754332,8.181397
8.754742,8.181397
8.755152,8.181397
8.755562,8.181397
8.755972,8.181397
8.756382,8.181397
8.756792,8.181397
8.757202,8.181397
8.757612,8.181397
8.758022,8.181397
8.758432,8.181397
8.758842,8.181397
8.759252,8.181397
8.759662,8.181397
8.760072,8.181397
8.760482,8.181397
8.760892,8.181397
8.761302,8.181397
8.761712,8.181397
8.762122,8.181397
8.762532,8.181397
8.762942,8.181397
8.763352,8.181397
8.763762,8.181397
8.764172,8.181397
8.764582,8.181397
8.764992,8.181397
8.765402,8.181397
8.765812,8.181397
8.766222,8.181397
8.766632,8.181397
8.767042,8.181397
8.767452,8.181397
8.767862,8.181397
8.768272,8.181397
8.768682,8.181397
8.769092,8.181397
8.769502,8.181397
8.769912,8.181397
8.770322,8.181397
8.770732,8.181397
8.771142,8.181397
8.771552,8.181397
8.771962,8.181397
8.772372,8.181397
8.772782,8.181397
8.773192,8.181397
8.773602,8.181397
8.774012,8.181397
8.774422,8.181397
8.774832,8.181397
8.775243,8.181397
8.775653,8.181397
8.776063,8.181397
8.776473,8.181397
8.776883,8.181397
8.777293,8.181397
8.777703,8.181397
8.778113,8.181397
8.778523,8.181397
8.778933,8.181397
8.779343,8.181397
8.779753,8.181397
8.780163,8.181397
8.780573,8.181397
8.780983,8.181397
8.781393,8.181397
8.781803,8.181397
8.782213,8.181397
8.782623,8.181397
8.783033,8.181397
8.783443,8.181397
8.783853,8.181397
8.784263,8.181397
8.784673,8.181397
8.785083,8.181397
8.785493,8.181397
8.785903,8.181397
8.786313,8.181397
8.786723,8.181397
8.787133,8.181397
8.787543,8.181397
8.787953,8.181397
8.788363,8.181397
8.788773,8.181397
8.789183,8.181397
8.789593,8.181397
8.790003,8.181397
8.790413,8.181397
8.790823,8.181397
8.791233,8.181397
8.791643,8.181397
8.792053,8.181397
8.792463,8.181397
8.792873,8.181397
8.793283,8.181397
8.793693,8.181397
8.794103,8.181397
8.794513,8.181397
8.794923,8.181397
8.795333,8.181397
8.795743,8.181397
8.796153,8.181397
8.796563,8.181397
8.796973,8.181397
8.797383,8.181397
8.797793,8.181397
8.798203,8.181397
8.798613,8.181397
8.799023,8.181397
8.799433,8.181397
8.799843,8.181397
8.800253,8.181397
8.800663,8.181397
8.801073,8.181397
8.801483,8.181397
8.801893,8.181397
8.802303,8.181397
8.802713,8.181397
8.803123,8.181397
8.803533,8.181397
8.803943,8.181397
8.804353,8.181397
8.804763,8.181397
8.805174,8.181397
8.805584,8.181397
8.805994,8.181397
8.806404,8.181397
8.806814,8.181397
8.807224,8.181397
8.807634,8.181397
8.808044,8.181397
8.808454,8.181397
8.808864,8.181397
8.809274,8.181397
8.809684,8.181397
8.810094,8.181397
8.810504,8.181397
8.810914,8.181397
8.811324,8.181397
8.811734,8.181397
8.812144,8.181397
8.812554,8.181397
8.812964,8.181397
8.813374,8.181397
8.813784,8.181397
8.814194,8.181397
8.814604,8.181397
8.815014,8.181397
8.815424,8.181397
8.815834,8.181397
8.816244,8.181397
8.816654,8.181397
8.817064,8.181397
8.817474,8.181397
8.817884,8.181397
8.818294,8.181397
8.818704,8.181397
8.819114,8.181397
8.819524,8.181397
8.819934,8.181397
8.820344,8.181397
8.820754,8.181397
8.821164,8.181397
8.821574,8.181397
8.821984,8.181397
8.822394,8.181397
8.822804,8.181397
8.823214,8.181397
8.823624,8.181397
8.824034,8.181397
8.824444,8.181397
8.824854,8.181397
8.825264,8.181397
8.825674,8.181397
8.826084,8.181397
8.826494,8.181397
8.826904,8.181397
8.827314,8.181397
8.827724,8.181397
8.828134,8.181397
8.828544,8.181397
8.828954,8.181397
8.829364,8.181397
8.829774,8.181397
8.830184,8.181397
8.830594,8.181397
8.831004,8.181397
8.831414,8.181397
8.831824,8.181397
8.832234,8.181397
8.832644,8.181397
8.833054,8.181397
8.833464,8.181397
8.833874,8.181397
8.834284,8.181397
8.834694,8.181397
8.835105,8.181397
8.835515,8.181397
8.835925,8.181397
8.836335,8.181397
8.836745,8.181397
8.837155,8.181397
8.837565,8.181397
8.837975,8.181397
8.838385,8.181397
8.838795,8.181397
8.839205,8.181397
8.839615,8.181397
8.840025,8.181397
8.840435,8.181397
8.840845,8.181397
8.841255,8.181397
8.841665,8.181397
8.842075,8.181397
8.842485,8.181397
8.842895,8.181397
8.843305,8.181397
8.843715,8.181397
8.844125,8.181397
8.844535,8.181397
8.844945,8.181397
8.845355,8.181397
8.845765,8.181397
8.846175,8.181397
8.846585,8.181397
8.846995,8.181397
8.847405,8.181397
8.847815,8.181397
8.848225,8.181397
8.848635,8.181397
8.849045,8.181397
8.849455,8.181397
8.849865,8.181397
8.850275,8.181397
8.850685,8.181397
8.851095,8.181397
8.851505,8.181397
8.851915,8.181397
8.852325,8.181397
8.852735,8.181397
8.853145,8.181397
8.853555,8.181397
8.853965,8.181397
8.854375,8.181397
8.854785,8.181397
8.855195,8.181397
8.855605,8.181397
8.856015,8.181397
8.856425,8.181397
8.856835,8.181397
8.857245,8.181397
8.857655,8.181397
8.858065,8.181397
8.858475,8.181397
8.858885,8.181397
8.859295,8.181397
8.859705,8.181397
8.860115,8.181397
8.860525,8.181397
8.860935,8.181397
8.861345,8.181397
8.861755,8.181397
8.862165,8.181397
8.862575,8.181397
8.862985,8.181397
8.863395,8.181397
8.863805,8.181397
8.864215,8.181397
8.864625,8.181397
8.865036,8.181397
8.865446,8.181397
8.865856,8.181397
8.866266,8.181397
8.866676,8.181397
8.867086,8.181397
8.867496,8.181397
8.867906,8.181397
8.868316,8.181397
8.868726,8.181397
8.869136,8.181397
8.869546,8.181397
8.869956,8.181397
8.870366,8.181397
8.870776,8.181397
8.871186,8.181397
8.871596,8.181397
8.872006,8.181397
8.872416,8.181397
8.872826,8.181397
8.873236,8.181397
8.873646,8.181397
8.874056,8.181397
8.874466,8.181397
8.874876,8.181397
8.875286,8.181397
8.875696,8.181397
8.876106,8.181397
8.876516,8.181397
8.876926,8.181397
8.877336,8.181397
8.877746,8.181397
8.878156,8.181397
8.878566,8.181397
8.878976,8.181397
8.879386,8.181397
8.879796,8.181397
8.880206,8.181397
8.880616,8.181397
8.881026,8.181397
8.881436,8.181397
8.881846,8.181397
8.882256,8.181397
8.882666,8.181397
8.883076,8.181397
8.883486,8.181397
8.883896,8.181397
8.884306,8.181397
8.884716,8.181397
8.885126,8.181397
8.885536,8.181397
8.885946,8.181397
8.886356,8.181397
8.886766,8.181397
8.887176,8.181397
8.887586,8.181397
8.887996,8.181397
8.888406,8.181397
8.888816,8.181397
8.889226,8.181397
8.889636,8.181397
8.890046,8.181397
8.890456,8.181397
8.890866,8.181397
8.891276,8.181397
8.891686,8.181397
8.892096,8.181397
8.892506,8.181397
8.892916,8.181397
8.893326,8.181397
8.893736,8.181397
8.894146,8.181397
8.894556,8.181397
8.894966,8.181397
8.895377,8.181397
8.895787,8.181397
8.896197,8.181397
8.896607,8.181397
8.897017,8.181397
8.897427,8.181397
8.897837,8.181397
8.898247,8.181397
8.898657,8.181397
8.899067,8.181397
8.899477,8.181397
8.899887,8.181397
8.900297,8.181397
8.900707,8.181397
8.901117,8.181397
8.901527,8.181397
8.901937,8.181397
8.902347,8.181397
8.902757,8.181397
8.903167,8.181397
8.903577,8.181397
8.903987,8.181397
8.904397,8.181397
8.904807,8.181397
8.905217,8.181397
8.905627,8.181397
8.906037,8.181397
8.906447,8.181397
8.906857,8.181397
8.907267,8.181397
8.907677,8.181397
8.908087,8.181397
8.908497,8.181397
8.908907,8.181397
8.909317,8.181397
8.909727,8.181397
8.910137,8.181397
8.910547,8.181397
8.910957,8.181397
8.911367,8.181397
8.911777,8.181397
8.912187,8.181397
8.912597,8.181397
8.913007,8.181397
8.913417,8.181397
8.913827,8.181397
8.914237,8.181397
8.914647,8.181397
8.915057,8.181397
8.915467,8.181397
8.915877,8.181397
8.916287,8.181397
8.916697,8.181397
8.917107,8.181397
8.917517,8.181397
8.917927,8.181397
8.918337,8.181397
8.918747,8.181397
8.919157,8.181397
8.919567,8.181397
8.919977,8.181397
8.920387,8.181397
8.920797,8.181397
8.921207,8.181397
8.921617,8.181397
8.922027,8.181397
8.922437,8.181397
8.922847,8.181397
8.923257,8.181397
8.923667,8.181397
8.924077,8.181397
8.924487,8.181397
8.924897,8.181397
8.925308,8.181397
8.925718,8.181397
8.926128,8.181397
8.926538,8.181397
8.926948,8.181397
8.927358,8.181397
8.927768,8.181397
8.928178,8.181397
8.928588,8.181397
8.928998,8.181397
8.929408,8.181397
8.929818,8.181397
8.930228,8.181397
8.930638,8.181397
8.931048,8.181397
8.931458,8.181397
8.931868,8.181397
8.932278,8.181397
8.932688,8.181397
8.933098,8.181397
8.933508,8.181397
8.933918,8.181397
8.934328,8.181397
8.934738,8.181397
8.935148,8.181397
8.935558,8.181397
8.935968,8.181397
8.936378,8.181397
8.936788,8.181397
8.937198,8.181397
8.937608,8.181397
8.938018,8.181397
8.938428,8.181397
8.938838,8.181397
8.939248,8.181397
8.939658,8.181397
8.940068,8.181397
8.940478,8.181397
8.940888,8.181397
8.941298,8.181397
8.941708,8.181397
8.942118,8.181397
8.942528,8.181397
8.942938,8.181397
8.943348,8.181397
8.943758,8.181397
8.944168,8.181397
8.944578,8.181397
8.944988,8.181397
8.945398,8.181397
8.945808,8.181397
8.946218,8.181397
8.946628,8.181397
8.947038,8.181397
8.947448,8.181397
8.947858,8.181397
8.948268,8.181397
8.948678,8.181397
8.949088,8.181397
8.949498,8.181397
8.949908,8.181397
8.950318,8.181397
8.950728,8.181397
8.951138,8.181397
8.951548,8.181397
8.951958,8.181397
8.952368,8.181397
8.952778,8.181397
8.953188,8.181397
8.953598,8.181397
8.954008,8.181397
8.954418,8.181397
8.954828,8.181397
8.955239,8.181397
8.955649,8.181397
8.956059,8.181397
8.956469,8.181397
8.956879,8.181397
8.957289,8.181397
8.957699,8.181397
8.958109,8.181397
8.958519,8.181397
8.958929,8.181397
8.959339,8.181397
8.959749,8.181397
8.960159,8.181397
8.960569,8.181397
8.960979,8.181397
8.961389,8.181397
8.961799,8.181397
8.962209,8.181397
8.962619,8.181397
8.963029,8.181397
8.963439,8.181397
8.963849,8.181397
8.964259,8.181397
8.964669,8.181397
8.965079,8.181397
8.965489,8.181397
8.965899,8.181397
8.966309,8.181397
8.966719,8.181397
8.967129,8.181397
8.967539,8.181397
8.967949,8.181397
8.968359,8.181397
8.968769,8.181397
8.969179,8.181397
8.969589,8.181397
8.969999,8.181397
8.970409,8.181397
8.970819,8.181397
8.971229,8.181397
8.971639,8.181397
8.972049,8.181397
8.972459,8.181397
8.972869,8.181397
8.973279,8.181397
8.973689,8.181397
8.974099,8.181397
8.974509,8.181397
8.974919,8.181397
8.975329,8.181397
8.975739,8.181397
8.976149,8.181397
8.976559,8.181397
8.976969,8.181397
8.977379,8.181397
8.977789,8.181397
8.978199,8.181397
8.978609,8.181397
8.979019,8.181397
8.979429,8.181397
8.979839,8.181397
8.980249,8.181397
8.980659,8.181397
8.981069,8.181397
8.981479,8.181397
8.981889,8.181397
8.982299,8.181397
8.982709,8.181397
8.983119,8.181397
8.983529,8.181397
8.983939,8.181397
8.984349,8.181397
8.984759,8.181397
8.985170,8.181397
8.985580,8.181397
8.985990,8.181397
8.986400,8.181397
8.986810,8.181397
8.987220,8.181397
8.987630,8.181397
8.988040,8.181397
8.988450,8.181397
8.988860,8.181397
8.989270,8.181397
8.989680,8.181397
8.990090,8.181397
8.990500,8.181397
8.990910,8.181397
8.991320,8.181397
8.991730,8.181397
8.992140,8.181397
8.992550,8.181397
8.992960,8.181397
8.993370,8.181397
8.993780,8.181397
8.994190,8.181397
8.994600,8.181397
8.995010,8.181397
8.995420,8.181397
8.995830,8.181397
8.996240,8.181397
8.996650,8.181397
8.997060,8.181397
8.997470,8.181397
8.997880,8.181397
8.998290,8.181397
8.998700,8.181397
8.999110,8.181397
8.999520,8.181397
8.999930,8.181397
9.000340,8.181397
9.000750,8.181397
9.001160,8.181397
9.001570,8.181397
9.001980,8.181397
9.002390,8.181397
9.002800,8.181397
9.003210,8.181397
9.003620,8.181397
9.004030,8.181397
9.004440,8.181397
9.004850,8.181397
9.005260,8.181397
9.005670,8.181397
9.006080,8.181397
9.006490,8.181397
9.006900,8.181397
9.007310,8.181397
9.007720,8.181397
9.008130,8.181397
9.008540,8.181397
9.008950,8.181397
9.009360,8.181397
9.009770,8.181397
9.010180,8.181397
9.010590,8.181397
9.011000,8.181397
9.011410,8.181397
9.011820,8.181397
9.012230,8.181397
9.012640,8.181397
9.013050,8.181397
9.013460,8.181397
9.013870,8.181397
9.014280,8.181397
9.014690,8.181397
9.015101,8.181397
9.015511,8.181397
9.015921,8.181397
9.016331,8.181397
9.016741,8.181397
9.017151,8.181397
9.017561,8.181397
9.017971,8.181397
9.018381,8.181397
9.018791,8.181397
9.019201,8.181397
9.019611,8.181397
9.020021,8.181397
9.020431,8.181397
9.020841,8.181397
9.021251,8.181397
9.021661,8.181397
9.022071,8.181397
9.022481,8.181397
9.022891,8.181397
9.023301,8.181397
9.023711,8.181397
9.024121,8.181397
9.024531,8.181397
9.024941,8.181397
9.025351,8.181397
9.025761,8.181397
9.026171,8.181397
9.026581,8.181397
9.026991,8.181397
9.027401,8.181397
9.027811,8.181397
9.028221,8.181397
9.028631,8.181397
9.029041,8.181397
9.029451,8.181397
9.029861,8.181397
9.030271,8.181397
9.030681,8.181397
9.031091,8.181397
9.031501,8.181397
9.031911,8.181397
9.032321,8.181397
9.032731,8.181397
9.033141,8.181397
9.033551,8.181397
9.033961,8.181397
9.034371,8.181397
9.034781,8.181397
9.035191,8.181397
9.035601,8.181397
9.036011,8.181397
9.036421,8.181397
9.036831,8.181397
9.037241,8.181397
9.037651,8.181397
9.038061,8.181397
9.038471,8.181397
9.038881,8.181397
9.039291,8.181397
9.039701,8.181397
9.040111,8.181397
9.040521,8.181397
9.040931,8.181397
9.041341,8.181397
9.041751,8.181397
9.042161,8.181397
9.042571,8.181397
9.042981,8.181397
9.043391,8.181397
9.043801,8.181397
9.044211,8.181397
9.044621,8.181397
9.045032,8.181397
9.045442,8.181397
9.045852,8.181397
9.046262,8.181397
9.046672,8.181397
9.047082,8.181397
9.047492,8.181397
9.047902,8.181397
9.048312,8.181397
9.048722,8.181397
9.049132,8.181397
9.049542,8.181397
9.049952,8.181397
9.050362,8.181397
9.050772,8.181397
9.051182,8.181397
9.051592,8.181397
9.052002,8.181397
9.052412,8.181397
9.052822,8.181397
9.053232,8.181397
9.053642,8.181397
9.054052,8.181397
9.054462,8.181397
9.054872,8.181397
9.055282,8.181397
9.055692,8.181397
9.056102,8.181397
9.056512,8.181397
9.056922,8.181397
9.057332,8.181397
9.057742,8.181397
9.058152,8.181397
9.058562,8.181397
9.058972,8.181397
9.059382,8.181397
9.059792,8.181397
9.060202,8.181397
9.060612,8.181397
9.061022,8.181397
9.061432,8.181397
9.061842,8.181397
9.062252,8.181397
9.062662,8.181397
9.063072,8.181397
9.063482,8.181397
9.063892,8.181397
9.064302,8.181397
9.064712,8.181397
9.065122,8.181397
9.065532,8.181397
9.065942,8.181397
9.066352,8.181397
9.066762,8.181397
9.067172,8.181397
9.067582,8.181397
9.067992,8.181397
9.068402,8.181397
9.068812,8.181397
9.069222,8.181397
9.069632,8.181397
9.070042,8.181397
9.070452,8.181397
9.070862,8.181397
9.071272,8.181397
9.071682,8.181397
9.072092,8.181397
9.072502,8.181397
9.072912,8.181397
9.073322,8.181397
9.073732,8.181397
9.074142,8.181397
9.074552,8.181397
9.074962,8.181397
9.075373,8.181397
9.075783,8.181397
9.076193,8.181397
9.076603,8.181397
9.077013,8.181397
9.077423,8.181397
9.077833,8.181397
9.078243,8.181397
9.078653,8.181397
9.079063,8.181397
9.079473,8.181397
9.079883,8.181397
9.080293,8.181397
9.080703,8.181397
9.081113,8.181397
9.081523,8.181397
9.081933,8.181397
9.082343,8.181397
9.082753,8.181397
9.083163,8.181397
9.083573,8.181397
9.083983,8.181397
9.084393,8.181397
9.084803,8.181397
9.085213,8.181397
9.085623,8.181397
9.086033,8.181397
9.086443,8.181397
9.086853,8.181397
9.087263,8.181397
9.087673,8.181397
9.088083,8.181397
9.088493,8.181397
9.088903,8.181397
9.089313,8.181397
9.089723,8.181397
9.090133,8.181397
9.090543,8.181397
9.090953,8.181397
9.091363,8.181397
9.091773,8.181397
9.092183,8.181397
9.092593,8.181397
9.093003,8.181397
9.093413,8.181397
9.093823,8.181397
9.094233,8.181397
9.094643,8.181397
9.095053,8.181397
9.095463,8.181397
9.095873,8.181397
9.096283,8.181397
9.096693,8.181397
9.097103,8.181397
9.097513,8.181397
9.097923,8.181397
9.098333,8.181397
9.098743,8.181397
9.099153,8.181397
9.099563,8.181397
9.099973,8.181397
9.100383,8.181397
9.100793,8.181397
9.101203,8.181397
9.101613,8.181397
9.102023,8.181397
9.102433,8.181397
9.102843,8.181397
9.103253,8.181397
9.103663,8.181397
9.104073,8.181397
9.104483,8.181397
9.104893,8.181397
9.105304,8.181397
9.105714,8.181397
9.106124,8.181397
9.106534,8.181397
9.106944,8.181397
9.107354,8.181397
9.107764,8.181397
9.108174,8.181397
9.108584,8.181397
9.108994,8.181397
9.109404,8.181397
9.109814,8.181397
9.110224,8.181397
9.110634,8.181397
9.111044,8.181397
9.111454,8.181397
9.111864,8.181397
9.112274,8.181397
9.112684,8.181397
9.113094,8.181397
9.113504,8.181397
9.113914,8.181397
9.114324,8.181397
9.114734,8.181397
9.115144,8.181397
9.115554,8.181397
9.115964,8.181397
9.116374,8.181397
9.116784,8.181397
9.117194,8.181397
9.117604,8.181397
9.118014,8.181397
9.118424,8.181397
9.118834,8.181397
9.119244,8.181397
9.119654,8.181397
9.120064,8.181397
9.120474,8.181397
9.120884,8.181397
9.121294,8.181397
9.121704,8.181397
9.122114,8.181397
9.122524,8.181397
9.122934,8.181397
9.123344,8.181397
9.123754,8.181397
9.124164,8.181397
9.124574,8.181397
9.124984,8.181397
9.125394,8.181397
9.125804,8.181397
9.126214,8.181397
9.126624,8.181397
9.127034,8.181397
9.127444,8.181397
9.127854,8.181397
9.128264,8.181397
9.128674,8.181397
9.129084,8.181397
9.129494,8.181397
9.129904,8.181397
9.130314,8.181397
9.130724,8.181397
9.131134,8.181397
9.131544,8.181397
9.131954,8.181397
9.132364,8.181397
9.132774,8.181397
9.133184,8.181397
9.133594,8.181397
9.134004,8.181397
9.134414,8.181397
9.134824,8.181397
9.135235,8.181397
9.135645,8.181397
9.136055,8.181397
9.136465,8.181397
9.136875,8.181397
9.137285,8.181397
9.137695,8.181397
9.138105,8.181397
9.138515,8.181397
9.138925,8.181397
9.139335,8.181397
9.139745,8.181397
9.140155,8.181397
9.140565,8.181397
9.140975,8.181397
9.141385,8.181397
9.141795,8.181397
9.142205,8.181397
9.142615,8.181397
9.143025,8.181397
9.143435,8.181397
9.143845,8.181397
9.144255,8.181397
9.144665,8.181397
9.145075,8.181397
9.145485,8.181397
9.145895,8.181397
9.146305,8.181397
9.146715,8.181397
9.147125,8.181397
9.147535,8.181397
9.147945,8.181397
9.148355,8.181397
9.148765,8.181397
9.149175,8.181397
9.149585,8.181397
9.149995,8.181397
9.150405,8.181397
9.150815,8.181397
9.151225,8.181397
9.151635,8.181397
9.152045,8.181397
9.152455,8.181397
9.152865,8.181397
9.153275,8.181397
9.153685,8.181397
9.154095,8.181397
9.154505,8.181397
9.154915,8.181397
9.155325,8.181397
9.155735,8.181397
9.156145,8.181397
9.156555,8.181397
9.156965,8.181397
9.157375,8.181397
9.157785,8.181397
9.158195,8.181397
9.158605,8.181397
9.159015,8.181397
9.159425,8.181397
9.159835,8.181397
9.160245,8.181397
9.160655,8.181397
9.161065,8.181397
9.161475,8.181397
9.161885,8.181397
9.162295,8.181397
9.162705,8.181397
9.163115,8.181397
9.163525,8.181397
9.163935,8.181397
9.164345,8.181397
9.164755,8.181397
9.165166,8.181397
9.165576,8.181397
9.165986,8.181397
9.166396,8.181397
9.166806,8.181397
9.167216,8.181397
9.167626,8.181397
9.168036,8.181397
9.168446,8.181397
9.168856,8.181397
9.169266,8.181397
9.169676,8.181397
9.170086,8.181397
9.170496,8.181397
9.170906,8.181397
9.171316,8.181397
9.171726,8.181397
9.172136,8.181397
9.172546,8.181397
9.172956,8.181397
9.173366,8.181397
9.173776,8.181397
9.174186,8.181397
9.174596,8.181397
9.175006,8.181397
9.175416,8.181397
9.175826,8.181397
9.176236,8.181397
9.176646,8.181397
9.177056,8.181397
9.177466,8.181397
9.177876,8.181397
9.178286,8.181397
9.178696,8.181397
9.179106,8.181397
9.179516,8.181397
9.179926,8.181397
9.180336,8.181397
9.180746,8.181397
9.181156,8.181397
9.181566,8.181397
9.181976,8.181397
9.182386,8.181397
9.182796,8.181397
9.183206,8.181397
9.183616,8.181397
9.184026,8.181397
9.184436,8.181397
9.184846,8.181397
9.185256,8.181397
9.185666,8.181397
9.186076,8.181397
9.186486,8.181397
9.186896,8.181397
9.187306,8.181397
9.187716,8.181397
9.188126,8.181397
9.188536,8.181397
9.188946,8.181397
9.189356,8.181397
9.189766,8.181397
9.190176,8.181397
9.190586,8.181397
9.190996,8.181397
9.191406,8.181397
9.191816,8.181397
9.192226,8.181397
9.192636,8.181397
9.193046,8.181397
9.193456,8.181397
9.193866,8.181397
9.194276,8.181397
9.194686,8.181397
9.195097,8.181397
9.195507,8.181397
9.195917,8.181397
9.196327,8.181397
9.196737,8.181397
9.197147,8.181397
9.197557,8.181397
9.197967,8.181397
9.198377,8.181397
9.198787,8.181397
9.199197,8.181397
9.199607,8.181397
9.200017,8.181397
9.200427,8.181397
9.200837,8.181397
9.201247,8.181397
9.201657,8.181397
9.202067,8.181397
9.202477,8.181397
9.202887,8.181397
9.203297,8.181397
9.203707,8.181397
9.204117,8.181397
9.204527,8.181397
9.204937,8.181397
9.205347,8.181397
9.205757,8.181397
9.206167,8.181397
9.206577,8.181397
9.206987,8.181397
9.207397,8.181397
9.207807,8.181397
9.208217,8.181397
9.208627,8.181397
9.209037,8.181397
9.209447,8.181397
9.209857,8.181397
9.210267,8.181397
9.210677,8.181397
9.211087,8.181397
9.211497,8.181397
9.211907,8.181397
9.212317,8.181397
9.212727,8.181397
9.213137,8.181397
9.213547,8.181397
9.213957,8.181397
9.214367,8.181397
9.214777,8.181397
9.215187,8.181397
9.215597,8.181397
9.216007,8.181397
9.216417,8.181397
9.216827,8.181397
9.217237,8.181397
9.217647,8.181397
9.218057,8.181397
9.218467,8.181397
9.218877,8.181397
9.219287,8.181397
9.219697,8.181397
9.220107,8.181397
9.220517,8.181397
9.220927,8.181397
9.221337,8.181397
9.221747,8.181397
9.222157,8.181397
9.222567,8.181397
9.222977,8.181397
9.223387,8.181397
9.223797,8.181397
9.224207,8.181397
9.224617,8.181397
9.225028,8.181397
9.225438,8.181397
9.225848,8.181397
9.226258,8.181397
9.226668,8.181397
9.227078,8.181397
9.227488,8.181397
9.227898,8.181397
9.228308,8.181397
9.228718,8.181397
9.229128,8.181397
9.229538,8.181397
9.229948,8.181397
9.230358,8.181397
9.230768,8.181397
9.231178,8.181397
9.231588,8.181397
9.231998,8.181397
9.232408,8.181397
9.232818,8.181397
9.233228,8.181397
9.233638,8.181397
9.234048,8.181397
9.234458,8.181397
9.234868,8.181397
9.235278,8.181397
9.235688,8.181397
9.236098,8.181397
9.236508,8.181397
9.236918,8.181397
9.237328,8.181397
9.237738,8.181397
9.238148,8.181397
9.238558,8.181397
9.238968,8.181397
9.239378,8.181397
9.239788,8.181397
9.240198,8.181397
9.240608,8.181397
9.241018,8.181397
9.241428,8.181397
9.241838,8.181397
9.242248,8.181397
9.242658,8.181397
9.243068,8.181397
9.243478,8.181397
9.243888,8.181397
9.244298,8.181397
9.244708,8.181397
9.245118,8.181397
9.245528,8.181397
9.245938,8.181397
9.246348,8.181397
9.246758,8.181397
9.247168,8.181397
9.247578,8.181397
9.247988,8.181397
9.248398,8.181397
9.248808,8.181397
9.249218,8.181397
9.249628,8.181397
9.250038,8.181397
9.250448,8.181397
9.250858,8.181397
9.251268,8.181397
9.251678,8.181397
9.252088,8.181397
9.252498,8.181397
9.252908,8.181397
9.253318,8.181397
9.253728,8.181397
9.254138,8.181397
9.254548,8.181397
9.254958,8.181397
9.255369,8.181397
9.255779,8.181397
9.256189,8.181397
9.256599,8.181397
9.257009,8.181397
9.257419,8.181397
9.257829,8.181397
9.258239,8.181397
9.258649,8.181397
9.259059,8.181397
9.259469,8.181397
9.259879,8.181397
9.260289,8.181397
9.260699,8.181397
9.261109,8.181397
9.261519,8.181397
9.261929,8.181397
9.262339,8.181397
9.262749,8.181397
9.263159,8.181397
9.263569,8.181397
9.263979,8.181397
9.264389,8.181397
9.264799,8.181397
9.265209,8.181397
9.265619,8.181397
9.266029,8.181397
9.266439,8.181397
9.266849,8.181397
9.267259,8.181397
9.267669,8.181397
9.268079,8.181397
9.268489,8.181397
9.268899,8.181397
9.269309,8.181397
9.269719,8.181397
9.270129,8.181397
9.270539,8.181397
9.270949,8.181397
9.271359,8.181397
9.271769,8.181397
9.272179,8.181397
9.272589,8.181397
9.272999,8.181397
9.273409,8.181397
9.273819,8.181397
9.274229,8.181397
9.274639,8.181397
9.275049,8.181397
9.275459,8.181397
9.275869,8.181397
9.276279,8.181397
9.276689,8.181397
9.277099,8.181397
9.277509,8.181397
9.277919,8.181397
9.278329,8.181397
9.278739,8.181397
9.279149,8.181397
9.279559,8.181397
9.279969,8.181397
9.280379,8.181397
9.280789,8.181397
9.281199,8.181397
9.281609,8.181397
9.282019,8.181397
9.282429,8.181397
9.282839,8.181397
9.283249,8.181397
9.283659,8.181397
9.284069,8.181397
9.284479,8.181397
9.284889,8.181397
9.285300,8.181397
9.285710,8.181397
9.286120,8.181397
9.286530,8.181397
9.286940,8.181397
9.287350,8.181397
9.287760,8.181397
9.288170,8.181397
9.288580,8.181397
9.288990,8.181397
9.289400,8.181397
9.289810,8.181397
9.290220,8.181397
9.290630,8.181397
9.291040,8.181397
9.291450,8.181397
9.291860,8.181397
9.292270,8.181397
9.292680,8.181397
9.293090,8.181397
9.293500,8.181397
9.293910,8.181397
9.294320,8.181397
9.294730,8.181397
9.295140,8.181397
9.295550,8.181397
9.295960,8.181397
9.296370,8.181397
9.296780,8.181397
9.297190,8.181397
9.297600,8.181397
9.298010,8.181397
9.298420,8.181397
9.298830,8.181397
9.299240,8.181397
9.299650,8.181397
9.300060,8.181397
9.300470,8.181397
9.300880,8.181397
9.301290,8.181397
9.301700,8.181397
9.302110,8.181397
9.302520,8.181397
9.302930,8.181397
9.303340,8.181397
9.303750,8.181397
9.304160,8.181397
9.304570,8.181397
9.304980,8.181397
9.305390,8.181397
9.305800,8.181397
9.306210,8.181397
9.306620,8.181397
9.307030,8.181397
9.307440,8.181397
9.307850,8.181397
9.308260,8.181397
9.308670,8.181397
9.309080,8.181397
9.309490,8.181397
9.309900,8.181397
9.310310,8.181397
9.310720,8.181397
9.311130,8.181397
9.311540,8.181397
9.311950,8.181397
9.312360,8.181397
9.312770,8.181397
9.313180,8.181397
9.313590,8.181397
9.314000,8.181397
9.314410,8.181397
9.314820,8.181397
9.315231,8.181397
9.315641,8.181397
9.316051,8.181397
9.316461,8.181397
9.316871,8.181397
9.317281,8.181397
9.317691,8.181397
9.318101,8.181397
9.318511,8.181397
9.318921,8.181397
9.319331,8.181397
9.319741,8.181397
9.320151,8.181397
9.320561,8.181397
9.320971,8.181397
9.321381,8.181397
9.321791,8.181397
9.322201,8.181397
9.322611,8.181397
9.323021,8.181397
9.323431,8.181397
9.323841,8.181397
9.324251,8.181397
9.324661,8.181397
9.325071,8.181397
9.325481,8.181397
9.325891,8.181397
9.326301,8.181397
9.326711,8.181397
9.327121,8.181397
9.327531,8.181397
9.327941,8.181397
9.328351,8.181397
9.328761,8.181397
9.329171,8.181397
9.329581,8.181397
9.329991,8.181397
9.330401,8.181397
9.330811,8.181397
9.331221,8.181397
9.331631,8.181397
9.332041,8.181397
9.332451,8.181397
9.332861,8.181397
9.333271,8.181397
9.333681,8.181397
9.334091,8.181397
9.334501,8.181397
9.334911,8.181397
9.335321,8.181397
9.335731,8.181397
9.336141,8.181397
9.336551,8.181397
9.336961,8.181397
9.337371,8.181397
9.337781,8.181397
9.338191,8.181397
9.338601,8.181397
9.339011,8.181397
9.339421,8.181397
9.339831,8.181397
9.340241,8.181397
9.340651,8.181397
9.341061,8.181397
9.341471,8.181397
9.341881,8.181397
9.342291,8.181397
9.342701,8.181397
9.343111,8.181397
9.343521,8.181397
9.343931,8.181397
9.344341,8.181397
9.344751,8.181397
9.345162,8.181397
9.345572,8.181397
9.345982,8.181397
9.346392,8.181397
9.346802,8.181397
9.347212,8.181397
9.347622,8.181397
9.348032,8.181397
9.348442,8.181397
9.348852,8.181397
9.349262,8.181397
9.349672,8.181397
9.350082,8.181397
9.350492,8.181397
9.350902,8.181397
9.351312,8.181397
9.351722,8.181397
9.352132,8.181397
9.352542,8.181397
9.352952,8.181397
9.353362,8.181397
9.353772,8.181397
9.354182,8.181397
9.354592,8.181397
9.355002,8.181397
9.355412,8.181397
9.355822,8.181397
9.356232,8.181397
9.356642,8.181397
9.357052,8.181397
9.357462,8.181397
9.357872,8.181397
9.358282,8.181397
9.358692,8.181397
9.359102,8.181397
9.359512,8.181397
9.359922,8.181397
9.360332,8.181397
9.360742,8.181397
9.361152,8.181397
9.361562,8.181397
9.361972,8.181397
9.362382,8.181397
9.362792,8.181397
9.363202,8.181397
9.363612,8.181397
9.364022,8.181397
9.364432,8.181397
9.364842,8.181397
9.365252,8.181397
9.365662,8.181397
9.366072,8.181397
9.366482,8.181397
9.366892,8.181397
9.367302,8.181397
9.367712,8.181397
9.368122,8.181397
9.368532,8.181397
9.368942,8.181397
9.369352,8.181397
9.369762,8.181397
9.370172,8.181397
9.370582,8.181397
9.370992,8.181397
9.371402,8.181397
9.371812,8.181397
9.372222,8.181397
9.372632,8.181397
9.373042,8.181397
9.373452,8.181397
9.373862,8.181397
9.374272,8.181397
9.374682,8.181397
9.375093,8.181397
9.375503,8.181397
9.375913,8.181397
9.376323,8.181397
9.376733,8.181397
9.377143,8.181397
9.377553,8.181397
9.377963,8.181397
9.378373,8.181397
9.378783,8.181397
9.379193,8.181397
9.379603,8.181397
9.380013,8.181397
9.380423,8.181397
9.380833,8.181397
9.381243,8.181397
9.381653,8.181397
9.382063,8.181397
9.382473,8.181397
9.382883,8.181397
9.383293,8.181397
9.383703,8.181397
9.384113,8.181397
9.384523,8.181397
9.384933,8.181397
9.385343,8.181397
9.385753,8.181397
9.386163,8.181397
9.386573,8.181397
9.386983,8.181397
9.387393,8.181397
9.387803,8.181397
9.388213,8.181397
9.388623,8.181397
9.389033,8.181397
9.389443,8.181397
9.389853,8.181397
9.390263,8.181397
9.390673,8.181397
9.391083,8.181397
9.391493,8.181397
9.391903,8.181397
9.392313,8.181397
9.392723,8.181397
9.393133,8.181397
9.393543,8.181397
9.393953,8.181397
9.394363,8.181397
9.394773,8.181397
9.395183,8.181397
9.395593,8.181397
9.396003,8.181397
9.396413,8.181397
9.396823,8.181397
9.397233,8.181397
9.397643,8.181397
9.398053,8.181397
9.398463,8.181397
9.398873,8.181397
9.399283,8.181397
9.399693,8.181397
9.400103,8.181397
9.400513,8.181397
9.400923,8.181397
9.401333,8.181397
9.401743,8.181397
9.402153,8.181397
9.402563,8.181397
9.402973,8.181397
9.403383,8.181397
9.403793,8.181397
9.404203,8.181397
9.404613,8.181397
9.405024,8.181397
9.405434,8.181397
9.405844,8.181397
9.406254,8.181397
9.406664,8.181397
9.407074,8.181397
9.407484,8.181397
9.407894,8.181397
9.408304,8.181397
9.408714,8.181397
9.409124,8.181397
9.409534,8.181397
9.409944,8.181397
9.410354,8.181397
9.410764,8.181397
9.411174,8.181397
9.411584,8.181397
9.411994,8.181397
9.412404,8.181397
9.412814,8.181397
9.413224,8.181397
9.413634,8.181397
9.414044,8.181397
9.414454,8.181397
9.414864,8.181397
9.415274,8.181397
9.415684,8.181397
9.416094,8.181397
9.416504,8.181397
9.416914,8.181397
9.417324,8.181397
9.417734,8.181397
9.418144,8.181397
9.418554,8.181397
9.418964,8.181397
9.419374,8.181397
9.419784,8.181397
9.420194,8.181397
9.420604,8.181397
9.421014,8.181397
9.421424,8.181397
9.421834,8.181397
9.422244,8.181397
9.422654,8.181397
9.423064,8.181397
9.423474,8.181397
9.423884,8.181397
9.424294,8.181397
9.424704,8.181397
9.425114,8.181397
9.425524,8.181397
9.425934,8.181397
9.426344,8.181397
9.426754,8.181397
9.427164,8.181397
9.427574,8.181397
9.427984,8.181397
9.428394,8.181397
9.428804,8.181397
9.429214,8.181397
9.429624,8.181397
9.430034,8.181397
9.430444,8.181397
9.430854,8.181397
9.431264,8.181397
9.431674,8.181397
9.432084,8.181397
9.432494,8.181397
9.432904,8.181397
9.433314,8.181397
9.433724,8.181397
9.434134,8.181397
9.434544,8.181397
9.434954,8.181397
9.435365,8.181397
9.435775,8.181397
9.436185,8.181397
9.436595,8.181397
9.437005,8.181397
9.437415,8.181397
9.437825,8.181397
9.438235,8.181397
9.438645,8.181397
9.439055,8.181397
9.439465,8.181397
9.439875,8.181397
9.440285,8.181397
9.440695,8.181397
9.441105,8.181397
9.441515,8.181397
9.441925,8.181397
9.442335,8.181397
9.442745,8.181397
9.443155,8.181397
9.443565,8.181397
9.443975,8.181397
9.444385,8.181397
9.444795,8.181397
9.445205,8.181397
9.445615,8.181397
9.446025,8.181397
9.446435,8.181397
9.446845,8.181397
9.447255,8.181397
9.447665,8.181397
9.448075,8.181397
9.448485,8.181397
9.448895,8.181397
9.449305,8.181397
9.449715,8.181397
9.450125,8.181397
9.450535,8.181397
9.450945,8.181397
9.451355,8.181397
9.451765,8.181397
9.452175,8.181397
9.452585,8.181397
9.452995,8.181397
9.453405,8.181397
9.453815,8.181397
9.454225,8.181397
9.454635,8.181397
9.455045,8.181397
9.455455,8.181397
9.455865,8.181397
9.456275,8.181397
9.456685,8.181397
9.457095,8.181397
9.457505,8.181397
9.457915,8.181397
9.458325,8.181397
9.458735,8.181397
9.459145,8.181397
9.459555,8.181397
9.459965,8.181397
9.460375,8.181397
9.460785,8.181397
9.461195,8.181397
9.461605,8.181397
9.462015,8.181397
9.462425,8.181397
9.462835,8.181397
9.463245,8.181397
9.463655,8.181397
9.464065,8.181397
9.464475,8.181397
9.464885,8.181397
9.465296,8.181397
9.465706,8.181397
9.466116,8.181397
9.466526,8.181397
9.466936,8.181397
9.467346,8.181397
9.467756,8.181397
9.468166,8.181397
9.468576,8.181397
9.468986,8.181397
9.469396,8.181397
9.469806,8.181397
9.470216,8.181397
9.470626,8.181397
9.471036,8.181397
9.471446,8.181397
9.471856,8.181397
9.472266,8.181397
9.472676,8.181397
9.473086,8.181397
9.473496,8.181397
9.473906,8.181397
9.474316,8.181397
9.474726,8.181397
9.475136,8.181397
9.475546,8.181397
9.475956,8.181397
9.476366,8.181397
9.476776,8.181397
9.477186,8.181397
9.477596,8.181397
9.478006,8.181397
9.478416,8.181397
9.478826,8.181397
9.479236,8.181397
9.479646,8.181397
9.480056,8.181397
9.480466,8.181397
9.480876,8.181397
9.481286,8.181397
9.481696,8.181397
9.482106,8.181397
9.482516,8.181397
9.482926,8.181397
9.483336,8.181397
9.483746,8.181397
9.484156,8.181397
9.484566,8.181397
9.484976,8.181397
9.485386,8.181397
9.485796,8.181397
9.486206,8.181397
9.486616,8.181397
9.487026,8.181397
9.487436,8.181397
9.487846,8.181397
9.488256,8.181397
9.488666,8.181397
9.489076,8.181397
9.489486,8.181397
9.489896,8.181397
9.490306,8.181397
9.490716,8.181397
9.491126,8.181397
9.491536,8.181397
9.491946,8.181397
9.492356,8.181397
9.492766,8.181397
9.493176,8.181397
9.493586,8.181397
9.493996,8.181397
9.494406,8.181397
9.494816,8.181397
9.495227,8.181397
9.495637,8.181397
9.496047,8.181397
9.496457,8.181397
9.496867,8.181397
9.497277,8.181397
9.497687,8.181397
9.498097,8.181397
9.498507,8.181397
9.498917,8.181397
9.499327,8.181397
9.499737,8.181397
9.500147,8.181397
9.500557,8.181397
9.500967,8.181397
9.501377,8.181397
9.501787,8.181397
9.502197,8.181397
9.502607,8.181397
9.503017,8.181397
9.503427,8.181397
9.503837,8.181397
9.504247,8.181397
9.504657,8.181397
9.505067,8.181397
9.505477,8.181397
9.505887,8.181397
9.506297,8.181397
9.506707,8.181397
9.507117,8.181397
9.507527,8.181397
9.507937,8.181397
9.508347,8.181397
9.508757,8.181397
9.509167,8.181397
9.509577,8.181397
9.509987,8.181397
9.510397,8.181397
9.510807,8.181397
9.511217,8.181397
9.511627,8.181397
9.512037,8.181397
9.512447,8.181397
9.512857,8.181397
9.513267,8.181397
9.513677,8.181397
9.514087,8.181397
9.514497,8.181397
9.514907,8.181397
9.515317,8.181397
9.515727,8.181397
9.516137,8.181397
9.516547,8.181397
9.516957,8.181397
9.517367,8.181397
9.517777,8.181397
9.518187,8.181397
9.518597,8.181397
9.519007,8.181397
9.519417,8.181397
9.519827,8.181397
9.520237,8.181397
9.520647,8.181397
9.521057,8.181397
9.521467,8.181397
9.521877,8.181397
9.522287,8.181397
9.522697,8.181397
9.523107,8.181397
9.523517,8.181397
9.523927,8.181397
9.524337,8.181397
9.524747,8.181397
9.525158,8.181397
9.525568,8.181397
9.525978,8.181397
9.526388,8.181397
9.526798,8.181397
9.527208,8.181397
9.527618,8.181397
9.528028,8.181397
9.528438,8.181397
9.528848,8.181397
9.529258,8.181397
9.529668,8.181397
9.530078,8.181397
9.530488,8.181397
9.530898,8.181397
9.531308,8.181397
9.531718,8.181397
9.532128,8.181397
9.532538,8.181397
9.532948,8.181397
9.533358,8.181397
9.533768,8.181397
9.534178,8.181397
9.534588,8.181397
9.534998,8.181397
9.535408,8.181397
9.535818,8.181397
9.536228,8.181397
9.536638,8.181397
9.537048,8.181397
9.537458,8.181397
9.537868,8.181397
9.538278,8.181397
9.538688,8.181397
9.539098,8.181397
9.539508,8.181397
9.539918,8.181397
9.540328,8.181397
9.540738,8.181397
9.541148,8.181397
9.541558,8.181397
9.541968,8.181397
9.542378,8.181397
9.542788,8.181397
9.543198,8.181397
9.543608,8.181397
9.544018,8.181397
9.544428,8.181397
9.544838,8.181397
9.545248,8.181397
9.545658,8.181397
9.546068,8.181397
9.546478,8.181397
9.546888,8.181397
9.547298,8.181397
9.547708,8.181397
9.548118,8.181397
9.548528,8.181397
9.548938,8.181397
9.549348,8.181397
9.549758,8.181397
9.550168,8.181397
9.550578,8.181397
9.550988,8.181397
9.551398,8.181397
9.551808,8.181397
9.552218,8.181397
9.552628,8.181397
9.553038,8.181397
9.553448,8.181397
9.553858,8.181397
9.554268,8.181397
9.554678,8.181397
9.555089,8.181397
9.555499,8.181397
9.555909,8.181397
9.556319,8.181397
9.556729,8.181397
9.557139,8.181397
9.557549,8.181397
9.557959,8.181397
9.558369,8.181397
9.558779,8.181397
9.559189,8.181397
9.559599,8.181397
9.560009,8.181397
9.560419,8.181397
9.560829,8.181397
9.561239,8.181397
9.561649,8.181397
9.562059,8.181397
9.562469,8.181397
9.562879,8.181397
9.563289,8.181397
9.563699,8.181397
9.564109,8.181397
9.564519,8.181397
9.564929,8.181397
9.565339,8.181397
9.565749,8.181397
9.566159,8.181397
9.566569,8.181397
9.566979,8.181397
9.567389,8.181397
9.567799,8.181397
9.568209,8.181397
9.568619,8.181397
9.569029,8.181397
9.569439,8.181397
9.569849,8.181397
9.570259,8.181397
9.570669,8.181397
9.571079,8.181397
9.571489,8.181397
9.571899,8.181397
9.572309,8.181397
9.572719,8.181397
9.573129,8.181397
9.573539,8.181397
9.573949,8.181397
9.574359,8.181397
9.574769,8.181397
9.575179,8.181397
9.575589,8.181397
9.575999,8.181397
9.576409,8.181397
9.576819,8.181397
9.577229,8.181397
9.577639,8.181397
9.578049,8.181397
9.578459,8.181397
9.578869,8.181397
9.579279,8.181397
9.579689,8.181397
9.580099,8.181397
9.580509,8.181397
9.580919,8.181397
9.581329,8.181397
9.581739,8.181397
9.582149,8.181397
9.582559,8.181397
9.582969,8.181397
9.583379,8.181397
9.583789,8.181397
9.584199,8.181397
9.584609,8.181397
9.585020,8.181397
9.585430,8.181397
9.585840,8.181397
9.586250,8.181397
9.586660,8.181397
9.587070,8.181397
9.587480,8.181397
9.587890,8.181397
9.588300,8.181397
9.588710,8.181397
9.589120,8.181397
9.589530,8.181397
9.589940,8.181397
9.590350,8.181397
9.590760,8.181397
9.591170,8.181397
9.591580,8.181397
9.591990,8.181397
9.592400,8.181397
9.592810,8.181397
9.593220,8.181397
9.593630,8.181397
9.594040,8.181397
9.594450,8.181397
9.594860,8.181397
9.595270,8.181397
9.595680,8.181397
9.596090,8.181397
9.596500,8.181397
9.596910,8.181397
9.597320,8.181397
9.597730,8.181397
9.598140,8.181397
9.598550,8.181397
9.598960,8.181397
9.599370,8.181397
9.599780,8.181397
9.600190,8.181397
9.600600,8.181397
9.601010,8.181397
9.601420,8.181397
9.601830,8.181397
9.602240,8.181397
9.602650,8.181397
9.603060,8.181397
9.603470,8.181397
9.603880,8.181397
9.604290,8.181397
9.604700,8.181397
9.605110,8.181397
9.605520,8.181397
9.605930,8.181397
9.606340,8.181397
9.606750,8.181397
9.607160,8.181397
9.607570,8.181397
9.607980,8.181397
9.608390,8.181397
9.608800,8.181397
9.609210,8.181397
9.609620,8.181397
9.610030,8.181397
9.610440,8.181397
9.610850,8.181397
9.611260,8.181397
9.611670,8.181397
9.612080,8.181397
9.612490,8.181397
9.612900,8.181397
9.613310,8.181397
9.613720,8.181397
9.614130,8.181397
9.614540,8.181397
9.614950,8.181397
9.615361,8.181397
9.615771,8.181397
9.616181,8.181397
9.616591,8.181397
9.617001,8.181397
9.617411,8.181397
9.617821,8.181397
9.618231,8.181397
9.618641,8.181397
9.619051,8.181397
9.619461,8.181397
9.619871,8.181397
9.620281,8.181397
9.620691,8.181397
9.621101,8.181397
9.621511,8.181397
9.621921,8.181397
9.622331,8.181397
9.622741,8.181397
9.623151,8.181397
9.623561,8.181397
9.623971,8.181397
9.624381,8.181397
9.624791,8.181397
9.625201,8.181397
9.625611,8.181397
9.626021,8.181397
9.626431,8.181397
9.626841,8.181397
9.627251,8.181397
9.627661,8.181397
9.628071,8.181397
9.628481,8.181397
9.628891,8.181397
9.629301,8.181397
9.629711,8.181397
9.630121,8.181397
9.630531,8.181397
9.630941,8.181397
9.631351,8.181397
9.631761,8.181397
9.632171,8.181397
9.632581,8.181397
9.632991,8.181397
9.633401,8.181397
9.633811,8.181397
9.634221,8.181397
9.634631,8.181397
9.635041,8.181397
9.635451,8.181397
9.635861,8.181397
9.636271,8.181397
9.636681,8.181397
9.637091,8.181397
9.637501,8.181397
9.637911,8.181397
9.638321,8.181397
9.638731,8.181397
9.639141,8.181397
9.639551,8.181397
9.639961,8.181397
9.640371,8.181397
9.640781,8.181397
9.641191,8.181397
9.641601,8.181397
9.642011,8.181397
9.642421,8.181397
9.642831,8.181397
9.643241,8.181397
9.643651,8.181397
9.644061,8.181397
9.644471,8.181397
9.644881,8.181397
9.645292,8.181397
9.645702,8.181397
9.646112,8.181397
9.646522,8.181397
9.646932,8.181397
9.647342,8.181397
9.647752,8.181397
9.648162,8.181397
9.648572,8.181397
9.648982,8.181397
9.649392,8.181397
9.649802,8.181397
9.650212,8.181397
9.650622,8.181397
9.651032,8.181397
9.651442,8.181397
9.651852,8.181397
9.652262,8.181397
9.652672,8.181397
9.653082,8.181397
9.653492,8.181397
9.653902,8.181397
9.654312,8.181397
9.654722,8.181397
9.655132,8.181397
9.655542,8.181397
9.655952,8.181397
9.656362,8.181397
9.656772,8.181397
9.657182,8.181397
9.657592,8.181397
9.658002,8.181397
9.658412,8.181397
9.658822,8.181397
9.659232,8.181397
9.659642,8.181397
9.660052,8.181397
9.660462,8.181397
9.660872,8.181397
9.661282,8.181397
9.661692,8.181397
9.662102,8.181397
9.662512,8.181397
9.662922,8.181397
9.663332,8.181397
9.663742,8.181397
9.664152,8.181397
9.664562,8.181397
9.664972,8.181397
9.665382,8.181397
9.665792,8.181397
9.666202,8.181397
9.666612,8.181397
9.667022,8.181397
9.667432,8.181397
9.667842,8.181397
9.668252,8.181397
9.668662,8.181397
9.669072,8.181397
9.669482,8.181397
9.669892,8.181397
9.670302,8.181397
9.670712,8.181397
9.671122,8.181397
9.671532,8.181397
9.671942,8.181397
9.672352,8.181397
9.672762,8.181397
9.673172,8.181397
9.673582,8.181397
9.673992,8.181397
9.674402,8.181397
9.674812,8.181397
9.675223,8.181397
9.675633,8.181397
9.676043,8.181397
9.676453,8.181397
9.676863,8.181397
9.677273,8.181397
9.677683,8.181397
9.678093,8.181397
9.678503,8.181397
9.678913,8.181397
9.679323,8.181397
9.679733,8.181397
9.680143,8.181397
9.680553,8.181397
9.680963,8.181397
9.681373,8.181397
9.681783,8.181397
9.682193,8.181397
9.682603,8.181397
9.683013,8.181397
9.683423,8.181397
9.683833,8.181397
9.684243,8.181397
9.684653,8.181397
9.685063,8.181397
9.685473,8.181397
9.685883,8.181397
9.686293,8.181397
9.686703,8.181397
9.687113,8.181397
9.687523,8.181397
9.687933,8.181397
9.688343,8.181397
9.688753,8.181397
9.689163,8.181397
9.689573,8.181397
9.689983,8.181397
9.690393,8.181397
9.690803,8.181397
9.691213,8.181397
9.691623,8.181397
9.692033,8.181397
9.692443,8.181397
9.692853,8.181397
9.693263,8.181397
9.693673,8.181397
9.694083,8.181397
9.694493,8.181397
9.694903,8.181397
9.695313,8.181397
9.695723,8.181397
9.696133,8.181397
9.696543,8.181397
9.696953,8.181397
9.697363,8.181397
9.697773,8.181397
9.698183,8.181397
9.698593,8.181397
9.699003,8.181397
9.699413,8.181397
9.699823,8.181397
9.700233,8.181397
9.700643,8.181397
9.701053,8.181397
9.701463,8.181397
9.701873,8.181397
9.702283,8.181397
9.702693,8.181397
9.703103,8.181397
9.703513,8.181397
9.703923,8.181397
9.704333,8.181397
9.704743,8.181397
9.705154,8.181397
9.705564,8.181397
9.705974,8.181397
9.706384,8.181397
9.706794,8.181397
9.707204,8.181397
9.707614,8.181397
9.708024,8.181397
9.708434,8.181397
9.708844,8.181397
9.709254,8.181397
9.709664,8.181397
9.710074,8.181397
9.710484,8.181397
9.710894,8.181397
9.711304,8.181397
9.711714,8.181397
9.712124,8.181397
9.712534,8.181397
9.712944,8.181397
9.713354,8.181397
9.713764,8.181397
9.714174,8.181397
9.714584,8.181397
9.714994,8.181397
9.715404,8.181397
9.715814,8.181397
9.716224,8.181397
9.716634,8.181397
9.717044,8.181397
9.717454,8.181397
9.717864,8.181397
9.718274,8.181397
9.718684,8.181397
9.719094,8.181397
9.719504,8.181397
9.719914,8.181397
9.720324,8.181397
9.720734,8.181397
9.721144,8.181397
9.721554,8.181397
9.721964,8.181397
9.722374,8.181397
9.722784,8.181397
9.723194,8.181397
9.723604,8.181397
9.724014,8.181397
9.724424,8.181397
9.724834,8.181397
9.725244,8.181397
9.725654,8.181397
9.726064,8.181397
9.726474,8.181397
9.726884,8.181397
9.727294,8.181397
9.727704,8.181397
9.728114,8.181397
9.728524,8.181397
9.728934,8.181397
9.729344,8.181397
9.729754,8.181397
9.730164,8.181397
9.730574,8.181397
9.730984,8.181397
9.731394,8.181397
9.731804,8.181397
9.732214,8.181397
9.732624,8.181397
9.733034,8.181397
9.733444,8.181397
9.733854,8.181397
9.734264,8.181397
9.734674,8.181397
9.735085,8.181397
9.735495,8.181397
9.735905,8.181397
9.736315,8.181397
9.736725,8.181397
9.737135,8.181397
9.737545,8.181397
9.737955,8.181397
9.738365,8.181397
9.738775,8.181397
9.739185,8.181397
9.739595,8.181397
9.740005,8.181397
9.740415,8.181397
9.740825,8.181397
9.741235,8.181397
9.741645,8.181397
9.742055,8.181397
9.742465,8.181397
9.742875,8.181397
9.743285,8.181397
9.743695,8.181397
9.744105,8.181397
9.744515,8.181397
9.744925,8.181397
9.745335,8.181397
9.745745,8.181397
9.746155,8.181397
9.746565,8.181397
9.746975,8.181397
9.747385,8.181397
9.747795,8.181397
9.748205,8.181397
9.748615,8.181397
9.749025,8.181397
9.749435,8.181397
9.749845,8.181397
9.750255,8.181397
9.750665,8.181397
9.751075,8.181397
9.751485,8.181397
9.751895,8.181397
9.752305,8.181397
9.752715,8.181397
9.753125,8.181397
9.753535,8.181397
9.753945,8.181397
9.754355,8.181397
9.754765,8.181397
9.755175,8.181397
9.755585,8.181397
9.755995,8.181397
9.756405,8.181397
9.756815,8.181397
9.757225,8.181397
9.757635,8.181397
9.758045,8.181397
9.758455,8.181397
9.758865,8.181397
9.759275,8.181397
9.759685,8.181397
9.760095,8.181397
9.760505,8.181397
9.760915,8.181397
9.761325,8.181397
9.761735,8.181397
9.762145,8.181397
9.762555,8.181397
9.762965,8.181397
9.763375,8.181397
9.763785,8.181397
9.764195,8.181397
9.764605,8.181397
9.765016,8.181397
9.765426,8.181397
9.765836,8.181397
9.766246,8.181397
9.766656,8.181397
9.767066,8.181397
9.767476,8.181397
9.767886,8.181397
9.768296,8.181397
9.768706,8.181397
9.769116,8.181397
9.769526,8.181397
9.769936,8.181397
9.770346,8.181397
9.770756,8.181397
9.771166,8.181397
9.771576,8.181397
9.771986,8.181397
9.772396,8.181397
9.772806,8.181397
9.773216,8.181397
9.773626,8.181397
9.774036,8.181397
9.774446,8.181397
9.774856,8.181397
9.775266,8.181397
9.775676,8.181397
9.776086,8.181397
9.776496,8.181397
9.776906,8.181397
9.777316,8.181397
9.777726,8.181397
9.778136,8.181397
9.778546,8.181397
9.778956,8.181397
9.779366,8.181397
9.779776,8.181397
9.780186,8.181397
9.780596,8.181397
9.781006,8.181397
9.781416,8.181397
9.781826,8.181397
9.782236,8.181397
9.782646,8.181397
9.783056,8.181397
9.783466,8.181397
9.783876,8.181397
9.784286,8.181397
9.784696,8.181397
9.785106,8.181397
9.785516,8.181397
9.785926,8.181397
9.786336,8.181397
9.786746,8.181397
9.787156,8.181397
9.787566,8.181397
9.787976,8.181397
9.788386,8.181397
9.788796,8.181397
9.789206,8.181397
9.789616,8.181397
9.790026,8.181397
9.790436,8.181397
9.790846,8.181397
9.791256,8.181397
9.791666,8.181397
9.792076,8.181397
9.792486,8.181397
9.792896,8.181397
9.793306,8.181397
9.793716,8.181397
9.794126,8.181397
9.794536,8.181397
9.794946,8.181397
9.795357,8.181397
9.795767,8.181397
9.796177,8.181397
9.796587,8.181397
9.796997,8.181397
9.797407,8.181397
9.797817,8.181397
9.798227,8.181397
9.798637,8.181397
9.799047,8.181397
9.799457,8.181397
9.799867,8.181397
9.800277,8.181397
9.800687,8.181397
9.801097,8.181397
9.801507,8.181397
9.801917,8.181397
9.802327,8.181397
9.802737,8.181397
9.803147,8.181397
9.803557,8.181397
9.803967,8.181397
9.804377,8.181397
9.804787,8.181397
9.805197,8.181397
9.805607,8.181397
9.806017,8.181397
9.806427,8.181397
9.806837,8.181397
9.807247,8.181397
9.807657,8.181397
9.808067,8.181397
9.808477,8.181397
9.808887,8.181397
9.809297,8.181397
9.809707,8.181397
9.810117,8.181397
9.810527,8.181397
9.810937,8.181397
9.811347,8.181397
9.811757,8.181397
9.812167,8.181397
9.812577,8.181397
9.812987,8.181397
9.813397,8.181397
9.813807,8.181397
9.814217,8.181397
9.814627,8.181397
9.815037,8.181397
9.815447,8.181397
9.815857,8.181397
9.816267,8.181397
9.816677,8.181397
9.817087,8.181397
9.817497,8.181397
9.817907,8.181397
9.818317,8.181397
9.818727,8.181397
9.819137,8.181397
9.819547,8.181397
9.819957,8.181397
9.820367,8.181397
9.820777,8.181397
9.821187,8.181397
9.821597,8.181397
9.822007,8.181397
9.822417,8.181397
9.822827,8.181397
9.823237,8.181397
9.823647,8.181397
9.824057,8.181397
9.824467,8.181397
9.824877,8.181397
9.825288,8.181397
9.825698,8.181397
9.826108,8.181397
9.826518,8.181397
9.826928,8.181397
9.827338,8.181397
9.827748,8.181397
9.828158,8.181397
9.828568,8.181397
9.828978,8.181397
9.829388,8.181397
9.829798,8.181397
9.830208,8.181397
9.830618,8.181397
9.831028,8.181397
9.831438,8.181397
9.831848,8.181397
9.832258,8.181397
9.832668,8.181397
9.833078,8.181397
9.833488,8.181397
9.833898,8.181397
9.834308,8.181397
9.834718,8.181397
9.835128,8.181397
9.835538,8.181397
9.835948,8.181397
9.836358,8.181397
9.836768,8.181397
9.837178,8.181397
9.837588,8.181397
9.837998,8.181397
9.838408,8.181397
9.838818,8.181397
9.839228,8.181397
9.839638,8.181397
9.840048,8.181397
9.840458,8.181397
9.840868,8.181397
9.841278,8.181397
9.841688,8.181397
9.842098,8.181397
9.842508,8.181397
9.842918,8.181397
9.843328,8.181397
9.843738,8.181397
9.844148,8.181397
9.844558,8.181397
9.844968,8.181397
9.845378,8.181397
9.845788,8.181397
9.846198,8.181397
9.846608,8.181397
9.847018,8.181397
9.847428,8.181397
9.847838,8.181397
9.848248,8.181397
9.848658,8.181397
9.849068,8.181397
9.849478,8.181397
9.849888,8.181397
9.850298,8.181397
9.850708,8.181397
9.851118,8.181397
9.851528,8.181397
9.851938,8.181397
9.852348,8.181397
9.852758,8.181397
9.853168,8.181397
9.853578,8.181397
9.853988,8.181397
9.854398,8.181397
9.854808,8.181397
9.855219,8.181397
9.855629,8.181397
9.856039,8.181397
9.856449,8.181397
9.856859,8.181397
9.857269,8.181397
9.857679,8.181397
9.858089,8.181397
9.858499,8.181397
9.858909,8.181397
9.859319,8.181397
9.859729,8.181397
9.860139,8.181397
9.860549,8.181397
9.860959,8.181397
9.861369,8.181397
9.861779,8.181397
9.862189,8.181397
9.862599,8.181397
9.863009,8.181397
9.863419,8.181397
9.863829,8.181397
9.864239,8.181397
9.864649,8.181397
9.865059,8.181397
9.865469,8.181397
9.865879,8.181397
9.866289,8.181397
9.866699,8.181397
9.867109,8.181397
9.867519,8.181397
9.867929,8.181397
9.868339,8.181397
9.868749,8.181397
9.869159,8.181397
9.869569,8.181397
9.869979,8.181397
9.870389,8.181397
9.870799,8.181397
9.871209,8.181397
9.871619,8.181397
9.872029,8.181397
9.872439,8.181397
9.872849,8.181397
9.873259,8.181397
9.873669,8.181397
9.874079,8.181397
9.874489,8.181397
9.874899,8.181397
9.875309,8.181397
9.875719,8.181397
9.876129,8.181397
9.876539,8.181397
9.876949,8.181397
9.877359,8.181397
9.877769,8.181397
9.878179,8.181397
9.878589,8.181397
9.878999,8.181397
9.879409,8.181397
9.879819,8.181397
9.880229,8.181397
9.880639,8.181397
9.881049,8.181397
9.881459,8.181397
9.881869,8.181397
9.882279,8.181397
9.882689,8.181397
9.883099,8.181397
9.883509,8.181397
9.883919,8.181397
9.884329,8.181397
9.884739,8.181397
9.885150,8.181397
9.885560,8.181397
9.885970,8.181397
9.886380,8.181397
9.886790,8.181397
9.887200,8.181397
9.887610,8.181397
9.888020,8.181397
9.888430,8.181397
9.888840,8.181397
9.889250,8.181397
9.889660,8.181397
9.890070,8.181397
9.890480,8.181397
9.890890,8.181397
9.891300,8.181397
9.891710,8.181397
9.892120,8.181397
9.892530,8.181397
9.892940,8.181397
9.893350,8.181397
9.893760,8.181397
9.894170,8.181397
9.894580,8.181397
9.894990,8.181397
9.895400,8.181397
9.895810,8.181397
9.896220,8.181397
9.896630,8.181397
9.897040,8.181397
9.897450,8.181397
9.897860,8.181397
9.898270,8.181397
9.898680,8.181397
9.899090,8.181397
9.899500,8.181397
9.899910,8.181397
9.900320,8.181397
9.900730,8.181397
9.901140,8.181397
9.901550,8.181397
9.901960,8.181397
9.902370,8.181397
9.902780,8.181397
9.903190,8.181397
9.903600,8.181397
9.904010,8.181397
9.904420,8.181397
9.904830,8.181397
9.905240,8.181397
9.905650,8.181397
9.906060,8.181397
9.906470,8.181397
9.906880,8.181397
9.907290,8.181397
9.907700,8.181397
9.908110,8.181397
9.908520,8.181397
9.908930,8.181397
9.909340,8.181397
9.909750,8.181397
9.910160,8.181397
9.910570,8.181397
9.910980,8.181397
9.911390,8.181397
9.911800,8.181397
9.912210,8.181397
9.912620,8.181397
9.913030,8.181397
9.913440,8.181397
9.913850,8.181397
9.914260,8.181397
9.914670,8.181397
9.915081,8.181397
9.915491,8.181397
9.915901,8.181397
9.916311,8.181397
9.916721,8.181397
9.917131,8.181397
9.917541,8.181397
9.917951,8.181397
9.918361,8.181397
9.918771,8.181397
9.919181,8.181397
9.919591,8.181397
9.920001,8.181397
9.920411,8.181397
9.920821,8.181397
9.921231,8.181397
9.921641,8.181397
9.922051,8.181397
9.922461,8.181397
9.922871,8.181397
9.923281,8.181397
9.923691,8.181397
9.924101,8.181397
9.924511,8.181397
9.924921,8.181397
9.925331,8.181397
9.925741,8.181397
9.926151,8.181397
9.926561,8.181397
9.926971,8.181397
9.927381,8.181397
9.927791,8.181397
9.928201,8.181397
9.928611,8.181397
9.929021,8.181397
9.929431,8.181397
9.929841,8.181397
9.930251,8.181397
9.930661,8.181397
9.931071,8.181397
9.931481,8.181397
9.931891,8.181397
9.932301,8.181397
9.932711,8.181397
9.933121,8.181397
9.933531,8.181397
9.933941,8.181397
9.934351,8.181397
9.934761,8.181397
9.935171,8.181397
9.935581,8.181397
9.935991,8.181397
9.936401,8.181397
9.936811,8.181397
9.937221,8.181397
9.937631,8.181397
9.938041,8.181397
9.938451,8.181397
9.938861,8.181397
9.939271,8.181397
9.939681,8.181397
9.940091,8.181397
9.940501,8.181397
9.940911,8.181397
9.941321,8.181397
9.941731,8.181397
9.942141,8.181397
9.942551,8.181397
9.942961,8.181397
9.943371,8.181397
9.943781,8.181397
9.944191,8.181397
9.944601,8.181397
9.945012,8.181397
9.945422,8.181397
9.945832,8.181397
9.946242,8.181397
9.946652,8.181397
9.947062,8.181397
9.947472,8.181397
9.947882,8.181397
9.948292,8.181397
9.948702,8.181397
9.949112,8.181397
9.949522,8.181397
9.949932,8.181397
9.950342,8.181397
9.950752,8.181397
9.951162,8.181397
9.951572,8.181397
9.951982,8.181397
9.952392,8.181397
9.952802,8.181397
9.953212,8.181397
9.953622,8.181397
9.954032,8.181397
9.954442,8.181397
9.954852,8.181397
9.955262,8.181397
9.955672,8.181397
9.956082,8.181397
9.956492,8.181397
9.956902,8.181397
9.957312,8.181397
9.957722,8.181397
9.958132,8.181397
9.958542,8.181397
9.958952,8.181397
9.959362,8.181397
9.959772,8.181397
9.960182,8.181397
9.960592,8.181397
9.961002,8.181397
9.961412,8.181397
9.961822,8.181397
9.962232,8.181397
9.962642,8.181397
9.963052,8.181397
9.963462,8.181397
9.963872,8.181397
9.964282,8.181397
9.964692,8.181397
9.965102,8.181397
9.965512,8.181397
9.965922,8.181397
9.966332,8.181397
9.966742,8.181397
9.967152,8.181397
9.967562,8.181397
9.967972,8.181397
9.968382,8.181397
9.968792,8.181397
9.969202,8.181397
9.969612,8.181397
9.970022,8.181397
9.970432,8.181397
9.970842,8.181397
9.971252,8.181397
9.971662,8.181397
9.972072,8.181397
9.972482,8.181397
9.972892,8.181397
9.973302,8.181397
9.973712,8.181397
9.974122,8.181397
9.974532,8.181397
9.974942,8.181397
9.975353,8.181397
9.975763,8.181397
9.976173,8.181397
9.976583,8.181397
9.976993,8.181397
9.977403,8.181397
9.977813,8.181397
9.978223,8.181397
9.978633,8.181397
9.979043,8.181397
9.979453,8.181397
9.979863,8.181397
9.980273,8.181397
9.980683,8.181397
9.981093,8.181397
9.981503,8.181397
9.981913,8.181397
9.982323,8.181397
9.982733,8.181397
9.983143,8.181397
9.983553,8.181397
9.983963,8.181397
9.984373,8.181397
9.984783,8.181397
9.985193,8.181397
9.985603,8.181397
9.986013,8.181397
9.986423,8.181397
9.986833,8.181397
9.987243,8.181397
9.987653,8.181397
9.988063,8.181397
9.988473,8.181397
9.988883,8.181397
9.989293,8.181397
9.989703,8.181397
9.990113,8.181397
9.990523,8.181397
9.990933,8.181397
9.991343,8.181397
9.991753,8.181397
9.992163,8.181397
9.992573,8.181397
9.992983,8.181397
9.993393,8.181397
9.993803,8.181397
9.994213,8.181397
9.994623,8.181397
9.995033,8.181397
9.995443,8.181397
9.995853,8.181397
9.996263,8.181397
9.996673,8.181397
9.997083,8.181397
9.997493,8.181397
9.997903,8.181397
9.998313,8.181397
9.998723,8.181397
9.999133,8.181397
9.999543,8.181397
9.999953,8.181397
10.000363,8.181397
10.000773,8.181397
10.001183,8.181397
10.001593,8.181397
10.002003,8.181397
10.002413,8.181397
10.002823,8.181397
10.003233,8.181397
10.003643,8.181397
10.004053,8.181397
10.004463,8.181397
10.004873,8.181397
10.005284,8.181397
10.005694,8.181397
10.006104,8.181397
10.006514,8.181397
10.006924,8.181397
10.007334,8.181397
10.007744,8.181397
10.008154,8.181397
10.008564,8.181397
10.008974,8.181397
10.009384,8.181397
10.009794,8.181397
10.010204,8.181397
10.010614,8.181397
10.011024,8.181397
10.011434,8.181397
10.011844,8.181397
10.012254,8.181397
10.012664,8.181397
10.013074,8.181397
10.013484,8.181397
10.013894,8.181397
10.014304,8.181397
10.014714,8.181397
10.015124,8.181397
10.015534,8.181397
10.015944,8.181397
10.016354,8.181397
10.016764,8.181397
10.017174,8.181397
10.017584,8.181397
10.017994,8.181397
10.018404,8.181397
10.018814,8.181397
10.019224,8.181397
10.019634,8.181397
10.020044,8.181397
10.020454,8.181397
10.020864,8.181397
10.021274,8.181397
10.021684,8.181397
10.022094,8.181397
10.022504,8.181397
10.022914,8.181397
10.023324,8.181397
10.023734,8.181397
10.024144,8.181397
10.024554,8.181397
10.024964,8.181397
10.025374,8.181397
10.025784,8.181397
10.026194,8.181397
10.026604,8.181397
10.027014,8.181397
10.027424,8.181397
10.027834,8.181397
10.028244,8.181397
10.028654,8.181397
10.029064,8.181397
10.029474,8.181397
10.029884,8.181397
10.030294,8.181397
10.030704,8.181397
10.031114,8.181397
10.031524,8.181397
10.031934,8.181397
10.032344,8.181397
10.032754,8.181397
10.033164,8.181397
10.033574,8.181397
10.033984,8.181397
10.034394,8.181397
10.034804,8.181397
10.035215,8.181397
10.035625,8.181397
10.036035,8.181397
10.036445,8.181397
10.036855,8.181397
10.037265,8.181397
10.037675,8.181397
10.038085,8.181397
10.038495,8.181397
10.038905,8.181397
10.039315,8.181397
10.039725,8.181397
10.040135,8.181397
10.040545,8.181397
10.040955,8.181397
10.041365,8.181397
10.041775,8.181397
10.042185,8.181397
10.042595,8.181397
10.043005,8.181397
10.043415,8.181397
10.043825,8.181397
10.044235,8.181397
10.044645,8.181397
10.045055,8.181397
10.045465,8.181397
10.045875,8.181397
10.046285,8.181397
10.046695,8.181397
10.047105,8.181397
10.047515,8.181397
10.047925,8.181397
10.048335,8.181397
10.048745,8.181397
10.049155,8.181397
10.049565,8.181397
10.049975,8.181397
10.050385,8.181397
10.050795,8.181397
10.051205,8.181397
10.051615,8.181397
10.052025,8.181397
10.052435,8.181397
10.052845,8.181397
10.053255,8.181397
10.053665,8.181397
10.054075,8.181397
10.054485,8.181397
10.054895,8.181397
10.055305,8.181397
10.055715,8.181397
10.056125,8.181397
10.056535,8.181397
10.056945,8.181397
10.057355,8.181397
10.057765,8.181397
10.058175,8.181397
10.058585,8.181397
10.058995,8.181397
10.059405,8.181397
10.059815,8.181397
10.060225,8.181397
10.060635,8.181397
10.061045,8.181397
10.061455,8.181397
10.061865,8.181397
10.062275,8.181397
10.062685,8.181397
10.063095,8.181397
10.063505,8.181397
10.063915,8.181397
10.064325,8.181397
10.064735,8.181397
10.065146,8.181397
10.065556,8.181397
10.065966,8.181397
10.066376,8.181397
10.066786,8.181397
10.067196,8.181397
10.067606,8.181397
10.068016,8.181397
10.068426,8.181397
10.068836,8.181397
10.069246,8.181397
10.069656,8.181397
10.070066,8.181397
10.070476,8.181397
10.070886,8.181397
10.071296,8.181397
10.071706,8.181397
10.072116,8.181397
10.072526,8.181397
10.072936,8.181397
10.073346,8.181397
10.073756,8.181397
10.074166,8.181397
10.074576,8.181397
10.074986,8.181397
10.075396,8.181397
10.075806,8.181397
10.076216,8.181397
10.076626,8.181397
10.077036,8.181397
10.077446,8.181397
10.077856,8.181397
10.078266,8.181397
10.078676,8.181397
10.079086,8.181397
10.079496,8.181397
10.079906,8.181397
10.080316,8.181397
10.080726,8.181397
10.081136,8.181397
10.081546,8.181397
10.081956,8.181397
10.082366,8.181397
10.082776,8.181397
10.083186,8.181397
10.083596,8.181397
10.084006,8.181397
10.084416,8.181397
10.084826,8.181397
10.085236,8.181397
10.085646,8.181397
10.086056,8.181397
10.086466,8.181397
10.086876,8.181397
10.087286,8.181397
10.087696,8.181397
10.088106,8.181397
10.088516,8.181397
10.088926,8.181397
10.089336,8.181397
10.089746,8.181397
10.090156,8.181397
10.090566,8.181397
10.090976,8.181397
10.091386,8.181397
10.091796,8.181397
10.092206,8.181397
10.092616,8.181397
10.093026,8.181397
10.093436,8.181397
10.093846,8.181397
10.094256,8.181397
10.094666,8.181397
10.095077,8.181397
10.095487,8.181397
10.095897,8.181397
10.096307,8.181397
10.096717,8.181397
10.097127,8.181397
10.097537,8.181397
10.097947,8.181397
10.098357,8.181397
10.098767,8.181397
10.099177,8.181397
10.099587,8.181397
10.099997,8.181397
10.100407,8.181397
10.100817,8.181397
10.101227,8.181397
10.101637,8.181397
10.102047,8.181397
10.102457,8.181397
10.102867,8.181397
10.103277,8.181397
10.103687,8.181397
10.104097,8.181397
10.104507,8.181397
10.104917,8.181397
10.105327,8.181397
10.105737,8.181397
10.106147,8.181397
10.106557,8.181397
10.106967,8.181397
10.107377,8.181397
10.107787,8.181397
10.108197,8.181397
10.108607,8.181397
10.109017,8.181397
10.109427,8.181397
10.109837,8.181397
10.110247,8.181397
10.110657,8.181397
10.111067,8.181397
10.111477,8.181397
10.111887,8.181397
10.112297,8.181397
10.112707,8.181397
10.113117,8.181397
10.113527,8.181397
10.113937,8.181397
10.114347,8.181397
10.114757,8.181397
10.115167,8.181397
10.115577,8.181397
10.115987,8.181397
10.116397,8.181397
10.116807,8.181397
10.117217,8.181397
10.117627,8.181397
10.118037,8.181397
10.118447,8.181397
10.118857,8.181397
10.119267,8.181397
10.119677,8.181397
10.120087,8.181397
10.120497,8.181397
10.120907,8.181397
10.121317,8.181397
10.121727,8.181397
10.122137,8.181397
10.122547,8.181397
10.122957,8.181397
10.123367,8.181397
10.123777,8.181397
10.124187,8.181397
10.124597,8.181397
10.125008,8.181397
10.125418,8.181397
10.125828,8.181397
10.126238,8.181397
10.126648,8.181397
10.127058,8.181397
10.127468,8.181397
10.127878,8.181397
10.128288,8.181397
10.128698,8.181397
10.129108,8.181397
10.129518,8.181397
10.129928,8.181397
10.130338,8.181397
10.130748,8.181397
10.131158,8.181397
10.131568,8.181397
10.131978,8.181397
10.132388,8.181397
10.132798,8.181397
10.133208,8.181397
10.133618,8.181397
10.134028,8.181397
10.134438,8.181397
10.134848,8.181397
10.135258,8.181397
10.135668,8.181397
10.136078,8.181397
10.136488,8.181397
10.136898,8.181397
10.137308,8.181397
10.137718,8.181397
10.138128,8.181397
10.138538,8.181397
10.138948,8.181397
10.139358,8.181397
10.139768,8.181397
10.140178,8.181397
10.140588,8.181397
10.140998,8.181397
10.141408,8.181397
10.141818,8.181397
10.142228,8.181397
10.142638,8.181397
10.143048,8.181397
10.143458,8.181397
10.143868,8.181397
10.144278,8.181397
10.144688,8.181397
10.145098,8.181397
10.145508,8.181397
10.145918,8.181397
10.146328,8.181397
10.146738,8.181397
10.147148,8.181397
10.147558,8.181397
10.147968,8.181397
10.148378,8.181397
10.148788,8.181397
10.149198,8.181397
10.149608,8.181397
10.150018,8.181397
10.150428,8.181397
10.150838,8.181397
10.151248,8.181397
10.151658,8.181397
10.152068,8.181397
10.152478,8.181397
10.152888,8.181397
10.153298,8.181397
10.153708,8.181397
10.154118,8.181397
10.154528,8.181397
10.154938,8.181397
10.155349,8.181397
10.155759,8.181397
10.156169,8.181397
10.156579,8.181397
10.156989,8.181397
10.157399,8.181397
10.157809,8.181397
10.158219,8.181397
10.158629,8.181397
10.159039,8.181397
10.159449,8.181397
10.159859,8.181397
10.160269,8.181397
10.160679,8.181397
10.161089,8.181397
10.161499,8.181397
10.161909,8.181397
10.162319,8.181397
10.162729,8.181397
10.163139,8.181397
10.163549,8.181397
10.163959,8.181397
10.164369,8.181397
10.164779,8.181397
10.165189,8.181397
10.165599,8.181397
10.166009,8.181397
10.166419,8.181397
10.166829,8.181397
10.167239,8.181397
10.167649,8.181397
10.168059,8.181397
10.168469,8.181397
10.168879,8.181397
10.169289,8.181397
10.169699,8.181397
10.170109,8.181397
10.170519,8.181397
10.170929,8.181397
10.171339,8.181397
10.171749,8.181397
10.172159,8.181397
10.172569,8.181397
10.172979,8.181397
10.173389,8.181397
10.173799,8.181397
10.174209,8.181397
10.174619,8.181397
10.175029,8.181397
10.175439,8.181397
10.175849,8.181397
10.176259,8.181397
10.176669,8.181397
10.177079,8.181397
10.177489,8.181397
10.177899,8.181397
10.178309,8.181397
10.178719,8.181397
10.179129,8.181397
10.179539,8.181397
10.179949,8.181397
10.180359,8.181397
10.180769,8.181397
10.181179,8.181397
10.181589,8.181397
10.181999,8.181397
10.182409,8.181397
10.182819,8.181397
10.183229,8.181397
10.183639,8.181397
10.184049,8.181397
10.184459,8.181397
10.184869,8.181397
10.185280,8.181397
10.185690,8.181397
10.186100,8.181397
10.186510,8.181397
10.186920,8.181397
10.187330,8.181397
10.187740,8.181397
10.188150,8.181397
10.188560,8.181397
10.188970,8.181397
10.189380,8.181397
10.189790,8.181397
10.190200,8.181397
10.190610,8.181397
10.191020,8.181397
10.191430,8.181397
10.191840,8.181397
10.192250,8.181397
10.192660,8.181397
10.193070,8.181397
10.193480,8.181397
10.193890,8.181397
10.194300,8.181397
10.194710,8.181397
10.195120,8.181397
10.195530,8.181397
10.195940,8.181397
10.196350,8.181397
10.196760,8.181397
10.197170,8.181397
10.197580,8.181397
10.197990,8.181397
10.198400,8.181397
10.198810,8.181397
10.199220,8.181397
10.199630,8.181397
10.200040,8.181397
10.200450,8.181397
10.200860,8.181397
10.201270,8.181397
10.201680,8.181397
10.202090,8.181397
10.202500,8.181397
10.202910,8.181397
10.203320,8.181397
10.203730,8.181397
10.204140,8.181397
10.204550,8.181397
10.204960,8.181397
10.205370,8.181397
10.205780,8.181397
10.206190,8.181397
10.206600,8.181397
10.207010,8.181397
10.207420,8.181397
10.207830,8.181397
10.208240,8.181397
10.208650,8.181397
10.209060,8.181397
10.209470,8.181397
10.209880,8.181397
10.210290,8.181397
10.210700,8.181397
10.211110,8.181397
10.211520,8.181397
10.211930,8.181397
10.212340,8.181397
10.212750,8.181397
10.213160,8.181397
10.213570,8.181397
10.213980,8.181397
10.214390,8.181397
10.214800,8.181397
10.215211,8.181397
10.215621,8.181397
10.216031,8.181397
10.216441,8.181397
10.216851,8.181397
10.217261,8.181397
10.217671,8.181397
10.218081,8.181397
10.218491,8.181397
10.218901,8.181397
10.219311,8.181397
10.219721,8.181397
10.220131,8.181397
10.220541,8.181397
10.220951,8.181397
10.221361,8.181397
10.221771,8.181397
10.222181,8.181397
10.222591,8.181397
10.223001,8.181397
10.223411,8.181397
10.223821,8.181397
10.224231,8.181397
10.224641,8.181397
10.225051,8.181397
10.225461,8.181397
10.225871,8.181397
10.226281,8.181397
10.226691,8.181397
10.227101,8.181397
10.227511,8.181397
10.227921,8.181397
10.228331,8.181397
10.228741,8.181397
10.229151,8.181397
10.229561,8.181397
10.229971,8.181397
10.230381,8.181397
10.230791,8.181397
10.231201,8.181397
10.231611,8.181397
10.232021,8.181397
10.232431,8.181397
10.232841,8.181397
10.233251,8.181397
10.233661,8.181397
10.234071,8.181397
10.234481,8.181397
10.234891,8.181397
10.235301,8.181397
10.235711,8.181397
10.236121,8.181397
10.236531,8.181397
10.236941,8.181397
10.237351,8.181397
10.237761,8.181397
10.238171,8.181397
10.238581,8.181397
10.238991,8.181397
10.239401,8.181397
10.239811,8.181397
10.240221,8.181397
10.240631,8.181397
10.241041,8.181397
10.241451,8.181397
10.241861,8.181397
10.242271,8.181397
10.242681,8.181397
10.243091,8.181397
10.243501,8.181397
10.243911,8.181397
10.244321,8.181397
10.244731,8.181397
10.245142,8.181397
10.245552,8.181397
10.245962,8.181397
10.246372,8.181397
10.246782,8.181397
10.247192,8.181397
10.247602,8.181397
10.248012,8.181397
10.248422,8.181397
10.248832,8.181397
10.249242,8.181397
10.249652,8.181397
10.250062,8.181397
10.250472,8.181397
10.250882,8.181397
10.251292,8.181397
10.251702,8.181397
10.252112,8.181397
10.252522,8.181397
10.252932,8.181397
10.253342,8.181397
10.253752,8.181397
10.254162,8.181397
10.254572,8.181397
10.254982,8.181397
10.255392,8.181397
10.255802,8.181397
10.256212,8.181397
10.256622,8.181397
10.257032,8.181397
10.257442,8.181397
10.257852,8.181397
10.258262,8.181397
10.258672,8.181397
10.259082,8.181397
10.259492,8.181397
10.259902,8.181397
10.260312,8.181397
10.260722,8.181397
10.261132,8.181397
10.261542,8.181397
10.261952,8.181397
10.262362,8.181397
10.262772,8.181397
10.263182,8.181397
10.263592,8.181397
10.264002,8.181397
10.264412,8.181397
10.264822,8.181397
10.265232,8.181397
10.265642,8.181397
10.266052,8.181397
10.266462,8.181397
10.266872,8.181397
10.267282,8.181397
10.267692,8.181397
10.268102,8.181397
10.268512,8.181397
10.268922,8.181397
10.269332,8.181397
10.269742,8.181397
10.270152,8.181397
10.270562,8.181397
10.270972,8.181397
10.271382,8.181397
10.271792,8.181397
10.272202,8.181397
10.272612,8.181397
10.273022,8.181397
10.273432,8.181397
10.273842,8.181397
10.274252,8.181397
10.274662,8.181397
10.275073,8.181397
10.275483,8.181397
10.275893,8.181397
10.276303,8.181397
10.276713,8.181397
10.277123,8.181397
10.277533,8.181397
10.277943,8.181397
10.278353,8.181397
10.278763,8.181397
10.279173,8.181397
10.279583,8.181397
10.279993,8.181397
10.280403,8.181397
10.280813,8.181397
10.281223,8.181397
10.281633,8.181397
10.282043,8.181397
10.282453,8.181397
10.282863,8.181397
10.283273,8.181397
10.283683,8.181397
10.284093,8.181397
10.284503,8.181397
10.284913,8.181397
10.285323,8.181397
10.285733,8.181397
10.286143,8.181397
10.286553,8.181397
10.286963,8.181397
10.287373,8.181397
10.287783,8.181397
10.288193,8.181397
10.288603,8.181397
10.289013,8.181397
10.289423,8.181397
10.289833,8.181397
10.290243,8.181397
10.290653,8.181397
10.291063,8.181397
10.291473,8.181397
10.291883,8.181397
10.292293,8.181397
10.292703,8.181397
10.293113,8.181397
10.293523,8.181397
10.293933,8.181397
10.294343,8.181397
10.294753,8.181397
10.295163,8.181397
10.295573,8.181397
10.295983,8.181397
10.296393,8.181397
10.296803,8.181397
10.297213,8.181397
10.297623,8.181397
10.298033,8.181397
10.298443,8.181397
10.298853,8.181397
10.299263,8.181397
10.299673,8.181397
10.300083,8.181397
10.300493,8.181397
10.300903,8.181397
10.301313,8.181397
10.301723,8.181397
10.302133,8.181397
10.302543,8.181397
10.302953,8.181397
10.303363,8.181397
10.303773,8.181397
10.304183,8.181397
10.304593,8.181397
10.305004,8.181397
10.305414,8.181397
10.305824,8.181397
10.306234,8.181397
10.306644,8.181397
10.307054,8.181397
10.307464,8.181397
10.307874,8.181397
10.308284,8.181397
10.308694,8.181397
10.309104,8.181397
10.309514,8.181397
10.309924,8.181397
10.310334,8.181397
10.310744,8.181397
10.311154,8.181397
10.311564,8.181397
10.311974,8.181397
10.312384,8.181397
10.312794,8.181397
10.313204,8.181397
10.313614,8.181397
10.314024,8.181397
10.314434,8.181397
10.314844,8.181397
10.315254,8.181397
10.315664,8.181397
10.316074,8.181397
10.316484,8.181397
10.316894,8.181397
10.317304,8.181397
10.317714,8.181397
10.318124,8.181397
10.318534,8.181397
10.318944,8.181397
10.319354,8.181397
10.319764,8.181397
10.320174,8.181397
10.320584,8.181397
10.320994,8.181397
10.321404,8.181397
10.321814,8.181397
10.322224,8.181397
10.322634,8.181397
10.323044,8.181397
10.323454,8.181397
10.323864,8.181397
10.324274,8.181397
10.324684,8.181397
10.325094,8.181397
10.325504,8.181397
10.325914,8.181397
10.326324,8.181397
10.326734,8.181397
10.327144,8.181397
10.327554,8.181397
10.327964,8.181397
10.328374,8.181397
10.328784,8.181397
10.329194,8.181397
10.329604,8.181397
10.330014,8.181397
10.330424,8.181397
10.330834,8.181397
10.331244,8.181397
10.331654,8.181397
10.332064,8.181397
10.332474,8.181397
10.332884,8.181397
10.333294,8.181397
10.333704,8.181397
10.334114,8.181397
10.334524,8.181397
10.334934,8.181397
10.335345,8.181397
10.335755,8.181397
10.336165,8.181397
10.336575,8.181397
10.336985,8.181397
10.337395,8.181397
10.337805,8.181397
10.338215,8.181397
10.338625,8.181397
10.339035,8.181397
10.339445,8.181397
10.339855,8.181397
10.340265,8.181397
10.340675,8.181397
10.341085,8.181397
10.341495,8.181397
10.341905,8.181397
10.342315,8.181397
10.342725,8.181397
10.343135,8.181397
10.343545,8.181397
10.343955,8.181397
10.344365,8.181397
10.344775,8.181397
10.345185,8.181397
10.345595,8.181397
10.346005,8.181397
10.346415,8.181397
10.346825,8.181397
10.347235,8.181397
10.347645,8.181397
10.348055,8.181397
10.348465,8.181397
10.348875,8.181397
10.349285,8.181397
10.349695,8.181397
10.350105,8.181397
10.350515,8.181397
10.350925,8.181397
10.351335,8.181397
10.351745,8.181397
10.352155,8.181397
10.352565,8.181397
10.352975,8.181397
10.353385,8.181397
10.353795,8.181397
10.354205,8.181397
10.354615,8.181397
10.355025,8.181397
10.355435,8.181397
10.355845,8.181397
10.356255,8.181397
10.356665,8.181397
10.357075,8.181397
10.357485,8.181397
10.357895,8.181397
10.358305,8.181397
10.358715,8.181397
10.359125,8.181397
10.359535,8.181397
10.359945,8.181397
10.360355,8.181397
10.360765,8.181397
10.361175,8.181397
10.361585,8.181397
10.361995,8.181397
10.362405,8.181397
10.362815,8.181397
10.363225,8.181397
10.363635,8.181397
10.364045,8.181397
10.364455,8.181397
10.364865,8.181397
10.365276,8.181397
10.365686,8.181397
10.366096,8.181397
10.366506,8.181397
10.366916,8.181397
10.367326,8.181397
10.367736,8.181397
10.368146,8.181397
10.368556,8.181397
10.368966,8.181397
10.369376,8.181397
10.369786,8.181397
10.370196,8.181397
10.370606,8.181397
10.371016,8.181397
10.371426,8.181397
10.371836,8.181397
10.372246,8.181397
10.372656,8.181397
10.373066,8.181397
10.373476,8.181397
10.373886,8.181397
10.374296,8.181397
10.374706,8.181397
10.375116,8.181397
10.375526,8.181397
10.375936,8.181397
10.376346,8.181397
10.376756,8.181397
10.377166,8.181397
10.377576,8.181397
10.377986,8.181397
10.378396,8.181397
10.378806,8.181397
10.379216,8.181397
10.379626,8.181397
10.380036,8.181397
10.380446,8.181397
10.380856,8.181397
10.381266,8.181397
10.381676,8.181397
10.382086,8.181397
10.382496,8.181397
10.382906,8.181397
10.383316,8.181397
10.383726,8.181397
10.384136,8.181397
10.384546,8.181397
10.384956,8.181397
10.385366,8.181397
10.385776,8.181397
10.386186,8.181397
10.386596,8.181397
10.387006,8.181397
10.387416,8.181397
10.387826,8.181397
10.388236,8.181397
10.388646,8.181397
10.389056,8.181397
10.389466,8.181397
10.389876,8.181397
10.390286,8.181397
10.390696,8.181397
10.391106,8.181397
10.391516,8.181397
10.391926,8.181397
10.392336,8.181397
10.392746,8.181397
10.393156,8.181397
10.393566,8.181397
10.393976,8.181397
10.394386,8.181397
10.394796,8.181397
10.395207,8.181397
10.395617,8.181397
10.396027,8.181397
10.396437,8.181397
10.396847,8.181397
10.397257,8.181397
10.397667,8.181397
10.398077,8.181397
10.398487,8.181397
10.398897,8.181397
10.399307,8.181397
10.399717,8.181397
10.400127,8.181397
10.400537,8.181397
10.400947,8.181397
10.401357,8.181397
10.401767,8.181397
10.402177,8.181397
10.402587,8.181397
10.402997,8.181397
10.403407,8.181397
10.403817,8.181397
10.404227,8.181397
10.404637,8.181397
10.405047,8.181397
10.405457,8.181397
10.405867,8.181397
10.406277,8.181397
10.406687,8.181397
10.407097,8.181397
10.407507,8.181397
10.407917,8.181397
10.408327,8.181397
10.408737,8.181397
10.409147,8.181397
10.409557,8.181397
10.409967,8.181397
10.410377,8.181397
10.410787,8.181397
10.411197,8.181397
10.411607,8.181397
10.412017,8.181397
10.412427,8.181397
10.412837,8.181397
10.413247,8.181397
10.413657,8.181397
10.414067,8.181397
10.414477,8.181397
10.414887,8.181397
10.415297,8.181397
10.415707,8.181397
10.416117,8.181397
10.416527,8.181397
10.416937,8.181397
10.417347,8.181397
10.417757,8.181397
10.418167,8.181397
10.418577,8.181397
10.418987,8.181397
10.419397,8.181397
10.419807,8.181397
10.420217,8.181397
10.420627,8.181397
10.421037,8.181397
10.421447,8.181397
10.421857,8.181397
10.422267,8.181397
10.422677,8.181397
10.423087,8.181397
10.423497,8.181397
10.423907,8.181397
10.424317,8.181397
10.424727,8.181397
10.425138,8.181397
10.425548,8.181397
10.425958,8.181397
10.426368,8.181397
10.426778,8.181397
10.427188,8.181397
10.427598,8.181397
10.428008,8.181397
10.428418,8.181397
10.428828,8.181397
10.429238,8.181397
10.429648,8.181397
10.430058,8.181397
10.430468,8.181397
10.430878,8.181397
10.431288,8.181397
10.431698,8.181397
10.432108,8.181397
10.432518,8.181397
10.432928,8.181397
10.433338,8.181397
10.433748,8.181397
10.434158,8.181397
10.434568,8.181397
10.434978,8.181397
10.435388,8.181397
10.435798,8.181397
10.436208,8.181397
10.436618,8.181397
10.437028,8.181397
10.437438,8.181397
10.437848,8.181397
10.438258,8.181397
10.438668,8.181397
10.439078,8.181397
10.439488,8.181397
10.439898,8.181397
10.440308,8.181397
10.440718,8.181397
10.441128,8.181397
10.441538,8.181397
10.441948,8.181397
10.442358,8.181397
10.442768,8.181397
10.443178,8.181397
10.443588,8.181397
10.443998,8.181397
10.444408,8.181397
10.444818,8.181397
10.445228,8.181397
10.445638,8.181397
10.446048,8.181397
10.446458,8.181397
10.446868,8.181397
10.447278,8.181397
10.447688,8.181397
10.448098,8.181397
10.448508,8.181397
10.448918,8.181397
10.449328,8.181397
10.449738,8.181397
10.450148,8.181397
10.450558,8.181397
10.450968,8.181397
10.451378,8.181397
10.451788,8.181397
10.452198,8.181397
10.452608,8.181397
10.453018,8.181397
10.453428,8.181397
10.453838,8.181397
10.454248,8.181397
10.454658,8.181397
10.455069,8.181397
10.455479,8.181397
10.455889,8.181397
10.456299,8.181397
10.456709,8.181397
10.457119,8.181397
10.457529,8.181397
10.457939,8.181397
10.458349,8.181397
10.458759,8.181397
10.459169,8.181397
10.459579,8.181397
10.459989,8.181397
10.460399,8.181397
10.460809,8.181397
10.461219,8.181397
10.461629,8.181397
10.462039,8.181397
10.462449,8.181397
10.462859,8.181397
10.463269,8.181397
10.463679,8.181397
10.464089,8.181397
10.464499,8.181397
10.464909,8.181397
10.465319,8.181397
10.465729,8.181397
10.466139,8.181397
10.466549,8.181397
10.466959,8.181397
10.467369,8.181397
10.467779,8.181397
10.468189,8.181397
10.468599,8.181397
10.469009,8.181397
10.469419,8.181397
10.469829,8.181397
10.470239,8.181397
10.470649,8.181397
10.471059,8.181397
10.471469,8.181397
10.471879,8.181397
10.472289,8.181397
10.472699,8.181397
10.473109,8.181397
10.473519,8.181397
10.473929,8.181397
10.474339,8.181397
10.474749,8.181397
10.475159,8.181397
10.475569,8.181397
10.475979,8.181397
10.476389,8.181397
10.476799,8.181397
10.477209,8.181397
10.477619,8.181397
10.478029,8.181397
10.478439,8.181397
10.478849,8.181397
10.479259,8.181397
10.479669,8.181397
10.480079,8.181397
10.480489,8.181397
10.480899,8.181397
10.481309,8.181397
10.481719,8.181397
10.482129,8.181397
10.482539,8.181397
10.482949,8.181397
10.483359,8.181397
10.483769,8.181397
10.484179,8.181397
10.484589,8.181397
10.484999,8.181397
10.485410,8.181397
10.485820,8.181397
10.486230,8.181397
10.486640,8.181397
10.487050,8.181397
10.487460,8.181397
10.487870,8.181397
10.488280,8.181397
10.488690,8.181397
10.489100,8.181397
10.489510,8.181397
10.489920,8.181397
10.490330,8.181397
10.490740,8.181397
10.491150,8.181397
10.491560,8.181397
10.491970,8.181397
10.492380,8.181397
10.492790,8.181397
10.493200,8.181397
10.493610,8.181397
10.494020,8.181397
10.494430,8.181397
10.494840,8.181397
10.495250,8.181397
10.495660,8.181397
10.496070,8.181397
10.496480,8.181397
10.496890,8.181397
10.497300,8.181397
10.497710,8.181397
10.498120,8.181397
10.498530,8.181397
10.498940,8.181397
10.499350,8.181397
10.499760,8.181397
10.500170,8.181397
10.500580,8.181397
10.500990,8.181397
10.501400,8.181397
10.501810,8.181397
10.502220,8.181397
10.502630,8.181397
10.503040,8.181397
10.503450,8.181397
10.503860,8.181397
10.504270,8.181397
10.504680,8.181397
10.505090,8.181397
10.505500,8.181397
10.505910,8.181397
10.506320,8.181397
10.506730,8.181397
10.507140,8.181397
10.507550,8.181397
10.507960,8.181397
10.508370,8.181397
10.508780,8.181397
10.509190,8.181397
10.509600,8.181397
10.510010,8.181397
10.510420,8.181397
10.510830,8.181397
10.511240,8.181397
10.511650,8.181397
10.512060,8.181397
10.512470,8.181397
10.512880,8.181397
10.513290,8.181397
10.513700,8.181397
10.514110,8.181397
10.514520,8.181397
10.514930,8.181397
10.515341,8.181397
10.515751,8.181397
10.516161,8.181397
10.516571,8.181397
10.516981,8.181397
10.517391,8.181397
10.517801,8.181397
10.518211,8.181397
10.518621,8.181397
10.519031,8.181397
10.519441,8.181397
10.519851,8.181397
10.520261,8.181397
10.520671,8.181397
10.521081,8.181397
10.521491,8.181397
10.521901,8.181397
10.522311,8.181397
10.522721,8.181397
10.523131,8.181397
10.523541,8.181397
10.523951,8.181397
10.524361,8.181397
10.524771,8.181397
10.525181,8.181397
10.525591,8.181397
10.526001,8.181397
10.526411,8.181397
10.526821,8.181397
10.527231,8.181397
10.527641,8.181397
10.528051,8.181397
10.528461,8.181397
10.528871,8.181397
10.529281,8.181397
10.529691,8.181397
10.530101,8.181397
10.530511,8.181397
10.530921,8.181397
10.531331,8.181397
10.531741,8.181397
10.532151,8.181397
10.532561,8.181397
10.532971,8.181397
10.533381,8.181397
10.533791,8.181397
10.534201,8.181397
10.534611,8.181397
10.535021,8.181397
10.535431,8.181397
10.535841,8.181397
10.536251,8.181397
10.536661,8.181397
10.537071,8.181397
10.537481,8.181397
10.537891,8.181397
10.538301,8.181397
10.538711,8.181397
10.539121,8.181397
10.539531,8.181397
10.539941,8.181397
10.540351,8.181397
10.540761,8.181397
10.541171,8.181397
10.541581,8.181397
10.541991,8.181397
10.542401,8.181397
10.542811,8.181397
10.543221,8.181397
10.543631,8.181397
10.544041,8.181397
10.544451,8.181397
10.544861,8.181397
10.545272,8.181397
10.545682,8.181397
10.546092,8.181397
10.546502,8.181397
10.546912,8.181397
10.547322,8.181397
10.547732,8.181397
10.548142,8.181397
10.548552,8.181397
10.548962,8.181397
10.549372,8.181397
10.549782,8.181397
10.550192,8.181397
10.550602,8.181397
10.551012,8.181397
10.551422,8.181397
10.551832,8.181397
10.552242,8.181397
10.552652,8.181397
10.553062,8.181397
10.553472,8.181397
10.553882,8.181397
10.554292,8.181397
10.554702,8.181397
10.555112,8.181397
10.555522,8.181397
10.555932,8.181397
10.556342,8.181397
10.556752,8.181397
10.557162,8.181397
10.557572,8.181397
10.557982,8.181397
10.558392,8.181397
10.558802,8.181397
10.559212,8.181397
10.559622,8.181397
10.560032,8.181397
10.560442,8.181397
10.560852,8.181397
10.561262,8.181397
10.561672,8.181397
10.562082,8.181397
10.562492,8.181397
10.562902,8.181397
10.563312,8.181397
10.563722,8.181397
10.564132,8.181397
10.564542,8.181397
10.564952,8.181397
10.565362,8.181397
10.565772,8.181397
10.566182,8.181397
10.566592,8.181397
10.567002,8.181397
10.567412,8.181397
10.567822,8.181397
10.568232,8.181397
10.568642,8.181397
10.569052,8.181397
10.569462,8.181397
10.569872,8.181397
10.570282,8.181397
10.570692,8.181397
10.571102,8.181397
10.571512,8.181397
10.571922,8.181397
10.572332,8.181397
10.572742,8.181397
10.573152,8.181397
10.573562,8.181397
10.573972,8.181397
10.574382,8.181397
10.574792,8.181397
10.575203,8.181397
10.575613,8.181397
10.576023,8.181397
10.576433,8.181397
10.576843,8.181397
10.577253,8.181397
10.577663,8.181397
10.578073,8.181397
10.578483,8.181397
10.578893,8.181397
10.579303,8.181397
10.579713,8.181397
10.580123,8.181397
10.580533,8.181397
10.580943,8.181397
10.581353,8.181397
10.581763,8.181397
10.582173,8.181397
10.582583,8.181397
10.582993,8.181397
10.583403,8.181397
10.583813,8.181397
10.584223,8.181397
10.584633,8.181397
10.585043,8.181397
10.585453,8.181397
10.585863,8.181397
10.586273,8.181397
10.586683,8.181397
10.587093,8.181397
10.587503,8.181397
10.587913,8.181397
10.588323,8.181397
10.588733,8.181397
10.589143,8.181397
10.589553,8.181397
10.589963,8.181397
10.590373,8.181397
10.590783,8.181397
10.591193,8.181397
10.591603,8.181397
10.592013,8.181397
10.592423,8.181397
10.592833,8.181397
10.593243,8.181397
10.593653,8.181397
10.594063,8.181397
10.594473,8.181397
10.594883,8.181397
10.595293,8.181397
10.595703,8.181397
10.596113,8.181397
10.596523,8.181397
10.596933,8.181397
10.597343,8.181397
10.597753,8.181397
10.598163,8.181397
10.598573,8.181397
10.598983,8.181397
10.599393,8.181397
10.599803,8.181397
10.600213,8.181397
10.600623,8.181397
10.601033,8.181397
10.601443,8.181397
10.601853,8.181397
10.602263,8.181397
10.602673,8.181397
10.603083,8.181397
10.603493,8.181397
10.603903,8.181397
10.604313,8.181397
10.604723,8.181397
10.605134,8.181397
10.605544,8.181397
10.605954,8.181397
10.606364,8.181397
10.606774,8.181397
10.607184,8.181397
10.607594,8.181397
10.608004,8.181397
10.608414,8.181397
10.608824,8.181397
10.609234,8.181397
10.609644,8.181397
10.610054,8.181397
10.610464,8.181397
10.610874,8.181397
10.611284,8.181397
10.611694,8.181397
10.612104,8.181397
10.612514,8.181397
10.612924,8.181397
10.613334,8.181397
10.613744,8.181397
10.614154,8.181397
10.614564,8.181397
10.614974,8.181397
10.615384,8.181397
10.615794,8.181397
10.616204,8.181397
10.616614,8.181397
10.617024,8.181397
10.617434,8.181397
10.617844,8.181397
10.618254,8.181397
10.618664,8.181397
10.619074,8.181397
10.619484,8.181397
10.619894,8.181397
10.620304,8.181397
10.620714,8.181397
10.621124,8.181397
10.621534,8.181397
10.621944,8.181397
10.622354,8.181397
10.622764,8.181397
10.623174,8.181397
10.623584,8.181397
10.623994,8.181397
10.624404,8.181397
10.624814,8.181397
10.625224,8.181397
10.625634,8.181397
10.626044,8.181397
10.626454,8.181397
10.626864,8.181397
10.627274,8.181397
10.627684,8.181397
10.628094,8.181397
10.628504,8.181397
10.628914,8.181397
10.629324,8.181397
10.629734,8.181397
10.630144,8.181397
10.630554,8.181397
10.630964,8.181397
10.631374,8.181397
10.631784,8.181397
10.632194,8.181397
10.632604,8.181397
10.633014,8.181397
10.633424,8.181397
10.633834,8.181397
10.634244,8.181397
10.634654,8.181397
10.635065,8.181397
10.635475,8.181397
10.635885,8.181397
10.636295,8.181397
10.636705,8.181397
10.637115,8.181397
10.637525,8.181397
10.637935,8.181397
10.638345,8.181397
10.638755,8.181397
10.639165,8.181397
10.639575,8.181397
10.639985,8.181397
10.640395,8.181397
10.640805,8.181397
10.641215,8.181397
10.641625,8.181397
10.642035,8.181397
10.642445,8.181397
10.642855,8.181397
10.643265,8.181397
10.643675,8.181397
10.644085,8.181397
10.644495,8.181397
10.644905,8.181397
10.645315,8.181397
10.645725,8.181397
10.646135,8.181397
10.646545,8.181397
10.646955,8.181397
10.647365,8.181397
10.647775,8.181397
10.648185,8.181397
10.648595,8.181397
10.649005,8.181397
10.649415,8.181397
10.649825,8.181397
10.650235,8.181397
10.650645,8.181397
10.651055,8.181397
10.651465,8.181397
10.651875,8.181397
10.652285,8.181397
10.652695,8.181397
10.653105,8.181397
10.653515,8.181397
10.653925,8.181397
10.654335,8.181397
10.654745,8.181397
10.655155,8.181397
10.655565,8.181397
10.655975,8.181397
10.656385,8.181397
10.656795,8.181397
10.657205,8.181397
10.657615,8.181397
10.658025,8.181397
10.658435,8.181397
10.658845,8.181397
10.659255,8.181397
10.659665,8.181397
10.660075,8.181397
10.660485,8.181397
10.660895,8.181397
10.661305,8.181397
10.661715,8.181397
10.662125,8.181397
10.662535,8.181397
10.662945,8.181397
10.663355,8.181397
10.663765,8.181397
10.664175,8.181397
10.664585,8.181397
10.664995,8.181397
10.665406,8.181397
10.665816,8.181397
10.666226,8.181397
10.666636,8.181397
10.667046,8.181397
10.667456,8.181397
10.667866,8.181397
10.668276,8.181397
10.668686,8.181397
10.669096,8.181397
10.669506,8.181397
10.669916,8.181397
10.670326,8.181397
10.670736,8.181397
10.671146,8.181397
10.671556,8.181397
10.671966,8.181397
10.672376,8.181397
10.672786,8.181397
10.673196,8.181397
10.673606,8.181397
10.674016,8.181397
10.674426,8.181397
10.674836,8.181397
10.675246,8.181397
10.675656,8.181397
10.676066,8.181397
10.676476,8.181397
10.676886,8.181397
10.677296,8.181397
10.677706,8.181397
10.678116,8.181397
10.678526,8.181397
10.678936,8.181397
10.679346,8.181397
10.679756,8.181397
10.680166,8.181397
10.680576,8.181397
10.680986,8.181397
10.681396,8.181397
10.681806,8.181397
10.682216,8.181397
10.682626,8.181397
10.683036,8.181397
10.683446,8.181397
10.683856,8.181397
10.684266,8.181397
10.684676,8.181397
10.685086,8.181397
10.685496,8.181397
10.685906,8.181397
10.686316,8.181397
10.686726,8.181397
10.687136,8.181397
10.687546,8.181397
10.687956,8.181397
10.688366,8.181397
10.688776,8.181397
10.689186,8.181397
10.689596,8.181397
10.690006,8.181397
10.690416,8.181397
10.690826,8.181397
10.691236,8.181397
10.691646,8.181397
10.692056,8.181397
10.692466,8.181397
10.692876,8.181397
10.693286,8.181397
10.693696,8.181397
10.694106,8.181397
10.694516,8.181397
10.694926,8.181397
10.695337,8.181397
10.695747,8.181397
10.696157,8.181397
10.696567,8.181397
10.696977,8.181397
10.697387,8.181397
10.697797,8.181397
10.698207,8.181397
10.698617,8.181397
10.699027,8.181397
10.699437,8.181397
10.699847,8.181397
10.700257,8.181397
10.700667,8.181397
10.701077,8.181397
10.701487,8.181397
10.701897,8.181397
10.702307,8.181397
10.702717,8.181397
10.703127,8.181397
10.703537,8.181397
10.703947,8.181397
10.704357,8.181397
10.704767,8.181397
10.705177,8.181397
10.705587,8.181397
10.705997,8.181397
10.706407,8.181397
10.706817,8.181397
10.707227,8.181397
10.707637,8.181397
10.708047,8.181397
10.708457,8.181397
10.708867,8.181397
10.709277,8.181397
10.709687,8.181397
10.710097,8.181397
10.710507,8.181397
10.710917,8.181397
10.711327,8.181397
10.711737,8.181397
10.712147,8.181397
10.712557,8.181397
10.712967,8.181397
10.713377,8.181397
10.713787,8.181397
10.714197,8.181397
10.714607,8.181397
10.715017,8.181397
10.715427,8.181397
10.715837,8.181397
10.716247,8.181397
10.716657,8.181397
10.717067,8.181397
10.717477,8.181397
10.717887,8.181397
10.718297,8.181397
10.718707,8.181397
10.719117,8.181397
10.719527,8.181397
10.719937,8.181397
10.720347,8.181397
10.720757,8.181397
10.721167,8.181397
10.721577,8.181397
10.721987,8.181397
10.722397,8.181397
10.722807,8.181397
10.723217,8.181397
10.723627,8.181397
10.724037,8.181397
10.724447,8.181397
10.724857,8.181397
10.725268,8.181397
10.725678,8.181397
10.726088,8.181397
10.726498,8.181397
10.726908,8.181397
10.727318,8.181397
10.727728,8.181397
10.728138,8.181397
10.728548,8.181397
10.728958,8.181397
10.729368,8.181397
10.729778,8.181397
10.730188,8.181397
10.730598,8.181397
10.731008,8.181397
10.731418,8.181397
10.731828,8.181397
10.732238,8.181397
10.732648,8.181397
10.733058,8.181397
10.733468,8.181397
10.733878,8.181397
10.734288,8.181397
10.734698,8.181397
10.735108,8.181397
10.735518,8.181397
10.735928,8.181397
10.736338,8.181397
10.736748,8.181397
10.737158,8.181397
10.737568,8.181397
10.737978,8.181397
10.738388,8.181397
10.738798,8.181397
10.739208,8.181397
10.739618,8.181397
10.740028,8.181397
10.740438,8.181397
10.740848,8.181397
10.741258,8.181397
10.741668,8.181397
10.742078,8.181397
10.742488,8.181397
10.742898,8.181397
10.743308,8.181397
10.743718,8.181397
10.744128,8.181397
10.744538,8.181397
10.744948,8.181397
10.745358,8.181397
10.745768,8.181397
10.746178,8.181397
10.746588,8.181397
10.746998,8.181397
10.747408,8.181397
10.747818,8.181397
10.748228,8.181397
10.748638,8.181397
10.749048,8.181397
10.749458,8.181397
10.749868,8.181397
10.750278,8.181397
10.750688,8.181397
10.751098,8.181397
10.751508,8.181397
10.751918,8.181397
10.752328,8.181397
10.752738,8.181397
10.753148,8.181397
10.753558,8.181397
10.753968,8.181397
10.754378,8.181397
10.754788,8.181397
10.755199,8.181397
10.755609,8.181397
10.756019,8.181397
10.756429,8.181397
10.756839,8.181397
10.757249,8.181397
10.757659,8.181397
10.758069,8.181397
10.758479,8.181397
10.758889,8.181397
10.759299,8.181397
10.759709,8.181397
10.760119,8.181397
10.760529,8.181397
10.760939,8.181397
10.761349,8.181397
10.761759,8.181397
10.762169,8.181397
10.762579,8.181397
10.762989,8.181397
10.763399,8.181397
10.763809,8.181397
10.764219,8.181397
10.764629,8.181397
10.765039,8.181397
10.765449,8.181397
10.765859,8.181397
10.766269,8.181397
10.766679,8.181397
10.767089,8.181397
10.767499,8.181397
10.767909,8.181397
10.768319,8.181397
10.768729,8.181397
10.769139,8.181397
10.769549,8.181397
10.769959,8.181397
10.770369,8.181397
10.770779,8.181397
10.771189,8.181397
10.771599,8.181397
10.772009,8.181397
10.772419,8.181397
10.772829,8.181397
10.773239,8.181397
10.773649,8.181397
10.774059,8.181397
10.774469,8.181397
10.774879,8.181397
10.775289,8.181397
10.775699,8.181397
10.776109,8.181397
10.776519,8.181397
10.776929,8.181397
10.777339,8.181397
10.777749,8.181397
10.778159,8.181397
10.778569,8.181397
10.778979,8.181397
10.779389,8.181397
10.779799,8.181397
10.780209,8.181397
10.780619,8.181397
10.781029,8.181397
10.781439,8.181397
10.781849,8.181397
10.782259,8.181397
10.782669,8.181397
10.783079,8.181397
10.783489,8.181397
10.783899,8.181397
10.784309,8.181397
10.784719,8.181397
10.785130,8.181397
10.785540,8.181397
10.785950,8.181397
10.786360,8.181397
10.786770,8.181397
10.787180,8.181397
10.787590,8.181397
10.788000,8.181397
10.788410,8.181397
10.788820,8.181397
10.789230,8.181397
10.789640,8.181397
10.790050,8.181397
10.790460,8.181397
10.790870,8.181397
10.791280,8.181397
10.791690,8.181397
10.792100,8.181397
10.792510,8.181397
10.792920,8.181397
10.793330,8.181397
10.793740,8.181397
10.794150,8.181397
10.794560,8.181397
10.794970,8.181397
10.795380,8.181397
10.795790,8.181397
10.796200,8.181397
10.796610,8.181397
10.797020,8.181397
10.797430,8.181397
10.797840,8.181397
10.798250,8.181397
10.798660,8.181397
10.799070,8.181397
10.799480,8.181397
10.799890,8.181397
10.800300,8.181397
10.800710,8.181397
10.801120,8.181397
10.801530,8.181397
10.801940,8.181397
10.802350,8.181397
10.802760,8.181397
10.803170,8.181397
10.803580,8.181397
10.803990,8.181397
10.804400,8.181397
10.804810,8.181397
10.805220,8.181397
10.805630,8.181397
10.806040,8.181397
10.806450,8.181397
10.806860,8.181397
10.807270,8.181397
10.807680,8.181397
10.808090,8.181397
10.808500,8.181397
10.808910,8.181397
10.809320,8.181397
10.809730,8.181397
10.810140,8.181397
10.810550,8.181397
10.810960,8.181397
10.811370,8.181397
10.811780,8.181397
10.812190,8.181397
10.812600,8.181397
10.813010,8.181397
10.813420,8.181397
10.813830,8.181397
10.814240,8.181397
10.814650,8.181397
10.815061,8.181397
10.815471,8.181397
10.815881,8.181397
10.816291,8.181397
10.816701,8.181397
10.817111,8.181397
10.817521,8.181397
10.817931,8.181397
10.818341,8.181397
10.818751,8.181397
10.819161,8.181397
10.819571,8.181397
10.819981,8.181397
10.820391,8.181397
10.820801,8.181397
10.821211,8.181397
10.821621,8.181397
10.822031,8.181397
10.822441,8.181397
10.822851,8.181397
10.823261,8.181397
10.823671,8.181397
10.824081,8.181397
10.824491,8.181397
10.824901,8.181397
10.825311,8.181397
10.825721,8.181397
10.826131,8.181397
10.826541,8.181397
10.826951,8.181397
10.827361,8.181397
10.827771,8.181397
10.828181,8.181397
10.828591,8.181397
10.829001,8.181397
10.829411,8.181397
10.829821,8.181397
10.830231,8.181397
10.830641,8.181397
10.831051,8.181397
10.831461,8.181397
10.831871,8.181397
10.832281,8.181397
10.832691,8.181397
10.833101,8.181397
10.833511,8.181397
10.833921,8.181397
10.834331,8.181397
10.834741,8.181397
10.835151,8.181397
10.835561,8.181397
10.835971,8.181397
10.836381,8.181397
10.836791,8.181397
10.837201,8.181397
10.837611,8.181397
10.838021,8.181397
10.838431,8.181397
10.838841,8.181397
10.839251,8.181397
10.839661,8.181397
10.840071,8.181397
10.840481,8.181397
10.840891,8.181397
10.841301,8.181397
10.841711,8.181397
10.842121,8.181397
10.842531,8.181397
10.842941,8.181397
10.843351,8.181397
10.843761,8.181397
10.844171,8.181397
10.844581,8.181397
10.844991,8.181397
10.845402,8.181397
10.845812,8.181397
10.846222,8.181397
10.846632,8.181397
10.847042,8.181397
10.847452,8.181397
10.847862,8.181397
10.848272,8.181397
10.848682,8.181397
10.849092,8.181397
10.849502,8.181397
10.849912,8.181397
10.850322,8.181397
10.850732,8.181397
10.851142,8.181397
10.851552,8.181397
10.851962,8.181397
10.852372,8.181397
10.852782,8.181397
10.853192,8.181397
10.853602,8.181397
10.854012,8.181397
10.854422,8.181397
10.854832,8.181397
10.855242,8.181397
10.855652,8.181397
10.856062,8.181397
10.856472,8.181397
10.856882,8.181397
10.857292,8.181397
10.857702,8.181397
10.858112,8.181397
10.858522,8.181397
10.858932,8.181397
10.859342,8.181397
10.859752,8.181397
10.860162,8.181397
10.860572,8.181397
10.860982,8.181397
10.861392,8.181397
10.861802,8.181397
10.862212,8.181397
10.862622,8.181397
10.863032,8.181397
10.863442,8.181397
10.863852,8.181397
10.864262,8.181397
10.864672,8.181397
10.865082,8.181397
10.865492,8.181397
10.865902,8.181397
10.866312,8.181397
10.866722,8.181397
10.867132,8.181397
10.867542,8.181397
10.867952,8.181397
10.868362,8.181397
10.868772,8.181397
10.869182,8.181397
10.869592,8.181397
10.870002,8.181397
10.870412,8.181397
10.870822,8.181397
10.871232,8.181397
10.871642,8.181397
10.872052,8.181397
10.872462,8.181397
10.872872,8.181397
10.873282,8.181397
10.873692,8.181397
10.874102,8.181397
10.874512,8.181397
10.874922,8.181397
10.875333,8.181397
10.875743,8.181397
10.876153,8.181397
10.876563,8.181397
10.876973,8.181397
10.877383,8.181397
10.877793,8.181397
10.878203,8.181397
10.878613,8.181397
10.879023,8.181397
10.879433,8.181397
10.879843,8.181397
10.880253,8.181397
10.880663,8.181397
10.881073,8.181397
10.881483,8.181397
10.881893,8.181397
10.882303,8.181397
10.882713,8.181397
10.883123,8.181397
10.883533,8.181397
10.883943,8.181397
10.884353,8.181397
10.884763,8.181397
10.885173,8.181397
10.885583,8.181397
10.885993,8.181397
10.886403,8.181397
10.886813,8.181397
10.887223,8.181397
10.887633,8.181397
10.888043,8.181397
10.888453,8.181397
10.888863,8.181397
10.889273,8.181397
10.889683,8.181397
10.890093,8.181397
10.890503,8.181397
10.890913,8.181397
10.891323,8.181397
10.891733,8.181397
10.892143,8.181397
10.892553,8.181397
10.892963,8.181397
10.893373,8.181397
10.893783,8.181397
10.894193,8.181397
10.894603,8.181397
10.895013,8.181397
10.895423,8.181397
10.895833,8.181397
10.896243,8.181397
10.896653,8.181397
10.897063,8.181397
10.897473,8.181397
10.897883,8.181397
10.898293,8.181397
10.898703,8.181397
10.899113,8.181397
10.899523,8.181397
10.899933,8.181397
10.900343,8.181397
10.900753,8.181397
10.901163,8.181397
10.901573,8.181397
10.901983,8.181397
10.902393,8.181397
10.902803,8.181397
10.903213,8.181397
10.903623,8.181397
10.904033,8.181397
10.904443,8.181397
10.904853,8.181397
10.905264,8.181397
10.905674,8.181397
10.906084,8.181397
10.906494,8.181397
10.906904,8.181397
10.907314,8.181397
10.907724,8.181397
10.908134,8.181397
10.908544,8.181397
10.908954,8.181397
10.909364,8.181397
10.909774,8.181397
10.910184,8.181397
10.910594,8.181397
10.911004,8.181397
10.911414,8.181397
10.911824,8.181397
10.912234,8.181397
10.912644,8.181397
10.913054,8.181397
10.913464,8.181397
10.913874,8.181397
10.914284,8.181397
10.914694,8.181397
10.915104,8.181397
10.915514,8.181397
10.915924,8.181397
10.916334,8.181397
10.916744,8.181397
10.917154,8.181397
10.917564,8.181397
10.917974,8.181397
10.918384,8.181397
10.918794,8.181397
10.919204,8.181397
10.919614,8.181397
10.920024,8.181397
10.920434,8.181397
10.920844,8.181397
10.921254,8.181397
10.921664,8.181397
10.922074,8.181397
10.922484,8.181397
10.922894,8.181397
10.923304,8.181397
10.923714,8.181397
10.924124,8.181397
10.924534,8.181397
10.924944,8.181397
10.925354,8.181397
10.925764,8.181397
10.926174,8.181397
10.926584,8.181397
10.926994,8.181397
10.927404,8.181397
10.927814,8.181397
10.928224,8.181397
10.928634,8.181397
10.929044,8.181397
10.929454,8.181397
10.929864,8.181397
10.930274,8.181397
10.930684,8.181397
10.931094,8.181397
10.931504,8.181397
10.931914,8.181397
10.932324,8.181397
10.932734,8.181397
10.933144,8.181397
10.933554,8.181397
10.933964,8.181397
10.934374,8.181397
10.934784,8.181397
10.935195,8.181397
10.935605,8.181397
10.936015,8.181397
10.936425,8.181397
10.936835,8.181397
10.937245,8.181397
10.937655,8.181397
10.938065,8.181397
10.938475,8.181397
10.938885,8.181397
10.939295,8.181397
10.939705,8.181397
10.940115,8.181397
10.940525,8.181397
10.940935,8.181397
10.941345,8.181397
10.941755,8.181397
10.942165,8.181397
10.942575,8.181397
10.942985,8.181397
10.943395,8.181397
10.943805,8.181397
10.944215,8.181397
10.944625,8.181397
10.945035,8.181397
10.945445,8.181397
10.945855,8.181397
10.946265,8.181397
10.946675,8.181397
10.947085,8.181397
10.947495,8.181397
10.947905,8.181397
10.948315,8.181397
10.948725,8.181397
10.949135,8.181397
10.949545,8.181397
10.949955,8.181397
10.950365,8.181397
10.950775,8.181397
10.951185,8.181397
10.951595,8.181397
10.952005,8.181397
10.952415,8.181397
10.952825,8.181397
10.953235,8.181397
10.953645,8.181397
10.954055,8.181397
10.954465,8.181397
10.954875,8.181397
10.955285,8.181397
10.955695,8.181397
10.956105,8.181397
10.956515,8.181397
10.956925,8.181397
10.957335,8.181397
10.957745,8.181397
10.958155,8.181397
10.958565,8.181397
10.958975,8.181397
10.959385,8.181397
10.959795,8.181397
10.960205,8.181397
10.960615,8.181397
10.961025,8.181397
10.961435,8.181397
10.961845,8.181397
10.962255,8.181397
10.962665,8.181397
10.963075,8.181397
10.963485,8.181397
10.963895,8.181397
10.964305,8.181397
10.964715,8.181397
10.965126,8.181397
10.965536,8.181397
10.965946,8.181397
10.966356,8.181397
10.966766,8.181397
10.967176,8.181397
10.967586,8.181397
10.967996,8.181397
10.968406,8.181397
10.968816,8.181397
10.969226,8.181397
10.969636,8.181397
10.970046,8.181397
10.970456,8.181397
10.970866,8.181397
10.971276,8.181397
10.971686,8.181397
10.972096,8.181397
10.972506,8.181397
10.972916,8.181397
10.973326,8.181397
10.973736,8.181397
10.974146,8.181397
10.974556,8.181397
10.974966,8.181397
10.975376,8.181397
10.975786,8.181397
10.976196,8.181397
10.976606,8.181397
10.977016,8.181397
10.977426,8.181397
10.977836,8.181397
10.978246,8.181397
10.978656,8.181397
10.979066,8.181397
10.979476,8.181397
10.979886,8.181397
10.980296,8.181397
10.980706,8.181397
10.981116,8.181397
10.981526,8.181397
10.981936,8.181397
10.982346,8.181397
10.982756,8.181397
10.983166,8.181397
10.983576,8.181397
10.983986,8.181397
10.984396,8.181397
10.984806,8.181397
10.985216,8.181397
10.985626,8.181397
10.986036,8.181397
10.986446,8.181397
10.986856,8.181397
10.987266,8.181397
10.987676,8.181397
10.988086,8.181397
10.988496,8.181397
10.988906,8.181397
10.989316,8.181397
10.989726,8.181397
10.990136,8.181397
10.990546,8.181397
10.990956,8.181397
10.991366,8.181397
10.991776,8.181397
10.992186,8.181397
10.992596,8.181397
10.993006,8.181397
10.993416,8.181397
10.993826,8.181397
10.994236,8.181397
10.994646,8.181397
10.995057,8.181397
10.995467,8.181397
10.995877,8.181397
10.996287,8.181397
10.996697,8.181397
10.997107,8.181397
10.997517,8.181397
10.997927,8.181397
10.998337,8.181397
10.998747,8.181397
10.999157,8.181397
10.999567,8.181397
10.999977,8.181397
11.000387,8.181397
11.000797,8.181397
11.001207,8.181397
11.001617,8.181397
11.002027,8.181397
11.002437,8.181397
11.002847,8.181397
11.003257,8.181397
11.003667,8.181397
11.004077,8.181397
11.004487,8.181397
11.004897,8.181397
11.005307,8.181397
11.005717,8.181397
11.006127,8.181397
11.006537,8.181397
11.006947,8.181397
11.007357,8.181397
11.007767,8.181397
11.008177,8.181397
11.008587,8.181397
11.008997,8.181397
11.009407,8.181397
11.009817,8.181397
11.010227,8.181397
11.010637,8.181397
11.011047,8.181397
11.011457,8.181397
11.011867,8.181397
11.012277,8.181397
11.012687,8.181397
11.013097,8.181397
11.013507,8.181397
11.013917,8.181397
11.014327,8.181397
11.014737,8.181397
11.015147,8.181397
11.015557,8.181397
11.015967,8.181397
11.016377,8.181397
11.016787,8.181397
11.017197,8.181397
11.017607,8.181397
11.018017,8.181397
11.018427,8.181397
11.018837,8.181397
11.019247,8.181397
11.019657,8.181397
11.020067,8.181397
11.020477,8.181397
11.020887,8.181397
11.021297,8.181397
11.021707,8.181397
11.022117,8.181397
11.022527,8.181397
11.022937,8.181397
11.023347,8.181397
11.023757,8.181397
11.024167,8.181397
11.024577,8.181397
11.024987,8.181397
11.025398,8.181397
11.025808,8.181397
11.026218,8.181397
11.026628,8.181397
11.027038,8.181397
11.027448,8.181397
11.027858,8.181397
11.028268,8.181397
11.028678,8.181397
11.029088,8.181397
11.029498,8.181397
11.029908,8.181397
11.030318,8.181397
11.030728,8.181397
11.031138,8.181397
11.031548,8.181397
11.031958,8.181397
11.032368,8.181397
11.032778,8.181397
11.033188,8.181397
11.033598,8.181397
11.034008,8.181397
11.034418,8.181397
11.034828,8.181397
11.035238,8.181397
11.035648,8.181397
11.036058,8.181397
11.036468,8.181397
11.036878,8.181397
11.037288,8.181397
11.037698,8.181397
11.038108,8.181397
11.038518,8.181397
11.038928,8.181397
11.039338,8.181397
11.039748,8.181397
11.040158,8.181397
11.040568,8.181397
11.040978,8.181397
11.041388,8.181397
11.041798,8.181397
11.042208,8.181397
11.042618,8.181397
11.043028,8.181397
11.043438,8.181397
11.043848,8.181397
11.044258,8.181397
11.044668,8.181397
11.045078,8.181397
11.045488,8.181397
11.045898,8.181397
11.046308,8.181397
11.046718,8.181397
11.047128,8.181397
11.047538,8.181397
11.047948,8.181397
11.048358,8.181397
11.048768,8.181397
11.049178,8.181397
11.049588,8.181397
11.049998,8.181397
11.050408,8.181397
11.050818,8.181397
11.051228,8.181397
11.051638,8.181397
11.052048,8.181397
11.052458,8.181397
11.052868,8.181397
11.053278,8.181397
11.053688,8.181397
11.054098,8.181397
11.054508,8.181397
11.054918,8.181397
11.055329,8.181397
11.055739,8.181397
11.056149,8.181397
11.056559,8.181397
11.056969,8.181397
11.057379,8.181397
11.057789,8.181397
11.058199,8.181397
11.058609,8.181397
11.059019,8.181397
11.059429,8.181397
11.059839,8.181397
11.060249,8.181397
11.060659,8.181397
11.061069,8.181397
11.061479,8.181397
11.061889,8.181397
11.062299,8.181397
11.062709,8.181397
11.063119,8.181397
11.063529,8.181397
11.063939,8.181397
11.064349,8.181397
11.064759,8.181397
11.065169,8.181397
11.065579,8.181397
11.065989,8.181397
11.066399,8.181397
11.066809,8.181397
11.067219,8.181397
11.067629,8.181397
11.068039,8.181397
11.068449,8.181397
11.068859,8.181397
11.069269,8.181397
11.069679,8.181397
11.070089,8.181397
11.070499,8.181397
11.070909,8.181397
11.071319,8.181397
11.071729,8.181397
11.072139,8.181397
11.072549,8.181397
11.072959,8.181397
11.073369,8.181397
11.073779,8.181397
11.074189,8.181397
11.074599,8.181397
11.075009,8.181397
11.075419,8.181397
11.075829,8.181397
11.076239,8.181397
11.076649,8.181397
11.077059,8.181397
11.077469,8.181397
11.077879,8.181397
11.078289,8.181397
11.078699,8.181397
11.079109,8.181397
11.079519,8.181397
11.079929,8.181397
11.080339,8.181397
11.080749,8.181397
11.081159,8.181397
11.081569,8.181397
11.081979,8.181397
11.082389,8.181397
11.082799,8.181397
11.083209,8.181397
11.083619,8.181397
11.084029,8.181397
11.084439,8.181397
11.084849,8.181397
11.085260,8.181397
11.085670,8.181397
11.086080,8.181397
11.086490,8.181397
11.086900,8.181397
11.087310,8.181397
11.087720,8.181397
11.088130,8.181397
11.088540,8.181397
11.088950,8.181397
11.089360,8.181397
11.089770,8.181397
11.090180,8.181397
11.090590,8.181397
11.091000,8.181397
11.091410,8.181397
11.091820,8.181397
11.092230,8.181397
11.092640,8.181397
11.093050,8.181397
11.093460,8.181397
11.093870,8.181397
11.094280,8.181397
11.094690,8.181397
11.095100,8.181397
11.095510,8.181397
11.095920,8.181397
11.096330,8.181397
11.096740,8.181397
11.097150,8.181397
11.097560,8.181397
11.097970,8.181397
11.098380,8.181397
11.098790,8.181397
11.099200,8.181397
11.099610,8.181397
11.100020,8.181397
11.100430,8.181397
11.100840,8.181397
11.101250,8.181397
11.101660,8.181397
11.102070,8.181397
11.102480,8.181397
11.102890,8.181397
11.103300,8.181397
11.103710,8.181397
11.104120,8.181397
11.104530,8.181397
11.104940,8.181397
11.105350,8.181397
11.105760,8.181397
11.106170,8.181397
11.106580,8.181397
11.106990,8.181397
11.107400,8.181397
11.107810,8.181397
11.108220,8.181397
11.108630,8.181397
11.109040,8.181397
11.109450,8.181397
11.109860,8.181397
11.110270,8.181397
11.110680,8.181397
11.111090,8.181397
11.111500,8.181397
11.111910,8.181397
11.112320,8.181397
11.112730,8.181397
11.113140,8.181397
11.113550,8.181397
11.113960,8.181397
11.114370,8.181397
11.114780,8.181397
11.115191,8.181397
11.115601,8.181397
11.116011,8.181397
11.116421,8.181397
11.116831,8.181397
11.117241,8.181397
11.117651,8.181397
11.118061,8.181397
11.118471,8.181397
11.118881,8.181397
11.119291,8.181397
11.119701,8.181397
11.120111,8.181397
11.120521,8.181397
11.120931,8.181397
11.121341,8.181397
11.121751,8.181397
11.122161,8.181397
11.122571,8.181397
11.122981,8.181397
11.123391,8.181397
11.123801,8.181397
11.124211,8.181397
11.124621,8.181397
11.125031,8.181397
11.125441,8.181397
11.125851,8.181397
11.126261,8.181397
11.126671,8.181397
11.127081,8.181397
11.127491,8.181397
11.127901,8.181397
11.128311,8.181397
11.128721,8.181397
11.129131,8.181397
11.129541,8.181397
11.129951,8.181397
11.130361,8.181397
11.130771,8.181397
11.131181,8.181397
11.131591,8.181397
11.132001,8.181397
11.132411,8.181397
11.132821,8.181397
11.133231,8.181397
11.133641,8.181397
11.134051,8.181397
11.134461,8.181397
11.134871,8.181397
11.135281,8.181397
11.135691,8.181397
11.136101,8.181397
11.136511,8.181397
11.136921,8.181397
11.137331,8.181397
11.137741,8.181397
11.138151,8.181397
11.138561,8.181397
11.138971,8.181397
11.139381,8.181397
11.139791,8.181397
11.140201,8.181397
11.140611,8.181397
11.141021,8.181397
11.141431,8.181397
11.141841,8.181397
11.142251,8.181397
11.142661,8.181397
11.143071,8.181397
11.143481,8.181397
11.143891,8.181397
11.144301,8.181397
11.144711,8.181397
11.145122,8.181397
11.145532,8.181397
11.145942,8.181397
11.146352,8.181397
11.146762,8.181397
11.147172,8.181397
11.147582,8.181397
11.147992,8.181397
11.148402,8.181397
11.148812,8.181397
11.149222,8.181397
11.149632,8.181397
11.150042,8.181397
11.150452,8.181397
11.150862,8.181397
11.151272,8.181397
11.151682,8.181397
11.152092,8.181397
11.152502,8.181397
11.152912,8.181397
11.153322,8.181397
11.153732,8.181397
11.154142,8.181397
11.154552,8.181397
11.154962,8.181397
11.155372,8.181397
11.155782,8.181397
11.156192,8.181397
11.156602,8.181397
11.157012,8.181397
11.157422,8.181397
11.157832,8.181397
11.158242,8.181397
11.158652,8.181397
11.159062,8.181397
11.159472,8.181397
11.159882,8.181397
11.160292,8.181397
11.160702,8.181397
11.161112,8.181397
11.161522,8.181397
11.161932,8.181397
11.162342,8.181397
11.162752,8.181397
11.163162,8.181397
11.163572,8.181397
11.163982,8.181397
11.164392,8.181397
11.164802,8.181397
11.165212,8.181397
11.165622,8.181397
11.166032,8.181397
11.166442,8.181397
11.166852,8.181397
11.167262,8.181397
11.167672,8.181397
11.168082,8.181397
11.168492,8.181397
11.168902,8.181397
11.169312,8.181397
11.169722,8.181397
11.170132,8.181397
11.170542,8.181397
11.170952,8.181397
11.171362,8.181397
11.171772,8.181397
11.172182,8.181397
11.172592,8.181397
11.173002,8.181397
11.173412,8.181397
11.173822,8.181397
11.174232,8.181397
11.174642,8.181397
11.175053,8.181397
11.175463,8.181397
11.175873,8.181397
11.176283,8.181397
11.176693,8.181397
11.177103,8.181397
11.177513,8.181397
11.177923,8.181397
11.178333,8.181397
11.178743,8.181397
11.179153,8.181397
11.179563,8.181397
11.179973,8.181397
11.180383,8.181397
11.180793,8.181397
11.181203,8.181397
11.181613,8.181397
11.182023,8.181397
11.182433,8.181397
11.182843,8.181397
11.183253,8.181397
11.183663,8.181397
11.184073,8.181397
11.184483,8.181397
11.184893,8.181397
11.185303,8.181397
11.185713,8.181397
11.186123,8.181397
11.186533,8.181397
11.186943,8.181397
11.187353,8.181397
11.187763,8.181397
11.188173,8.181397
11.188583,8.181397
11.188993,8.181397
11.189403,8.181397
11.189813,8.181397
11.190223,8.181397
11.190633,8.181397
11.191043,8.181397
11.191453,8.181397
11.191863,8.181397
11.192273,8.181397
11.192683,8.181397
11.193093,8.181397
11.193503,8.181397
11.193913,8.181397
11.194323,8.181397
11.194733,8.181397
11.195143,8.181397
11.195553,8.181397
11.195963,8.181397
11.196373,8.181397
11.196783,8.181397
11.197193,8.181397
11.197603,8.181397
11.198013,8.181397
11.198423,8.181397
11.198833,8.181397
11.199243,8.181397
11.199653,8.181397
11.200063,8.181397
11.200473,8.181397
11.200883,8.181397
11.201293,8.181397
11.201703,8.181397
11.202113,8.181397
11.202523,8.181397
11.202933,8.181397
11.203343,8.181397
11.203753,8.181397
11.204163,8.181397
11.204573,8.181397
11.204983,8.181397
11.205394,8.181397
11.205804,8.181397
11.206214,8.181397
11.206624,8.181397
11.207034,8.181397
11.207444,8.181397
11.207854,8.181397
11.208264,8.181397
11.208674,8.181397
11.209084,8.181397
11.209494,8.181397
11.209904,8.181397
11.210314,8.181397
11.210724,8.181397
11.211134,8.181397
11.211544,8.181397
11.211954,8.181397
11.212364,8.181397
11.212774,8.181397
11.213184,8.181397
11.213594,8.181397
11.214004,8.181397
11.214414,8.181397
11.214824,8.181397
11.215234,8.181397
11.215644,8.181397
11.216054,8.181397
11.216464,8.181397
11.216874,8.181397
11.217284,8.181397
11.217694,8.181397
11.218104,8.181397
11.218514,8.181397
11.218924,8.181397
11.219334,8.181397
11.219744,8.181397
11.220154,8.181397
11.220564,8.181397
11.220974,8.181397
11.221384,8.181397
11.221794,8.181397
11.222204,8.181397
11.222614,8.181397
11.223024,8.181397
11.223434,8.181397
11.223844,8.181397
11.224254,8.181397
11.224664,8.181397
11.225074,8.181397
11.225484,8.181397
11.225894,8.181397
11.226304,8.181397
11.226714,8.181397
11.227124,8.181397
11.227534,8.181397
11.227944,8.181397
11.228354,8.181397
11.228764,8.181397
11.229174,8.181397
11.229584,8.181397
11.229994,8.181397
11.230404,8.181397
11.230814,8.181397
11.231224,8.181397
11.231634,8.181397
11.232044,8.181397
11.232454,8.181397
11.232864,8.181397
11.233274,8.181397
11.233684,8.181397
11.234094,8.181397
11.234504,8.181397
11.234914,8.181397
11.235325,8.181397
11.235735,8.181397
11.236145,8.181397
11.236555,8.181397
11.236965,8.181397
11.237375,8.181397
11.237785,8.181397
11.238195,8.181397
11.238605,8.181397
11.239015,8.181397
11.239425,8.181397
11.239835,8.181397
11.240245,8.181397
11.240655,8.181397
11.241065,8.181397
11.241475,8.181397
11.241885,8.181397
11.242295,8.181397
11.242705,8.181397
11.243115,8.181397
11.243525,8.181397
11.243935,8.181397
11.244345,8.181397
11.244755,8.181397
11.245165,8.181397
11.245575,8.181397
11.245985,8.181397
11.246395,8.181397
11.246805,8.181397
11.247215,8.181397
11.247625,8.181397
11.248035,8.181397
11.248445,8.181397
11.248855,8.181397
11.249265,8.181397
11.249675,8.181397
11.250085,8.181397
11.250495,8.181397
11.250905,8.181397
11.251315,8.181397
11.251725,8.181397
11.252135,8.181397
11.252545,8.181397
11.252955,8.181397
11.253365,8.181397
11.253775,8.181397
11.254185,8.181397
11.254595,8.181397
11.255005,8.181397
11.255415,8.181397
11.255825,8.181397
11.256235,8.181397
11.256645,8.181397
11.257055,8.181397
11.257465,8.181397
11.257875,8.181397
11.258285,8.181397
11.258695,8.181397
11.259105,8.181397
11.259515,8.181397
11.259925,8.181397
11.260335,8.181397
11.260745,8.181397
11.261155,8.181397
11.261565,8.181397
11.261975,8.181397
11.262385,8.181397
11.262795,8.181397
11.263205,8.181397
11.263615,8.181397
11.264025,8.181397
11.264435,8.181397
11.264845,8.181397
11.265256,8.181397
11.265666,8.181397
11.266076,8.181397
11.266486,8.181397
11.266896,8.181397
11.267306,8.181397
11.267716,8.181397
11.268126,8.181397
11.268536,8.181397
11.268946,8.181397
11.269356,8.181397
11.269766,8.181397
11.270176,8.181397
11.270586,8.181397
11.270996,8.181397
11.271406,8.181397
11.271816,8.181397
11.272226,8.181397
11.272636,8.181397
11.273046,8.181397
11.273456,8.181397
11.273866,8.181397
11.274276,8.181397
11.274686,8.181397
11.275096,8.181397
11.275506,8.181397
11.275916,8.181397
11.276326,8.181397
11.276736,8.181397
11.277146,8.181397
11.277556,8.181397
11.277966,8.181397
11.278376,8.181397
11.278786,8.181397
11.279196,8.181397
11.279606,8.181397
11.280016,8.181397
11.280426,8.181397
11.280836,8.181397
11.281246,8.181397
11.281656,8.181397
11.282066,8.181397
11.282476,8.181397
11.282886,8.181397
11.283296,8.181397
11.283706,8.181397
11.284116,8.181397
11.284526,8.181397
11.284936,8.181397
11.285346,8.181397
11.285756,8.181397
11.286166,8.181397
11.286576,8.181397
11.286986,8.181397
11.287396,8.181397
11.287806,8.181397
11.288216,8.181397
11.288626,8.181397
11.289036,8.181397
11.289446,8.181397
11.289856,8.181397
11.290266,8.181397
11.290676,8.181397
11.291086,8.181397
11.291496,8.181397
11.291906,8.181397
11.292316,8.181397
11.292726,8.181397
11.293136,8.181397
11.293546,8.181397
11.293956,8.181397
11.294366,8.181397
11.294776,8.181397
11.295187,8.181397
11.295597,8.181397
11.296007,8.181397
11.296417,8.181397
11.296827,8.181397
11.297237,8.181397
11.297647,8.181397
11.298057,8.181397
11.298467,8.181397
11.298877,8.181397
11.299287,8.181397
11.299697,8.181397
11.300107,8.181397
11.300517,8.181397
11.300927,8.181397
11.301337,8.181397
11.301747,8.181397
11.302157,8.181397
11.302567,8.181397
11.302977,8.181397
11.303387,8.181397
11.303797,8.181397
11.304207,8.181397
11.304617,8.181397
11.305027,8.181397
11.305437,8.181397
11.305847,8.181397
11.306257,8.181397
11.306667,8.181397
11.307077,8.181397
11.307487,8.181397
11.307897,8.181397
11.308307,8.181397
11.308717,8.181397
11.309127,8.181397
11.309537,8.181397
11.309947,8.181397
11.310357,8.181397
11.310767,8.181397
11.311177,8.181397
11.311587,8.181397
11.311997,8.181397
11.312407,8.181397
11.312817,8.181397
11.313227,8.181397
11.313637,8.181397
11.314047,8.181397
11.314457,8.181397
11.314867,8.181397
11.315277,8.181397
11.315687,8.181397
11.316097,8.181397
11.316507,8.181397
11.316917,8.181397
11.317327,8.181397
11.317737,8.181397
11.318147,8.181397
11.318557,8.181397
11.318967,8.181397
11.319377,8.181397
11.319787,8.181397
11.320197,8.181397
11.320607,8.181397
11.321017,8.181397
11.321427,8.181397
11.321837,8.181397
11.322247,8.181397
11.322657,8.181397
11.323067,8.181397
11.323477,8.181397
11.323887,8.181397
11.324297,8.181397
11.324707,8.181397
11.325118,8.181397
11.325528,8.181397
11.325938,8.181397
11.326348,8.181397
11.326758,8.181397
11.327168,8.181397
11.327578,8.181397
11.327988,8.181397
11.328398,8.181397
11.328808,8.181397
11.329218,8.181397
11.329628,8.181397
11.330038,8.181397
11.330448,8.181397
11.330858,8.181397
11.331268,8.181397
11.331678,8.181397
11.332088,8.181397
11.332498,8.181397
11.332908,8.181397
11.333318,8.181397
11.333728,8.181397
11.334138,8.181397
11.334548,8.181397
11.334958,8.181397
11.335368,8.181397
11.335778,8.181397
11.336188,8.181397
11.336598,8.181397
11.337008,8.181397
11.337418,8.181397
11.337828,8.181397
11.338238,8.181397
11.338648,8.181397
11.339058,8.181397
11.339468,8.181397
11.339878,8.181397
11.340288,8.181397
11.340698,8.181397
11.341108,8.181397
11.341518,8.181397
11.341928,8.181397
11.342338,8.181397
11.342748,8.181397
11.343158,8.181397
11.343568,8.181397
11.343978,8.181397
11.344388,8.181397
11.344798,8.181397
11.345208,8.181397
11.345618,8.181397
11.346028,8.181397
11.346438,8.181397
11.346848,8.181397
11.347258,8.181397
11.347668,8.181397
11.348078,8.181397
11.348488,8.181397
11.348898,8.181397
11.349308,8.181397
11.349718,8.181397
11.350128,8.181397
11.350538,8.181397
11.350948,8.181397
11.351358,8.181397
11.351768,8.181397
11.352178,8.181397
11.352588,8.181397
11.352998,8.181397
11.353408,8.181397
11.353818,8.181397
11.354228,8.181397
11.354638,8.181397
11.355049,8.181397
11.355459,8.181397
11.355869,8.181397
11.356279,8.181397
11.356689,8.181397
11.357099,8.181397
11.357509,8.181397
11.357919,8.181397
11.358329,8.181397
11.358739,8.181397
11.359149,8.181397
11.359559,8.181397
11.359969,8.181397
11.360379,8.181397
11.360789,8.181397
11.361199,8.181397
11.361609,8.181397
11.362019,8.181397
11.362429,8.181397
11.362839,8.181397
11.363249,8.181397
11.363659,8.181397
11.364069,8.181397
11.364479,8.181397
11.364889,8.181397
11.365299,8.181397
11.365709,8.181397
11.366119,8.181397
11.366529,8.181397
11.366939,8.181397
11.367349,8.181397
11.367759,8.181397
11.368169,8.181397
11.368579,8.181397
11.368989,8.181397
11.369399,8.181397
11.369809,8.181397
11.370219,8.181397
11.370629,8.181397
11.371039,8.181397
11.371449,8.181397
11.371859,8.181397
11.372269,8.181397
11.372679,8.181397
11.373089,8.181397
11.373499,8.181397
11.373909,8.181397
11.374319,8.181397
11.374729,8.181397
11.375139,8.181397
11.375549,8.181397
11.375959,8.181397
11.376369,8.181397
11.376779,8.181397
11.377189,8.181397
11.377599,8.181397
11.378009,8.181397
11.378419,8.181397
11.378829,8.181397
11.379239,8.181397
11.379649,8.181397
11.380059,8.181397
11.380469,8.181397
11.380879,8.181397
11.381289,8.181397
11.381699,8.181397
11.382109,8.181397
11.382519,8.181397
11.382929,8.181397
11.383339,8.181397
11.383749,8.181397
11.384159,8.181397
11.384569,8.181397
11.384979,8.181397
11.385390,8.181397
11.385800,8.181397
11.386210,8.181397
11.386620,8.181397
11.387030,8.181397
11.387440,8.181397
11.387850,8.181397
11.388260,8.181397
11.388670,8.181397
11.389080,8.181397
11.389490,8.181397
11.389900,8.181397
11.390310,8.181397
11.390720,8.181397
11.391130,8.181397
11.391540,8.181397
11.391950,8.181397
11.392360,8.181397
11.392770,8.181397
11.393180,8.181397
11.393590,8.181397
11.394000,8.181397
11.394410,8.181397
11.394820,8.181397
11.395230,8.181397
11.395640,8.181397
11.396050,8.181397
11.396460,8.181397
11.396870,8.181397
11.397280,8.181397
11.397690,8.181397
11.398100,8.181397
11.398510,8.181397
11.398920,8.181397
11.399330,8.181397
11.399740,8.181397
11.400150,8.181397
11.400560,8.181397
11.400970,8.181397
11.401380,8.181397
11.401790,8.181397
11.402200,8.181397
11.402610,8.181397
11.403020,8.181397
11.403430,8.181397
11.403840,8.181397
11.404250,8.181397
11.404660,8.181397
11.405070,8.181397
11.405480,8.181397
11.405890,8.181397
11.406300,8.181397
11.406710,8.181397
11.407120,8.181397
11.407530,8.181397
11.407940,8.181397
11.408350,8.181397
11.408760,8.181397
11.409170,8.181397
11.409580,8.181397
11.409990,8.181397
11.410400,8.181397
11.410810,8.181397
11.411220,8.181397
11.411630,8.181397
11.412040,8.181397
11.412450,8.181397
11.412860,8.181397
11.413270,8.181397
11.413680,8.181397
11.414090,8.181397
11.414500,8.181397
11.414910,8.181397
11.415321,8.181397
11.415731,8.181397
11.416141,8.181397
11.416551,8.181397
11.416961,8.181397
11.417371,8.181397
11.417781,8.181397
11.418191,8.181397
11.418601,8.181397
11.419011,8.181397
11.419421,8.181397
11.419831,8.181397
11.420241,8.181397
11.420651,8.181397
11.421061,8.181397
11.421471,8.181397
11.421881,8.181397
11.422291,8.181397
11.422701,8.181397
11.423111,8.181397
11.423521,8.181397
11.423931,8.181397
11.424341,8.181397
11.424751,8.181397
11.425161,8.181397
11.425571,8.181397
11.425981,8.181397
11.426391,8.181397
11.426801,8.181397
11.427211,8.181397
11.427621,8.181397
11.428031,8.181397
11.428441,8.181397
11.428851,8.181397
11.429261,8.181397
11.429671,8.181397
11.430081,8.181397
11.430491,8.181397
11.430901,8.181397
11.431311,8.181397
11.431721,8.181397
11.432131,8.181397
11.432541,8.181397
11.432951,8.181397
11.433361,8.181397
11.433771,8.181397
11.434181,8.181397
11.434591,8.181397
11.435001,8.181397
11.435411,8.181397
11.435821,8.181397
11.436231,8.181397
11.436641,8.181397
11.437051,8.181397
11.437461,8.181397
11.437871,8.181397
11.438281,8.181397
11.438691,8.181397
11.439101,8.181397
11.439511,8.181397
11.439921,8.181397
11.440331,8.181397
11.440741,8.181397
11.441151,8.181397
11.441561,8.181397
11.441971,8.181397
11.442381,8.181397
11.442791,8.181397
11.443201,8.181397
11.443611,8.181397
11.444021,8.181397
11.444431,8.181397
11.444841,8.181397
11.445252,8.181397
11.445662,8.181397
11.446072,8.181397
11.446482,8.181397
11.446892,8.181397
11.447302,8.181397
11.447712,8.181397
11.448122,8.181397
11.448532,8.181397
11.448942,8.181397
11.449352,8.181397
11.449762,8.181397
11.450172,8.181397
11.450582,8.181397
11.450992,8.181397
11.451402,8.181397
11.451812,8.181397
11.452222,8.181397
11.452632,8.181397
11.453042,8.181397
11.453452,8.181397
11.453862,8.181397
11.454272,8.181397
11.454682,8.181397
11.455092,8.181397
11.455502,8.181397
11.455912,8.181397
11.456322,8.181397
11.456732,8.181397
11.457142,8.181397
11.457552,8.181397
11.457962,8.181397
11.458372,8.181397
11.458782,8.181397
11.459192,8.181397
11.459602,8.181397
11.460012,8.181397
11.460422,8.181397
11.460832,8.181397
11.461242,8.181397
11.461652,8.181397
11.462062,8.181397
11.462472,8.181397
11.462882,8.181397
11.463292,8.181397
11.463702,8.181397
11.464112,8.181397
11.464522,8.181397
11.464932,8.181397
11.465342,8.181397
11.465752,8.181397
11.466162,8.181397
11.466572,8.181397
11.466982,8.181397
11.467392,8.181397
11.467802,8.181397
11.468212,8.181397
11.468622,8.181397
11.469032,8.181397
11.469442,8.181397
11.469852,8.181397
11.470262,8.181397
11.470672,8.181397
11.471082,8.181397
11.471492,8.181397
11.471902,8.181397
11.472312,8.181397
11.472722,8.181397
11.473132,8.181397
11.473542,8.181397
11.473952,8.181397
11.474362,8.181397
11.474772,8.181397
11.475183,8.181397
11.475593,8.181397
11.476003,8.181397
11.476413,8.181397
11.476823,8.181397
11.477233,8.181397
11.477643,8.181397
11.478053,8.181397
11.478463,8.181397
11.478873,8.181397
11.479283,8.181397
11.479693,8.181397
11.480103,8.181397
11.480513,8.181397
11.480923,8.181397
11.481333,8.181397
11.481743,8.181397
11.482153,8.181397
11.482563,8.181397
11.482973,8.181397
11.483383,8.181397
11.483793,8.181397
11.484203,8.181397
11.484613,8.181397
11.485023,8.181397
11.485433,8.181397
11.485843,8.181397
11.486253,8.181397
11.486663,8.181397
11.487073,8.181397
11.487483,8.181397
11.487893,8.181397
11.488303,8.181397
11.488713,8.181397
11.489123,8.181397
11.489533,8.181397
11.489943,8.181397
11.490353,8.181397
11.490763,8.181397
11.491173,8.181397
11.491583,8.181397
11.491993,8.181397
11.492403,8.181397
11.492813,8.181397
11.493223,8.181397
11.493633,8.181397
11.494043,8.181397
11.494453,8.181397
11.494863,8.181397
11.495273,8.181397
11.495683,8.181397
11.496093,8.181397
11.496503,8.181397
11.496913,8.181397
11.497323,8.181397
11.497733,8.181397
11.498143,8.181397
11.498553,8.181397
11.498963,8.181397
11.499373,8.181397
11.499783,8.181397
11.500193,8.181397
11.500603,8.181397
11.501013,8.181397
11.501423,8.181397
11.501833,8.181397
11.502243,8.181397
11.502653,8.181397
11.503063,8.181397
11.503473,8.181397
11.503883,8.181397
11.504293,8.181397
11.504703,8.181397
11.505114,8.181397
11.505524,8.181397
11.505934,8.181397
11.506344,8.181397
11.506754,8.181397
11.507164,8.181397
11.507574,8.181397
11.507984,8.181397
11.508394,8.181397
11.508804,8.181397
11.509214,8.181397
11.509624,8.181397
11.510034,8.181397
11.510444,8.181397
11.510854,8.181397
11.511264,8.181397
11.511674,8.181397
11.512084,8.181397
11.512494,8.181397
11.512904,8.181397
11.513314,8.181397
11.513724,8.181397
11.514134,8.181397
11.514544,8.181397
11.514954,8.181397
11.515364,8.181397
11.515774,8.181397
11.516184,8.181397
11.516594,8.181397
11.517004,8.181397
11.517414,8.181397
11.517824,8.181397
11.518234,8.181397
11.518644,8.181397
11.519054,8.181397
11.519464,8.181397
11.519874,8.181397
11.520284,8.181397
11.520694,8.181397
11.521104,8.181397
11.521514,8.181397
11.521924,8.181397
11.522334,8.181397
11.522744,8.181397
11.523154,8.181397
11.523564,8.181397
11.523974,8.181397
11.524384,8.181397
11.524794,8.181397
11.525204,8.181397
11.525614,8.181397
11.526024,8.181397
11.526434,8.181397
11.526844,8.181397
11.527254,8.181397
11.527664,8.181397
11.528074,8.181397
11.528484,8.181397
11.528894,8.181397
11.529304,8.181397
11.529714,8.181397
11.530124,8.181397
11.530534,8.181397
11.530944,8.181397
11.531354,8.181397
11.531764,8.181397
11.532174,8.181397
11.532584,8.181397
11.532994,8.181397
11.533404,8.181397
11.533814,8.181397
11.534224,8.181397
11.534634,8.181397
11.535045,8.181397
11.535455,8.181397
11.535865,8.181397
11.536275,8.181397
11.536685,8.181397
11.537095,8.181397
11.537505,8.181397
11.537915,8.181397
11.538325,8.181397
11.538735,8.181397
11.539145,8.181397
11.539555,8.181397
11.539965,8.181397
11.540375,8.181397
11.540785,8.181397
11.541195,8.181397
11.541605,8.181397
11.542015,8.181397
11.542425,8.181397
11.542835,8.181397
11.543245,8.181397
11.543655,8.181397
11.544065,8.181397
11.544475,8.181397
11.544885,8.181397
11.545295,8.181397
11.545705,8.181397
11.546115,8.181397
11.546525,8.181397
11.546935,8.181397
11.547345,8.181397
11.547755,8.181397
11.548165,8.181397
11.548575,8.181397
11.548985,8.181397
11.549395,8.181397
11.549805,8.181397
11.550215,8.181397
11.550625,8.181397
11.551035,8.181397
11.551445,8.181397
11.551855,8.181397
11.552265,8.181397
11.552675,8.181397
11.553085,8.181397
11.553495,8.181397
11.553905,8.181397
11.554315,8.181397
11.554725,8.181397
11.555135,8.181397
11.555545,8.181397
11.555955,8.181397
11.556365,8.181397
11.556775,8.181397
11.557185,8.181397
11.557595,8.181397
11.558005,8.181397
11.558415,8.181397
11.558825,8.181397
11.559235,8.181397
11.559645,8.181397
11.560055,8.181397
11.560465,8.181397
11.560875,8.181397
11.561285,8.181397
11.561695,8.181397
11.562105,8.181397
11.562515,8.181397
11.562925,8.181397
11.563335,8.181397
11.563745,8.181397
11.564155,8.181397
11.564565,8.181397
11.564975,8.181397
11.565386,8.181397
11.565796,8.181397
11.566206,8.181397
11.566616,8.181397
11.567026,8.181397
11.567436,8.181397
11.567846,8.181397
11.568256,8.181397
11.568666,8.181397
11.569076,8.181397
11.569486,8.181397
11.569896,8.181397
11.570306,8.181397
11.570716,8.181397
11.571126,8.181397
11.571536,8.181397
11.571946,8.181397
11.572356,8.181397
11.572766,8.181397
11.573176,8.181397
11.573586,8.181397
11.573996,8.181397
11.574406,8.181397
11.574816,8.181397
11.575226,8.181397
11.575636,8.181397
11.576046,8.181397
11.576456,8.181397
11.576866,8.181397
11.577276,8.181397
11.577686,8.181397
11.578096,8.181397
11.578506,8.181397
11.578916,8.181397
11.579326,8.181397
11.579736,8.181397
11.580146,8.181397
11.580556,8.181397
11.580966,8.181397
11.581376,8.181397
11.581786,8.181397
11.582196,8.181397
11.582606,8.181397
11.583016,8.181397
11.583426,8.181397
11.583836,8.181397
11.584246,8.181397
11.584656,8.181397
11.585066,8.181397
11.585476,8.181397
11.585886,8.181397
11.586296,8.181397
11.586706,8.181397
11.587116,8.181397
11.587526,8.181397
11.587936,8.181397
11.588346,8.181397
11.588756,8.181397
11.589166,8.181397
11.589576,8.181397
11.589986,8.181397
11.590396,8.181397
11.590806,8.181397
11.591216,8.181397
11.591626,8.181397
11.592036,8.181397
11.592446,8.181397
11.592856,8.181397
11.593266,8.181397
11.593676,8.181397
11.594086,8.181397
11.594496,8.181397
11.594906,8.181397
11.595317,8.181397
11.595727,8.181397
11.596137,8.181397
11.596547,8.181397
11.596957,8.181397
11.597367,8.181397
11.597777,8.181397
11.598187,8.181397
11.598597,8.181397
11.599007,8.181397
11.599417,8.181397
11.599827,8.181397
11.600237,8.181397
11.600647,8.181397
11.601057,8.181397
11.601467,8.181397
11.601877,8.181397
11.602287,8.181397
11.602697,8.181397
11.603107,8.181397
11.603517,8.181397
11.603927,8.181397
11.604337,8.181397
11.604747,8.181397
11.605157,8.181397
11.605567,8.181397
11.605977,8.181397
11.606387,8.181397
11.606797,8.181397
11.607207,8.181397
11.607617,8.181397
11.608027,8.181397
11.608437,8.181397
11.608847,8.181397
11.609257,8.181397
11.609667,8.181397
11.610077,8.181397
11.610487,8.181397
11.610897,8.181397
11.611307,8.181397
11.611717,8.181397
11.612127,8.181397
11.612537,8.181397
11.612947,8.181397
11.613357,8.181397
11.613767,8.181397
11.614177,8.181397
11.614587,8.181397
11.614997,8.181397
11.615407,8.181397
11.615817,8.181397
11.616227,8.181397
11.616637,8.181397
11.617047,8.181397
11.617457,8.181397
11.617867,8.181397
11.618277,8.181397
11.618687,8.181397
11.619097,8.181397
11.619507,8.181397
11.619917,8.181397
11.620327,8.181397
11.620737,8.181397
11.621147,8.181397
11.621557,8.181397
11.621967,8.181397
11.622377,8.181397
11.622787,8.181397
11.623197,8.181397
11.623607,8.181397
11.624017,8.181397
11.624427,8.181397
11.624837,8.181397
11.625248,8.181397
11.625658,8.181397
11.626068,8.181397
11.626478,8.181397
11.626888,8.181397
11.627298,8.181397
11.627708,8.181397
11.628118,8.181397
11.628528,8.181397
11.628938,8.181397
11.629348,8.181397
11.629758,8.181397
11.630168,8.181397
11.630578,8.181397
11.630988,8.181397
11.631398,8.181397
11.631808,8.181397
11.632218,8.181397
11.632628,8.181397
11.633038,8.181397
11.633448,8.181397
11.633858,8.181397
11.634268,8.181397
11.634678,8.181397
11.635088,8.181397
11.635498,8.181397
11.635908,8.181397
11.636318,8.181397
11.636728,8.181397
11.637138,8.181397
11.637548,8.181397
11.637958,8.181397
11.638368,8.181397
11.638778,8.181397
11.639188,8.181397
11.639598,8.181397
11.640008,8.181397
11.640418,8.181397
11.640828,8.181397
11.641238,8.181397
11.641648,8.181397
11.642058,8.181397
11.642468,8.181397
11.642878,8.181397
11.643288,8.181397
11.643698,8.181397
11.644108,8.181397
11.644518,8.181397
11.644928,8.181397
11.645338,8.181397
11.645748,8.181397
11.646158,8.181397
11.646568,8.181397
11.646978,8.181397
11.647388,8.181397
11.647798,8.181397
11.648208,8.181397
11.648618,8.181397
11.649028,8.181397
11.649438,8.181397
11.649848,8.181397
11.650258,8.181397
11.650668,8.181397
11.651078,8.181397
11.651488,8.181397
11.651898,8.181397
11.652308,8.181397
11.652718,8.181397
11.653128,8.181397
11.653538,8.181397
11.653948,8.181397
11.654358,8.181397
11.654768,8.181397
11.655179,8.181397
11.655589,8.181397
11.655999,8.181397
11.656409,8.181397
11.656819,8.181397
11.657229,8.181397
11.657639,8.181397
11.658049,8.181397
11.658459,8.181397
11.658869,8.181397
11.659279,8.181397
11.659689,8.181397
11.660099,8.181397
11.660509,8.181397
11.660919,8.181397
11.661329,8.181397
11.661739,8.181397
11.662149,8.181397
11.662559,8.181397
11.662969,8.181397
11.663379,8.181397
11.663789,8.181397
11.664199,8.181397
11.664609,8.181397
11.665019,8.181397
11.665429,8.181397
11.665839,8.181397
11.666249,8.181397
11.666659,8.181397
11.667069,8.181397
11.667479,8.181397
11.667889,8.181397
11.668299,8.181397
11.668709,8.181397
11.669119,8.181397
11.669529,8.181397
11.669939,8.181397
11.670349,8.181397
11.670759,8.181397
11.671169,8.181397
11.671579,8.181397
11.671989,8.181397
11.672399,8.181397
11.672809,8.181397
11.673219,8.181397
11.673629,8.181397
11.674039,8.181397
11.674449,8.181397
11.674859,8.181397
11.675269,8.181397
11.675679,8.181397
11.676089,8.181397
11.676499,8.181397
11.676909,8.181397
11.677319,8.181397
11.677729,8.181397
11.678139,8.181397
11.678549,8.181397
11.678959,8.181397
11.679369,8.181397
11.679779,8.181397
11.680189,8.181397
11.680599,8.181397
11.681009,8.181397
11.681419,8.181397
11.681829,8.181397
11.682239,8.181397
11.682649,8.181397
11.683059,8.181397
11.683469,8.181397
11.683879,8.181397
11.684289,8.181397
11.684699,8.181397
11.685110,8.181397
11.685520,8.181397
11.685930,8.181397
11.686340,8.181397
11.686750,8.181397
11.687160,8.181397
11.687570,8.181397
11.687980,8.181397
11.688390,8.181397
11.688800,8.181397
11.689210,8.181397
11.689620,8.181397
11.690030,8.181397
11.690440,8.181397
11.690850,8.181397
11.691260,8.181397
11.691670,8.181397
11.692080,8.181397
11.692490,8.181397
11.692900,8.181397
11.693310,8.181397
11.693720,8.181397
11.694130,8.181397
11.694540,8.181397
11.694950,8.181397
11.695360,8.181397
11.695770,8.181397
11.696180,8.181397
11.696590,8.181397
11.697000,8.181397
11.697410,8.181397
11.697820,8.181397
11.698230,8.181397
11.698640,8.181397
11.699050,8.181397
11.699460,8.181397
11.699870,8.181397
11.700280,8.181397
11.700690,8.181397
11.701100,8.181397
11.701510,8.181397
11.701920,8.181397
11.702330,8.181397
11.702740,8.181397
11.703150,8.181397
11.703560,8.181397
11.703970,8.181397
11.704380,8.181397
11.704790,8.181397
11.705200,8.181397
11.705610,8.181397
11.706020,8.181397
11.706430,8.181397
11.706840,8.181397
11.707250,8.181397
11.707660,8.181397
11.708070,8.181397
11.708480,8.181397
11.708890,8.181397
11.709300,8.181397
11.709710,8.181397
11.710120,8.181397
11.710530,8.181397
11.710940,8.181397
11.711350,8.181397
11.711760,8.181397
11.712170,8.181397
11.712580,8.181397
11.712990,8.181397
11.713400,8.181397
11.713810,8.181397
11.714220,8.181397
11.714630,8.181397
11.715041,8.181397
11.715451,8.181397
11.715861,8.181397
11.716271,8.181397
11.716681,8.181397
11.717091,8.181397
11.717501,8.181397
11.717911,8.181397
11.718321,8.181397
11.718731,8.181397
11.719141,8.181397
11.719551,8.181397
11.719961,8.181397
11.720371,8.181397
11.720781,8.181397
11.721191,8.181397
11.721601,8.181397
11.722011,8.181397
11.722421,8.181397
11.722831,8.181397
11.723241,8.181397
11.723651,8.181397
11.724061,8.181397
11.724471,8.181397
11.724881,8.181397
11.725291,8.181397
11.725701,8.181397
11.726111,8.181397
11.726521,8.181397
11.726931,8.181397
11.727341,8.181397
11.727751,8.181397
11.728161,8.181397
11.728571,8.181397
11.728981,8.181397
11.729391,8.181397
11.729801,8.181397
11.730211,8.181397
11.730621,8.181397
11.731031,8.181397
11.731441,8.181397
11.731851,8.181397
11.732261,8.181397
11.732671,8.181397
11.733081,8.181397
11.733491,8.181397
11.733901,8.181397
11.734311,8.181397
11.734721,8.181397
11.735131,8.181397
11.735541,8.181397
11.735951,8.181397
11.736361,8.181397
11.736771,8.181397
11.737181,8.181397
11.737591,8.181397
11.738001,8.181397
11.738411,8.181397
11.738821,8.181397
11.739231,8.181397
11.739641,8.181397
11.740051,8.181397
11.740461,8.181397
11.740871,8.181397
11.741281,8.181397
11.741691,8.181397
11.742101,8.181397
11.742511,8.181397
11.742921,8.181397
11.743331,8.181397
11.743741,8.181397
11.744151,8.181397
11.744561,8.181397
11.744971,8.181397
11.745382,8.181397
11.745792,8.181397
11.746202,8.181397
11.746612,8.181397
11.747022,8.181397
11.747432,8.181397
11.747842,8.181397
11.748252,8.181397
11.748662,8.181397
11.749072,8.181397
11.749482,8.181397
11.749892,8.181397
11.750302,8.181397
11.750712,8.181397
11.751122,8.181397
11.751532,8.181397
11.751942,8.181397
11.752352,8.181397
11.752762,8.181397
11.753172,8.181397
11.753582,8.181397
11.753992,8.181397
11.754402,8.181397
11.754812,8.181397
11.755222,8.181397
11.755632,8.181397
11.756042,8.181397
11.756452,8.181397
11.756862,8.181397
11.757272,8.181397
11.757682,8.181397
11.758092,8.181397
11.758502,8.181397
11.758912,8.181397
11.759322,8.181397
11.759732,8.181397
11.760142,8.181397
11.760552,8.181397
11.760962,8.181397
11.761372,8.181397
11.761782,8.181397
11.762192,8.181397
11.762602,8.181397
11.763012,8.181397
11.763422,8.181397
11.763832,8.181397
11.764242,8.181397
11.764652,8.181397
11.765062,8.181397
11.765472,8.181397
11.765882,8.181397
11.766292,8.181397
11.766702,8.181397
11.767112,8.181397
11.767522,8.181397
11.767932,8.181397
11.768342,8.181397
11.768752,8.181397
11.769162,8.181397
11.769572,8.181397
11.769982,8.181397
11.770392,8.181397
11.770802,8.181397
11.771212,8.181397
11.771622,8.181397
11.772032,8.181397
11.772442,8.181397
11.772852,8.181397
11.773262,8.181397
11.773672,8.181397
11.774082,8.181397
11.774492,8.181397
11.774902,8.181397
11.775313,8.181397
11.775723,8.181397
11.776133,8.181397
11.776543,8.181397
11.776953,8.181397
11.777363,8.181397
11.777773,8.181397
11.778183,8.181397
11.778593,8.181397
11.779003,8.181397
11.779413,8.181397
11.779823,8.181397
11.780233,8.181397
11.780643,8.181397
11.781053,8.181397
11.781463,8.181397
11.781873,8.181397
11.782283,8.181397
11.782693,8.181397
11.783103,8.181397
11.783513,8.181397
11.783923,8.181397
11.784333,8.181397
11.784743,8.181397
11.785153,8.181397
11.785563,8.181397
11.785973,8.181397
11.786383,8.181397
11.786793,8.181397
11.787203,8.181397
11.787613,8.181397
11.788023,8.181397
11.788433,8.181397
11.788843,8.181397
11.789253,8.181397
11.789663,8.181397
11.790073,8.181397
11.790483,8.181397
11.790893,8.181397
11.791303,8.181397
11.791713,8.181397
11.792123,8.181397
11.792533,8.181397
11.792943,8.181397
11.793353,8.181397
11.793763,8.181397
11.794173,8.181397
11.794583,8.181397
11.794993,8.181397
11.795403,8.181397
11.795813,8.181397
11.796223,8.181397
11.796633,8.181397
11.797043,8.181397
11.797453,8.181397
11.797863,8.181397
11.798273,8.181397
11.798683,8.181397
11.799093,8.181397
11.799503,8.181397
11.799913,8.181397
11.800323,8.181397
11.800733,8.181397
11.801143,8.181397
11.801553,8.181397
11.801963,8.181397
11.802373,8.181397
11.802783,8.181397
11.803193,8.181397
11.803603,8.181397
11.804013,8.181397
11.804423,8.181397
11.804833,8.181397
11.805244,8.181397
11.805654,8.181397
11.806064,8.181397
11.806474,8.181397
11.806884,8.181397
11.807294,8.181397
11.807704,8.181397
11.808114,8.181397
11.808524,8.181397
11.808934,8.181397
11.809344,8.181397
11.809754,8.181397
11.810164,8.181397
11.810574,8.181397
11.810984,8.181397
11.811394,8.181397
11.811804,8.181397
11.812214,8.181397
11.812624,8.181397
11.813034,8.181397
11.813444,8.181397
11.813854,8.181397
11.814264,8.181397
11.814674,8.181397
11.815084,8.181397
11.815494,8.181397
11.815904,8.181397
11.816314,8.181397
11.816724,8.181397
11.817134,8.181397
11.817544,8.181397
11.817954,8.181397
11.818364,8.181397
11.818774,8.181397
11.819184,8.181397
11.819594,8.181397
11.820004,8.181397
11.820414,8.181397
11.820824,8.181397
11.821234,8.181397
11.821644,8.181397
11.822054,8.181397
11.822464,8.181397
11.822874,8.181397
11.823284,8.181397
11.823694,8.181397
11.824104,8.181397
11.824514,8.181397
11.824924,8.181397
11.825334,8.181397
11.825744,8.181397
11.826154,8.181397
11.826564,8.181397
11.826974,8.181397
11.827384,8.181397
11.827794,8.181397
11.828204,8.181397
11.828614,8.181397
11.829024,8.181397
11.829434,8.181397
11.829844,8.181397
11.830254,8.181397
11.830664,8.181397
11.831074,8.181397
11.831484,8.181397
11.831894,8.181397
11.832304,8.181397
11.832714,8.181397
11.833124,8.181397
11.833534,8.181397
11.833944,8.181397
11.834354,8.181397
11.834764,8.181397
11.835175,8.181397
11.835585,8.181397
11.835995,8.181397
11.836405,8.181397
11.836815,8.181397
11.837225,8.181397
11.837635,8.181397
11.838045,8.181397
11.838455,8.181397
11.838865,8.181397
11.839275,8.181397
11.839685,8.181397
11.840095,8.181397
11.840505,8.181397
11.840915,8.181397
11.841325,8.181397
11.841735,8.181397
11.842145,8.181397
11.842555,8.181397
11.842965,8.181397
11.843375,8.181397
11.843785,8.181397
11.844195,8.181397
11.844605,8.181397
11.845015,8.181397
11.845425,8.181397
11.845835,8.181397
11.846245,8.181397
11.846655,8.181397
11.847065,8.181397
11.847475,8.181397
11.847885,8.181397
11.848295,8.181397
11.848705,8.181397
11.849115,8.181397
11.849525,8.181397
11.849935,8.181397
11.850345,8.181397
11.850755,8.181397
11.851165,8.181397
11.851575,8.181397
11.851985,8.181397
11.852395,8.181397
11.852805,8.181397
11.853215,8.181397
11.853625,8.181397
11.854035,8.181397
11.854445,8.181397
11.854855,8.181397
11.855265,8.181397
11.855675,8.181397
11.856085,8.181397
11.856495,8.181397
11.856905,8.181397
11.857315,8.181397
11.857725,8.181397
11.858135,8.181397
11.858545,8.181397
11.858955,8.181397
11.859365,8.181397
11.859775,8.181397
11.860185,8.181397
11.860595,8.181397
11.861005,8.181397
11.861415,8.181397
11.861825,8.181397
11.862235,8.181397
11.862645,8.181397
11.863055,8.181397
11.863465,8.181397
11.863875,8.181397
11.864285,8.181397
11.864695,8.181397
11.865106,8.181397
11.865516,8.181397
11.865926,8.181397
11.866336,8.181397
11.866746,8.181397
11.867156,8.181397
11.867566,8.181397
11.867976,8.181397
11.868386,8.181397
11.868796,8.181397
11.869206,8.181397
11.869616,8.181397
11.870026,8.181397
11.870436,8.181397
11.870846,8.181397
11.871256,8.181397
11.871666,8.181397
11.872076,8.181397
11.872486,8.181397
11.872896,8.181397
11.873306,8.181397
11.873716,8.181397
11.874126,8.181397
11.874536,8.181397
11.874946,8.181397
11.875356,8.181397
11.875766,8.181397
11.876176,8.181397
11.876586,8.181397
11.876996,8.181397
11.877406,8.181397
11.877816,8.181397
11.878226,8.181397
11.878636,8.181397
11.879046,8.181397
11.879456,8.181397
11.879866,8.181397
11.880276,8.181397
11.880686,8.181397
11.881096,8.181397
11.881506,8.181397
11.881916,8.181397
11.882326,8.181397
11.882736,8.181397
11.883146,8.181397
11.883556,8.181397
11.883966,8.181397
11.884376,8.181397
11.884786,8.181397
11.885196,8.181397
11.885606,8.181397
11.886016,8.181397
11.886426,8.181397
11.886836,8.181397
11.887246,8.181397
11.887656,8.181397
11.888066,8.181397
11.888476,8.181397
11.888886,8.181397
11.889296,8.181397
11.889706,8.181397
11.890116,8.181397
11.890526,8.181397
11.890936,8.181397
11.891346,8.181397
11.891756,8.181397
11.892166,8.181397
11.892576,8.181397
11.892986,8.181397
11.893396,8.181397
11.893806,8.181397
11.894216,8.181397
11.894626,8.181397
11.895037,8.181397
11.895447,8.181397
11.895857,8.181397
11.896267,8.181397
11.896677,8.181397
11.897087,8.181397
11.897497,8.181397
11.897907,8.181397
11.898317,8.181397
11.898727,8.181397
11.899137,8.181397
11.899547,8.181397
11.899957,8.181397
11.900367,8.181397
11.900777,8.181397
11.901187,8.181397
11.901597,8.181397
11.902007,8.181397
11.902417,8.181397
11.902827,8.181397
11.903237,8.181397
11.903647,8.181397
11.904057,8.181397
11.904467,8.181397
11.904877,8.181397
11.905287,8.181397
11.905697,8.181397
11.906107,8.181397
11.906517,8.181397
11.906927,8.181397
11.907337,8.181397
11.907747,8.181397
11.908157,8.181397
11.908567,8.181397
11.908977,8.181397
11.909387,8.181397
11.909797,8.181397
11.910207,8.181397
11.910617,8.181397
11.911027,8.181397
11.911437,8.181397
11.911847,8.181397
11.912257,8.181397
11.912667,8.181397
11.913077,8.181397
11.913487,8.181397
11.913897,8.181397
11.914307,8.181397
11.914717,8.181397
11.915127,8.181397
11.915537,8.181397
11.915947,8.181397
11.916357,8.181397
11.916767,8.181397
11.917177,8.181397
11.917587,8.181397
11.917997,8.181397
11.918407,8.181397
11.918817,8.181397
11.919227,8.181397
11.919637,8.181397
11.920047,8.181397
11.920457,8.181397
11.920867,8.181397
11.921277,8.181397
11.921687,8.181397
11.922097,8.181397
11.922507,8.181397
11.922917,8.181397
11.923327,8.181397
11.923737,8.181397
11.924147,8.181397
11.924557,8.181397
11.924967,8.181397
11.925378,8.181397
11.925788,8.181397
11.926198,8.181397
11.926608,8.181397
11.927018,8.181397
11.927428,8.181397
11.927838,8.181397
11.928248,8.181397
11.928658,8.181397
11.929068,8.181397
11.929478,8.181397
11.929888,8.181397
11.930298,8.181397
11.930708,8.181397
11.931118,8.181397
11.931528,8.181397
11.931938,8.181397
11.932348,8.181397
11.932758,8.181397
11.933168,8.181397
11.933578,8.181397
11.933988,8.181397
11.934398,8.181397
11.934808,8.181397
11.935218,8.181397
11.935628,8.181397
11.936038,8.181397
11.936448,8.181397
11.936858,8.181397
11.937268,8.181397
11.937678,8.181397
11.938088,8.181397
11.938498,8.181397
11.938908,8.181397
11.939318,8.181397
11.939728,8.181397
11.940138,8.181397
11.940548,8.181397
11.940958,8.181397
11.941368,8.181397
11.941778,8.181397
11.942188,8.181397
11.942598,8.181397
11.943008,8.181397
11.943418,8.181397
11.943828,8.181397
11.944238,8.181397
11.944648,8.181397
11.945058,8.181397
11.945468,8.181397
11.945878,8.181397
11.946288,8.181397
11.946698,8.181397
11.947108,8.181397
11.947518,8.181397
11.947928,8.181397
11.948338,8.181397
11.948748,8.181397
11.949158,8.181397
11.949568,8.181397
11.949978,8.181397
11.950388,8.181397
11.950798,8.181397
11.951208,8.181397
11.951618,8.181397
11.952028,8.181397
11.952438,8.181397
11.952848,8.181397
11.953258,8.181397
11.953668,8.181397
11.954078,8.181397
11.954488,8.181397
11.954898,8.181397
11.955309,8.181397
11.955719,8.181397
11.956129,8.181397
11.956539,8.181397
11.956949,8.181397
11.957359,8.181397
11.957769,8.181397
11.958179,8.181397
11.958589,8.181397
11.958999,8.181397
11.959409,8.181397
11.959819,8.181397
11.960229,8.181397
11.960639,8.181397
11.961049,8.181397
11.961459,8.181397
11.961869,8.181397
11.962279,8.181397
11.962689,8.181397
11.963099,8.181397
11.963509,8.181397
11.963919,8.181397
11.964329,8.181397
11.964739,8.181397
11.965149,8.181397
11.965559,8.181397
11.965969,8.181397
11.966379,8.181397
11.966789,8.181397
11.967199,8.181397
11.967609,8.181397
11.968019,8.181397
11.968429,8.181397
11.968839,8.181397
11.969249,8.181397
11.969659,8.181397
11.970069,8.181397
11.970479,8.181397
11.970889,8.181397
11.971299,8.181397
11.971709,8.181397
11.972119,8.181397
11.972529,8.181397
11.972939,8.181397
11.973349,8.181397
11.973759,8.181397
11.974169,8.181397
11.974579,8.181397
11.974989,8.181397
11.975399,8.181397
11.975809,8.181397
11.976219,8.181397
11.976629,8.181397
11.977039,8.181397
11.977449,8.181397
11.977859,8.181397
11.978269,8.181397
11.978679,8.181397
11.979089,8.181397
11.979499,8.181397
11.979909,8.181397
11.980319,8.181397
11.980729,8.181397
11.981139,8.181397
11.981549,8.181397
11.981959,8.181397
11.982369,8.181397
11.982779,8.181397
11.983189,8.181397
11.983599,8.181397
11.984009,8.181397
11.984419,8.181397
11.984829,8.181397
11.985240,8.181397
11.985650,8.181397
11.986060,8.181397
11.986470,8.181397
11.986880,8.181397
11.987290,8.181397
11.987700,8.181397
11.988110,8.181397
11.988520,8.181397
11.988930,8.181397
11.989340,8.181397
11.989750,8.181397
11.990160,8.181397
11.990570,8.181397
11.990980,8.181397
11.991390,8.181397
11.991800,8.181397
11.992210,8.181397
11.992620,8.181397
11.993030,8.181397
11.993440,8.181397
11.993850,8.181397
11.994260,8.181397
11.994670,8.181397
11.995080,8.181397
11.995490,8.181397
11.995900,8.181397
11.996310,8.181397
11.996720,8.181397
11.997130,8.181397
11.997540,8.181397
11.997950,8.181397
11.998360,8.181397
11.998770,8.181397
11.999180,8.181397
11.999590,8.181397
12.000000,8.181397
