-0.800000,0.100000,0.200000,0.100927
-0.799299,0.100000,0.200000,0.100927
-0.798599,0.100000,0.200000,0.100926
-0.797898,0.100000,0.200000,0.100926
-0.797197,0.100000,0.200000,0.100926
-0.796496,0.100000,0.200000,0.100926
-0.795796,0.100000,0.200000,0.100926
-0.795095,0.100000,0.200000,0.100926
-0.794394,0.100000,0.200000,0.100926
-0.793694,0.100000,0.200000,0.100926
-0.792993,0.100000,0.200000,0.100926
-0.792292,0.100000,0.200000,0.100926
-0.791592,0.100000,0.200000,0.100926
-0.790891,0.100000,0.200000,0.100926
-0.790190,0.100000,0.200000,0.100926
-0.789489,0.100000,0.200000,0.100926
-0.788789,0.100000,0.200000,0.100926
-0.788088,0.100000,0.200000,0.100926
-0.787387,0.100000,0.200000,0.100926
-0.786687,0.100000,0.200000,0.100926
-0.785986,0.100000,0.200000,0.100926
-0.785285,0.100000,0.200000,0.100925
-0.784585,0.100000,0.200000,0.100925
-0.783884,0.100000,0.200000,0.100925
-0.783183,0.100000,0.200000,0.100925
-0.782482,0.100000,0.200000,0.100925
-0.781782,0.100000,0.200000,0.100925
-0.781081,0.100000,0.200000,0.100925
-0.780380,0.100000,0.200000,0.100925
-0.779680,0.100000,0.200000,0.100925
-0.778979,0.100000,0.200000,0.100925
-0.778278,0.100000,0.200000,0.100925
-0.777578,0.100000,0.200000,0.100925
-0.776877,0.100000,0.200000,0.100925
-0.776176,0.100000,0.200000,0.100925
-0.775475,0.100000,0.200000,0.100925
-0.774775,0.100000,0.200000,0.100925
-0.774074,0.100000,0.200000,0.100925
-0.773373,0.100000,0.200000,0.100924
-0.772673,0.100000,0.200000,0.100924
-0.771972,0.100000,0.200000,0.100924
-0.771271,0.100000,0.200000,0.100924
-0.770571,0.100000,0.200000,0.100924
-0.769870,0.100000,0.200000,0.100924
-0.769169,0.100000,0.200000,0.100924
-0.768468,0.100000,0.200000,0.100924
-0.767768,0.100000,0.200000,0.100924
-0.767067,0.100000,0.200000,0.100924
-0.766366,0.100000,0.200000,0.100924
-0.765666,0.100000,0.200000,0.100924
-0.764965,0.100000,0.200000,0.100924
-0.764264,0.100000,0.200000,0.100924
-0.763564,0.100000,0.200000,0.100924
-0.762863,0.100000,0.200000,0.100924
-0.762162,0.100000,0.200000,0.100924
-0.761461,0.100000,0.200000,0.100923
-0.760761,0.100000,0.200000,0.100923
-0.760060,0.100000,0.200000,0.100923
-0.759359,0.100000,0.200000,0.100923
-0.758659,0.100000,0.200000,0.100923
-0.757958,0.100000,0.200000,0.100923
-0.757257,0.100000,0.200000,0.100923
-0.756557,0.100000,0.200000,0.100923
-0.755856,0.100000,0.200000,0.100923
-0.755155,0.100000,0.200000,0.100923
-0.754454,0.100000,0.200000,0.100923
-0.753754,0.100000,0.200000,0.100923
-0.753053,0.100000,0.200000,0.100923
-0.752352,0.100000,0.200000,0.100923
-0.751652,0.100000,0.200000,0.100923
-0.750951,0.100000,0.200000,0.100923
-0.750250,0.100000,0.200000,0.100923
-0.749550,0.100000,0.200000,0.100922
-0.748849,0.100000,0.200000,0.100922
-0.748148,0.100000,0.200000,0.100922
-0.747447,0.100000,0.200000,0.100922
-0.746747,0.100000,0.200000,0.100922
-0.746046,0.100000,0.200000,0.100922
-0.745345,0.100000,0.200000,0.100922
-0.744645,0.100000,0.200000,0.100922
-0.743944,0.100000,0.200000,0.100922
-0.743243,0.100000,0.200000,0.100922
-0.742543,0.100000,0.200000,0.100922
-0.741842,0.100000,0.200000,0.100922
-0.741141,0.100000,0.200000,0.100922
-0.740440,0.100000,0.200000,0.100922
-0.739740,0.100000,0.200000,0.100922
-0.739039,0.100000,0.200000,0.100921
-0.738338,0.100000,0.200000,0.100921
-0.737638,0.100000,0.200000,0.100921
-0.736937,0.100000,0.200000,0.100921
-0.736236,0.100000,0.200000,0.100921
-0.735536,0.100000,0.200000,0.100921
-0.734835,0.100000,0.200000,0.100921
-0.734134,0.100000,0.200000,0.100921
-0.733433,0.100000,0.200000,0.100921
-0.732733,0.100000,0.200000,0.100921
-0.732032,0.100000,0.200000,0.100921
-0.731331,0.100000,0.200000,0.100921
-0.730631,0.100000,0.200000,0.100921
-0.729930,0.100000,0.200000,0.100921
-0.729229,0.100000,0.200000,0.100921
-0.728529,0.100000,0.200000,0.100921
-0.727828,0.100000,0.200000,0.100920
-0.727127,0.100000,0.200000,0.100920
-0.726426,0.100000,0.200000,0.100920
-0.725726,0.100000,0.200000,0.100920
-0.725025,0.100000,0.200000,0.100920
-0.724324,0.100000,0.200000,0.100920
-0.723624,0.100000,0.200000,0.100920
-0.722923,0.100000,0.200000,0.100920
-0.722222,0.100000,0.200000,0.100920
-0.721522,0.100000,0.200000,0.100920
-0.720821,0.100000,0.200000,0.100920
-0.720120,0.100000,0.200000,0.100920
-0.719419,0.100000,0.200000,0.100920
-0.718719,0.100000,0.200000,0.100920
-0.718018,0.100000,0.200000,0.100920
-0.717317,0.100000,0.200000,0.100919
-0.716617,0.100000,0.200000,0.100919
-0.715916,0.100000,0.200000,0.100919
-0.715215,0.100000,0.200000,0.100919
-0.714515,0.100000,0.200000,0.100919
-0.713814,0.100000,0.200000,0.100919
-0.713113,0.100000,0.200000,0.100919
-0.712412,0.100000,0.200000,0.100919
-0.711712,0.100000,0.200000,0.100919
-0.711011,0.100000,0.200000,0.100919
-0.710310,0.100000,0.200000,0.100919
-0.709610,0.100000,0.200000,0.100919
-0.708909,0.100000,0.200000,0.100919
-0.708208,0.100000,0.200000,0.100919
-0.707508,0.100000,0.200000,0.100919
-0.706807,0.100000,0.200000,0.100918
-0.706106,0.100000,0.200000,0.100918
-0.705405,0.100000,0.200000,0.100918
-0.704705,0.100000,0.200000,0.100918
-0.704004,0.100000,0.200000,0.100918
-0.703303,0.100000,0.200000,0.100918
-0.702603,0.100000,0.200000,0.100918
-0.701902,0.100000,0.200000,0.100918
-0.701201,0.100000,0.200000,0.100918
-0.700501,0.100000,0.200000,0.100918
-0.699800,0.100000,0.200000,0.100918
-0.699099,0.100000,0.200000,0.100918
-0.698398,0.100000,0.200000,0.100918
-0.697698,0.100000,0.200000,0.100918
-0.696997,0.100000,0.200000,0.100917
-0.696296,0.100000,0.200000,0.100917
-0.695596,0.100000,0.200000,0.100917
-0.694895,0.100000,0.200000,0.100917
-0.694194,0.100000,0.200000,0.100917
-0.693493,0.100000,0.200000,0.100917
-0.692793,0.100000,0.200000,0.100917
-0.692092,0.100000,0.200000,0.100917
-0.691391,0.100000,0.200000,0.100917
-0.690691,0.100000,0.200000,0.100917
-0.689990,0.100000,0.200000,0.100917
-0.689289,0.100000,0.200000,0.100917
-0.688589,0.100000,0.200000,0.100917
-0.687888,0.100000,0.200000,0.100916
-0.687187,0.100000,0.200000,0.100916
-0.686486,0.100000,0.200000,0.100916
-0.685786,0.100000,0.200000,0.100916
-0.685085,0.100000,0.200000,0.100916
-0.684384,0.100000,0.200000,0.100916
-0.683684,0.100000,0.200000,0.100916
-0.682983,0.100000,0.200000,0.100916
-0.682282,0.100000,0.200000,0.100916
-0.681582,0.100000,0.200000,0.100916
-0.680881,0.100000,0.200000,0.100916
-0.680180,0.100000,0.200000,0.100916
-0.679479,0.100000,0.200000,0.100916
-0.678779,0.100000,0.200000,0.100916
-0.678078,0.100000,0.200000,0.100915
-0.677377,0.100000,0.200000,0.100915
-0.676677,0.100000,0.200000,0.100915
-0.675976,0.100000,0.200000,0.100915
-0.675275,0.100000,0.200000,0.100915
-0.674575,0.100000,0.200000,0.100915
-0.673874,0.100000,0.200000,0.100915
-0.673173,0.100000,0.200000,0.100915
-0.672472,0.100000,0.200000,0.100915
-0.671772,0.100000,0.200000,0.100915
-0.671071,0.100000,0.200000,0.100915
-0.670370,0.100000,0.200000,0.100915
-0.669670,0.100000,0.200000,0.100915
-0.668969,0.100000,0.200000,0.100914
-0.668268,0.100000,0.200000,0.100914
-0.667568,0.100000,0.200000,0.100914
-0.666867,0.100000,0.200000,0.100914
-0.666166,0.100000,0.200000,0.100914
-0.665465,0.100000,0.200000,0.100914
-0.664765,0.100000,0.200000,0.100914
-0.664064,0.100000,0.200000,0.100914
-0.663363,0.100000,0.200000,0.100914
-0.662663,0.100000,0.200000,0.100914
-0.661962,0.100000,0.200000,0.100914
-0.661261,0.100000,0.200000,0.100914
-0.660561,0.100000,0.200000,0.100914
-0.659860,0.100000,0.200000,0.100913
-0.659159,0.100000,0.200000,0.100913
-0.658458,0.100000,0.200000,0.100913
-0.657758,0.100000,0.200000,0.100913
-0.657057,0.100000,0.200000,0.100913
-0.656356,0.100000,0.200000,0.100913
-0.655656,0.100000,0.200000,0.100913
-0.654955,0.100000,0.200000,0.100913
-0.654254,0.100000,0.200000,0.100913
-0.653554,0.100000,0.200000,0.100913
-0.652853,0.100000,0.200000,0.100913
-0.652152,0.100000,0.200000,0.100913
-0.651451,0.100000,0.200000,0.100913
-0.650751,0.100000,0.200000,0.100912
-0.650050,0.100000,0.200000,0.100912
-0.649349,0.100000,0.200000,0.100912
-0.648649,0.100000,0.200000,0.100912
-0.647948,0.100000,0.200000,0.100912
-0.647247,0.100000,0.200000,0.100912
-0.646547,0.100000,0.200000,0.100912
-0.645846,0.100000,0.200000,0.100912
-0.645145,0.100000,0.200000,0.100912
-0.644444,0.100000,0.200000,0.100912
-0.643744,0.100000,0.200000,0.100912
-0.643043,0.100000,0.200000,0.100912
-0.642342,0.100000,0.200000,0.100911
-0.641642,0.100000,0.200000,0.100911
-0.640941,0.100000,0.200000,0.100911
-0.640240,0.100000,0.200000,0.100911
-0.639540,0.100000,0.200000,0.100911
-0.638839,0.100000,0.200000,0.100911
-0.638138,0.100000,0.200000,0.100911
-0.637437,0.100000,0.200000,0.100911
-0.636737,0.100000,0.200000,0.100911
-0.636036,0.100000,0.200000,0.100911
-0.635335,0.100000,0.200000,0.100911
-0.634635,0.100000,0.200000,0.100911
-0.633934,0.100000,0.200000,0.100910
-0.633233,0.100000,0.200000,0.100910
-0.632533,0.100000,0.200000,0.100910
-0.631832,0.100000,0.200000,0.100910
-0.631131,0.100000,0.200000,0.100910
-0.630430,0.100000,0.200000,0.100910
-0.629730,0.100000,0.200000,0.100910
-0.629029,0.100000,0.200000,0.100910
-0.628328,0.100000,0.200000,0.100910
-0.627628,0.100000,0.200000,0.100910
-0.626927,0.100000,0.200000,0.100910
-0.626226,0.100000,0.200000,0.100910
-0.625526,0.100000,0.200000,0.100910
-0.624825,0.100000,0.200000,0.100909
-0.624124,0.100000,0.200000,0.100909
-0.623423,0.100000,0.200000,0.100909
-0.622723,0.100000,0.200000,0.100909
-0.622022,0.100000,0.200000,0.100909
-0.621321,0.100000,0.200000,0.100909
-0.620621,0.100000,0.200000,0.100909
-0.619920,0.100000,0.200000,0.100909
-0.619219,0.100000,0.200000,0.100909
-0.618519,0.100000,0.200000,0.100909
-0.617818,0.100000,0.200000,0.100909
-0.617117,0.100000,0.200000,0.100908
-0.616416,0.100000,0.200000,0.100908
-0.615716,0.100000,0.200000,0.100908
-0.615015,0.100000,0.200000,0.100908
-0.614314,0.100000,0.200000,0.100908
-0.613614,0.100000,0.200000,0.100908
-0.612913,0.100000,0.200000,0.100908
-0.612212,0.100000,0.200000,0.100908
-0.611512,0.100000,0.200000,0.100908
-0.610811,0.100000,0.200000,0.100908
-0.610110,0.100000,0.200000,0.100908
-0.609409,0.100000,0.200000,0.100908
-0.608709,0.100000,0.200000,0.100907
-0.608008,0.100000,0.200000,0.100907
-0.607307,0.100000,0.200000,0.100907
-0.606607,0.100000,0.200000,0.100907
-0.605906,0.100000,0.200000,0.100907
-0.605205,0.100000,0.200000,0.100907
-0.604505,0.100000,0.200000,0.100907
-0.603804,0.100000,0.200000,0.100907
-0.603103,0.100000,0.200000,0.100907
-0.602402,0.100000,0.200000,0.100907
-0.601702,0.100000,0.200000,0.100907
-0.601001,0.100000,0.200000,0.100907
-0.600300,0.100000,0.200000,0.100906
-0.599600,0.100000,0.200000,0.100906
-0.598899,0.100000,0.200000,0.100906
-0.598198,0.100000,0.200000,0.100906
-0.597497,0.100000,0.200000,0.100906
-0.596797,0.100000,0.200000,0.100906
-0.596096,0.100000,0.200000,0.100906
-0.595395,0.100000,0.200000,0.100906
-0.594695,0.100000,0.200000,0.100906
-0.593994,0.100000,0.200000,0.100906
-0.593293,0.100000,0.200000,0.100906
-0.592593,0.100000,0.200000,0.100905
-0.591892,0.100000,0.200000,0.100905
-0.591191,0.100000,0.200000,0.100905
-0.590490,0.100000,0.200000,0.100905
-0.589790,0.100000,0.200000,0.100905
-0.589089,0.100000,0.200000,0.100905
-0.588388,0.100000,0.200000,0.100905
-0.587688,0.100000,0.200000,0.100905
-0.586987,0.100000,0.200000,0.100905
-0.586286,0.100000,0.200000,0.100905
-0.585586,0.100000,0.200000,0.100905
-0.584885,0.100000,0.200000,0.100905
-0.584184,0.100000,0.200000,0.100904
-0.583483,0.100000,0.200000,0.100904
-0.582783,0.100000,0.200000,0.100904
-0.582082,0.100000,0.200000,0.100904
-0.581381,0.100000,0.200000,0.100904
-0.580681,0.100000,0.200000,0.100904
-0.579980,0.100000,0.200000,0.100904
-0.579279,0.100000,0.200000,0.100904
-0.578579,0.100000,0.200000,0.100904
-0.577878,0.100000,0.200000,0.100904
-0.577177,0.100000,0.200000,0.100904
-0.576476,0.100000,0.200000,0.100903
-0.575776,0.100000,0.200000,0.100903
-0.575075,0.100000,0.200000,0.100903
-0.574374,0.100000,0.200000,0.100903
-0.573674,0.100000,0.200000,0.100903
-0.572973,0.100000,0.200000,0.100903
-0.572272,0.100000,0.200000,0.100903
-0.571572,0.100000,0.200000,0.100903
-0.570871,0.100000,0.200000,0.100903
-0.570170,0.100000,0.200000,0.100903
-0.569469,0.100000,0.200000,0.100903
-0.568769,0.100000,0.200000,0.100902
-0.568068,0.100000,0.200000,0.100902
-0.567367,0.100000,0.200000,0.100902
-0.566667,0.100000,0.200000,0.100902
-0.565966,0.100000,0.200000,0.100902
-0.565265,0.100000,0.200000,0.100902
-0.564565,0.100000,0.200000,0.100902
-0.563864,0.100000,0.200000,0.100902
-0.563163,0.100000,0.200000,0.100902
-0.562462,0.100000,0.200000,0.100902
-0.561762,0.100000,0.200000,0.100902
-0.561061,0.100000,0.200000,0.100902
-0.560360,0.100000,0.200000,0.100901
-0.559660,0.100000,0.200000,0.100901
-0.558959,0.100000,0.200000,0.100901
-0.558258,0.100000,0.200000,0.100901
-0.557558,0.100000,0.200000,0.100901
-0.556857,0.100000,0.200000,0.100901
-0.556156,0.100000,0.200000,0.100901
-0.555455,0.100000,0.200000,0.100901
-0.554755,0.100000,0.200000,0.100901
-0.554054,0.100000,0.200000,0.100901
-0.553353,0.100000,0.200000,0.100901
-0.552653,0.100000,0.200000,0.100900
-0.551952,0.100000,0.200000,0.100900
-0.551251,0.100000,0.200000,0.100900
-0.550551,0.100000,0.200000,0.100900
-0.549850,0.100000,0.200000,0.100900
-0.549149,0.100000,0.200000,0.100900
-0.548448,0.100000,0.200000,0.100900
-0.547748,0.100000,0.200000,0.100900
-0.547047,0.100000,0.200000,0.100900
-0.546346,0.100000,0.200000,0.100900
-0.545646,0.100000,0.200000,0.100900
-0.544945,0.100000,0.200000,0.100900
-0.544244,0.100000,0.200000,0.100899
-0.543544,0.100000,0.200000,0.100899
-0.542843,0.100000,0.200000,0.100899
-0.542142,0.100000,0.200000,0.100899
-0.541441,0.100000,0.200000,0.100899
-0.540741,0.100000,0.200000,0.100899
-0.540040,0.100000,0.200000,0.100899
-0.539339,0.100000,0.200000,0.100899
-0.538639,0.100000,0.200000,0.100899
-0.537938,0.100000,0.200000,0.100899
-0.537237,0.100000,0.200000,0.100899
-0.536537,0.100000,0.200000,0.100898
-0.535836,0.100000,0.200000,0.100898
-0.535135,0.100000,0.200000,0.100898
-0.534434,0.100000,0.200000,0.100898
-0.533734,0.100000,0.200000,0.100898
-0.533033,0.100000,0.200000,0.100898
-0.532332,0.100000,0.200000,0.100898
-0.531632,0.100000,0.200000,0.100898
-0.530931,0.100000,0.200000,0.100898
-0.530230,0.100000,0.200000,0.100898
-0.529530,0.100000,0.200000,0.100898
-0.528829,0.100000,0.200000,0.100897
-0.528128,0.100000,0.200000,0.100897
-0.527427,0.100000,0.200000,0.100897
-0.526727,0.100000,0.200000,0.100897
-0.526026,0.100000,0.200000,0.100897
-0.525325,0.100000,0.200000,0.100897
-0.524625,0.100000,0.200000,0.100897
-0.523924,0.100000,0.200000,0.100897
-0.523223,0.100000,0.200000,0.100897
-0.522523,0.100000,0.200000,0.100897
-0.521822,0.100000,0.200000,0.100897
-0.521121,0.100000,0.200000,0.100897
-0.520420,0.100000,0.200000,0.100896
-0.519720,0.100000,0.200000,0.100896
-0.519019,0.100000,0.200000,0.100896
-0.518318,0.100000,0.200000,0.100896
-0.517618,0.100000,0.200000,0.100896
-0.516917,0.100000,0.200000,0.100896
-0.516216,0.100000,0.200000,0.100896
-0.515516,0.100000,0.200000,0.100896
-0.514815,0.100000,0.200000,0.100896
-0.514114,0.100000,0.200000,0.100896
-0.513413,0.100000,0.200000,0.100896
-0.512713,0.100000,0.200000,0.100896
-0.512012,0.100000,0.200000,0.100895
-0.511311,0.100000,0.200000,0.100895
-0.510611,0.100000,0.200000,0.100895
-0.509910,0.100000,0.200000,0.100895
-0.509209,0.100000,0.200000,0.100895
-0.508509,0.100000,0.200000,0.100895
-0.507808,0.100000,0.200000,0.100895
-0.507107,0.100000,0.200000,0.100895
-0.506406,0.100000,0.200000,0.100895
-0.505706,0.100000,0.200000,0.100895
-0.505005,0.100000,0.200000,0.100895
-0.504304,0.100000,0.200000,0.100895
-0.503604,0.100000,0.200000,0.100895
-0.502903,0.100000,0.200000,0.100894
-0.502202,0.100000,0.200000,0.100894
-0.501502,0.100000,0.200000,0.100894
-0.500801,0.100000,0.200000,0.100894
-0.500100,0.100000,0.200000,0.100894
-0.499399,0.100000,0.200000,0.100894
-0.498699,0.100000,0.200000,0.100894
-0.497998,0.100000,0.200000,0.100894
-0.497297,0.100000,0.200000,0.100894
-0.496597,0.100000,0.200000,0.100894
-0.495896,0.100000,0.200000,0.100894
-0.495195,0.100000,0.200000,0.100894
-0.494494,0.100000,0.200000,0.100894
-0.493794,0.100000,0.200000,0.100893
-0.493093,0.100000,0.200000,0.100893
-0.492392,0.100000,0.200000,0.100893
-0.491692,0.100000,0.200000,0.100893
-0.490991,0.100000,0.200000,0.100893
-0.490290,0.100000,0.200000,0.100893
-0.489590,0.100000,0.200000,0.100893
-0.488889,0.100000,0.200000,0.100893
-0.488188,0.100000,0.200000,0.100893
-0.487487,0.100000,0.200000,0.100893
-0.486787,0.100000,0.200000,0.100893
-0.486086,0.100000,0.200000,0.100893
-0.485385,0.100000,0.200000,0.100893
-0.484685,0.100000,0.200000,0.100892
-0.483984,0.100000,0.200000,0.100892
-0.483283,0.100000,0.200000,0.100892
-0.482583,0.100000,0.200000,0.100892
-0.481882,0.100000,0.200000,0.100892
-0.481181,0.100000,0.200000,0.100892
-0.480480,0.100000,0.200000,0.100892
-0.479780,0.100000,0.200000,0.100892
-0.479079,0.100000,0.200000,0.100892
-0.478378,0.100000,0.200000,0.100892
-0.477678,0.100000,0.200000,0.100892
-0.476977,0.100000,0.200000,0.100892
-0.476276,0.100000,0.200000,0.100892
-0.475576,0.100000,0.200000,0.100892
-0.474875,0.100000,0.200000,0.100892
-0.474174,0.100000,0.200000,0.100891
-0.473473,0.100000,0.200000,0.100891
-0.472773,0.100000,0.200000,0.100891
-0.472072,0.100000,0.200000,0.100891
-0.471371,0.100000,0.200000,0.100891
-0.470671,0.100000,0.200000,0.100891
-0.469970,0.100000,0.200000,0.100891
-0.469269,0.100000,0.200000,0.100891
-0.468569,0.100000,0.200000,0.100891
-0.467868,0.100000,0.200000,0.100891
-0.467167,0.100000,0.200000,0.100891
-0.466466,0.100000,0.200000,0.100891
-0.465766,0.100000,0.200000,0.100891
-0.465065,0.100000,0.200000,0.100891
-0.464364,0.100000,0.200000,0.100891
-0.463664,0.100000,0.200000,0.100891
-0.462963,0.100000,0.200000,0.100891
-0.462262,0.100000,0.200000,0.100891
-0.461562,0.100000,0.200000,0.100890
-0.460861,0.100000,0.200000,0.100890
-0.460160,0.100000,0.200000,0.100890
-0.459459,0.100000,0.200000,0.100890
-0.458759,0.100000,0.200000,0.100890
-0.458058,0.100000,0.200000,0.100890
-0.457357,0.100000,0.200000,0.100890
-0.456657,0.100000,0.200000,0.100890
-0.455956,0.100000,0.200000,0.100890
-0.455255,0.100000,0.200000,0.100890
-0.454555,0.100000,0.200000,0.100890
-0.453854,0.100000,0.200000,0.100890
-0.453153,0.100000,0.200000,0.100890
-0.452452,0.100000,0.200000,0.100890
-0.451752,0.100000,0.200000,0.100890
-0.451051,0.100000,0.200000,0.100890
-0.450350,0.100000,0.200000,0.100890
-0.449650,0.100000,0.200000,0.100890
-0.448949,0.100000,0.200000,0.100890
-0.448248,0.100000,0.200000,0.100890
-0.447548,0.100000,0.200000,0.100890
-0.446847,0.100000,0.200000,0.100890
-0.446146,0.100000,0.200000,0.100889
-0.445445,0.100000,0.200000,0.100889
-0.444745,0.100000,0.200000,0.100889
-0.444044,0.100000,0.200000,0.100889
-0.443343,0.100000,0.200000,0.100889
-0.442643,0.100000,0.200000,0.100889
-0.441942,0.100000,0.200000,0.100889
-0.441241,0.100000,0.200000,0.100889
-0.440541,0.100000,0.200000,0.100889
-0.439840,0.100000,0.200000,0.100889
-0.439139,0.100000,0.200000,0.100889
-0.438438,0.100000,0.200000,0.100889
-0.437738,0.100000,0.200000,0.100889
-0.437037,0.100000,0.200000,0.100889
-0.436336,0.100000,0.200000,0.100889
-0.435636,0.100000,0.200000,0.100889
-0.434935,0.100000,0.200000,0.100889
-0.434234,0.100000,0.200000,0.100889
-0.433534,0.100000,0.200000,0.100889
-0.432833,0.100000,0.200000,0.100889
-0.432132,0.100000,0.200000,0.100889
-0.431431,0.100000,0.200000,0.100889
-0.430731,0.100000,0.200000,0.100889
-0.430030,0.100000,0.200000,0.100889
-0.429329,0.100000,0.200000,0.100889
-0.428629,0.100000,0.200000,0.100889
-0.427928,0.100000,0.200000,0.100889
-0.427227,0.100000,0.200000,0.100889
-0.426527,0.100000,0.200000,0.100889
-0.425826,0.100000,0.200000,0.100889
-0.425125,0.100000,0.200000,0.100889
-0.424424,0.100000,0.200000,0.100889
-0.423724,0.100000,0.200000,0.100889
-0.423023,0.100000,0.200000,0.100889
-0.422322,0.100000,0.200000,0.100889
-0.421622,0.100000,0.200000,0.100889
-0.420921,0.100000,0.200000,0.100889
-0.420220,0.100000,0.200000,0.100889
-0.419520,0.100000,0.200000,0.100889
-0.418819,0.100000,0.200000,0.100889
-0.418118,0.100000,0.200000,0.100889
-0.417417,0.100000,0.200000,0.100889
-0.416717,0.100000,0.200000,0.100889
-0.416016,0.100000,0.200000,0.100889
-0.415315,0.100000,0.200000,0.100889
-0.414615,0.100000,0.200000,0.100889
-0.413914,0.100000,0.200000,0.100889
-0.413213,0.100000,0.200000,0.100889
-0.412513,0.100000,0.200000,0.100889
-0.411812,0.100000,0.200000,0.100889
-0.411111,0.100000,0.200000,0.100889
-0.410410,0.100000,0.200000,0.100889
-0.409710,0.100000,0.200000,0.100889
-0.409009,0.100000,0.200000,0.100889
-0.408308,0.100000,0.200000,0.100889
-0.407608,0.100000,0.200000,0.100889
-0.406907,0.100000,0.200000,0.100889
-0.406206,0.100000,0.200000,0.100889
-0.405506,0.100000,0.200000,0.100889
-0.404805,0.100000,0.200000,0.100889
-0.404104,0.100000,0.200000,0.100889
-0.403403,0.100000,0.200000,0.100889
-0.402703,0.100000,0.200000,0.100889
-0.402002,0.100000,0.200000,0.100889
-0.401301,0.100000,0.200000,0.100889
-0.400601,0.100000,0.200000,0.100890
-0.399900,0.100000,0.200000,0.100890
-0.399199,0.100000,0.200000,0.100890
-0.398498,0.100000,0.200000,0.100890
-0.397798,0.100000,0.200000,0.100890
-0.397097,0.100000,0.200000,0.100890
-0.396396,0.100000,0.200000,0.100890
-0.395696,0.100000,0.200000,0.100890
-0.394995,0.100000,0.200000,0.100890
-0.394294,0.100000,0.200000,0.100890
-0.393594,0.100000,0.200000,0.100890
-0.392893,0.100000,0.200000,0.100890
-0.392192,0.100000,0.200000,0.100890
-0.391491,0.100000,0.200000,0.100890
-0.390791,0.100000,0.200000,0.100890
-0.390090,0.100000,0.200000,0.100890
-0.389389,0.100000,0.200000,0.100891
-0.388689,0.100000,0.200000,0.100891
-0.387988,0.100000,0.200000,0.100891
-0.387287,0.100000,0.200000,0.100891
-0.386587,0.100000,0.200000,0.100891
-0.385886,0.100000,0.200000,0.100891
-0.385185,0.100000,0.200000,0.100891
-0.384484,0.100000,0.200000,0.100891
-0.383784,0.100000,0.200000,0.100891
-0.383083,0.100000,0.200000,0.100891
-0.382382,0.100000,0.200000,0.100891
-0.381682,0.100000,0.200000,0.100892
-0.380981,0.100000,0.200000,0.100892
-0.380280,0.100000,0.200000,0.100892
-0.379580,0.100000,0.200000,0.100892
-0.378879,0.100000,0.200000,0.100892
-0.378178,0.100000,0.200000,0.100892
-0.377477,0.100000,0.200000,0.100892
-0.376777,0.100000,0.200000,0.100892
-0.376076,0.100000,0.200000,0.100893
-0.375375,0.100000,0.200000,0.100893
-0.374675,0.100000,0.200000,0.100893
-0.373974,0.100000,0.200000,0.100893
-0.373273,0.100000,0.200000,0.100893
-0.372573,0.100000,0.200000,0.100893
-0.371872,0.100000,0.200000,0.100893
-0.371171,0.100000,0.200000,0.100894
-0.370470,0.100000,0.200000,0.100894
-0.369770,0.100000,0.200000,0.100894
-0.369069,0.100000,0.200000,0.100894
-0.368368,0.100000,0.200000,0.100894
-0.367668,0.100000,0.200000,0.100894
-0.366967,0.100000,0.200000,0.100894
-0.366266,0.100000,0.200000,0.100895
-0.365566,0.100000,0.200000,0.100895
-0.364865,0.100000,0.200000,0.100895
-0.364164,0.100000,0.200000,0.100895
-0.363463,0.100000,0.200000,0.100895
-0.362763,0.100000,0.200000,0.100896
-0.362062,0.100000,0.200000,0.100896
-0.361361,0.100000,0.200000,0.100896
-0.360661,0.100000,0.200000,0.100896
-0.359960,0.100000,0.200000,0.100896
-0.359259,0.100000,0.200000,0.100897
-0.358559,0.100000,0.200000,0.100897
-0.357858,0.100000,0.200000,0.100897
-0.357157,0.100000,0.200000,0.100897
-0.356456,0.100000,0.200000,0.100897
-0.355756,0.100000,0.200000,0.100898
-0.355055,0.100000,0.200000,0.100898
-0.354354,0.100000,0.200000,0.100898
-0.353654,0.100000,0.200000,0.100898
-0.352953,0.100000,0.200000,0.100899
-0.352252,0.100000,0.200000,0.100899
-0.351552,0.100000,0.200000,0.100899
-0.350851,0.100000,0.200000,0.100899
-0.350150,0.100000,0.200000,0.100900
-0.349449,0.100000,0.200000,0.100900
-0.348749,0.100000,0.200000,0.100900
-0.348048,0.100000,0.200000,0.100900
-0.347347,0.100000,0.200000,0.100901
-0.346647,0.100000,0.200000,0.100901
-0.345946,0.100000,0.200000,0.100901
-0.345245,0.100000,0.200000,0.100901
-0.344545,0.100000,0.200000,0.100902
-0.343844,0.100000,0.200000,0.100902
-0.343143,0.100000,0.200000,0.100902
-0.342442,0.100000,0.200000,0.100903
-0.341742,0.100000,0.200000,0.100903
-0.341041,0.100000,0.200000,0.100903
-0.340340,0.100000,0.200000,0.100904
-0.339640,0.100000,0.200000,0.100904
-0.338939,0.100000,0.200000,0.100904
-0.338238,0.100000,0.200000,0.100905
-0.337538,0.100000,0.200000,0.100905
-0.336837,0.100000,0.200000,0.100905
-0.336136,0.100000,0.200000,0.100906
-0.335435,0.100000,0.200000,0.100906
-0.334735,0.100000,0.200000,0.100906
-0.334034,0.100000,0.200000,0.100907
-0.333333,0.100000,0.200000,0.100907
-0.332633,0.100000,0.200000,0.100907
-0.331932,0.100000,0.200000,0.100908
-0.331231,0.100000,0.200000,0.100908
-0.330531,0.100000,0.200000,0.100909
-0.329830,0.100000,0.200000,0.100909
-0.329129,0.100000,0.200000,0.100909
-0.328428,0.100000,0.200000,0.100910
-0.327728,0.100000,0.200000,0.100910
-0.327027,0.100000,0.200000,0.100911
-0.326326,0.100000,0.200000,0.100911
-0.325626,0.100000,0.200000,0.100912
-0.324925,0.100000,0.200000,0.100912
-0.324224,0.100000,0.200000,0.100913
-0.323524,0.100000,0.200000,0.100913
-0.322823,0.100000,0.200000,0.100913
-0.322122,0.100000,0.200000,0.100914
-0.321421,0.100000,0.200000,0.100914
-0.320721,0.100000,0.200000,0.100915
-0.320020,0.100000,0.200000,0.100915
-0.319319,0.100000,0.200000,0.100916
-0.318619,0.100000,0.200000,0.100916
-0.317918,0.100000,0.200000,0.100917
-0.317217,0.100000,0.200000,0.100917
-0.316517,0.100000,0.200000,0.100918
-0.315816,0.100000,0.200000,0.100918
-0.315115,0.100000,0.200000,0.100919
-0.314414,0.100000,0.200000,0.100920
-0.313714,0.100000,0.200000,0.100920
-0.313013,0.100000,0.200000,0.100921
-0.312312,0.100000,0.200000,0.100921
-0.311612,0.100000,0.200000,0.100922
-0.310911,0.100000,0.200000,0.100923
-0.310210,0.100000,0.200000,0.100923
-0.309510,0.100000,0.200000,0.100924
-0.308809,0.100000,0.200000,0.100924
-0.308108,0.100000,0.200000,0.100925
-0.307407,0.100000,0.200000,0.100926
-0.306707,0.100000,0.200000,0.100926
-0.306006,0.100000,0.200000,0.100927
-0.305305,0.100000,0.200000,0.100928
-0.304605,0.100000,0.200000,0.100928
-0.303904,0.100000,0.200000,0.100929
-0.303203,0.100000,0.200000,0.100930
-0.302503,0.100000,0.200000,0.100930
-0.301802,0.100000,0.200000,0.100931
-0.301101,0.100000,0.200000,0.100932
-0.300400,0.100000,0.200000,0.100933
-0.299700,0.100000,0.200000,0.100933
-0.298999,0.100000,0.200000,0.100934
-0.298298,0.100000,0.200000,0.100935
-0.297598,0.100000,0.200000,0.100936
-0.296897,0.100000,0.200000,0.100936
-0.296196,0.100000,0.200000,0.100937
-0.295495,0.100000,0.200000,0.100938
-0.294795,0.100000,0.200000,0.100939
-0.294094,0.100000,0.200000,0.100940
-0.293393,0.100000,0.200000,0.100940
-0.292693,0.100000,0.200000,0.100941
-0.291992,0.100000,0.200000,0.100942
-0.291291,0.100000,0.200000,0.100943
-0.290591,0.100000,0.200000,0.100944
-0.289890,0.100000,0.200000,0.100945
-0.289189,0.100000,0.200000,0.100946
-0.288488,0.100000,0.200000,0.100947
-0.287788,0.100000,0.200000,0.100948
-0.287087,0.100000,0.200000,0.100949
-0.286386,0.100000,0.200000,0.100950
-0.285686,0.100000,0.200000,0.100951
-0.284985,0.100000,0.200000,0.100952
-0.284284,0.100000,0.200000,0.100953
-0.283584,0.100000,0.200000,0.100954
-0.282883,0.100000,0.200000,0.100955
-0.282182,0.100000,0.200000,0.100956
-0.281481,0.100000,0.200000,0.100957
-0.280781,0.100000,0.200000,0.100958
-0.280080,0.100000,0.200000,0.100959
-0.279379,0.100000,0.200000,0.100960
-0.278679,0.100000,0.200000,0.100961
-0.277978,0.100000,0.200000,0.100962
-0.277277,0.100000,0.200000,0.100963
-0.276577,0.100000,0.200000,0.100965
-0.275876,0.100000,0.200000,0.100966
-0.275175,0.100000,0.200000,0.100967
-0.274474,0.100000,0.200000,0.100968
-0.273774,0.100000,0.200000,0.100969
-0.273073,0.100000,0.200000,0.100971
-0.272372,0.100000,0.200000,0.100972
-0.271672,0.100000,0.200000,0.100973
-0.270971,0.100000,0.200000,0.100975
-0.270270,0.100000,0.200000,0.100976
-0.269570,0.100000,0.200000,0.100977
-0.268869,0.100000,0.200000,0.100979
-0.268168,0.100000,0.200000,0.100980
-0.267467,0.100000,0.200000,0.100981
-0.266767,0.100000,0.200000,0.100983
-0.266066,0.100000,0.200000,0.100984
-0.265365,0.100000,0.200000,0.100986
-0.264665,0.100000,0.200000,0.100987
-0.263964,0.100000,0.200000,0.100989
-0.263263,0.100000,0.200000,0.100990
-0.262563,0.100000,0.200000,0.100992
-0.261862,0.100000,0.200000,0.100993
-0.261161,0.100000,0.200000,0.100995
-0.260460,0.100000,0.200000,0.100997
-0.259760,0.100000,0.200000,0.100998
-0.259059,0.100000,0.200000,0.101000
-0.258358,0.100000,0.200000,0.101002
-0.257658,0.100000,0.200000,0.101003
-0.256957,0.100000,0.200000,0.101005
-0.256256,0.100000,0.200000,0.101007
-0.255556,0.100000,0.200000,0.101009
-0.254855,0.100000,0.200000,0.101010
-0.254154,0.100000,0.200000,0.101012
-0.253453,0.100000,0.200000,0.101014
-0.252753,0.100000,0.200000,0.101016
-0.252052,0.100000,0.200000,0.101018
-0.251351,0.100000,0.200000,0.101020
-0.250651,0.100000,0.200000,0.101022
-0.249950,0.100000,0.200000,0.101024
-0.249249,0.100000,0.200000,0.101026
-0.248549,0.100000,0.200000,0.101028
-0.247848,0.100000,0.200000,0.101030
-0.247147,0.100000,0.200000,0.101032
-0.246446,0.100000,0.200000,0.101034
-0.245746,0.100000,0.200000,0.101037
-0.245045,0.100000,0.200000,0.101039
-0.244344,0.100000,0.200000,0.101041
-0.243644,0.100000,0.200000,0.101043
-0.242943,0.100000,0.200000,0.101046
-0.242242,0.100000,0.200000,0.101048
-0.241542,0.100000,0.200000,0.101050
-0.240841,0.100000,0.200000,0.101053
-0.240140,0.100000,0.200000,0.101055
-0.239439,0.100000,0.200000,0.101058
-0.238739,0.100000,0.200000,0.101060
-0.238038,0.100000,0.200000,0.101063
-0.237337,0.100000,0.200000,0.101066
-0.236637,0.100000,0.200000,0.101068
-0.235936,0.100000,0.200000,0.101071
-0.235235,0.100000,0.200000,0.101074
-0.234535,0.100000,0.200000,0.101076
-0.233834,0.100000,0.200000,0.101079
-0.233133,0.100000,0.200000,0.101082
-0.232432,0.100000,0.200000,0.101085
-0.231732,0.100000,0.200000,0.101088
-0.231031,0.100000,0.200000,0.101091
-0.230330,0.100000,0.200000,0.101094
-0.229630,0.100000,0.200000,0.101097
-0.228929,0.100000,0.200000,0.101100
-0.228228,0.100000,0.200000,0.101103
-0.227528,0.100000,0.200000,0.101107
-0.226827,0.100000,0.200000,0.101110
-0.226126,0.100000,0.200000,0.101113
-0.225425,0.100000,0.200000,0.101117
-0.224725,0.100000,0.200000,0.101120
-0.224024,0.100000,0.200000,0.101124
-0.223323,0.100000,0.200000,0.101127
-0.222623,0.100000,0.200000,0.101131
-0.221922,0.100000,0.200000,0.101134
-0.221221,0.100000,0.200000,0.101138
-0.220521,0.100000,0.200000,0.101142
-0.219820,0.100000,0.200000,0.101146
-0.219119,0.100000,0.200000,0.101150
-0.218418,0.100000,0.200000,0.101154
-0.217718,0.100000,0.200000,0.101158
-0.217017,0.100000,0.200000,0.101162
-0.216316,0.100000,0.200000,0.101166
-0.215616,0.100000,0.200000,0.101170
-0.214915,0.100000,0.200000,0.101175
-0.214214,0.100000,0.200000,0.101179
-0.213514,0.100000,0.200000,0.101183
-0.212813,0.100000,0.200000,0.101188
-0.212112,0.100000,0.200000,0.101193
-0.211411,0.100000,0.200000,0.101197
-0.210711,0.100000,0.200000,0.101202
-0.210010,0.100000,0.200000,0.101207
-0.209309,0.100000,0.200000,0.101212
-0.208609,0.100000,0.200000,0.101217
-0.207908,0.100000,0.200000,0.101222
-0.207207,0.100000,0.200000,0.101227
-0.206507,0.100000,0.200000,0.101232
-0.205806,0.100000,0.200000,0.101238
-0.205105,0.100000,0.200000,0.101243
-0.204404,0.100000,0.200000,0.101249
-0.203704,0.100000,0.200000,0.101255
-0.203003,0.100000,0.200000,0.101260
-0.202302,0.100000,0.200000,0.101266
-0.201602,0.100000,0.200000,0.101272
-0.200901,0.100000,0.200000,0.101278
-0.200200,0.100000,0.200000,0.101284
-0.199499,0.100000,0.200000,0.101291
-0.198799,0.100000,0.200000,0.101297
-0.198098,0.100000,0.200000,0.101303
-0.197397,0.100000,0.200000,0.101310
-0.196697,0.100000,0.200000,0.101317
-0.195996,0.100000,0.200000,0.101324
-0.195295,0.100000,0.200000,0.101331
-0.194595,0.100000,0.200000,0.101338
-0.193894,0.100000,0.200000,0.101345
-0.193193,0.100000,0.200000,0.101352
-0.192492,0.100000,0.200000,0.101360
-0.191792,0.100000,0.200000,0.101368
-0.191091,0.100000,0.200000,0.101375
-0.190390,0.100000,0.200000,0.101383
-0.189690,0.100000,0.200000,0.101392
-0.188989,0.100000,0.200000,0.101400
-0.188288,0.100000,0.200000,0.101408
-0.187588,0.100000,0.200000,0.101417
-0.186887,0.100000,0.200000,0.101425
-0.186186,0.100000,0.200000,0.101434
-0.185485,0.100000,0.200000,0.101443
-0.184785,0.100000,0.200000,0.101453
-0.184084,0.100000,0.200000,0.101462
-0.183383,0.100000,0.200000,0.101472
-0.182683,0.100000,0.200000,0.101482
-0.181982,0.100000,0.200000,0.101492
-0.181281,0.100000,0.200000,0.101502
-0.180581,0.100000,0.200000,0.101512
-0.179880,0.100000,0.200000,0.101523
-0.179179,0.100000,0.200000,0.101534
-0.178478,0.100000,0.200000,0.101545
-0.177778,0.100000,0.200000,0.101556
-0.177077,0.100000,0.200000,0.101567
-0.176376,0.100000,0.200000,0.101579
-0.175676,0.100000,0.200000,0.101591
-0.174975,0.100000,0.200000,0.101603
-0.174274,0.100000,0.200000,0.101616
-0.173574,0.100000,0.200000,0.101628
-0.172873,0.100000,0.200000,0.101641
-0.172172,0.100000,0.200000,0.101655
-0.171471,0.100000,0.200000,0.101668
-0.170771,0.100000,0.200000,0.101682
-0.170070,0.100000,0.200000,0.101696
-0.169369,0.100000,0.200000,0.101710
-0.168669,0.100000,0.200000,0.101725
-0.167968,0.100000,0.200000,0.101740
-0.167267,0.100000,0.200000,0.101755
-0.166567,0.100000,0.200000,0.101771
-0.165866,0.100000,0.200000,0.101787
-0.165165,0.100000,0.200000,0.101803
-0.164464,0.100000,0.200000,0.101820
-0.163764,0.100000,0.200000,0.101837
-0.163063,0.100000,0.200000,0.101855
-0.162362,0.100000,0.200000,0.101872
-0.161662,0.100000,0.200000,0.101891
-0.160961,0.100000,0.200000,0.101909
-0.160260,0.100000,0.200000,0.101928
-0.159560,0.100000,0.200000,0.101948
-0.158859,0.100000,0.200000,0.101968
-0.158158,0.100000,0.200000,0.101988
-0.157457,0.100000,0.200000,0.102009
-0.156757,0.100000,0.200000,0.102030
-0.156056,0.100000,0.200000,0.102052
-0.155355,0.100000,0.200000,0.102074
-0.154655,0.100000,0.200000,0.102097
-0.153954,0.100000,0.200000,0.102120
-0.153253,0.100000,0.200000,0.102144
-0.152553,0.100000,0.200000,0.102168
-0.151852,0.100000,0.200000,0.102193
-0.151151,0.100000,0.200000,0.102219
-0.150450,0.100000,0.200000,0.102245
-0.149750,0.100000,0.200000,0.102272
-0.149049,0.100000,0.200000,0.102299
-0.148348,0.100000,0.200000,0.102327
-0.147648,0.100000,0.200000,0.102356
-0.146947,0.100000,0.200000,0.102385
-0.146246,0.100000,0.200000,0.102416
-0.145546,0.100000,0.200000,0.102446
-0.144845,0.100000,0.200000,0.102478
-0.144144,0.100000,0.200000,0.102510
-0.143443,0.100000,0.200000,0.102544
-0.142743,0.100000,0.200000,0.102578
-0.142042,0.100000,0.200000,0.102612
-0.141341,0.100000,0.200000,0.102648
-0.140641,0.100000,0.200000,0.102685
-0.139940,0.100000,0.200000,0.102722
-0.139239,0.100000,0.200000,0.102760
-0.138539,0.100000,0.200000,0.102800
-0.137838,0.100000,0.200000,0.102840
-0.137137,0.100000,0.200000,0.102881
-0.136436,0.100000,0.200000,0.102924
-0.135736,0.100000,0.200000,0.102967
-0.135035,0.100000,0.200000,0.103012
-0.134334,0.100000,0.200000,0.103057
-0.133634,0.100000,0.200000,0.103104
-0.132933,0.100000,0.200000,0.103152
-0.132232,0.100000,0.200000,0.103201
-0.131532,0.100000,0.200000,0.103252
-0.130831,0.100000,0.200000,0.103304
-0.130130,0.100000,0.200000,0.103357
-0.129429,0.100000,0.200000,0.103411
-0.128729,0.100000,0.200000,0.103467
-0.128028,0.100000,0.200000,0.103525
-0.127327,0.100000,0.200000,0.103583
-0.126627,0.100000,0.200000,0.103644
-0.125926,0.100000,0.200000,0.103706
-0.125225,0.100000,0.200000,0.103769
-0.124525,0.100000,0.200000,0.103834
-0.123824,0.100000,0.200000,0.103901
-0.123123,0.100000,0.200000,0.103970
-0.122422,0.100000,0.200000,0.104040
-0.121722,0.100000,0.200000,0.104113
-0.121021,0.100000,0.200000,0.104187
-0.120320,0.100000,0.200000,0.104263
-0.119620,0.100000,0.200000,0.104341
-0.118919,0.100000,0.200000,0.104421
-0.118218,0.100000,0.200000,0.104504
-0.117518,0.100000,0.200000,0.104588
-0.116817,0.100000,0.200000,0.104675
-0.116116,0.100000,0.200000,0.104764
-0.115415,0.100000,0.200000,0.104855
-0.114715,0.100000,0.200000,0.104949
-0.114014,0.100000,0.200000,0.105045
-0.113313,0.100000,0.200000,0.105144
-0.112613,0.100000,0.200000,0.105245
-0.111912,0.100000,0.200000,0.105350
-0.111211,0.100000,0.200000,0.105456
-0.110511,0.100000,0.200000,0.105566
-0.109810,0.100000,0.200000,0.105678
-0.109109,0.100000,0.200000,0.105794
-0.108408,0.100000,0.200000,0.105912
-0.107708,0.100000,0.200000,0.106034
-0.107007,0.100000,0.200000,0.106159
-0.106306,0.100000,0.200000,0.106287
-0.105606,0.100000,0.200000,0.106419
-0.104905,0.100000,0.200000,0.106553
-0.104204,0.100000,0.200000,0.106692
-0.103504,0.100000,0.200000,0.106834
-0.102803,0.100000,0.200000,0.106980
-0.102102,0.100000,0.200000,0.107129
-0.101401,0.100000,0.200000,0.107282
-0.100701,0.100000,0.200000,0.107440
-0.100000,0.100000,0.200000,0.107601
-0.800000,0.100000,0.400000,0.100937
-0.799299,0.100000,0.400000,0.100937
-0.798599,0.100000,0.400000,0.100937
-0.797898,0.100000,0.400000,0.100937
-0.797197,0.100000,0.400000,0.100937
-0.796496,0.100000,0.400000,0.100937
-0.795796,0.100000,0.400000,0.100937
-0.795095,0.100000,0.400000,0.100937
-0.794394,0.100000,0.400000,0.100937
-0.793694,0.100000,0.400000,0.100937
-0.792993,0.100000,0.400000,0.100936
-0.792292,0.100000,0.400000,0.100936
-0.791592,0.100000,0.400000,0.100936
-0.790891,0.100000,0.400000,0.100936
-0.790190,0.100000,0.400000,0.100936
-0.789489,0.100000,0.400000,0.100936
-0.788789,0.100000,0.400000,0.100936
-0.788088,0.100000,0.400000,0.100936
-0.787387,0.100000,0.400000,0.100936
-0.786687,0.100000,0.400000,0.100936
-0.785986,0.100000,0.400000,0.100936
-0.785285,0.100000,0.400000,0.100936
-0.784585,0.100000,0.400000,0.100936
-0.783884,0.100000,0.400000,0.100936
-0.783183,0.100000,0.400000,0.100936
-0.782482,0.100000,0.400000,0.100936
-0.781782,0.100000,0.400000,0.100936
-0.781081,0.100000,0.400000,0.100936
-0.780380,0.100000,0.400000,0.100936
-0.779680,0.100000,0.400000,0.100936
-0.778979,0.100000,0.400000,0.100936
-0.778278,0.100000,0.400000,0.100936
-0.777578,0.100000,0.400000,0.100936
-0.776877,0.100000,0.400000,0.100936
-0.776176,0.100000,0.400000,0.100936
-0.775475,0.100000,0.400000,0.100936
-0.774775,0.100000,0.400000,0.100936
-0.774074,0.100000,0.400000,0.100936
-0.773373,0.100000,0.400000,0.100935
-0.772673,0.100000,0.400000,0.100935
-0.771972,0.100000,0.400000,0.100935
-0.771271,0.100000,0.400000,0.100935
-0.770571,0.100000,0.400000,0.100935
-0.769870,0.100000,0.400000,0.100935
-0.769169,0.100000,0.400000,0.100935
-0.768468,0.100000,0.400000,0.100935
-0.767768,0.100000,0.400000,0.100935
-0.767067,0.100000,0.400000,0.100935
-0.766366,0.100000,0.400000,0.100935
-0.765666,0.100000,0.400000,0.100935
-0.764965,0.100000,0.400000,0.100935
-0.764264,0.100000,0.400000,0.100935
-0.763564,0.100000,0.400000,0.100935
-0.762863,0.100000,0.400000,0.100935
-0.762162,0.100000,0.400000,0.100935
-0.761461,0.100000,0.400000,0.100935
-0.760761,0.100000,0.400000,0.100935
-0.760060,0.100000,0.400000,0.100935
-0.759359,0.100000,0.400000,0.100935
-0.758659,0.100000,0.400000,0.100935
-0.757958,0.100000,0.400000,0.100935
-0.757257,0.100000,0.400000,0.100935
-0.756557,0.100000,0.400000,0.100935
-0.755856,0.100000,0.400000,0.100935
-0.755155,0.100000,0.400000,0.100934
-0.754454,0.100000,0.400000,0.100934
-0.753754,0.100000,0.400000,0.100934
-0.753053,0.100000,0.400000,0.100934
-0.752352,0.100000,0.400000,0.100934
-0.751652,0.100000,0.400000,0.100934
-0.750951,0.100000,0.400000,0.100934
-0.750250,0.100000,0.400000,0.100934
-0.749550,0.100000,0.400000,0.100934
-0.748849,0.100000,0.400000,0.100934
-0.748148,0.100000,0.400000,0.100934
-0.747447,0.100000,0.400000,0.100934
-0.746747,0.100000,0.400000,0.100934
-0.746046,0.100000,0.400000,0.100934
-0.745345,0.100000,0.400000,0.100934
-0.744645,0.100000,0.400000,0.100934
-0.743944,0.100000,0.400000,0.100934
-0.743243,0.100000,0.400000,0.100934
-0.742543,0.100000,0.400000,0.100934
-0.741842,0.100000,0.400000,0.100934
-0.741141,0.100000,0.400000,0.100934
-0.740440,0.100000,0.400000,0.100934
-0.739740,0.100000,0.400000,0.100934
-0.739039,0.100000,0.400000,0.100934
-0.738338,0.100000,0.400000,0.100934
-0.737638,0.100000,0.400000,0.100933
-0.736937,0.100000,0.400000,0.100933
-0.736236,0.100000,0.400000,0.100933
-0.735536,0.100000,0.400000,0.100933
-0.734835,0.100000,0.400000,0.100933
-0.734134,0.100000,0.400000,0.100933
-0.733433,0.100000,0.400000,0.100933
-0.732733,0.100000,0.400000,0.100933
-0.732032,0.100000,0.400000,0.100933
-0.731331,0.100000,0.400000,0.100933
-0.730631,0.100000,0.400000,0.100933
-0.729930,0.100000,0.400000,0.100933
-0.729229,0.100000,0.400000,0.100933
-0.728529,0.100000,0.400000,0.100933
-0.727828,0.100000,0.400000,0.100933
-0.727127,0.100000,0.400000,0.100933
-0.726426,0.100000,0.400000,0.100933
-0.725726,0.100000,0.400000,0.100933
-0.725025,0.100000,0.400000,0.100933
-0.724324,0.100000,0.400000,0.100933
-0.723624,0.100000,0.400000,0.100933
-0.722923,0.100000,0.400000,0.100933
-0.722222,0.100000,0.400000,0.100933
-0.721522,0.100000,0.400000,0.100933
-0.720821,0.100000,0.400000,0.100933
-0.720120,0.100000,0.400000,0.100932
-0.719419,0.100000,0.400000,0.100932
-0.718719,0.100000,0.400000,0.100932
-0.718018,0.100000,0.400000,0.100932
-0.717317,0.100000,0.400000,0.100932
-0.716617,0.100000,0.400000,0.100932
-0.715916,0.100000,0.400000,0.100932
-0.715215,0.100000,0.400000,0.100932
-0.714515,0.100000,0.400000,0.100932
-0.713814,0.100000,0.400000,0.100932
-0.713113,0.100000,0.400000,0.100932
-0.712412,0.100000,0.400000,0.100932
-0.711712,0.100000,0.400000,0.100932
-0.711011,0.100000,0.400000,0.100932
-0.710310,0.100000,0.400000,0.100932
-0.709610,0.100000,0.400000,0.100932
-0.708909,0.100000,0.400000,0.100932
-0.708208,0.100000,0.400000,0.100932
-0.707508,0.100000,0.400000,0.100932
-0.706807,0.100000,0.400000,0.100932
-0.706106,0.100000,0.400000,0.100932
-0.705405,0.100000,0.400000,0.100932
-0.704705,0.100000,0.400000,0.100932
-0.704004,0.100000,0.400000,0.100932
-0.703303,0.100000,0.400000,0.100931
-0.702603,0.100000,0.400000,0.100931
-0.701902,0.100000,0.400000,0.100931
-0.701201,0.100000,0.400000,0.100931
-0.700501,0.100000,0.400000,0.100931
-0.699800,0.100000,0.400000,0.100931
-0.699099,0.100000,0.400000,0.100931
-0.698398,0.100000,0.400000,0.100931
-0.697698,0.100000,0.400000,0.100931
-0.696997,0.100000,0.400000,0.100931
-0.696296,0.100000,0.400000,0.100931
-0.695596,0.100000,0.400000,0.100931
-0.694895,0.100000,0.400000,0.100931
-0.694194,0.100000,0.400000,0.100931
-0.693493,0.100000,0.400000,0.100931
-0.692793,0.100000,0.400000,0.100931
-0.692092,0.100000,0.400000,0.100931
-0.691391,0.100000,0.400000,0.100931
-0.690691,0.100000,0.400000,0.100931
-0.689990,0.100000,0.400000,0.100931
-0.689289,0.100000,0.400000,0.100931
-0.688589,0.100000,0.400000,0.100931
-0.687888,0.100000,0.400000,0.100931
-0.687187,0.100000,0.400000,0.100930
-0.686486,0.100000,0.400000,0.100930
-0.685786,0.100000,0.400000,0.100930
-0.685085,0.100000,0.400000,0.100930
-0.684384,0.100000,0.400000,0.100930
-0.683684,0.100000,0.400000,0.100930
-0.682983,0.100000,0.400000,0.100930
-0.682282,0.100000,0.400000,0.100930
-0.681582,0.100000,0.400000,0.100930
-0.680881,0.100000,0.400000,0.100930
-0.680180,0.100000,0.400000,0.100930
-0.679479,0.100000,0.400000,0.100930
-0.678779,0.100000,0.400000,0.100930
-0.678078,0.100000,0.400000,0.100930
-0.677377,0.100000,0.400000,0.100930
-0.676677,0.100000,0.400000,0.100930
-0.675976,0.100000,0.400000,0.100930
-0.675275,0.100000,0.400000,0.100930
-0.674575,0.100000,0.400000,0.100930
-0.673874,0.100000,0.400000,0.100930
-0.673173,0.100000,0.400000,0.100930
-0.672472,0.100000,0.400000,0.100929
-0.671772,0.100000,0.400000,0.100929
-0.671071,0.100000,0.400000,0.100929
-0.670370,0.100000,0.400000,0.100929
-0.669670,0.100000,0.400000,0.100929
-0.668969,0.100000,0.400000,0.100929
-0.668268,0.100000,0.400000,0.100929
-0.667568,0.100000,0.400000,0.100929
-0.666867,0.100000,0.400000,0.100929
-0.666166,0.100000,0.400000,0.100929
-0.665465,0.100000,0.400000,0.100929
-0.664765,0.100000,0.400000,0.100929
-0.664064,0.100000,0.400000,0.100929
-0.663363,0.100000,0.400000,0.100929
-0.662663,0.100000,0.400000,0.100929
-0.661962,0.100000,0.400000,0.100929
-0.661261,0.100000,0.400000,0.100929
-0.660561,0.100000,0.400000,0.100929
-0.659860,0.100000,0.400000,0.100929
-0.659159,0.100000,0.400000,0.100929
-0.658458,0.100000,0.400000,0.100929
-0.657758,0.100000,0.400000,0.100929
-0.657057,0.100000,0.400000,0.100928
-0.656356,0.100000,0.400000,0.100928
-0.655656,0.100000,0.400000,0.100928
-0.654955,0.100000,0.400000,0.100928
-0.654254,0.100000,0.400000,0.100928
-0.653554,0.100000,0.400000,0.100928
-0.652853,0.100000,0.400000,0.100928
-0.652152,0.100000,0.400000,0.100928
-0.651451,0.100000,0.400000,0.100928
-0.650751,0.100000,0.400000,0.100928
-0.650050,0.100000,0.400000,0.100928
-0.649349,0.100000,0.400000,0.100928
-0.648649,0.100000,0.400000,0.100928
-0.647948,0.100000,0.400000,0.100928
-0.647247,0.100000,0.400000,0.100928
-0.646547,0.100000,0.400000,0.100928
-0.645846,0.100000,0.400000,0.100928
-0.645145,0.100000,0.400000,0.100928
-0.644444,0.100000,0.400000,0.100928
-0.643744,0.100000,0.400000,0.100928
-0.643043,0.100000,0.400000,0.100928
-0.642342,0.100000,0.400000,0.100928
-0.641642,0.100000,0.400000,0.100927
-0.640941,0.100000,0.400000,0.100927
-0.640240,0.100000,0.400000,0.100927
-0.639540,0.100000,0.400000,0.100927
-0.638839,0.100000,0.400000,0.100927
-0.638138,0.100000,0.400000,0.100927
-0.637437,0.100000,0.400000,0.100927
-0.636737,0.100000,0.400000,0.100927
-0.636036,0.100000,0.400000,0.100927
-0.635335,0.100000,0.400000,0.100927
-0.634635,0.100000,0.400000,0.100927
-0.633934,0.100000,0.400000,0.100927
-0.633233,0.100000,0.400000,0.100927
-0.632533,0.100000,0.400000,0.100927
-0.631832,0.100000,0.400000,0.100927
-0.631131,0.100000,0.400000,0.100927
-0.630430,0.100000,0.400000,0.100927
-0.629730,0.100000,0.400000,0.100927
-0.629029,0.100000,0.400000,0.100927
-0.628328,0.100000,0.400000,0.100927
-0.627628,0.100000,0.400000,0.100927
-0.626927,0.100000,0.400000,0.100926
-0.626226,0.100000,0.400000,0.100926
-0.625526,0.100000,0.400000,0.100926
-0.624825,0.100000,0.400000,0.100926
-0.624124,0.100000,0.400000,0.100926
-0.623423,0.100000,0.400000,0.100926
-0.622723,0.100000,0.400000,0.100926
-0.622022,0.100000,0.400000,0.100926
-0.621321,0.100000,0.400000,0.100926
-0.620621,0.100000,0.400000,0.100926
-0.619920,0.100000,0.400000,0.100926
-0.619219,0.100000,0.400000,0.100926
-0.618519,0.100000,0.400000,0.100926
-0.617818,0.100000,0.400000,0.100926
-0.617117,0.100000,0.400000,0.100926
-0.616416,0.100000,0.400000,0.100926
-0.615716,0.100000,0.400000,0.100926
-0.615015,0.100000,0.400000,0.100926
-0.614314,0.100000,0.400000,0.100926
-0.613614,0.100000,0.400000,0.100926
-0.612913,0.100000,0.400000,0.100926
-0.612212,0.100000,0.400000,0.100925
-0.611512,0.100000,0.400000,0.100925
-0.610811,0.100000,0.400000,0.100925
-0.610110,0.100000,0.400000,0.100925
-0.609409,0.100000,0.400000,0.100925
-0.608709,0.100000,0.400000,0.100925
-0.608008,0.100000,0.400000,0.100925
-0.607307,0.100000,0.400000,0.100925
-0.606607,0.100000,0.400000,0.100925
-0.605906,0.100000,0.400000,0.100925
-0.605205,0.100000,0.400000,0.100925
-0.604505,0.100000,0.400000,0.100925
-0.603804,0.100000,0.400000,0.100925
-0.603103,0.100000,0.400000,0.100925
-0.602402,0.100000,0.400000,0.100925
-0.601702,0.100000,0.400000,0.100925
-0.601001,0.100000,0.400000,0.100925
-0.600300,0.100000,0.400000,0.100925
-0.599600,0.100000,0.400000,0.100925
-0.598899,0.100000,0.400000,0.100925
-0.598198,0.100000,0.400000,0.100925
-0.597497,0.100000,0.400000,0.100924
-0.596797,0.100000,0.400000,0.100924
-0.596096,0.100000,0.400000,0.100924
-0.595395,0.100000,0.400000,0.100924
-0.594695,0.100000,0.400000,0.100924
-0.593994,0.100000,0.400000,0.100924
-0.593293,0.100000,0.400000,0.100924
-0.592593,0.100000,0.400000,0.100924
-0.591892,0.100000,0.400000,0.100924
-0.591191,0.100000,0.400000,0.100924
-0.590490,0.100000,0.400000,0.100924
-0.589790,0.100000,0.400000,0.100924
-0.589089,0.100000,0.400000,0.100924
-0.588388,0.100000,0.400000,0.100924
-0.587688,0.100000,0.400000,0.100924
-0.586987,0.100000,0.400000,0.100924
-0.586286,0.100000,0.400000,0.100924
-0.585586,0.100000,0.400000,0.100924
-0.584885,0.100000,0.400000,0.100924
-0.584184,0.100000,0.400000,0.100924
-0.583483,0.100000,0.400000,0.100924
-0.582783,0.100000,0.400000,0.100924
-0.582082,0.100000,0.400000,0.100923
-0.581381,0.100000,0.400000,0.100923
-0.580681,0.100000,0.400000,0.100923
-0.579980,0.100000,0.400000,0.100923
-0.579279,0.100000,0.400000,0.100923
-0.578579,0.100000,0.400000,0.100923
-0.577878,0.100000,0.400000,0.100923
-0.577177,0.100000,0.400000,0.100923
-0.576476,0.100000,0.400000,0.100923
-0.575776,0.100000,0.400000,0.100923
-0.575075,0.100000,0.400000,0.100923
-0.574374,0.100000,0.400000,0.100923
-0.573674,0.100000,0.400000,0.100923
-0.572973,0.100000,0.400000,0.100923
-0.572272,0.100000,0.400000,0.100923
-0.571572,0.100000,0.400000,0.100923
-0.570871,0.100000,0.400000,0.100923
-0.570170,0.100000,0.400000,0.100923
-0.569469,0.100000,0.400000,0.100923
-0.568769,0.100000,0.400000,0.100923
-0.568068,0.100000,0.400000,0.100923
-0.567367,0.100000,0.400000,0.100923
-0.566667,0.100000,0.400000,0.100922
-0.565966,0.100000,0.400000,0.100922
-0.565265,0.100000,0.400000,0.100922
-0.564565,0.100000,0.400000,0.100922
-0.563864,0.100000,0.400000,0.100922
-0.563163,0.100000,0.400000,0.100922
-0.562462,0.100000,0.400000,0.100922
-0.561762,0.100000,0.400000,0.100922
-0.561061,0.100000,0.400000,0.100922
-0.560360,0.100000,0.400000,0.100922
-0.559660,0.100000,0.400000,0.100922
-0.558959,0.100000,0.400000,0.100922
-0.558258,0.100000,0.400000,0.100922
-0.557558,0.100000,0.400000,0.100922
-0.556857,0.100000,0.400000,0.100922
-0.556156,0.100000,0.400000,0.100922
-0.555455,0.100000,0.400000,0.100922
-0.554755,0.100000,0.400000,0.100922
-0.554054,0.100000,0.400000,0.100922
-0.553353,0.100000,0.400000,0.100922
-0.552653,0.100000,0.400000,0.100922
-0.551952,0.100000,0.400000,0.100922
-0.551251,0.100000,0.400000,0.100922
-0.550551,0.100000,0.400000,0.100922
-0.549850,0.100000,0.400000,0.100921
-0.549149,0.100000,0.400000,0.100921
-0.548448,0.100000,0.400000,0.100921
-0.547748,0.100000,0.400000,0.100921
-0.547047,0.100000,0.400000,0.100921
-0.546346,0.100000,0.400000,0.100921
-0.545646,0.100000,0.400000,0.100921
-0.544945,0.100000,0.400000,0.100921
-0.544244,0.100000,0.400000,0.100921
-0.543544,0.100000,0.400000,0.100921
-0.542843,0.100000,0.400000,0.100921
-0.542142,0.100000,0.400000,0.100921
-0.541441,0.100000,0.400000,0.100921
-0.540741,0.100000,0.400000,0.100921
-0.540040,0.100000,0.400000,0.100921
-0.539339,0.100000,0.400000,0.100921
-0.538639,0.100000,0.400000,0.100921
-0.537938,0.100000,0.400000,0.100921
-0.537237,0.100000,0.400000,0.100921
-0.536537,0.100000,0.400000,0.100921
-0.535836,0.100000,0.400000,0.100921
-0.535135,0.100000,0.400000,0.100921
-0.534434,0.100000,0.400000,0.100921
-0.533734,0.100000,0.400000,0.100921
-0.533033,0.100000,0.400000,0.100921
-0.532332,0.100000,0.400000,0.100921
-0.531632,0.100000,0.400000,0.100920
-0.530931,0.100000,0.400000,0.100920
-0.530230,0.100000,0.400000,0.100920
-0.529530,0.100000,0.400000,0.100920
-0.528829,0.100000,0.400000,0.100920
-0.528128,0.100000,0.400000,0.100920
-0.527427,0.100000,0.400000,0.100920
-0.526727,0.100000,0.400000,0.100920
-0.526026,0.100000,0.400000,0.100920
-0.525325,0.100000,0.400000,0.100920
-0.524625,0.100000,0.400000,0.100920
-0.523924,0.100000,0.400000,0.100920
-0.523223,0.100000,0.400000,0.100920
-0.522523,0.100000,0.400000,0.100920
-0.521822,0.100000,0.400000,0.100920
-0.521121,0.100000,0.400000,0.100920
-0.520420,0.100000,0.400000,0.100920
-0.519720,0.100000,0.400000,0.100920
-0.519019,0.100000,0.400000,0.100920
-0.518318,0.100000,0.400000,0.100920
-0.517618,0.100000,0.400000,0.100920
-0.516917,0.100000,0.400000,0.100920
-0.516216,0.100000,0.400000,0.100920
-0.515516,0.100000,0.400000,0.100920
-0.514815,0.100000,0.400000,0.100920
-0.514114,0.100000,0.400000,0.100920
-0.513413,0.100000,0.400000,0.100920
-0.512713,0.100000,0.400000,0.100920
-0.512012,0.100000,0.400000,0.100920
-0.511311,0.100000,0.400000,0.100920
-0.510611,0.100000,0.400000,0.100920
-0.509910,0.100000,0.400000,0.100920
-0.509209,0.100000,0.400000,0.100920
-0.508509,0.100000,0.400000,0.100920
-0.507808,0.100000,0.400000,0.100919
-0.507107,0.100000,0.400000,0.100919
-0.506406,0.100000,0.400000,0.100919
-0.505706,0.100000,0.400000,0.100919
-0.505005,0.100000,0.400000,0.100919
-0.504304,0.100000,0.400000,0.100919
-0.503604,0.100000,0.400000,0.100919
-0.502903,0.100000,0.400000,0.100919
-0.502202,0.100000,0.400000,0.100919
-0.501502,0.100000,0.400000,0.100919
-0.500801,0.100000,0.400000,0.100919
-0.500100,0.100000,0.400000,0.100919
-0.499399,0.100000,0.400000,0.100919
-0.498699,0.100000,0.400000,0.100919
-0.497998,0.100000,0.400000,0.100919
-0.497297,0.100000,0.400000,0.100919
-0.496597,0.100000,0.400000,0.100919
-0.495896,0.100000,0.400000,0.100919
-0.495195,0.100000,0.400000,0.100919
-0.494494,0.100000,0.400000,0.100919
-0.493794,0.100000,0.400000,0.100919
-0.493093,0.100000,0.400000,0.100919
-0.492392,0.100000,0.400000,0.100919
-0.491692,0.100000,0.400000,0.100919
-0.490991,0.100000,0.400000,0.100919
-0.490290,0.100000,0.400000,0.100919
-0.489590,0.100000,0.400000,0.100919
-0.488889,0.100000,0.400000,0.100919
-0.488188,0.100000,0.400000,0.100919
-0.487487,0.100000,0.400000,0.100919
-0.486787,0.100000,0.400000,0.100919
-0.486086,0.100000,0.400000,0.100919
-0.485385,0.100000,0.400000,0.100919
-0.484685,0.100000,0.400000,0.100919
-0.483984,0.100000,0.400000,0.100919
-0.483283,0.100000,0.400000,0.100919
-0.482583,0.100000,0.400000,0.100919
-0.481882,0.100000,0.400000,0.100919
-0.481181,0.100000,0.400000,0.100919
-0.480480,0.100000,0.400000,0.100919
-0.479780,0.100000,0.400000,0.100919
-0.479079,0.100000,0.400000,0.100919
-0.478378,0.100000,0.400000,0.100919
-0.477678,0.100000,0.400000,0.100919
-0.476977,0.100000,0.400000,0.100919
-0.476276,0.100000,0.400000,0.100919
-0.475576,0.100000,0.400000,0.100919
-0.474875,0.100000,0.400000,0.100919
-0.474174,0.100000,0.400000,0.100919
-0.473473,0.100000,0.400000,0.100919
-0.472773,0.100000,0.400000,0.100919
-0.472072,0.100000,0.400000,0.100919
-0.471371,0.100000,0.400000,0.100919
-0.470671,0.100000,0.400000,0.100919
-0.469970,0.100000,0.400000,0.100919
-0.469269,0.100000,0.400000,0.100919
-0.468569,0.100000,0.400000,0.100919
-0.467868,0.100000,0.400000,0.100919
-0.467167,0.100000,0.400000,0.100919
-0.466466,0.100000,0.400000,0.100919
-0.465766,0.100000,0.400000,0.100919
-0.465065,0.100000,0.400000,0.100919
-0.464364,0.100000,0.400000,0.100919
-0.463664,0.100000,0.400000,0.100919
-0.462963,0.100000,0.400000,0.100919
-0.462262,0.100000,0.400000,0.100919
-0.461562,0.100000,0.400000,0.100919
-0.460861,0.100000,0.400000,0.100919
-0.460160,0.100000,0.400000,0.100919
-0.459459,0.100000,0.400000,0.100919
-0.458759,0.100000,0.400000,0.100919
-0.458058,0.100000,0.400000,0.100919
-0.457357,0.100000,0.400000,0.100919
-0.456657,0.100000,0.400000,0.100919
-0.455956,0.100000,0.400000,0.100919
-0.455255,0.100000,0.400000,0.100919
-0.454555,0.100000,0.400000,0.100919
-0.453854,0.100000,0.400000,0.100919
-0.453153,0.100000,0.400000,0.100919
-0.452452,0.100000,0.400000,0.100919
-0.451752,0.100000,0.400000,0.100919
-0.451051,0.100000,0.400000,0.100919
-0.450350,0.100000,0.400000,0.100920
-0.449650,0.100000,0.400000,0.100920
-0.448949,0.100000,0.400000,0.100920
-0.448248,0.100000,0.400000,0.100920
-0.447548,0.100000,0.400000,0.100920
-0.446847,0.100000,0.400000,0.100920
-0.446146,0.100000,0.400000,0.100920
-0.445445,0.100000,0.400000,0.100920
-0.444745,0.100000,0.400000,0.100920
-0.444044,0.100000,0.400000,0.100920
-0.443343,0.100000,0.400000,0.100920
-0.442643,0.100000,0.400000,0.100920
-0.441942,0.100000,0.400000,0.100920
-0.441241,0.100000,0.400000,0.100920
-0.440541,0.100000,0.400000,0.100920
-0.439840,0.100000,0.400000,0.100920
-0.439139,0.100000,0.400000,0.100920
-0.438438,0.100000,0.400000,0.100920
-0.437738,0.100000,0.400000,0.100920
-0.437037,0.100000,0.400000,0.100920
-0.436336,0.100000,0.400000,0.100920
-0.435636,0.100000,0.400000,0.100920
-0.434935,0.100000,0.400000,0.100921
-0.434234,0.100000,0.400000,0.100921
-0.433534,0.100000,0.400000,0.100921
-0.432833,0.100000,0.400000,0.100921
-0.432132,0.100000,0.400000,0.100921
-0.431431,0.100000,0.400000,0.100921
-0.430731,0.100000,0.400000,0.100921
-0.430030,0.100000,0.400000,0.100921
-0.429329,0.100000,0.400000,0.100921
-0.428629,0.100000,0.400000,0.100921
-0.427928,0.100000,0.400000,0.100921
-0.427227,0.100000,0.400000,0.100921
-0.426527,0.100000,0.400000,0.100921
-0.425826,0.100000,0.400000,0.100921
-0.425125,0.100000,0.400000,0.100922
-0.424424,0.100000,0.400000,0.100922
-0.423724,0.100000,0.400000,0.100922
-0.423023,0.100000,0.400000,0.100922
-0.422322,0.100000,0.400000,0.100922
-0.421622,0.100000,0.400000,0.100922
-0.420921,0.100000,0.400000,0.100922
-0.420220,0.100000,0.400000,0.100922
-0.419520,0.100000,0.400000,0.100922
-0.418819,0.100000,0.400000,0.100922
-0.418118,0.100000,0.400000,0.100922
-0.417417,0.100000,0.400000,0.100923
-0.416717,0.100000,0.400000,0.100923
-0.416016,0.100000,0.400000,0.100923
-0.415315,0.100000,0.400000,0.100923
-0.414615,0.100000,0.400000,0.100923
-0.413914,0.100000,0.400000,0.100923
-0.413213,0.100000,0.400000,0.100923
-0.412513,0.100000,0.400000,0.100923
-0.411812,0.100000,0.400000,0.100923
-0.411111,0.100000,0.400000,0.100923
-0.410410,0.100000,0.400000,0.100924
-0.409710,0.100000,0.400000,0.100924
-0.409009,0.100000,0.400000,0.100924
-0.408308,0.100000,0.400000,0.100924
-0.407608,0.100000,0.400000,0.100924
-0.406907,0.100000,0.400000,0.100924
-0.406206,0.100000,0.400000,0.100924
-0.405506,0.100000,0.400000,0.100924
-0.404805,0.100000,0.400000,0.100925
-0.404104,0.100000,0.400000,0.100925
-0.403403,0.100000,0.400000,0.100925
-0.402703,0.100000,0.400000,0.100925
-0.402002,0.100000,0.400000,0.100925
-0.401301,0.100000,0.400000,0.100925
-0.400601,0.100000,0.400000,0.100925
-0.399900,0.100000,0.400000,0.100926
-0.399199,0.100000,0.400000,0.100926
-0.398498,0.100000,0.400000,0.100926
-0.397798,0.100000,0.400000,0.100926
-0.397097,0.100000,0.400000,0.100926
-0.396396,0.100000,0.400000,0.100926
-0.395696,0.100000,0.400000,0.100927
-0.394995,0.100000,0.400000,0.100927
-0.394294,0.100000,0.400000,0.100927
-0.393594,0.100000,0.400000,0.100927
-0.392893,0.100000,0.400000,0.100927
-0.392192,0.100000,0.400000,0.100927
-0.391491,0.100000,0.400000,0.100928
-0.390791,0.100000,0.400000,0.100928
-0.390090,0.100000,0.400000,0.100928
-0.389389,0.100000,0.400000,0.100928
-0.388689,0.100000,0.400000,0.100928
-0.387988,0.100000,0.400000,0.100929
-0.387287,0.100000,0.400000,0.100929
-0.386587,0.100000,0.400000,0.100929
-0.385886,0.100000,0.400000,0.100929
-0.385185,0.100000,0.400000,0.100929
-0.384484,0.100000,0.400000,0.100930
-0.383784,0.100000,0.400000,0.100930
-0.383083,0.100000,0.400000,0.100930
-0.382382,0.100000,0.400000,0.100930
-0.381682,0.100000,0.400000,0.100930
-0.380981,0.100000,0.400000,0.100931
-0.380280,0.100000,0.400000,0.100931
-0.379580,0.100000,0.400000,0.100931
-0.378879,0.100000,0.400000,0.100931
-0.378178,0.100000,0.400000,0.100932
-0.377477,0.100000,0.400000,0.100932
-0.376777,0.100000,0.400000,0.100932
-0.376076,0.100000,0.400000,0.100932
-0.375375,0.100000,0.400000,0.100933
-0.374675,0.100000,0.400000,0.100933
-0.373974,0.100000,0.400000,0.100933
-0.373273,0.100000,0.400000,0.100933
-0.372573,0.100000,0.400000,0.100934
-0.371872,0.100000,0.400000,0.100934
-0.371171,0.100000,0.400000,0.100934
-0.370470,0.100000,0.400000,0.100934
-0.369770,0.100000,0.400000,0.100935
-0.369069,0.100000,0.400000,0.100935
-0.368368,0.100000,0.400000,0.100935
-0.367668,0.100000,0.400000,0.100936
-0.366967,0.100000,0.400000,0.100936
-0.366266,0.100000,0.400000,0.100936
-0.365566,0.100000,0.400000,0.100936
-0.364865,0.100000,0.400000,0.100937
-0.364164,0.100000,0.400000,0.100937
-0.363463,0.100000,0.400000,0.100937
-0.362763,0.100000,0.400000,0.100938
-0.362062,0.100000,0.400000,0.100938
-0.361361,0.100000,0.400000,0.100938
-0.360661,0.100000,0.400000,0.100939
-0.359960,0.100000,0.400000,0.100939
-0.359259,0.100000,0.400000,0.100939
-0.358559,0.100000,0.400000,0.100940
-0.357858,0.100000,0.400000,0.100940
-0.357157,0.100000,0.400000,0.100940
-0.356456,0.100000,0.400000,0.100941
-0.355756,0.100000,0.400000,0.100941
-0.355055,0.100000,0.400000,0.100942
-0.354354,0.100000,0.400000,0.100942
-0.353654,0.100000,0.400000,0.100942
-0.352953,0.100000,0.400000,0.100943
-0.352252,0.100000,0.400000,0.100943
-0.351552,0.100000,0.400000,0.100943
-0.350851,0.100000,0.400000,0.100944
-0.350150,0.100000,0.400000,0.100944
-0.349449,0.100000,0.400000,0.100945
-0.348749,0.100000,0.400000,0.100945
-0.348048,0.100000,0.400000,0.100946
-0.347347,0.100000,0.400000,0.100946
-0.346647,0.100000,0.400000,0.100946
-0.345946,0.100000,0.400000,0.100947
-0.345245,0.100000,0.400000,0.100947
-0.344545,0.100000,0.400000,0.100948
-0.343844,0.100000,0.400000,0.100948
-0.343143,0.100000,0.400000,0.100949
-0.342442,0.100000,0.400000,0.100949
-0.341742,0.100000,0.400000,0.100950
-0.341041,0.100000,0.400000,0.100950
-0.340340,0.100000,0.400000,0.100951
-0.339640,0.100000,0.400000,0.100951
-0.338939,0.100000,0.400000,0.100952
-0.338238,0.100000,0.400000,0.100952
-0.337538,0.100000,0.400000,0.100953
-0.336837,0.100000,0.400000,0.100953
-0.336136,0.100000,0.400000,0.100954
-0.335435,0.100000,0.400000,0.100954
-0.334735,0.100000,0.400000,0.100955
-0.334034,0.100000,0.400000,0.100955
-0.333333,0.100000,0.400000,0.100956
-0.332633,0.100000,0.400000,0.100956
-0.331932,0.100000,0.400000,0.100957
-0.331231,0.100000,0.400000,0.100957
-0.330531,0.100000,0.400000,0.100958
-0.329830,0.100000,0.400000,0.100959
-0.329129,0.100000,0.400000,0.100959
-0.328428,0.100000,0.400000,0.100960
-0.327728,0.100000,0.400000,0.100960
-0.327027,0.100000,0.400000,0.100961
-0.326326,0.100000,0.400000,0.100962
-0.325626,0.100000,0.400000,0.100962
-0.324925,0.100000,0.400000,0.100963
-0.324224,0.100000,0.400000,0.100964
-0.323524,0.100000,0.400000,0.100964
-0.322823,0.100000,0.400000,0.100965
-0.322122,0.100000,0.400000,0.100966
-0.321421,0.100000,0.400000,0.100966
-0.320721,0.100000,0.400000,0.100967
-0.320020,0.100000,0.400000,0.100968
-0.319319,0.100000,0.400000,0.100968
-0.318619,0.100000,0.400000,0.100969
-0.317918,0.100000,0.400000,0.100970
-0.317217,0.100000,0.400000,0.100971
-0.316517,0.100000,0.400000,0.100971
-0.315816,0.100000,0.400000,0.100972
-0.315115,0.100000,0.400000,0.100973
-0.314414,0.100000,0.400000,0.100974
-0.313714,0.100000,0.400000,0.100974
-0.313013,0.100000,0.400000,0.100975
-0.312312,0.100000,0.400000,0.100976
-0.311612,0.100000,0.400000,0.100977
-0.310911,0.100000,0.400000,0.100978
-0.310210,0.100000,0.400000,0.100978
-0.309510,0.100000,0.400000,0.100979
-0.308809,0.100000,0.400000,0.100980
-0.308108,0.100000,0.400000,0.100981
-0.307407,0.100000,0.400000,0.100982
-0.306707,0.100000,0.400000,0.100983
-0.306006,0.100000,0.400000,0.100984
-0.305305,0.100000,0.400000,0.100985
-0.304605,0.100000,0.400000,0.100986
-0.303904,0.100000,0.400000,0.100986
-0.303203,0.100000,0.400000,0.100987
-0.302503,0.100000,0.400000,0.100988
-0.301802,0.100000,0.400000,0.100989
-0.301101,0.100000,0.400000,0.100990
-0.300400,0.100000,0.400000,0.100991
-0.299700,0.100000,0.400000,0.100992
-0.298999,0.100000,0.400000,0.100993
-0.298298,0.100000,0.400000,0.100994
-0.297598,0.100000,0.400000,0.100995
-0.296897,0.100000,0.400000,0.100996
-0.296196,0.100000,0.400000,0.100998
-0.295495,0.100000,0.400000,0.100999
-0.294795,0.100000,0.400000,0.101000
-0.294094,0.100000,0.400000,0.101001
-0.293393,0.100000,0.400000,0.101002
-0.292693,0.100000,0.400000,0.101003
-0.291992,0.100000,0.400000,0.101004
-0.291291,0.100000,0.400000,0.101006
-0.290591,0.100000,0.400000,0.101007
-0.289890,0.100000,0.400000,0.101008
-0.289189,0.100000,0.400000,0.101009
-0.288488,0.100000,0.400000,0.101010
-0.287788,0.100000,0.400000,0.101012
-0.287087,0.100000,0.400000,0.101013
-0.286386,0.100000,0.400000,0.101014
-0.285686,0.100000,0.400000,0.101015
-0.284985,0.100000,0.400000,0.101017
-0.284284,0.100000,0.400000,0.101018
-0.283584,0.100000,0.400000,0.101019
-0.282883,0.100000,0.400000,0.101021
-0.282182,0.100000,0.400000,0.101022
-0.281481,0.100000,0.400000,0.101024
-0.280781,0.100000,0.400000,0.101025
-0.280080,0.100000,0.400000,0.101027
-0.279379,0.100000,0.400000,0.101028
-0.278679,0.100000,0.400000,0.101029
-0.277978,0.100000,0.400000,0.101031
-0.277277,0.100000,0.400000,0.101032
-0.276577,0.100000,0.400000,0.101034
-0.275876,0.100000,0.400000,0.101036
-0.275175,0.100000,0.400000,0.101037
-0.274474,0.100000,0.400000,0.101039
-0.273774,0.100000,0.400000,0.101040
-0.273073,0.100000,0.400000,0.101042
-0.272372,0.100000,0.400000,0.101044
-0.271672,0.100000,0.400000,0.101045
-0.270971,0.100000,0.400000,0.101047
-0.270270,0.100000,0.400000,0.101049
-0.269570,0.100000,0.400000,0.101051
-0.268869,0.100000,0.400000,0.101052
-0.268168,0.100000,0.400000,0.101054
-0.267467,0.100000,0.400000,0.101056
-0.266767,0.100000,0.400000,0.101058
-0.266066,0.100000,0.400000,0.101060
-0.265365,0.100000,0.400000,0.101062
-0.264665,0.100000,0.400000,0.101064
-0.263964,0.100000,0.400000,0.101066
-0.263263,0.100000,0.400000,0.101068
-0.262563,0.100000,0.400000,0.101070
-0.261862,0.100000,0.400000,0.101072
-0.261161,0.100000,0.400000,0.101074
-0.260460,0.100000,0.400000,0.101076
-0.259760,0.100000,0.400000,0.101078
-0.259059,0.100000,0.400000,0.101080
-0.258358,0.100000,0.400000,0.101082
-0.257658,0.100000,0.400000,0.101085
-0.256957,0.100000,0.400000,0.101087
-0.256256,0.100000,0.400000,0.101089
-0.255556,0.100000,0.400000,0.101092
-0.254855,0.100000,0.400000,0.101094
-0.254154,0.100000,0.400000,0.101096
-0.253453,0.100000,0.400000,0.101099
-0.252753,0.100000,0.400000,0.101101
-0.252052,0.100000,0.400000,0.101104
-0.251351,0.100000,0.400000,0.101106
-0.250651,0.100000,0.400000,0.101109
-0.249950,0.100000,0.400000,0.101111
-0.249249,0.100000,0.400000,0.101114
-0.248549,0.100000,0.400000,0.101117
-0.247848,0.100000,0.400000,0.101119
-0.247147,0.100000,0.400000,0.101122
-0.246446,0.100000,0.400000,0.101125
-0.245746,0.100000,0.400000,0.101128
-0.245045,0.100000,0.400000,0.101131
-0.244344,0.100000,0.400000,0.101133
-0.243644,0.100000,0.400000,0.101136
-0.242943,0.100000,0.400000,0.101139
-0.242242,0.100000,0.400000,0.101142
-0.241542,0.100000,0.400000,0.101145
-0.240841,0.100000,0.400000,0.101149
-0.240140,0.100000,0.400000,0.101152
-0.239439,0.100000,0.400000,0.101155
-0.238739,0.100000,0.400000,0.101158
-0.238038,0.100000,0.400000,0.101162
-0.237337,0.100000,0.400000,0.101165
-0.236637,0.100000,0.400000,0.101168
-0.235936,0.100000,0.400000,0.101172
-0.235235,0.100000,0.400000,0.101175
-0.234535,0.100000,0.400000,0.101179
-0.233834,0.100000,0.400000,0.101183
-0.233133,0.100000,0.400000,0.101186
-0.232432,0.100000,0.400000,0.101190
-0.231732,0.100000,0.400000,0.101194
-0.231031,0.100000,0.400000,0.101198
-0.230330,0.100000,0.400000,0.101202
-0.229630,0.100000,0.400000,0.101206
-0.228929,0.100000,0.400000,0.101210
-0.228228,0.100000,0.400000,0.101214
-0.227528,0.100000,0.400000,0.101218
-0.226827,0.100000,0.400000,0.101222
-0.226126,0.100000,0.400000,0.101226
-0.225425,0.100000,0.400000,0.101231
-0.224725,0.100000,0.400000,0.101235
-0.224024,0.100000,0.400000,0.101240
-0.223323,0.100000,0.400000,0.101244
-0.222623,0.100000,0.400000,0.101249
-0.221922,0.100000,0.400000,0.101254
-0.221221,0.100000,0.400000,0.101259
-0.220521,0.100000,0.400000,0.101263
-0.219820,0.100000,0.400000,0.101268
-0.219119,0.100000,0.400000,0.101273
-0.218418,0.100000,0.400000,0.101279
-0.217718,0.100000,0.400000,0.101284
-0.217017,0.100000,0.400000,0.101289
-0.216316,0.100000,0.400000,0.101295
-0.215616,0.100000,0.400000,0.101300
-0.214915,0.100000,0.400000,0.101306
-0.214214,0.100000,0.400000,0.101311
-0.213514,0.100000,0.400000,0.101317
-0.212813,0.100000,0.400000,0.101323
-0.212112,0.100000,0.400000,0.101329
-0.211411,0.100000,0.400000,0.101335
-0.210711,0.100000,0.400000,0.101341
-0.210010,0.100000,0.400000,0.101347
-0.209309,0.100000,0.400000,0.101354
-0.208609,0.100000,0.400000,0.101360
-0.207908,0.100000,0.400000,0.101367
-0.207207,0.100000,0.400000,0.101373
-0.206507,0.100000,0.400000,0.101380
-0.205806,0.100000,0.400000,0.101387
-0.205105,0.100000,0.400000,0.101394
-0.204404,0.100000,0.400000,0.101401
-0.203704,0.100000,0.400000,0.101409
-0.203003,0.100000,0.400000,0.101416
-0.202302,0.100000,0.400000,0.101424
-0.201602,0.100000,0.400000,0.101431
-0.200901,0.100000,0.400000,0.101439
-0.200200,0.100000,0.400000,0.101447
-0.199499,0.100000,0.400000,0.101455
-0.198799,0.100000,0.400000,0.101464
-0.198098,0.100000,0.400000,0.101472
-0.197397,0.100000,0.400000,0.101481
-0.196697,0.100000,0.400000,0.101489
-0.195996,0.100000,0.400000,0.101498
-0.195295,0.100000,0.400000,0.101507
-0.194595,0.100000,0.400000,0.101517
-0.193894,0.100000,0.400000,0.101526
-0.193193,0.100000,0.400000,0.101536
-0.192492,0.100000,0.400000,0.101545
-0.191792,0.100000,0.400000,0.101555
-0.191091,0.100000,0.400000,0.101565
-0.190390,0.100000,0.400000,0.101576
-0.189690,0.100000,0.400000,0.101586
-0.188989,0.100000,0.400000,0.101597
-0.188288,0.100000,0.400000,0.101608
-0.187588,0.100000,0.400000,0.101619
-0.186887,0.100000,0.400000,0.101631
-0.186186,0.100000,0.400000,0.101642
-0.185485,0.100000,0.400000,0.101654
-0.184785,0.100000,0.400000,0.101666
-0.184084,0.100000,0.400000,0.101678
-0.183383,0.100000,0.400000,0.101691
-0.182683,0.100000,0.400000,0.101704
-0.181982,0.100000,0.400000,0.101717
-0.181281,0.100000,0.400000,0.101730
-0.180581,0.100000,0.400000,0.101744
-0.179880,0.100000,0.400000,0.101757
-0.179179,0.100000,0.400000,0.101772
-0.178478,0.100000,0.400000,0.101786
-0.177778,0.100000,0.400000,0.101801
-0.177077,0.100000,0.400000,0.101816
-0.176376,0.100000,0.400000,0.101831
-0.175676,0.100000,0.400000,0.101847
-0.174975,0.100000,0.400000,0.101863
-0.174274,0.100000,0.400000,0.101879
-0.173574,0.100000,0.400000,0.101896
-0.172873,0.100000,0.400000,0.101913
-0.172172,0.100000,0.400000,0.101930
-0.171471,0.100000,0.400000,0.101948
-0.170771,0.100000,0.400000,0.101966
-0.170070,0.100000,0.400000,0.101985
-0.169369,0.100000,0.400000,0.102004
-0.168669,0.100000,0.400000,0.102023
-0.167968,0.100000,0.400000,0.102043
-0.167267,0.100000,0.400000,0.102063
-0.166567,0.100000,0.400000,0.102084
-0.165866,0.100000,0.400000,0.102105
-0.165165,0.100000,0.400000,0.102126
-0.164464,0.100000,0.400000,0.102148
-0.163764,0.100000,0.400000,0.102171
-0.163063,0.100000,0.400000,0.102194
-0.162362,0.100000,0.400000,0.102218
-0.161662,0.100000,0.400000,0.102242
-0.160961,0.100000,0.400000,0.102266
-0.160260,0.100000,0.400000,0.102292
-0.159560,0.100000,0.400000,0.102318
-0.158859,0.100000,0.400000,0.102344
-0.158158,0.100000,0.400000,0.102371
-0.157457,0.100000,0.400000,0.102399
-0.156757,0.100000,0.400000,0.102427
-0.156056,0.100000,0.400000,0.102456
-0.155355,0.100000,0.400000,0.102486
-0.154655,0.100000,0.400000,0.102516
-0.153954,0.100000,0.400000,0.102547
-0.153253,0.100000,0.400000,0.102579
-0.152553,0.100000,0.400000,0.102611
-0.151852,0.100000,0.400000,0.102645
-0.151151,0.100000,0.400000,0.102679
-0.150450,0.100000,0.400000,0.102714
-0.149750,0.100000,0.400000,0.102750
-0.149049,0.100000,0.400000,0.102786
-0.148348,0.100000,0.400000,0.102824
-0.147648,0.100000,0.400000,0.102863
-0.146947,0.100000,0.400000,0.102902
-0.146246,0.100000,0.400000,0.102942
-0.145546,0.100000,0.400000,0.102984
-0.144845,0.100000,0.400000,0.103026
-0.144144,0.100000,0.400000,0.103070
-0.143443,0.100000,0.400000,0.103115
-0.142743,0.100000,0.400000,0.103160
-0.142042,0.100000,0.400000,0.103207
-0.141341,0.100000,0.400000,0.103255
-0.140641,0.100000,0.400000,0.103305
-0.139940,0.100000,0.400000,0.103355
-0.139239,0.100000,0.400000,0.103407
-0.138539,0.100000,0.400000,0.103460
-0.137838,0.100000,0.400000,0.103515
-0.137137,0.100000,0.400000,0.103571
-0.136436,0.100000,0.400000,0.103628
-0.135736,0.100000,0.400000,0.103687
-0.135035,0.100000,0.400000,0.103747
-0.134334,0.100000,0.400000,0.103809
-0.133634,0.100000,0.400000,0.103873
-0.132933,0.100000,0.400000,0.103938
-0.132232,0.100000,0.400000,0.104005
-0.131532,0.100000,0.400000,0.104074
-0.130831,0.100000,0.400000,0.104144
-0.130130,0.100000,0.400000,0.104217
-0.129429,0.100000,0.400000,0.104291
-0.128729,0.100000,0.400000,0.104367
-0.128028,0.100000,0.400000,0.104446
-0.127327,0.100000,0.400000,0.104526
-0.126627,0.100000,0.400000,0.104608
-0.125926,0.100000,0.400000,0.104693
-0.125225,0.100000,0.400000,0.104780
-0.124525,0.100000,0.400000,0.104869
-0.123824,0.100000,0.400000,0.104961
-0.123123,0.100000,0.400000,0.105055
-0.122422,0.100000,0.400000,0.105152
-0.121722,0.100000,0.400000,0.105251
-0.121021,0.100000,0.400000,0.105353
-0.120320,0.100000,0.400000,0.105458
-0.119620,0.100000,0.400000,0.105565
-0.118919,0.100000,0.400000,0.105675
-0.118218,0.100000,0.400000,0.105789
-0.117518,0.100000,0.400000,0.105905
-0.116817,0.100000,0.400000,0.106024
-0.116116,0.100000,0.400000,0.106147
-0.115415,0.100000,0.400000,0.106273
-0.114715,0.100000,0.400000,0.106403
-0.114014,0.100000,0.400000,0.106536
-0.113313,0.100000,0.400000,0.106672
-0.112613,0.100000,0.400000,0.106812
-0.111912,0.100000,0.400000,0.106956
-0.111211,0.100000,0.400000,0.107104
-0.110511,0.100000,0.400000,0.107256
-0.109810,0.100000,0.400000,0.107411
-0.109109,0.100000,0.400000,0.107571
-0.108408,0.100000,0.400000,0.107736
-0.107708,0.100000,0.400000,0.107904
-0.107007,0.100000,0.400000,0.108077
-0.106306,0.100000,0.400000,0.108255
-0.105606,0.100000,0.400000,0.108437
-0.104905,0.100000,0.400000,0.108625
-0.104204,0.100000,0.400000,0.108817
-0.103504,0.100000,0.400000,0.109014
-0.102803,0.100000,0.400000,0.109217
-0.102102,0.100000,0.400000,0.109424
-0.101401,0.100000,0.400000,0.109638
-0.100701,0.100000,0.400000,0.109856
-0.100000,0.100000,0.400000,0.110081
-0.800000,0.100000,0.600000,0.100941
-0.799299,0.100000,0.600000,0.100941
-0.798599,0.100000,0.600000,0.100941
-0.797898,0.100000,0.600000,0.100941
-0.797197,0.100000,0.600000,0.100941
-0.796496,0.100000,0.600000,0.100941
-0.795796,0.100000,0.600000,0.100941
-0.795095,0.100000,0.600000,0.100941
-0.794394,0.100000,0.600000,0.100941
-0.793694,0.100000,0.600000,0.100941
-0.792993,0.100000,0.600000,0.100941
-0.792292,0.100000,0.600000,0.100941
-0.791592,0.100000,0.600000,0.100941
-0.790891,0.100000,0.600000,0.100941
-0.790190,0.100000,0.600000,0.100941
-0.789489,0.100000,0.600000,0.100941
-0.788789,0.100000,0.600000,0.100941
-0.788088,0.100000,0.600000,0.100941
-0.787387,0.100000,0.600000,0.100941
-0.786687,0.100000,0.600000,0.100941
-0.785986,0.100000,0.600000,0.100941
-0.785285,0.100000,0.600000,0.100941
-0.784585,0.100000,0.600000,0.100940
-0.783884,0.100000,0.600000,0.100940
-0.783183,0.100000,0.600000,0.100940
-0.782482,0.100000,0.600000,0.100940
-0.781782,0.100000,0.600000,0.100940
-0.781081,0.100000,0.600000,0.100940
-0.780380,0.100000,0.600000,0.100940
-0.779680,0.100000,0.600000,0.100940
-0.778979,0.100000,0.600000,0.100940
-0.778278,0.100000,0.600000,0.100940
-0.777578,0.100000,0.600000,0.100940
-0.776877,0.100000,0.600000,0.100940
-0.776176,0.100000,0.600000,0.100940
-0.775475,0.100000,0.600000,0.100940
-0.774775,0.100000,0.600000,0.100940
-0.774074,0.100000,0.600000,0.100940
-0.773373,0.100000,0.600000,0.100940
-0.772673,0.100000,0.600000,0.100940
-0.771972,0.100000,0.600000,0.100940
-0.771271,0.100000,0.600000,0.100940
-0.770571,0.100000,0.600000,0.100940
-0.769870,0.100000,0.600000,0.100940
-0.769169,0.100000,0.600000,0.100940
-0.768468,0.100000,0.600000,0.100940
-0.767768,0.100000,0.600000,0.100940
-0.767067,0.100000,0.600000,0.100940
-0.766366,0.100000,0.600000,0.100940
-0.765666,0.100000,0.600000,0.100940
-0.764965,0.100000,0.600000,0.100940
-0.764264,0.100000,0.600000,0.100940
-0.763564,0.100000,0.600000,0.100940
-0.762863,0.100000,0.600000,0.100940
-0.762162,0.100000,0.600000,0.100940
-0.761461,0.100000,0.600000,0.100940
-0.760761,0.100000,0.600000,0.100940
-0.760060,0.100000,0.600000,0.100940
-0.759359,0.100000,0.600000,0.100939
-0.758659,0.100000,0.600000,0.100939
-0.757958,0.100000,0.600000,0.100939
-0.757257,0.100000,0.600000,0.100939
-0.756557,0.100000,0.600000,0.100939
-0.755856,0.100000,0.600000,0.100939
-0.755155,0.100000,0.600000,0.100939
-0.754454,0.100000,0.600000,0.100939
-0.753754,0.100000,0.600000,0.100939
-0.753053,0.100000,0.600000,0.100939
-0.752352,0.100000,0.600000,0.100939
-0.751652,0.100000,0.600000,0.100939
-0.750951,0.100000,0.600000,0.100939
-0.750250,0.100000,0.600000,0.100939
-0.749550,0.100000,0.600000,0.100939
-0.748849,0.100000,0.600000,0.100939
-0.748148,0.100000,0.600000,0.100939
-0.747447,0.100000,0.600000,0.100939
-0.746747,0.100000,0.600000,0.100939
-0.746046,0.100000,0.600000,0.100939
-0.745345,0.100000,0.600000,0.100939
-0.744645,0.100000,0.600000,0.100939
-0.743944,0.100000,0.600000,0.100939
-0.743243,0.100000,0.600000,0.100939
-0.742543,0.100000,0.600000,0.100939
-0.741842,0.100000,0.600000,0.100939
-0.741141,0.100000,0.600000,0.100939
-0.740440,0.100000,0.600000,0.100939
-0.739740,0.100000,0.600000,0.100939
-0.739039,0.100000,0.600000,0.100939
-0.738338,0.100000,0.600000,0.100939
-0.737638,0.100000,0.600000,0.100939
-0.736937,0.100000,0.600000,0.100939
-0.736236,0.100000,0.600000,0.100939
-0.735536,0.100000,0.600000,0.100938
-0.734835,0.100000,0.600000,0.100938
-0.734134,0.100000,0.600000,0.100938
-0.733433,0.100000,0.600000,0.100938
-0.732733,0.100000,0.600000,0.100938
-0.732032,0.100000,0.600000,0.100938
-0.731331,0.100000,0.600000,0.100938
-0.730631,0.100000,0.600000,0.100938
-0.729930,0.100000,0.600000,0.100938
-0.729229,0.100000,0.600000,0.100938
-0.728529,0.100000,0.600000,0.100938
-0.727828,0.100000,0.600000,0.100938
-0.727127,0.100000,0.600000,0.100938
-0.726426,0.100000,0.600000,0.100938
-0.725726,0.100000,0.600000,0.100938
-0.725025,0.100000,0.600000,0.100938
-0.724324,0.100000,0.600000,0.100938
-0.723624,0.100000,0.600000,0.100938
-0.722923,0.100000,0.600000,0.100938
-0.722222,0.100000,0.600000,0.100938
-0.721522,0.100000,0.600000,0.100938
-0.720821,0.100000,0.600000,0.100938
-0.720120,0.100000,0.600000,0.100938
-0.719419,0.100000,0.600000,0.100938
-0.718719,0.100000,0.600000,0.100938
-0.718018,0.100000,0.600000,0.100938
-0.717317,0.100000,0.600000,0.100938
-0.716617,0.100000,0.600000,0.100938
-0.715916,0.100000,0.600000,0.100938
-0.715215,0.100000,0.600000,0.100938
-0.714515,0.100000,0.600000,0.100938
-0.713814,0.100000,0.600000,0.100938
-0.713113,0.100000,0.600000,0.100938
-0.712412,0.100000,0.600000,0.100938
-0.711712,0.100000,0.600000,0.100937
-0.711011,0.100000,0.600000,0.100937
-0.710310,0.100000,0.600000,0.100937
-0.709610,0.100000,0.600000,0.100937
-0.708909,0.100000,0.600000,0.100937
-0.708208,0.100000,0.600000,0.100937
-0.707508,0.100000,0.600000,0.100937
-0.706807,0.100000,0.600000,0.100937
-0.706106,0.100000,0.600000,0.100937
-0.705405,0.100000,0.600000,0.100937
-0.704705,0.100000,0.600000,0.100937
-0.704004,0.100000,0.600000,0.100937
-0.703303,0.100000,0.600000,0.100937
-0.702603,0.100000,0.600000,0.100937
-0.701902,0.100000,0.600000,0.100937
-0.701201,0.100000,0.600000,0.100937
-0.700501,0.100000,0.600000,0.100937
-0.699800,0.100000,0.600000,0.100937
-0.699099,0.100000,0.600000,0.100937
-0.698398,0.100000,0.600000,0.100937
-0.697698,0.100000,0.600000,0.100937
-0.696997,0.100000,0.600000,0.100937
-0.696296,0.100000,0.600000,0.100937
-0.695596,0.100000,0.600000,0.100937
-0.694895,0.100000,0.600000,0.100937
-0.694194,0.100000,0.600000,0.100937
-0.693493,0.100000,0.600000,0.100937
-0.692793,0.100000,0.600000,0.100937
-0.692092,0.100000,0.600000,0.100937
-0.691391,0.100000,0.600000,0.100937
-0.690691,0.100000,0.600000,0.100937
-0.689990,0.100000,0.600000,0.100937
-0.689289,0.100000,0.600000,0.100936
-0.688589,0.100000,0.600000,0.100936
-0.687888,0.100000,0.600000,0.100936
-0.687187,0.100000,0.600000,0.100936
-0.686486,0.100000,0.600000,0.100936
-0.685786,0.100000,0.600000,0.100936
-0.685085,0.100000,0.600000,0.100936
-0.684384,0.100000,0.600000,0.100936
-0.683684,0.100000,0.600000,0.100936
-0.682983,0.100000,0.600000,0.100936
-0.682282,0.100000,0.600000,0.100936
-0.681582,0.100000,0.600000,0.100936
-0.680881,0.100000,0.600000,0.100936
-0.680180,0.100000,0.600000,0.100936
-0.679479,0.100000,0.600000,0.100936
-0.678779,0.100000,0.600000,0.100936
-0.678078,0.100000,0.600000,0.100936
-0.677377,0.100000,0.600000,0.100936
-0.676677,0.100000,0.600000,0.100936
-0.675976,0.100000,0.600000,0.100936
-0.675275,0.100000,0.600000,0.100936
-0.674575,0.100000,0.600000,0.100936
-0.673874,0.100000,0.600000,0.100936
-0.673173,0.100000,0.600000,0.100936
-0.672472,0.100000,0.600000,0.100936
-0.671772,0.100000,0.600000,0.100936
-0.671071,0.100000,0.600000,0.100936
-0.670370,0.100000,0.600000,0.100936
-0.669670,0.100000,0.600000,0.100936
-0.668969,0.100000,0.600000,0.100936
-0.668268,0.100000,0.600000,0.100936
-0.667568,0.100000,0.600000,0.100935
-0.666867,0.100000,0.600000,0.100935
-0.666166,0.100000,0.600000,0.100935
-0.665465,0.100000,0.600000,0.100935
-0.664765,0.100000,0.600000,0.100935
-0.664064,0.100000,0.600000,0.100935
-0.663363,0.100000,0.600000,0.100935
-0.662663,0.100000,0.600000,0.100935
-0.661962,0.100000,0.600000,0.100935
-0.661261,0.100000,0.600000,0.100935
-0.660561,0.100000,0.600000,0.100935
-0.659860,0.100000,0.600000,0.100935
-0.659159,0.100000,0.600000,0.100935
-0.658458,0.100000,0.600000,0.100935
-0.657758,0.100000,0.600000,0.100935
-0.657057,0.100000,0.600000,0.100935
-0.656356,0.100000,0.600000,0.100935
-0.655656,0.100000,0.600000,0.100935
-0.654955,0.100000,0.600000,0.100935
-0.654254,0.100000,0.600000,0.100935
-0.653554,0.100000,0.600000,0.100935
-0.652853,0.100000,0.600000,0.100935
-0.652152,0.100000,0.600000,0.100935
-0.651451,0.100000,0.600000,0.100935
-0.650751,0.100000,0.600000,0.100935
-0.650050,0.100000,0.600000,0.100935
-0.649349,0.100000,0.600000,0.100935
-0.648649,0.100000,0.600000,0.100935
-0.647948,0.100000,0.600000,0.100935
-0.647247,0.100000,0.600000,0.100935
-0.646547,0.100000,0.600000,0.100935
-0.645846,0.100000,0.600000,0.100934
-0.645145,0.100000,0.600000,0.100934
-0.644444,0.100000,0.600000,0.100934
-0.643744,0.100000,0.600000,0.100934
-0.643043,0.100000,0.600000,0.100934
-0.642342,0.100000,0.600000,0.100934
-0.641642,0.100000,0.600000,0.100934
-0.640941,0.100000,0.600000,0.100934
-0.640240,0.100000,0.600000,0.100934
-0.639540,0.100000,0.600000,0.100934
-0.638839,0.100000,0.600000,0.100934
-0.638138,0.100000,0.600000,0.100934
-0.637437,0.100000,0.600000,0.100934
-0.636737,0.100000,0.600000,0.100934
-0.636036,0.100000,0.600000,0.100934
-0.635335,0.100000,0.600000,0.100934
-0.634635,0.100000,0.600000,0.100934
-0.633934,0.100000,0.600000,0.100934
-0.633233,0.100000,0.600000,0.100934
-0.632533,0.100000,0.600000,0.100934
-0.631832,0.100000,0.600000,0.100934
-0.631131,0.100000,0.600000,0.100934
-0.630430,0.100000,0.600000,0.100934
-0.629730,0.100000,0.600000,0.100934
-0.629029,0.100000,0.600000,0.100934
-0.628328,0.100000,0.600000,0.100934
-0.627628,0.100000,0.600000,0.100934
-0.626927,0.100000,0.600000,0.100934
-0.626226,0.100000,0.600000,0.100934
-0.625526,0.100000,0.600000,0.100934
-0.624825,0.100000,0.600000,0.100934
-0.624124,0.100000,0.600000,0.100934
-0.623423,0.100000,0.600000,0.100933
-0.622723,0.100000,0.600000,0.100933
-0.622022,0.100000,0.600000,0.100933
-0.621321,0.100000,0.600000,0.100933
-0.620621,0.100000,0.600000,0.100933
-0.619920,0.100000,0.600000,0.100933
-0.619219,0.100000,0.600000,0.100933
-0.618519,0.100000,0.600000,0.100933
-0.617818,0.100000,0.600000,0.100933
-0.617117,0.100000,0.600000,0.100933
-0.616416,0.100000,0.600000,0.100933
-0.615716,0.100000,0.600000,0.100933
-0.615015,0.100000,0.600000,0.100933
-0.614314,0.100000,0.600000,0.100933
-0.613614,0.100000,0.600000,0.100933
-0.612913,0.100000,0.600000,0.100933
-0.612212,0.100000,0.600000,0.100933
-0.611512,0.100000,0.600000,0.100933
-0.610811,0.100000,0.600000,0.100933
-0.610110,0.100000,0.600000,0.100933
-0.609409,0.100000,0.600000,0.100933
-0.608709,0.100000,0.600000,0.100933
-0.608008,0.100000,0.600000,0.100933
-0.607307,0.100000,0.600000,0.100933
-0.606607,0.100000,0.600000,0.100933
-0.605906,0.100000,0.600000,0.100933
-0.605205,0.100000,0.600000,0.100933
-0.604505,0.100000,0.600000,0.100933
-0.603804,0.100000,0.600000,0.100933
-0.603103,0.100000,0.600000,0.100933
-0.602402,0.100000,0.600000,0.100933
-0.601702,0.100000,0.600000,0.100933
-0.601001,0.100000,0.600000,0.100933
-0.600300,0.100000,0.600000,0.100933
-0.599600,0.100000,0.600000,0.100932
-0.598899,0.100000,0.600000,0.100932
-0.598198,0.100000,0.600000,0.100932
-0.597497,0.100000,0.600000,0.100932
-0.596797,0.100000,0.600000,0.100932
-0.596096,0.100000,0.600000,0.100932
-0.595395,0.100000,0.600000,0.100932
-0.594695,0.100000,0.600000,0.100932
-0.593994,0.100000,0.600000,0.100932
-0.593293,0.100000,0.600000,0.100932
-0.592593,0.100000,0.600000,0.100932
-0.591892,0.100000,0.600000,0.100932
-0.591191,0.100000,0.600000,0.100932
-0.590490,0.100000,0.600000,0.100932
-0.589790,0.100000,0.600000,0.100932
-0.589089,0.100000,0.600000,0.100932
-0.588388,0.100000,0.600000,0.100932
-0.587688,0.100000,0.600000,0.100932
-0.586987,0.100000,0.600000,0.100932
-0.586286,0.100000,0.600000,0.100932
-0.585586,0.100000,0.600000,0.100932
-0.584885,0.100000,0.600000,0.100932
-0.584184,0.100000,0.600000,0.100932
-0.583483,0.100000,0.600000,0.100932
-0.582783,0.100000,0.600000,0.100932
-0.582082,0.100000,0.600000,0.100932
-0.581381,0.100000,0.600000,0.100932
-0.580681,0.100000,0.600000,0.100932
-0.579980,0.100000,0.600000,0.100932
-0.579279,0.100000,0.600000,0.100932
-0.578579,0.100000,0.600000,0.100932
-0.577878,0.100000,0.600000,0.100932
-0.577177,0.100000,0.600000,0.100932
-0.576476,0.100000,0.600000,0.100932
-0.575776,0.100000,0.600000,0.100932
-0.575075,0.100000,0.600000,0.100932
-0.574374,0.100000,0.600000,0.100931
-0.573674,0.100000,0.600000,0.100931
-0.572973,0.100000,0.600000,0.100931
-0.572272,0.100000,0.600000,0.100931
-0.571572,0.100000,0.600000,0.100931
-0.570871,0.100000,0.600000,0.100931
-0.570170,0.100000,0.600000,0.100931
-0.569469,0.100000,0.600000,0.100931
-0.568769,0.100000,0.600000,0.100931
-0.568068,0.100000,0.600000,0.100931
-0.567367,0.100000,0.600000,0.100931
-0.566667,0.100000,0.600000,0.100931
-0.565966,0.100000,0.600000,0.100931
-0.565265,0.100000,0.600000,0.100931
-0.564565,0.100000,0.600000,0.100931
-0.563864,0.100000,0.600000,0.100931
-0.563163,0.100000,0.600000,0.100931
-0.562462,0.100000,0.600000,0.100931
-0.561762,0.100000,0.600000,0.100931
-0.561061,0.100000,0.600000,0.100931
-0.560360,0.100000,0.600000,0.100931
-0.559660,0.100000,0.600000,0.100931
-0.558959,0.100000,0.600000,0.100931
-0.558258,0.100000,0.600000,0.100931
-0.557558,0.100000,0.600000,0.100931
-0.556857,0.100000,0.600000,0.100931
-0.556156,0.100000,0.600000,0.100931
-0.555455,0.100000,0.600000,0.100931
-0.554755,0.100000,0.600000,0.100931
-0.554054,0.100000,0.600000,0.100931
-0.553353,0.100000,0.600000,0.100931
-0.552653,0.100000,0.600000,0.100931
-0.551952,0.100000,0.600000,0.100931
-0.551251,0.100000,0.600000,0.100931
-0.550551,0.100000,0.600000,0.100931
-0.549850,0.100000,0.600000,0.100931
-0.549149,0.100000,0.600000,0.100931
-0.548448,0.100000,0.600000,0.100931
-0.547748,0.100000,0.600000,0.100931
-0.547047,0.100000,0.600000,0.100931
-0.546346,0.100000,0.600000,0.100931
-0.545646,0.100000,0.600000,0.100931
-0.544945,0.100000,0.600000,0.100931
-0.544244,0.100000,0.600000,0.100931
-0.543544,0.100000,0.600000,0.100931
-0.542843,0.100000,0.600000,0.100931
-0.542142,0.100000,0.600000,0.100931
-0.541441,0.100000,0.600000,0.100931
-0.540741,0.100000,0.600000,0.100931
-0.540040,0.100000,0.600000,0.100931
-0.539339,0.100000,0.600000,0.100930
-0.538639,0.100000,0.600000,0.100930
-0.537938,0.100000,0.600000,0.100930
-0.537237,0.100000,0.600000,0.100930
-0.536537,0.100000,0.600000,0.100930
-0.535836,0.100000,0.600000,0.100930
-0.535135,0.100000,0.600000,0.100930
-0.534434,0.100000,0.600000,0.100930
-0.533734,0.100000,0.600000,0.100930
-0.533033,0.100000,0.600000,0.100930
-0.532332,0.100000,0.600000,0.100930
-0.531632,0.100000,0.600000,0.100930
-0.530931,0.100000,0.600000,0.100930
-0.530230,0.100000,0.600000,0.100930
-0.529530,0.100000,0.600000,0.100930
-0.528829,0.100000,0.600000,0.100930
-0.528128,0.100000,0.600000,0.100930
-0.527427,0.100000,0.600000,0.100930
-0.526727,0.100000,0.600000,0.100930
-0.526026,0.100000,0.600000,0.100930
-0.525325,0.100000,0.600000,0.100930
-0.524625,0.100000,0.600000,0.100930
-0.523924,0.100000,0.600000,0.100930
-0.523223,0.100000,0.600000,0.100930
-0.522523,0.100000,0.600000,0.100930
-0.521822,0.100000,0.600000,0.100930
-0.521121,0.100000,0.600000,0.100930
-0.520420,0.100000,0.600000,0.100930
-0.519720,0.100000,0.600000,0.100930
-0.519019,0.100000,0.600000,0.100930
-0.518318,0.100000,0.600000,0.100930
-0.517618,0.100000,0.600000,0.100930
-0.516917,0.100000,0.600000,0.100930
-0.516216,0.100000,0.600000,0.100930
-0.515516,0.100000,0.600000,0.100930
-0.514815,0.100000,0.600000,0.100930
-0.514114,0.100000,0.600000,0.100930
-0.513413,0.100000,0.600000,0.100930
-0.512713,0.100000,0.600000,0.100930
-0.512012,0.100000,0.600000,0.100930
-0.511311,0.100000,0.600000,0.100930
-0.510611,0.100000,0.600000,0.100930
-0.509910,0.100000,0.600000,0.100930
-0.509209,0.100000,0.600000,0.100930
-0.508509,0.100000,0.600000,0.100930
-0.507808,0.100000,0.600000,0.100930
-0.507107,0.100000,0.600000,0.100930
-0.506406,0.100000,0.600000,0.100930
-0.505706,0.100000,0.600000,0.100930
-0.505005,0.100000,0.600000,0.100930
-0.504304,0.100000,0.600000,0.100930
-0.503604,0.100000,0.600000,0.100930
-0.502903,0.100000,0.600000,0.100930
-0.502202,0.100000,0.600000,0.100930
-0.501502,0.100000,0.600000,0.100930
-0.500801,0.100000,0.600000,0.100930
-0.500100,0.100000,0.600000,0.100930
-0.499399,0.100000,0.600000,0.100930
-0.498699,0.100000,0.600000,0.100930
-0.497998,0.100000,0.600000,0.100930
-0.497297,0.100000,0.600000,0.100930
-0.496597,0.100000,0.600000,0.100930
-0.495896,0.100000,0.600000,0.100930
-0.495195,0.100000,0.600000,0.100930
-0.494494,0.100000,0.600000,0.100930
-0.493794,0.100000,0.600000,0.100930
-0.493093,0.100000,0.600000,0.100930
-0.492392,0.100000,0.600000,0.100930
-0.491692,0.100000,0.600000,0.100930
-0.490991,0.100000,0.600000,0.100930
-0.490290,0.100000,0.600000,0.100930
-0.489590,0.100000,0.600000,0.100930
-0.488889,0.100000,0.600000,0.100931
-0.488188,0.100000,0.600000,0.100931
-0.487487,0.100000,0.600000,0.100931
-0.486787,0.100000,0.600000,0.100931
-0.486086,0.100000,0.600000,0.100931
-0.485385,0.100000,0.600000,0.100931
-0.484685,0.100000,0.600000,0.100931
-0.483984,0.100000,0.600000,0.100931
-0.483283,0.100000,0.600000,0.100931
-0.482583,0.100000,0.600000,0.100931
-0.481882,0.100000,0.600000,0.100931
-0.481181,0.100000,0.600000,0.100931
-0.480480,0.100000,0.600000,0.100931
-0.479780,0.100000,0.600000,0.100931
-0.479079,0.100000,0.600000,0.100931
-0.478378,0.100000,0.600000,0.100931
-0.477678,0.100000,0.600000,0.100931
-0.476977,0.100000,0.600000,0.100931
-0.476276,0.100000,0.600000,0.100931
-0.475576,0.100000,0.600000,0.100931
-0.474875,0.100000,0.600000,0.100931
-0.474174,0.100000,0.600000,0.100931
-0.473473,0.100000,0.600000,0.100931
-0.472773,0.100000,0.600000,0.100931
-0.472072,0.100000,0.600000,0.100931
-0.471371,0.100000,0.600000,0.100931
-0.470671,0.100000,0.600000,0.100931
-0.469970,0.100000,0.600000,0.100931
-0.469269,0.100000,0.600000,0.100931
-0.468569,0.100000,0.600000,0.100931
-0.467868,0.100000,0.600000,0.100931
-0.467167,0.100000,0.600000,0.100931
-0.466466,0.100000,0.600000,0.100932
-0.465766,0.100000,0.600000,0.100932
-0.465065,0.100000,0.600000,0.100932
-0.464364,0.100000,0.600000,0.100932
-0.463664,0.100000,0.600000,0.100932
-0.462963,0.100000,0.600000,0.100932
-0.462262,0.100000,0.600000,0.100932
-0.461562,0.100000,0.600000,0.100932
-0.460861,0.100000,0.600000,0.100932
-0.460160,0.100000,0.600000,0.100932
-0.459459,0.100000,0.600000,0.100932
-0.458759,0.100000,0.600000,0.100932
-0.458058,0.100000,0.600000,0.100932
-0.457357,0.100000,0.600000,0.100932
-0.456657,0.100000,0.600000,0.100932
-0.455956,0.100000,0.600000,0.100932
-0.455255,0.100000,0.600000,0.100932
-0.454555,0.100000,0.600000,0.100932
-0.453854,0.100000,0.600000,0.100932
-0.453153,0.100000,0.600000,0.100933
-0.452452,0.100000,0.600000,0.100933
-0.451752,0.100000,0.600000,0.100933
-0.451051,0.100000,0.600000,0.100933
-0.450350,0.100000,0.600000,0.100933
-0.449650,0.100000,0.600000,0.100933
-0.448949,0.100000,0.600000,0.100933
-0.448248,0.100000,0.600000,0.100933
-0.447548,0.100000,0.600000,0.100933
-0.446847,0.100000,0.600000,0.100933
-0.446146,0.100000,0.600000,0.100933
-0.445445,0.100000,0.600000,0.100933
-0.444745,0.100000,0.600000,0.100933
-0.444044,0.100000,0.600000,0.100933
-0.443343,0.100000,0.600000,0.100934
-0.442643,0.100000,0.600000,0.100934
-0.441942,0.100000,0.600000,0.100934
-0.441241,0.100000,0.600000,0.100934
-0.440541,0.100000,0.600000,0.100934
-0.439840,0.100000,0.600000,0.100934
-0.439139,0.100000,0.600000,0.100934
-0.438438,0.100000,0.600000,0.100934
-0.437738,0.100000,0.600000,0.100934
-0.437037,0.100000,0.600000,0.100934
-0.436336,0.100000,0.600000,0.100934
-0.435636,0.100000,0.600000,0.100935
-0.434935,0.100000,0.600000,0.100935
-0.434234,0.100000,0.600000,0.100935
-0.433534,0.100000,0.600000,0.100935
-0.432833,0.100000,0.600000,0.100935
-0.432132,0.100000,0.600000,0.100935
-0.431431,0.100000,0.600000,0.100935
-0.430731,0.100000,0.600000,0.100935
-0.430030,0.100000,0.600000,0.100935
-0.429329,0.100000,0.600000,0.100935
-0.428629,0.100000,0.600000,0.100936
-0.427928,0.100000,0.600000,0.100936
-0.427227,0.100000,0.600000,0.100936
-0.426527,0.100000,0.600000,0.100936
-0.425826,0.100000,0.600000,0.100936
-0.425125,0.100000,0.600000,0.100936
-0.424424,0.100000,0.600000,0.100936
-0.423724,0.100000,0.600000,0.100936
-0.423023,0.100000,0.600000,0.100937
-0.422322,0.100000,0.600000,0.100937
-0.421622,0.100000,0.600000,0.100937
-0.420921,0.100000,0.600000,0.100937
-0.420220,0.100000,0.600000,0.100937
-0.419520,0.100000,0.600000,0.100937
-0.418819,0.100000,0.600000,0.100937
-0.418118,0.100000,0.600000,0.100938
-0.417417,0.100000,0.600000,0.100938
-0.416717,0.100000,0.600000,0.100938
-0.416016,0.100000,0.600000,0.100938
-0.415315,0.100000,0.600000,0.100938
-0.414615,0.100000,0.600000,0.100938
-0.413914,0.100000,0.600000,0.100938
-0.413213,0.100000,0.600000,0.100939
-0.412513,0.100000,0.600000,0.100939
-0.411812,0.100000,0.600000,0.100939
-0.411111,0.100000,0.600000,0.100939
-0.410410,0.100000,0.600000,0.100939
-0.409710,0.100000,0.600000,0.100939
-0.409009,0.100000,0.600000,0.100940
-0.408308,0.100000,0.600000,0.100940
-0.407608,0.100000,0.600000,0.100940
-0.406907,0.100000,0.600000,0.100940
-0.406206,0.100000,0.600000,0.100940
-0.405506,0.100000,0.600000,0.100940
-0.404805,0.100000,0.600000,0.100941
-0.404104,0.100000,0.600000,0.100941
-0.403403,0.100000,0.600000,0.100941
-0.402703,0.100000,0.600000,0.100941
-0.402002,0.100000,0.600000,0.100941
-0.401301,0.100000,0.600000,0.100941
-0.400601,0.100000,0.600000,0.100942
-0.399900,0.100000,0.600000,0.100942
-0.399199,0.100000,0.600000,0.100942
-0.398498,0.100000,0.600000,0.100942
-0.397798,0.100000,0.600000,0.100942
-0.397097,0.100000,0.600000,0.100943
-0.396396,0.100000,0.600000,0.100943
-0.395696,0.100000,0.600000,0.100943
-0.394995,0.100000,0.600000,0.100943
-0.394294,0.100000,0.600000,0.100944
-0.393594,0.100000,0.600000,0.100944
-0.392893,0.100000,0.600000,0.100944
-0.392192,0.100000,0.600000,0.100944
-0.391491,0.100000,0.600000,0.100944
-0.390791,0.100000,0.600000,0.100945
-0.390090,0.100000,0.600000,0.100945
-0.389389,0.100000,0.600000,0.100945
-0.388689,0.100000,0.600000,0.100945
-0.387988,0.100000,0.600000,0.100946
-0.387287,0.100000,0.600000,0.100946
-0.386587,0.100000,0.600000,0.100946
-0.385886,0.100000,0.600000,0.100946
-0.385185,0.100000,0.600000,0.100947
-0.384484,0.100000,0.600000,0.100947
-0.383784,0.100000,0.600000,0.100947
-0.383083,0.100000,0.600000,0.100948
-0.382382,0.100000,0.600000,0.100948
-0.381682,0.100000,0.600000,0.100948
-0.380981,0.100000,0.600000,0.100948
-0.380280,0.100000,0.600000,0.100949
-0.379580,0.100000,0.600000,0.100949
-0.378879,0.100000,0.600000,0.100949
-0.378178,0.100000,0.600000,0.100949
-0.377477,0.100000,0.600000,0.100950
-0.376777,0.100000,0.600000,0.100950
-0.376076,0.100000,0.600000,0.100950
-0.375375,0.100000,0.600000,0.100951
-0.374675,0.100000,0.600000,0.100951
-0.373974,0.100000,0.600000,0.100951
-0.373273,0.100000,0.600000,0.100952
-0.372573,0.100000,0.600000,0.100952
-0.371872,0.100000,0.600000,0.100952
-0.371171,0.100000,0.600000,0.100953
-0.370470,0.100000,0.600000,0.100953
-0.369770,0.100000,0.600000,0.100953
-0.369069,0.100000,0.600000,0.100954
-0.368368,0.100000,0.600000,0.100954
-0.367668,0.100000,0.600000,0.100954
-0.366967,0.100000,0.600000,0.100955
-0.366266,0.100000,0.600000,0.100955
-0.365566,0.100000,0.600000,0.100955
-0.364865,0.100000,0.600000,0.100956
-0.364164,0.100000,0.600000,0.100956
-0.363463,0.100000,0.600000,0.100957
-0.362763,0.100000,0.600000,0.100957
-0.362062,0.100000,0.600000,0.100957
-0.361361,0.100000,0.600000,0.100958
-0.360661,0.100000,0.600000,0.100958
-0.359960,0.100000,0.600000,0.100959
-0.359259,0.100000,0.600000,0.100959
-0.358559,0.100000,0.600000,0.100959
-0.357858,0.100000,0.600000,0.100960
-0.357157,0.100000,0.600000,0.100960
-0.356456,0.100000,0.600000,0.100961
-0.355756,0.100000,0.600000,0.100961
-0.355055,0.100000,0.600000,0.100962
-0.354354,0.100000,0.600000,0.100962
-0.353654,0.100000,0.600000,0.100962
-0.352953,0.100000,0.600000,0.100963
-0.352252,0.100000,0.600000,0.100963
-0.351552,0.100000,0.600000,0.100964
-0.350851,0.100000,0.600000,0.100964
-0.350150,0.100000,0.600000,0.100965
-0.349449,0.100000,0.600000,0.100965
-0.348749,0.100000,0.600000,0.100966
-0.348048,0.100000,0.600000,0.100966
-0.347347,0.100000,0.600000,0.100967
-0.346647,0.100000,0.600000,0.100967
-0.345946,0.100000,0.600000,0.100968
-0.345245,0.100000,0.600000,0.100968
-0.344545,0.100000,0.600000,0.100969
-0.343844,0.100000,0.600000,0.100969
-0.343143,0.100000,0.600000,0.100970
-0.342442,0.100000,0.600000,0.100970
-0.341742,0.100000,0.600000,0.100971
-0.341041,0.100000,0.600000,0.100971
-0.340340,0.100000,0.600000,0.100972
-0.339640,0.100000,0.600000,0.100973
-0.338939,0.100000,0.600000,0.100973
-0.338238,0.100000,0.600000,0.100974
-0.337538,0.100000,0.600000,0.100974
-0.336837,0.100000,0.600000,0.100975
-0.336136,0.100000,0.600000,0.100976
-0.335435,0.100000,0.600000,0.100976
-0.334735,0.100000,0.600000,0.100977
-0.334034,0.100000,0.600000,0.100977
-0.333333,0.100000,0.600000,0.100978
-0.332633,0.100000,0.600000,0.100979
-0.331932,0.100000,0.600000,0.100979
-0.331231,0.100000,0.600000,0.100980
-0.330531,0.100000,0.600000,0.100981
-0.329830,0.100000,0.600000,0.100981
-0.329129,0.100000,0.600000,0.100982
-0.328428,0.100000,0.600000,0.100983
-0.327728,0.100000,0.600000,0.100983
-0.327027,0.100000,0.600000,0.100984
-0.326326,0.100000,0.600000,0.100985
-0.325626,0.100000,0.600000,0.100986
-0.324925,0.100000,0.600000,0.100986
-0.324224,0.100000,0.600000,0.100987
-0.323524,0.100000,0.600000,0.100988
-0.322823,0.100000,0.600000,0.100989
-0.322122,0.100000,0.600000,0.100989
-0.321421,0.100000,0.600000,0.100990
-0.320721,0.100000,0.600000,0.100991
-0.320020,0.100000,0.600000,0.100992
-0.319319,0.100000,0.600000,0.100993
-0.318619,0.100000,0.600000,0.100993
-0.317918,0.100000,0.600000,0.100994
-0.317217,0.100000,0.600000,0.100995
-0.316517,0.100000,0.600000,0.100996
-0.315816,0.100000,0.600000,0.100997
-0.315115,0.100000,0.600000,0.100998
-0.314414,0.100000,0.600000,0.100998
-0.313714,0.100000,0.600000,0.100999
-0.313013,0.100000,0.600000,0.101000
-0.312312,0.100000,0.600000,0.101001
-0.311612,0.100000,0.600000,0.101002
-0.310911,0.100000,0.600000,0.101003
-0.310210,0.100000,0.600000,0.101004
-0.309510,0.100000,0.600000,0.101005
-0.308809,0.100000,0.600000,0.101006
-0.308108,0.100000,0.600000,0.101007
-0.307407,0.100000,0.600000,0.101008
-0.306707,0.100000,0.600000,0.101009
-0.306006,0.100000,0.600000,0.101010
-0.305305,0.100000,0.600000,0.101011
-0.304605,0.100000,0.600000,0.101012
-0.303904,0.100000,0.600000,0.101013
-0.303203,0.100000,0.600000,0.101014
-0.302503,0.100000,0.600000,0.101015
-0.301802,0.100000,0.600000,0.101016
-0.301101,0.100000,0.600000,0.101017
-0.300400,0.100000,0.600000,0.101019
-0.299700,0.100000,0.600000,0.101020
-0.298999,0.100000,0.600000,0.101021
-0.298298,0.100000,0.600000,0.101022
-0.297598,0.100000,0.600000,0.101023
-0.296897,0.100000,0.600000,0.101024
-0.296196,0.100000,0.600000,0.101026
-0.295495,0.100000,0.600000,0.101027
-0.294795,0.100000,0.600000,0.101028
-0.294094,0.100000,0.600000,0.101029
-0.293393,0.100000,0.600000,0.101030
-0.292693,0.100000,0.600000,0.101032
-0.291992,0.100000,0.600000,0.101033
-0.291291,0.100000,0.600000,0.101034
-0.290591,0.100000,0.600000,0.101036
-0.289890,0.100000,0.600000,0.101037
-0.289189,0.100000,0.600000,0.101038
-0.288488,0.100000,0.600000,0.101040
-0.287788,0.100000,0.600000,0.101041
-0.287087,0.100000,0.600000,0.101043
-0.286386,0.100000,0.600000,0.101044
-0.285686,0.100000,0.600000,0.101046
-0.284985,0.100000,0.600000,0.101047
-0.284284,0.100000,0.600000,0.101049
-0.283584,0.100000,0.600000,0.101050
-0.282883,0.100000,0.600000,0.101052
-0.282182,0.100000,0.600000,0.101053
-0.281481,0.100000,0.600000,0.101055
-0.280781,0.100000,0.600000,0.101056
-0.280080,0.100000,0.600000,0.101058
-0.279379,0.100000,0.600000,0.101060
-0.278679,0.100000,0.600000,0.101061
-0.277978,0.100000,0.600000,0.101063
-0.277277,0.100000,0.600000,0.101065
-0.276577,0.100000,0.600000,0.101066
-0.275876,0.100000,0.600000,0.101068
-0.275175,0.100000,0.600000,0.101070
-0.274474,0.100000,0.600000,0.101072
-0.273774,0.100000,0.600000,0.101073
-0.273073,0.100000,0.600000,0.101075
-0.272372,0.100000,0.600000,0.101077
-0.271672,0.100000,0.600000,0.101079
-0.270971,0.100000,0.600000,0.101081
-0.270270,0.100000,0.600000,0.101083
-0.269570,0.100000,0.600000,0.101085
-0.268869,0.100000,0.600000,0.101087
-0.268168,0.100000,0.600000,0.101089
-0.267467,0.100000,0.600000,0.101091
-0.266767,0.100000,0.600000,0.101093
-0.266066,0.100000,0.600000,0.101095
-0.265365,0.100000,0.600000,0.101097
-0.264665,0.100000,0.600000,0.101099
-0.263964,0.100000,0.600000,0.101101
-0.263263,0.100000,0.600000,0.101104
-0.262563,0.100000,0.600000,0.101106
-0.261862,0.100000,0.600000,0.101108
-0.261161,0.100000,0.600000,0.101110
-0.260460,0.100000,0.600000,0.101113
-0.259760,0.100000,0.600000,0.101115
-0.259059,0.100000,0.600000,0.101118
-0.258358,0.100000,0.600000,0.101120
-0.257658,0.100000,0.600000,0.101122
-0.256957,0.100000,0.600000,0.101125
-0.256256,0.100000,0.600000,0.101128
-0.255556,0.100000,0.600000,0.101130
-0.254855,0.100000,0.600000,0.101133
-0.254154,0.100000,0.600000,0.101135
-0.253453,0.100000,0.600000,0.101138
-0.252753,0.100000,0.600000,0.101141
-0.252052,0.100000,0.600000,0.101143
-0.251351,0.100000,0.600000,0.101146
-0.250651,0.100000,0.600000,0.101149
-0.249950,0.100000,0.600000,0.101152
-0.249249,0.100000,0.600000,0.101155
-0.248549,0.100000,0.600000,0.101158
-0.247848,0.100000,0.600000,0.101161
-0.247147,0.100000,0.600000,0.101164
-0.246446,0.100000,0.600000,0.101167
-0.245746,0.100000,0.600000,0.101170
-0.245045,0.100000,0.600000,0.101173
-0.244344,0.100000,0.600000,0.101176
-0.243644,0.100000,0.600000,0.101180
-0.242943,0.100000,0.600000,0.101183
-0.242242,0.100000,0.600000,0.101186
-0.241542,0.100000,0.600000,0.101190
-0.240841,0.100000,0.600000,0.101193
-0.240140,0.100000,0.600000,0.101197
-0.239439,0.100000,0.600000,0.101200
-0.238739,0.100000,0.600000,0.101204
-0.238038,0.100000,0.600000,0.101208
-0.237337,0.100000,0.600000,0.101211
-0.236637,0.100000,0.600000,0.101215
-0.235936,0.100000,0.600000,0.101219
-0.235235,0.100000,0.600000,0.101223
-0.234535,0.100000,0.600000,0.101227
-0.233834,0.100000,0.600000,0.101231
-0.233133,0.100000,0.600000,0.101235
-0.232432,0.100000,0.600000,0.101239
-0.231732,0.100000,0.600000,0.101243
-0.231031,0.100000,0.600000,0.101248
-0.230330,0.100000,0.600000,0.101252
-0.229630,0.100000,0.600000,0.101256
-0.228929,0.100000,0.600000,0.101261
-0.228228,0.100000,0.600000,0.101265
-0.227528,0.100000,0.600000,0.101270
-0.226827,0.100000,0.600000,0.101275
-0.226126,0.100000,0.600000,0.101279
-0.225425,0.100000,0.600000,0.101284
-0.224725,0.100000,0.600000,0.101289
-0.224024,0.100000,0.600000,0.101294
-0.223323,0.100000,0.600000,0.101299
-0.222623,0.100000,0.600000,0.101304
-0.221922,0.100000,0.600000,0.101309
-0.221221,0.100000,0.600000,0.101315
-0.220521,0.100000,0.600000,0.101320
-0.219820,0.100000,0.600000,0.101326
-0.219119,0.100000,0.600000,0.101331
-0.218418,0.100000,0.600000,0.101337
-0.217718,0.100000,0.600000,0.101343
-0.217017,0.100000,0.600000,0.101349
-0.216316,0.100000,0.600000,0.101354
-0.215616,0.100000,0.600000,0.101360
-0.214915,0.100000,0.600000,0.101367
-0.214214,0.100000,0.600000,0.101373
-0.213514,0.100000,0.600000,0.101379
-0.212813,0.100000,0.600000,0.101386
-0.212112,0.100000,0.600000,0.101392
-0.211411,0.100000,0.600000,0.101399
-0.210711,0.100000,0.600000,0.101406
-0.210010,0.100000,0.600000,0.101413
-0.209309,0.100000,0.600000,0.101420
-0.208609,0.100000,0.600000,0.101427
-0.207908,0.100000,0.600000,0.101434
-0.207207,0.100000,0.600000,0.101442
-0.206507,0.100000,0.600000,0.101449
-0.205806,0.100000,0.600000,0.101457
-0.205105,0.100000,0.600000,0.101465
-0.204404,0.100000,0.600000,0.101473
-0.203704,0.100000,0.600000,0.101481
-0.203003,0.100000,0.600000,0.101489
-0.202302,0.100000,0.600000,0.101497
-0.201602,0.100000,0.600000,0.101506
-0.200901,0.100000,0.600000,0.101514
-0.200200,0.100000,0.600000,0.101523
-0.199499,0.100000,0.600000,0.101532
-0.198799,0.100000,0.600000,0.101541
-0.198098,0.100000,0.600000,0.101551
-0.197397,0.100000,0.600000,0.101560
-0.196697,0.100000,0.600000,0.101570
-0.195996,0.100000,0.600000,0.101580
-0.195295,0.100000,0.600000,0.101590
-0.194595,0.100000,0.600000,0.101600
-0.193894,0.100000,0.600000,0.101611
-0.193193,0.100000,0.600000,0.101621
-0.192492,0.100000,0.600000,0.101632
-0.191792,0.100000,0.600000,0.101643
-0.191091,0.100000,0.600000,0.101654
-0.190390,0.100000,0.600000,0.101666
-0.189690,0.100000,0.600000,0.101677
-0.188989,0.100000,0.600000,0.101689
-0.188288,0.100000,0.600000,0.101701
-0.187588,0.100000,0.600000,0.101714
-0.186887,0.100000,0.600000,0.101726
-0.186186,0.100000,0.600000,0.101739
-0.185485,0.100000,0.600000,0.101752
-0.184785,0.100000,0.600000,0.101766
-0.184084,0.100000,0.600000,0.101780
-0.183383,0.100000,0.600000,0.101793
-0.182683,0.100000,0.600000,0.101808
-0.181982,0.100000,0.600000,0.101822
-0.181281,0.100000,0.600000,0.101837
-0.180581,0.100000,0.600000,0.101852
-0.179880,0.100000,0.600000,0.101867
-0.179179,0.100000,0.600000,0.101883
-0.178478,0.100000,0.600000,0.101899
-0.177778,0.100000,0.600000,0.101916
-0.177077,0.100000,0.600000,0.101932
-0.176376,0.100000,0.600000,0.101949
-0.175676,0.100000,0.600000,0.101967
-0.174975,0.100000,0.600000,0.101985
-0.174274,0.100000,0.600000,0.102003
-0.173574,0.100000,0.600000,0.102021
-0.172873,0.100000,0.600000,0.102040
-0.172172,0.100000,0.600000,0.102060
-0.171471,0.100000,0.600000,0.102079
-0.170771,0.100000,0.600000,0.102100
-0.170070,0.100000,0.600000,0.102120
-0.169369,0.100000,0.600000,0.102141
-0.168669,0.100000,0.600000,0.102163
-0.167968,0.100000,0.600000,0.102185
-0.167267,0.100000,0.600000,0.102208
-0.166567,0.100000,0.600000,0.102231
-0.165866,0.100000,0.600000,0.102254
-0.165165,0.100000,0.600000,0.102278
-0.164464,0.100000,0.600000,0.102303
-0.163764,0.100000,0.600000,0.102328
-0.163063,0.100000,0.600000,0.102354
-0.162362,0.100000,0.600000,0.102380
-0.161662,0.100000,0.600000,0.102407
-0.160961,0.100000,0.600000,0.102435
-0.160260,0.100000,0.600000,0.102463
-0.159560,0.100000,0.600000,0.102492
-0.158859,0.100000,0.600000,0.102521
-0.158158,0.100000,0.600000,0.102552
-0.157457,0.100000,0.600000,0.102583
-0.156757,0.100000,0.600000,0.102614
-0.156056,0.100000,0.600000,0.102647
-0.155355,0.100000,0.600000,0.102680
-0.154655,0.100000,0.600000,0.102714
-0.153954,0.100000,0.600000,0.102749
-0.153253,0.100000,0.600000,0.102784
-0.152553,0.100000,0.600000,0.102821
-0.151852,0.100000,0.600000,0.102858
-0.151151,0.100000,0.600000,0.102897
-0.150450,0.100000,0.600000,0.102936
-0.149750,0.100000,0.600000,0.102976
-0.149049,0.100000,0.600000,0.103017
-0.148348,0.100000,0.600000,0.103060
-0.147648,0.100000,0.600000,0.103103
-0.146947,0.100000,0.600000,0.103147
-0.146246,0.100000,0.600000,0.103193
-0.145546,0.100000,0.600000,0.103239
-0.144845,0.100000,0.600000,0.103287
-0.144144,0.100000,0.600000,0.103336
-0.143443,0.100000,0.600000,0.103386
-0.142743,0.100000,0.600000,0.103438
-0.142042,0.100000,0.600000,0.103491
-0.141341,0.100000,0.600000,0.103545
-0.140641,0.100000,0.600000,0.103600
-0.139940,0.100000,0.600000,0.103657
-0.139239,0.100000,0.600000,0.103716
-0.138539,0.100000,0.600000,0.103776
-0.137838,0.100000,0.600000,0.103837
-0.137137,0.100000,0.600000,0.103901
-0.136436,0.100000,0.600000,0.103965
-0.135736,0.100000,0.600000,0.104032
-0.135035,0.100000,0.600000,0.104100
-0.134334,0.100000,0.600000,0.104170
-0.133634,0.100000,0.600000,0.104242
-0.132933,0.100000,0.600000,0.104316
-0.132232,0.100000,0.600000,0.104391
-0.131532,0.100000,0.600000,0.104469
-0.130831,0.100000,0.600000,0.104549
-0.130130,0.100000,0.600000,0.104631
-0.129429,0.100000,0.600000,0.104715
-0.128729,0.100000,0.600000,0.104801
-0.128028,0.100000,0.600000,0.104890
-0.127327,0.100000,0.600000,0.104981
-0.126627,0.100000,0.600000,0.105075
-0.125926,0.100000,0.600000,0.105171
-0.125225,0.100000,0.600000,0.105270
-0.124525,0.100000,0.600000,0.105371
-0.123824,0.100000,0.600000,0.105475
-0.123123,0.100000,0.600000,0.105582
-0.122422,0.100000,0.600000,0.105692
-0.121722,0.100000,0.600000,0.105804
-0.121021,0.100000,0.600000,0.105920
-0.120320,0.100000,0.600000,0.106039
-0.119620,0.100000,0.600000,0.106162
-0.118919,0.100000,0.600000,0.106287
-0.118218,0.100000,0.600000,0.106416
-0.117518,0.100000,0.600000,0.106549
-0.116817,0.100000,0.600000,0.106685
-0.116116,0.100000,0.600000,0.106825
-0.115415,0.100000,0.600000,0.106968
-0.114715,0.100000,0.600000,0.107116
-0.114014,0.100000,0.600000,0.107267
-0.113313,0.100000,0.600000,0.107423
-0.112613,0.100000,0.600000,0.107583
-0.111912,0.100000,0.600000,0.107747
-0.111211,0.100000,0.600000,0.107916
-0.110511,0.100000,0.600000,0.108089
-0.109810,0.100000,0.600000,0.108267
-0.109109,0.100000,0.600000,0.108450
-0.108408,0.100000,0.600000,0.108638
-0.107708,0.100000,0.600000,0.108831
-0.107007,0.100000,0.600000,0.109029
-0.106306,0.100000,0.600000,0.109232
-0.105606,0.100000,0.600000,0.109441
-0.104905,0.100000,0.600000,0.109655
-0.104204,0.100000,0.600000,0.109875
-0.103504,0.100000,0.600000,0.110101
-0.102803,0.100000,0.600000,0.110333
-0.102102,0.100000,0.600000,0.110571
-0.101401,0.100000,0.600000,0.110815
-0.100701,0.100000,0.600000,0.111066
-0.100000,0.100000,0.600000,0.111323
-0.800000,0.100000,0.800000,0.100942
-0.799299,0.100000,0.800000,0.100942
-0.798599,0.100000,0.800000,0.100942
-0.797898,0.100000,0.800000,0.100942
-0.797197,0.100000,0.800000,0.100942
-0.796496,0.100000,0.800000,0.100942
-0.795796,0.100000,0.800000,0.100942
-0.795095,0.100000,0.800000,0.100942
-0.794394,0.100000,0.800000,0.100941
-0.793694,0.100000,0.800000,0.100941
-0.792993,0.100000,0.800000,0.100941
-0.792292,0.100000,0.800000,0.100941
-0.791592,0.100000,0.800000,0.100941
-0.790891,0.100000,0.800000,0.100941
-0.790190,0.100000,0.800000,0.100941
-0.789489,0.100000,0.800000,0.100941
-0.788789,0.100000,0.800000,0.100941
-0.788088,0.100000,0.800000,0.100941
-0.787387,0.100000,0.800000,0.100941
-0.786687,0.100000,0.800000,0.100941
-0.785986,0.100000,0.800000,0.100941
-0.785285,0.100000,0.800000,0.100941
-0.784585,0.100000,0.800000,0.100941
-0.783884,0.100000,0.800000,0.100941
-0.783183,0.100000,0.800000,0.100941
-0.782482,0.100000,0.800000,0.100941
-0.781782,0.100000,0.800000,0.100941
-0.781081,0.100000,0.800000,0.100941
-0.780380,0.100000,0.800000,0.100941
-0.779680,0.100000,0.800000,0.100941
-0.778979,0.100000,0.800000,0.100941
-0.778278,0.100000,0.800000,0.100941
-0.777578,0.100000,0.800000,0.100941
-0.776877,0.100000,0.800000,0.100941
-0.776176,0.100000,0.800000,0.100941
-0.775475,0.100000,0.800000,0.100941
-0.774775,0.100000,0.800000,0.100941
-0.774074,0.100000,0.800000,0.100941
-0.773373,0.100000,0.800000,0.100941
-0.772673,0.100000,0.800000,0.100941
-0.771972,0.100000,0.800000,0.100941
-0.771271,0.100000,0.800000,0.100941
-0.770571,0.100000,0.800000,0.100941
-0.769870,0.100000,0.800000,0.100941
-0.769169,0.100000,0.800000,0.100941
-0.768468,0.100000,0.800000,0.100941
-0.767768,0.100000,0.800000,0.100941
-0.767067,0.100000,0.800000,0.100940
-0.766366,0.100000,0.800000,0.100940
-0.765666,0.100000,0.800000,0.100940
-0.764965,0.100000,0.800000,0.100940
-0.764264,0.100000,0.800000,0.100940
-0.763564,0.100000,0.800000,0.100940
-0.762863,0.100000,0.800000,0.100940
-0.762162,0.100000,0.800000,0.100940
-0.761461,0.100000,0.800000,0.100940
-0.760761,0.100000,0.800000,0.100940
-0.760060,0.100000,0.800000,0.100940
-0.759359,0.100000,0.800000,0.100940
-0.758659,0.100000,0.800000,0.100940
-0.757958,0.100000,0.800000,0.100940
-0.757257,0.100000,0.800000,0.100940
-0.756557,0.100000,0.800000,0.100940
-0.755856,0.100000,0.800000,0.100940
-0.755155,0.100000,0.800000,0.100940
-0.754454,0.100000,0.800000,0.100940
-0.753754,0.100000,0.800000,0.100940
-0.753053,0.100000,0.800000,0.100940
-0.752352,0.100000,0.800000,0.100940
-0.751652,0.100000,0.800000,0.100940
-0.750951,0.100000,0.800000,0.100940
-0.750250,0.100000,0.800000,0.100940
-0.749550,0.100000,0.800000,0.100940
-0.748849,0.100000,0.800000,0.100940
-0.748148,0.100000,0.800000,0.100940
-0.747447,0.100000,0.800000,0.100940
-0.746747,0.100000,0.800000,0.100940
-0.746046,0.100000,0.800000,0.100940
-0.745345,0.100000,0.800000,0.100940
-0.744645,0.100000,0.800000,0.100940
-0.743944,0.100000,0.800000,0.100940
-0.743243,0.100000,0.800000,0.100940
-0.742543,0.100000,0.800000,0.100940
-0.741842,0.100000,0.800000,0.100940
-0.741141,0.100000,0.800000,0.100939
-0.740440,0.100000,0.800000,0.100939
-0.739740,0.100000,0.800000,0.100939
-0.739039,0.100000,0.800000,0.100939
-0.738338,0.100000,0.800000,0.100939
-0.737638,0.100000,0.800000,0.100939
-0.736937,0.100000,0.800000,0.100939
-0.736236,0.100000,0.800000,0.100939
-0.735536,0.100000,0.800000,0.100939
-0.734835,0.100000,0.800000,0.100939
-0.734134,0.100000,0.800000,0.100939
-0.733433,0.100000,0.800000,0.100939
-0.732733,0.100000,0.800000,0.100939
-0.732032,0.100000,0.800000,0.100939
-0.731331,0.100000,0.800000,0.100939
-0.730631,0.100000,0.800000,0.100939
-0.729930,0.100000,0.800000,0.100939
-0.729229,0.100000,0.800000,0.100939
-0.728529,0.100000,0.800000,0.100939
-0.727828,0.100000,0.800000,0.100939
-0.727127,0.100000,0.800000,0.100939
-0.726426,0.100000,0.800000,0.100939
-0.725726,0.100000,0.800000,0.100939
-0.725025,0.100000,0.800000,0.100939
-0.724324,0.100000,0.800000,0.100939
-0.723624,0.100000,0.800000,0.100939
-0.722923,0.100000,0.800000,0.100939
-0.722222,0.100000,0.800000,0.100939
-0.721522,0.100000,0.800000,0.100939
-0.720821,0.100000,0.800000,0.100939
-0.720120,0.100000,0.800000,0.100939
-0.719419,0.100000,0.800000,0.100939
-0.718719,0.100000,0.800000,0.100939
-0.718018,0.100000,0.800000,0.100939
-0.717317,0.100000,0.800000,0.100939
-0.716617,0.100000,0.800000,0.100939
-0.715916,0.100000,0.800000,0.100939
-0.715215,0.100000,0.800000,0.100938
-0.714515,0.100000,0.800000,0.100938
-0.713814,0.100000,0.800000,0.100938
-0.713113,0.100000,0.800000,0.100938
-0.712412,0.100000,0.800000,0.100938
-0.711712,0.100000,0.800000,0.100938
-0.711011,0.100000,0.800000,0.100938
-0.710310,0.100000,0.800000,0.100938
-0.709610,0.100000,0.800000,0.100938
-0.708909,0.100000,0.800000,0.100938
-0.708208,0.100000,0.800000,0.100938
-0.707508,0.100000,0.800000,0.100938
-0.706807,0.100000,0.800000,0.100938
-0.706106,0.100000,0.800000,0.100938
-0.705405,0.100000,0.800000,0.100938
-0.704705,0.100000,0.800000,0.100938
-0.704004,0.100000,0.800000,0.100938
-0.703303,0.100000,0.800000,0.100938
-0.702603,0.100000,0.800000,0.100938
-0.701902,0.100000,0.800000,0.100938
-0.701201,0.100000,0.800000,0.100938
-0.700501,0.100000,0.800000,0.100938
-0.699800,0.100000,0.800000,0.100938
-0.699099,0.100000,0.800000,0.100938
-0.698398,0.100000,0.800000,0.100938
-0.697698,0.100000,0.800000,0.100938
-0.696997,0.100000,0.800000,0.100938
-0.696296,0.100000,0.800000,0.100938
-0.695596,0.100000,0.800000,0.100938
-0.694895,0.100000,0.800000,0.100938
-0.694194,0.100000,0.800000,0.100938
-0.693493,0.100000,0.800000,0.100938
-0.692793,0.100000,0.800000,0.100938
-0.692092,0.100000,0.800000,0.100938
-0.691391,0.100000,0.800000,0.100937
-0.690691,0.100000,0.800000,0.100937
-0.689990,0.100000,0.800000,0.100937
-0.689289,0.100000,0.800000,0.100937
-0.688589,0.100000,0.800000,0.100937
-0.687888,0.100000,0.800000,0.100937
-0.687187,0.100000,0.800000,0.100937
-0.686486,0.100000,0.800000,0.100937
-0.685786,0.100000,0.800000,0.100937
-0.685085,0.100000,0.800000,0.100937
-0.684384,0.100000,0.800000,0.100937
-0.683684,0.100000,0.800000,0.100937
-0.682983,0.100000,0.800000,0.100937
-0.682282,0.100000,0.800000,0.100937
-0.681582,0.100000,0.800000,0.100937
-0.680881,0.100000,0.800000,0.100937
-0.680180,0.100000,0.800000,0.100937
-0.679479,0.100000,0.800000,0.100937
-0.678779,0.100000,0.800000,0.100937
-0.678078,0.100000,0.800000,0.100937
-0.677377,0.100000,0.800000,0.100937
-0.676677,0.100000,0.800000,0.100937
-0.675976,0.100000,0.800000,0.100937
-0.675275,0.100000,0.800000,0.100937
-0.674575,0.100000,0.800000,0.100937
-0.673874,0.100000,0.800000,0.100937
-0.673173,0.100000,0.800000,0.100937
-0.672472,0.100000,0.800000,0.100937
-0.671772,0.100000,0.800000,0.100937
-0.671071,0.100000,0.800000,0.100937
-0.670370,0.100000,0.800000,0.100937
-0.669670,0.100000,0.800000,0.100937
-0.668969,0.100000,0.800000,0.100937
-0.668268,0.100000,0.800000,0.100937
-0.667568,0.100000,0.800000,0.100936
-0.666867,0.100000,0.800000,0.100936
-0.666166,0.100000,0.800000,0.100936
-0.665465,0.100000,0.800000,0.100936
-0.664765,0.100000,0.800000,0.100936
-0.664064,0.100000,0.800000,0.100936
-0.663363,0.100000,0.800000,0.100936
-0.662663,0.100000,0.800000,0.100936
-0.661962,0.100000,0.800000,0.100936
-0.661261,0.100000,0.800000,0.100936
-0.660561,0.100000,0.800000,0.100936
-0.659860,0.100000,0.800000,0.100936
-0.659159,0.100000,0.800000,0.100936
-0.658458,0.100000,0.800000,0.100936
-0.657758,0.100000,0.800000,0.100936
-0.657057,0.100000,0.800000,0.100936
-0.656356,0.100000,0.800000,0.100936
-0.655656,0.100000,0.800000,0.100936
-0.654955,0.100000,0.800000,0.100936
-0.654254,0.100000,0.800000,0.100936
-0.653554,0.100000,0.800000,0.100936
-0.652853,0.100000,0.800000,0.100936
-0.652152,0.100000,0.800000,0.100936
-0.651451,0.100000,0.800000,0.100936
-0.650751,0.100000,0.800000,0.100936
-0.650050,0.100000,0.800000,0.100936
-0.649349,0.100000,0.800000,0.100936
-0.648649,0.100000,0.800000,0.100936
-0.647948,0.100000,0.800000,0.100936
-0.647247,0.100000,0.800000,0.100936
-0.646547,0.100000,0.800000,0.100936
-0.645846,0.100000,0.800000,0.100936
-0.645145,0.100000,0.800000,0.100936
-0.644444,0.100000,0.800000,0.100936
-0.643744,0.100000,0.800000,0.100936
-0.643043,0.100000,0.800000,0.100936
-0.642342,0.100000,0.800000,0.100935
-0.641642,0.100000,0.800000,0.100935
-0.640941,0.100000,0.800000,0.100935
-0.640240,0.100000,0.800000,0.100935
-0.639540,0.100000,0.800000,0.100935
-0.638839,0.100000,0.800000,0.100935
-0.638138,0.100000,0.800000,0.100935
-0.637437,0.100000,0.800000,0.100935
-0.636737,0.100000,0.800000,0.100935
-0.636036,0.100000,0.800000,0.100935
-0.635335,0.100000,0.800000,0.100935
-0.634635,0.100000,0.800000,0.100935
-0.633934,0.100000,0.800000,0.100935
-0.633233,0.100000,0.800000,0.100935
-0.632533,0.100000,0.800000,0.100935
-0.631832,0.100000,0.800000,0.100935
-0.631131,0.100000,0.800000,0.100935
-0.630430,0.100000,0.800000,0.100935
-0.629730,0.100000,0.800000,0.100935
-0.629029,0.100000,0.800000,0.100935
-0.628328,0.100000,0.800000,0.100935
-0.627628,0.100000,0.800000,0.100935
-0.626927,0.100000,0.800000,0.100935
-0.626226,0.100000,0.800000,0.100935
-0.625526,0.100000,0.800000,0.100935
-0.624825,0.100000,0.800000,0.100935
-0.624124,0.100000,0.800000,0.100935
-0.623423,0.100000,0.800000,0.100935
-0.622723,0.100000,0.800000,0.100935
-0.622022,0.100000,0.800000,0.100935
-0.621321,0.100000,0.800000,0.100935
-0.620621,0.100000,0.800000,0.100935
-0.619920,0.100000,0.800000,0.100935
-0.619219,0.100000,0.800000,0.100935
-0.618519,0.100000,0.800000,0.100935
-0.617818,0.100000,0.800000,0.100935
-0.617117,0.100000,0.800000,0.100934
-0.616416,0.100000,0.800000,0.100934
-0.615716,0.100000,0.800000,0.100934
-0.615015,0.100000,0.800000,0.100934
-0.614314,0.100000,0.800000,0.100934
-0.613614,0.100000,0.800000,0.100934
-0.612913,0.100000,0.800000,0.100934
-0.612212,0.100000,0.800000,0.100934
-0.611512,0.100000,0.800000,0.100934
-0.610811,0.100000,0.800000,0.100934
-0.610110,0.100000,0.800000,0.100934
-0.609409,0.100000,0.800000,0.100934
-0.608709,0.100000,0.800000,0.100934
-0.608008,0.100000,0.800000,0.100934
-0.607307,0.100000,0.800000,0.100934
-0.606607,0.100000,0.800000,0.100934
-0.605906,0.100000,0.800000,0.100934
-0.605205,0.100000,0.800000,0.100934
-0.604505,0.100000,0.800000,0.100934
-0.603804,0.100000,0.800000,0.100934
-0.603103,0.100000,0.800000,0.100934
-0.602402,0.100000,0.800000,0.100934
-0.601702,0.100000,0.800000,0.100934
-0.601001,0.100000,0.800000,0.100934
-0.600300,0.100000,0.800000,0.100934
-0.599600,0.100000,0.800000,0.100934
-0.598899,0.100000,0.800000,0.100934
-0.598198,0.100000,0.800000,0.100934
-0.597497,0.100000,0.800000,0.100934
-0.596797,0.100000,0.800000,0.100934
-0.596096,0.100000,0.800000,0.100934
-0.595395,0.100000,0.800000,0.100934
-0.594695,0.100000,0.800000,0.100934
-0.593994,0.100000,0.800000,0.100934
-0.593293,0.100000,0.800000,0.100934
-0.592593,0.100000,0.800000,0.100934
-0.591892,0.100000,0.800000,0.100934
-0.591191,0.100000,0.800000,0.100934
-0.590490,0.100000,0.800000,0.100934
-0.589790,0.100000,0.800000,0.100934
-0.589089,0.100000,0.800000,0.100933
-0.588388,0.100000,0.800000,0.100933
-0.587688,0.100000,0.800000,0.100933
-0.586987,0.100000,0.800000,0.100933
-0.586286,0.100000,0.800000,0.100933
-0.585586,0.100000,0.800000,0.100933
-0.584885,0.100000,0.800000,0.100933
-0.584184,0.100000,0.800000,0.100933
-0.583483,0.100000,0.800000,0.100933
-0.582783,0.100000,0.800000,0.100933
-0.582082,0.100000,0.800000,0.100933
-0.581381,0.100000,0.800000,0.100933
-0.580681,0.100000,0.800000,0.100933
-0.579980,0.100000,0.800000,0.100933
-0.579279,0.100000,0.800000,0.100933
-0.578579,0.100000,0.800000,0.100933
-0.577878,0.100000,0.800000,0.100933
-0.577177,0.100000,0.800000,0.100933
-0.576476,0.100000,0.800000,0.100933
-0.575776,0.100000,0.800000,0.100933
-0.575075,0.100000,0.800000,0.100933
-0.574374,0.100000,0.800000,0.100933
-0.573674,0.100000,0.800000,0.100933
-0.572973,0.100000,0.800000,0.100933
-0.572272,0.100000,0.800000,0.100933
-0.571572,0.100000,0.800000,0.100933
-0.570871,0.100000,0.800000,0.100933
-0.570170,0.100000,0.800000,0.100933
-0.569469,0.100000,0.800000,0.100933
-0.568769,0.100000,0.800000,0.100933
-0.568068,0.100000,0.800000,0.100933
-0.567367,0.100000,0.800000,0.100933
-0.566667,0.100000,0.800000,0.100933
-0.565966,0.100000,0.800000,0.100933
-0.565265,0.100000,0.800000,0.100933
-0.564565,0.100000,0.800000,0.100933
-0.563864,0.100000,0.800000,0.100933
-0.563163,0.100000,0.800000,0.100933
-0.562462,0.100000,0.800000,0.100933
-0.561762,0.100000,0.800000,0.100933
-0.561061,0.100000,0.800000,0.100933
-0.560360,0.100000,0.800000,0.100933
-0.559660,0.100000,0.800000,0.100933
-0.558959,0.100000,0.800000,0.100933
-0.558258,0.100000,0.800000,0.100933
-0.557558,0.100000,0.800000,0.100933
-0.556857,0.100000,0.800000,0.100933
-0.556156,0.100000,0.800000,0.100933
-0.555455,0.100000,0.800000,0.100933
-0.554755,0.100000,0.800000,0.100933
-0.554054,0.100000,0.800000,0.100933
-0.553353,0.100000,0.800000,0.100933
-0.552653,0.100000,0.800000,0.100933
-0.551952,0.100000,0.800000,0.100933
-0.551251,0.100000,0.800000,0.100933
-0.550551,0.100000,0.800000,0.100932
-0.549850,0.100000,0.800000,0.100932
-0.549149,0.100000,0.800000,0.100932
-0.548448,0.100000,0.800000,0.100932
-0.547748,0.100000,0.800000,0.100932
-0.547047,0.100000,0.800000,0.100932
-0.546346,0.100000,0.800000,0.100932
-0.545646,0.100000,0.800000,0.100932
-0.544945,0.100000,0.800000,0.100932
-0.544244,0.100000,0.800000,0.100932
-0.543544,0.100000,0.800000,0.100932
-0.542843,0.100000,0.800000,0.100932
-0.542142,0.100000,0.800000,0.100932
-0.541441,0.100000,0.800000,0.100932
-0.540741,0.100000,0.800000,0.100932
-0.540040,0.100000,0.800000,0.100932
-0.539339,0.100000,0.800000,0.100932
-0.538639,0.100000,0.800000,0.100932
-0.537938,0.100000,0.800000,0.100932
-0.537237,0.100000,0.800000,0.100932
-0.536537,0.100000,0.800000,0.100932
-0.535836,0.100000,0.800000,0.100932
-0.535135,0.100000,0.800000,0.100932
-0.534434,0.100000,0.800000,0.100932
-0.533734,0.100000,0.800000,0.100932
-0.533033,0.100000,0.800000,0.100932
-0.532332,0.100000,0.800000,0.100932
-0.531632,0.100000,0.800000,0.100932
-0.530931,0.100000,0.800000,0.100932
-0.530230,0.100000,0.800000,0.100932
-0.529530,0.100000,0.800000,0.100932
-0.528829,0.100000,0.800000,0.100932
-0.528128,0.100000,0.800000,0.100932
-0.527427,0.100000,0.800000,0.100932
-0.526727,0.100000,0.800000,0.100932
-0.526026,0.100000,0.800000,0.100932
-0.525325,0.100000,0.800000,0.100932
-0.524625,0.100000,0.800000,0.100932
-0.523924,0.100000,0.800000,0.100932
-0.523223,0.100000,0.800000,0.100932
-0.522523,0.100000,0.800000,0.100932
-0.521822,0.100000,0.800000,0.100932
-0.521121,0.100000,0.800000,0.100932
-0.520420,0.100000,0.800000,0.100932
-0.519720,0.100000,0.800000,0.100932
-0.519019,0.100000,0.800000,0.100932
-0.518318,0.100000,0.800000,0.100932
-0.517618,0.100000,0.800000,0.100932
-0.516917,0.100000,0.800000,0.100932
-0.516216,0.100000,0.800000,0.100932
-0.515516,0.100000,0.800000,0.100932
-0.514815,0.100000,0.800000,0.100932
-0.514114,0.100000,0.800000,0.100932
-0.513413,0.100000,0.800000,0.100932
-0.512713,0.100000,0.800000,0.100932
-0.512012,0.100000,0.800000,0.100932
-0.511311,0.100000,0.800000,0.100932
-0.510611,0.100000,0.800000,0.100932
-0.509910,0.100000,0.800000,0.100932
-0.509209,0.100000,0.800000,0.100932
-0.508509,0.100000,0.800000,0.100932
-0.507808,0.100000,0.800000,0.100932
-0.507107,0.100000,0.800000,0.100932
-0.506406,0.100000,0.800000,0.100932
-0.505706,0.100000,0.800000,0.100932
-0.505005,0.100000,0.800000,0.100932
-0.504304,0.100000,0.800000,0.100932
-0.503604,0.100000,0.800000,0.100932
-0.502903,0.100000,0.800000,0.100932
-0.502202,0.100000,0.800000,0.100932
-0.501502,0.100000,0.800000,0.100932
-0.500801,0.100000,0.800000,0.100932
-0.500100,0.100000,0.800000,0.100932
-0.499399,0.100000,0.800000,0.100933
-0.498699,0.100000,0.800000,0.100933
-0.497998,0.100000,0.800000,0.100933
-0.497297,0.100000,0.800000,0.100933
-0.496597,0.100000,0.800000,0.100933
-0.495896,0.100000,0.800000,0.100933
-0.495195,0.100000,0.800000,0.100933
-0.494494,0.100000,0.800000,0.100933
-0.493794,0.100000,0.800000,0.100933
-0.493093,0.100000,0.800000,0.100933
-0.492392,0.100000,0.800000,0.100933
-0.491692,0.100000,0.800000,0.100933
-0.490991,0.100000,0.800000,0.100933
-0.490290,0.100000,0.800000,0.100933
-0.489590,0.100000,0.800000,0.100933
-0.488889,0.100000,0.800000,0.100933
-0.488188,0.100000,0.800000,0.100933
-0.487487,0.100000,0.800000,0.100933
-0.486787,0.100000,0.800000,0.100933
-0.486086,0.100000,0.800000,0.100933
-0.485385,0.100000,0.800000,0.100933
-0.484685,0.100000,0.800000,0.100933
-0.483984,0.100000,0.800000,0.100933
-0.483283,0.100000,0.800000,0.100933
-0.482583,0.100000,0.800000,0.100933
-0.481882,0.100000,0.800000,0.100933
-0.481181,0.100000,0.800000,0.100933
-0.480480,0.100000,0.800000,0.100933
-0.479780,0.100000,0.800000,0.100933
-0.479079,0.100000,0.800000,0.100933
-0.478378,0.100000,0.800000,0.100933
-0.477678,0.100000,0.800000,0.100933
-0.476977,0.100000,0.800000,0.100933
-0.476276,0.100000,0.800000,0.100933
-0.475576,0.100000,0.800000,0.100933
-0.474875,0.100000,0.800000,0.100934
-0.474174,0.100000,0.800000,0.100934
-0.473473,0.100000,0.800000,0.100934
-0.472773,0.100000,0.800000,0.100934
-0.472072,0.100000,0.800000,0.100934
-0.471371,0.100000,0.800000,0.100934
-0.470671,0.100000,0.800000,0.100934
-0.469970,0.100000,0.800000,0.100934
-0.469269,0.100000,0.800000,0.100934
-0.468569,0.100000,0.800000,0.100934
-0.467868,0.100000,0.800000,0.100934
-0.467167,0.100000,0.800000,0.100934
-0.466466,0.100000,0.800000,0.100934
-0.465766,0.100000,0.800000,0.100934
-0.465065,0.100000,0.800000,0.100934
-0.464364,0.100000,0.800000,0.100934
-0.463664,0.100000,0.800000,0.100934
-0.462963,0.100000,0.800000,0.100934
-0.462262,0.100000,0.800000,0.100934
-0.461562,0.100000,0.800000,0.100934
-0.460861,0.100000,0.800000,0.100935
-0.460160,0.100000,0.800000,0.100935
-0.459459,0.100000,0.800000,0.100935
-0.458759,0.100000,0.800000,0.100935
-0.458058,0.100000,0.800000,0.100935
-0.457357,0.100000,0.800000,0.100935
-0.456657,0.100000,0.800000,0.100935
-0.455956,0.100000,0.800000,0.100935
-0.455255,0.100000,0.800000,0.100935
-0.454555,0.100000,0.800000,0.100935
-0.453854,0.100000,0.800000,0.100935
-0.453153,0.100000,0.800000,0.100935
-0.452452,0.100000,0.800000,0.100935
-0.451752,0.100000,0.800000,0.100935
-0.451051,0.100000,0.800000,0.100936
-0.450350,0.100000,0.800000,0.100936
-0.449650,0.100000,0.800000,0.100936
-0.448949,0.100000,0.800000,0.100936
-0.448248,0.100000,0.800000,0.100936
-0.447548,0.100000,0.800000,0.100936
-0.446847,0.100000,0.800000,0.100936
-0.446146,0.100000,0.800000,0.100936
-0.445445,0.100000,0.800000,0.100936
-0.444745,0.100000,0.800000,0.100936
-0.444044,0.100000,0.800000,0.100936
-0.443343,0.100000,0.800000,0.100936
-0.442643,0.100000,0.800000,0.100937
-0.441942,0.100000,0.800000,0.100937
-0.441241,0.100000,0.800000,0.100937
-0.440541,0.100000,0.800000,0.100937
-0.439840,0.100000,0.800000,0.100937
-0.439139,0.100000,0.800000,0.100937
-0.438438,0.100000,0.800000,0.100937
-0.437738,0.100000,0.800000,0.100937
-0.437037,0.100000,0.800000,0.100937
-0.436336,0.100000,0.800000,0.100937
-0.435636,0.100000,0.800000,0.100938
-0.434935,0.100000,0.800000,0.100938
-0.434234,0.100000,0.800000,0.100938
-0.433534,0.100000,0.800000,0.100938
-0.432833,0.100000,0.800000,0.100938
-0.432132,0.100000,0.800000,0.100938
-0.431431,0.100000,0.800000,0.100938
-0.430731,0.100000,0.800000,0.100938
-0.430030,0.100000,0.800000,0.100938
-0.429329,0.100000,0.800000,0.100939
-0.428629,0.100000,0.800000,0.100939
-0.427928,0.100000,0.800000,0.100939
-0.427227,0.100000,0.800000,0.100939
-0.426527,0.100000,0.800000,0.100939
-0.425826,0.100000,0.800000,0.100939
-0.425125,0.100000,0.800000,0.100939
-0.424424,0.100000,0.800000,0.100940
-0.423724,0.100000,0.800000,0.100940
-0.423023,0.100000,0.800000,0.100940
-0.422322,0.100000,0.800000,0.100940
-0.421622,0.100000,0.800000,0.100940
-0.420921,0.100000,0.800000,0.100940
-0.420220,0.100000,0.800000,0.100940
-0.419520,0.100000,0.800000,0.100940
-0.418819,0.100000,0.800000,0.100941
-0.418118,0.100000,0.800000,0.100941
-0.417417,0.100000,0.800000,0.100941
-0.416717,0.100000,0.800000,0.100941
-0.416016,0.100000,0.800000,0.100941
-0.415315,0.100000,0.800000,0.100941
-0.414615,0.100000,0.800000,0.100942
-0.413914,0.100000,0.800000,0.100942
-0.413213,0.100000,0.800000,0.100942
-0.412513,0.100000,0.800000,0.100942
-0.411812,0.100000,0.800000,0.100942
-0.411111,0.100000,0.800000,0.100942
-0.410410,0.100000,0.800000,0.100943
-0.409710,0.100000,0.800000,0.100943
-0.409009,0.100000,0.800000,0.100943
-0.408308,0.100000,0.800000,0.100943
-0.407608,0.100000,0.800000,0.100943
-0.406907,0.100000,0.800000,0.100943
-0.406206,0.100000,0.800000,0.100944
-0.405506,0.100000,0.800000,0.100944
-0.404805,0.100000,0.800000,0.100944
-0.404104,0.100000,0.800000,0.100944
-0.403403,0.100000,0.800000,0.100944
-0.402703,0.100000,0.800000,0.100945
-0.402002,0.100000,0.800000,0.100945
-0.401301,0.100000,0.800000,0.100945
-0.400601,0.100000,0.800000,0.100945
-0.399900,0.100000,0.800000,0.100945
-0.399199,0.100000,0.800000,0.100946
-0.398498,0.100000,0.800000,0.100946
-0.397798,0.100000,0.800000,0.100946
-0.397097,0.100000,0.800000,0.100946
-0.396396,0.100000,0.800000,0.100947
-0.395696,0.100000,0.800000,0.100947
-0.394995,0.100000,0.800000,0.100947
-0.394294,0.100000,0.800000,0.100947
-0.393594,0.100000,0.800000,0.100947
-0.392893,0.100000,0.800000,0.100948
-0.392192,0.100000,0.800000,0.100948
-0.391491,0.100000,0.800000,0.100948
-0.390791,0.100000,0.800000,0.100948
-0.390090,0.100000,0.800000,0.100949
-0.389389,0.100000,0.800000,0.100949
-0.388689,0.100000,0.800000,0.100949
-0.387988,0.100000,0.800000,0.100950
-0.387287,0.100000,0.800000,0.100950
-0.386587,0.100000,0.800000,0.100950
-0.385886,0.100000,0.800000,0.100950
-0.385185,0.100000,0.800000,0.100951
-0.384484,0.100000,0.800000,0.100951
-0.383784,0.100000,0.800000,0.100951
-0.383083,0.100000,0.800000,0.100951
-0.382382,0.100000,0.800000,0.100952
-0.381682,0.100000,0.800000,0.100952
-0.380981,0.100000,0.800000,0.100952
-0.380280,0.100000,0.800000,0.100953
-0.379580,0.100000,0.800000,0.100953
-0.378879,0.100000,0.800000,0.100953
-0.378178,0.100000,0.800000,0.100954
-0.377477,0.100000,0.800000,0.100954
-0.376777,0.100000,0.800000,0.100954
-0.376076,0.100000,0.800000,0.100954
-0.375375,0.100000,0.800000,0.100955
-0.374675,0.100000,0.800000,0.100955
-0.373974,0.100000,0.800000,0.100955
-0.373273,0.100000,0.800000,0.100956
-0.372573,0.100000,0.800000,0.100956
-0.371872,0.100000,0.800000,0.100956
-0.371171,0.100000,0.800000,0.100957
-0.370470,0.100000,0.800000,0.100957
-0.369770,0.100000,0.800000,0.100958
-0.369069,0.100000,0.800000,0.100958
-0.368368,0.100000,0.800000,0.100958
-0.367668,0.100000,0.800000,0.100959
-0.366967,0.100000,0.800000,0.100959
-0.366266,0.100000,0.800000,0.100959
-0.365566,0.100000,0.800000,0.100960
-0.364865,0.100000,0.800000,0.100960
-0.364164,0.100000,0.800000,0.100961
-0.363463,0.100000,0.800000,0.100961
-0.362763,0.100000,0.800000,0.100961
-0.362062,0.100000,0.800000,0.100962
-0.361361,0.100000,0.800000,0.100962
-0.360661,0.100000,0.800000,0.100963
-0.359960,0.100000,0.800000,0.100963
-0.359259,0.100000,0.800000,0.100963
-0.358559,0.100000,0.800000,0.100964
-0.357858,0.100000,0.800000,0.100964
-0.357157,0.100000,0.800000,0.100965
-0.356456,0.100000,0.800000,0.100965
-0.355756,0.100000,0.800000,0.100966
-0.355055,0.100000,0.800000,0.100966
-0.354354,0.100000,0.800000,0.100966
-0.353654,0.100000,0.800000,0.100967
-0.352953,0.100000,0.800000,0.100967
-0.352252,0.100000,0.800000,0.100968
-0.351552,0.100000,0.800000,0.100968
-0.350851,0.100000,0.800000,0.100969
-0.350150,0.100000,0.800000,0.100969
-0.349449,0.100000,0.800000,0.100970
-0.348749,0.100000,0.800000,0.100970
-0.348048,0.100000,0.800000,0.100971
-0.347347,0.100000,0.800000,0.100971
-0.346647,0.100000,0.800000,0.100972
-0.345946,0.100000,0.800000,0.100972
-0.345245,0.100000,0.800000,0.100973
-0.344545,0.100000,0.800000,0.100974
-0.343844,0.100000,0.800000,0.100974
-0.343143,0.100000,0.800000,0.100975
-0.342442,0.100000,0.800000,0.100975
-0.341742,0.100000,0.800000,0.100976
-0.341041,0.100000,0.800000,0.100976
-0.340340,0.100000,0.800000,0.100977
-0.339640,0.100000,0.800000,0.100977
-0.338939,0.100000,0.800000,0.100978
-0.338238,0.100000,0.800000,0.100979
-0.337538,0.100000,0.800000,0.100979
-0.336837,0.100000,0.800000,0.100980
-0.336136,0.100000,0.800000,0.100981
-0.335435,0.100000,0.800000,0.100981
-0.334735,0.100000,0.800000,0.100982
-0.334034,0.100000,0.800000,0.100982
-0.333333,0.100000,0.800000,0.100983
-0.332633,0.100000,0.800000,0.100984
-0.331932,0.100000,0.800000,0.100984
-0.331231,0.100000,0.800000,0.100985
-0.330531,0.100000,0.800000,0.100986
-0.329830,0.100000,0.800000,0.100987
-0.329129,0.100000,0.800000,0.100987
-0.328428,0.100000,0.800000,0.100988
-0.327728,0.100000,0.800000,0.100989
-0.327027,0.100000,0.800000,0.100989
-0.326326,0.100000,0.800000,0.100990
-0.325626,0.100000,0.800000,0.100991
-0.324925,0.100000,0.800000,0.100992
-0.324224,0.100000,0.800000,0.100992
-0.323524,0.100000,0.800000,0.100993
-0.322823,0.100000,0.800000,0.100994
-0.322122,0.100000,0.800000,0.100995
-0.321421,0.100000,0.800000,0.100995
-0.320721,0.100000,0.800000,0.100996
-0.320020,0.100000,0.800000,0.100997
-0.319319,0.100000,0.800000,0.100998
-0.318619,0.100000,0.800000,0.100999
-0.317918,0.100000,0.800000,0.101000
-0.317217,0.100000,0.800000,0.101000
-0.316517,0.100000,0.800000,0.101001
-0.315816,0.100000,0.800000,0.101002
-0.315115,0.100000,0.800000,0.101003
-0.314414,0.100000,0.800000,0.101004
-0.313714,0.100000,0.800000,0.101005
-0.313013,0.100000,0.800000,0.101006
-0.312312,0.100000,0.800000,0.101007
-0.311612,0.100000,0.800000,0.101008
-0.310911,0.100000,0.800000,0.101009
-0.310210,0.100000,0.800000,0.101010
-0.309510,0.100000,0.800000,0.101011
-0.308809,0.100000,0.800000,0.101012
-0.308108,0.100000,0.800000,0.101013
-0.307407,0.100000,0.800000,0.101014
-0.306707,0.100000,0.800000,0.101015
-0.306006,0.100000,0.800000,0.101016
-0.305305,0.100000,0.800000,0.101017
-0.304605,0.100000,0.800000,0.101018
-0.303904,0.100000,0.800000,0.101019
-0.303203,0.100000,0.800000,0.101020
-0.302503,0.100000,0.800000,0.101021
-0.301802,0.100000,0.800000,0.101022
-0.301101,0.100000,0.800000,0.101023
-0.300400,0.100000,0.800000,0.101024
-0.299700,0.100000,0.800000,0.101026
-0.298999,0.100000,0.800000,0.101027
-0.298298,0.100000,0.800000,0.101028
-0.297598,0.100000,0.800000,0.101029
-0.296897,0.100000,0.800000,0.101030
-0.296196,0.100000,0.800000,0.101032
-0.295495,0.100000,0.800000,0.101033
-0.294795,0.100000,0.800000,0.101034
-0.294094,0.100000,0.800000,0.101035
-0.293393,0.100000,0.800000,0.101037
-0.292693,0.100000,0.800000,0.101038
-0.291992,0.100000,0.800000,0.101039
-0.291291,0.100000,0.800000,0.101041
-0.290591,0.100000,0.800000,0.101042
-0.289890,0.100000,0.800000,0.101043
-0.289189,0.100000,0.800000,0.101045
-0.288488,0.100000,0.800000,0.101046
-0.287788,0.100000,0.800000,0.101048
-0.287087,0.100000,0.800000,0.101049
-0.286386,0.100000,0.800000,0.101051
-0.285686,0.100000,0.800000,0.101052
-0.284985,0.100000,0.800000,0.101054
-0.284284,0.100000,0.800000,0.101055
-0.283584,0.100000,0.800000,0.101057
-0.282883,0.100000,0.800000,0.101058
-0.282182,0.100000,0.800000,0.101060
-0.281481,0.100000,0.800000,0.101061
-0.280781,0.100000,0.800000,0.101063
-0.280080,0.100000,0.800000,0.101065
-0.279379,0.100000,0.800000,0.101066
-0.278679,0.100000,0.800000,0.101068
-0.277978,0.100000,0.800000,0.101070
-0.277277,0.100000,0.800000,0.101071
-0.276577,0.100000,0.800000,0.101073
-0.275876,0.100000,0.800000,0.101075
-0.275175,0.100000,0.800000,0.101077
-0.274474,0.100000,0.800000,0.101079
-0.273774,0.100000,0.800000,0.101080
-0.273073,0.100000,0.800000,0.101082
-0.272372,0.100000,0.800000,0.101084
-0.271672,0.100000,0.800000,0.101086
-0.270971,0.100000,0.800000,0.101088
-0.270270,0.100000,0.800000,0.101090
-0.269570,0.100000,0.800000,0.101092
-0.268869,0.100000,0.800000,0.101094
-0.268168,0.100000,0.800000,0.101096
-0.267467,0.100000,0.800000,0.101098
-0.266767,0.100000,0.800000,0.101100
-0.266066,0.100000,0.800000,0.101102
-0.265365,0.100000,0.800000,0.101104
-0.264665,0.100000,0.800000,0.101107
-0.263964,0.100000,0.800000,0.101109
-0.263263,0.100000,0.800000,0.101111
-0.262563,0.100000,0.800000,0.101113
-0.261862,0.100000,0.800000,0.101116
-0.261161,0.100000,0.800000,0.101118
-0.260460,0.100000,0.800000,0.101120
-0.259760,0.100000,0.800000,0.101123
-0.259059,0.100000,0.800000,0.101125
-0.258358,0.100000,0.800000,0.101128
-0.257658,0.100000,0.800000,0.101130
-0.256957,0.100000,0.800000,0.101133
-0.256256,0.100000,0.800000,0.101135
-0.255556,0.100000,0.800000,0.101138
-0.254855,0.100000,0.800000,0.101141
-0.254154,0.100000,0.800000,0.101143
-0.253453,0.100000,0.800000,0.101146
-0.252753,0.100000,0.800000,0.101149
-0.252052,0.100000,0.800000,0.101151
-0.251351,0.100000,0.800000,0.101154
-0.250651,0.100000,0.800000,0.101157
-0.249950,0.100000,0.800000,0.101160
-0.249249,0.100000,0.800000,0.101163
-0.248549,0.100000,0.800000,0.101166
-0.247848,0.100000,0.800000,0.101169
-0.247147,0.100000,0.800000,0.101172
-0.246446,0.100000,0.800000,0.101175
-0.245746,0.100000,0.800000,0.101178
-0.245045,0.100000,0.800000,0.101182
-0.244344,0.100000,0.800000,0.101185
-0.243644,0.100000,0.800000,0.101188
-0.242943,0.100000,0.800000,0.101192
-0.242242,0.100000,0.800000,0.101195
-0.241542,0.100000,0.800000,0.101198
-0.240841,0.100000,0.800000,0.101202
-0.240140,0.100000,0.800000,0.101206
-0.239439,0.100000,0.800000,0.101209
-0.238739,0.100000,0.800000,0.101213
-0.238038,0.100000,0.800000,0.101216
-0.237337,0.100000,0.800000,0.101220
-0.236637,0.100000,0.800000,0.101224
-0.235936,0.100000,0.800000,0.101228
-0.235235,0.100000,0.800000,0.101232
-0.234535,0.100000,0.800000,0.101236
-0.233834,0.100000,0.800000,0.101240
-0.233133,0.100000,0.800000,0.101244
-0.232432,0.100000,0.800000,0.101248
-0.231732,0.100000,0.800000,0.101253
-0.231031,0.100000,0.800000,0.101257
-0.230330,0.100000,0.800000,0.101261
-0.229630,0.100000,0.800000,0.101266
-0.228929,0.100000,0.800000,0.101270
-0.228228,0.100000,0.800000,0.101275
-0.227528,0.100000,0.800000,0.101279
-0.226827,0.100000,0.800000,0.101284
-0.226126,0.100000,0.800000,0.101289
-0.225425,0.100000,0.800000,0.101294
-0.224725,0.100000,0.800000,0.101299
-0.224024,0.100000,0.800000,0.101304
-0.223323,0.100000,0.800000,0.101309
-0.222623,0.100000,0.800000,0.101314
-0.221922,0.100000,0.800000,0.101319
-0.221221,0.100000,0.800000,0.101325
-0.220521,0.100000,0.800000,0.101330
-0.219820,0.100000,0.800000,0.101336
-0.219119,0.100000,0.800000,0.101342
-0.218418,0.100000,0.800000,0.101347
-0.217718,0.100000,0.800000,0.101353
-0.217017,0.100000,0.800000,0.101359
-0.216316,0.100000,0.800000,0.101365
-0.215616,0.100000,0.800000,0.101371
-0.214915,0.100000,0.800000,0.101377
-0.214214,0.100000,0.800000,0.101384
-0.213514,0.100000,0.800000,0.101390
-0.212813,0.100000,0.800000,0.101397
-0.212112,0.100000,0.800000,0.101403
-0.211411,0.100000,0.800000,0.101410
-0.210711,0.100000,0.800000,0.101417
-0.210010,0.100000,0.800000,0.101424
-0.209309,0.100000,0.800000,0.101431
-0.208609,0.100000,0.800000,0.101438
-0.207908,0.100000,0.800000,0.101446
-0.207207,0.100000,0.800000,0.101453
-0.206507,0.100000,0.800000,0.101461
-0.205806,0.100000,0.800000,0.101468
-0.205105,0.100000,0.800000,0.101476
-0.204404,0.100000,0.800000,0.101484
-0.203704,0.100000,0.800000,0.101493
-0.203003,0.100000,0.800000,0.101501
-0.202302,0.100000,0.800000,0.101509
-0.201602,0.100000,0.800000,0.101518
-0.200901,0.100000,0.800000,0.101527
-0.200200,0.100000,0.800000,0.101536
-0.199499,0.100000,0.800000,0.101545
-0.198799,0.100000,0.800000,0.101554
-0.198098,0.100000,0.800000,0.101563
-0.197397,0.100000,0.800000,0.101573
-0.196697,0.100000,0.800000,0.101583
-0.195996,0.100000,0.800000,0.101593
-0.195295,0.100000,0.800000,0.101603
-0.194595,0.100000,0.800000,0.101613
-0.193894,0.100000,0.800000,0.101624
-0.193193,0.100000,0.800000,0.101635
-0.192492,0.100000,0.800000,0.101645
-0.191792,0.100000,0.800000,0.101657
-0.191091,0.100000,0.800000,0.101668
-0.190390,0.100000,0.800000,0.101680
-0.189690,0.100000,0.800000,0.101691
-0.188989,0.100000,0.800000,0.101703
-0.188288,0.100000,0.800000,0.101716
-0.187588,0.100000,0.800000,0.101728
-0.186887,0.100000,0.800000,0.101741
-0.186186,0.100000,0.800000,0.101754
-0.185485,0.100000,0.800000,0.101767
-0.184785,0.100000,0.800000,0.101781
-0.184084,0.100000,0.800000,0.101794
-0.183383,0.100000,0.800000,0.101808
-0.182683,0.100000,0.800000,0.101823
-0.181982,0.100000,0.800000,0.101837
-0.181281,0.100000,0.800000,0.101852
-0.180581,0.100000,0.800000,0.101868
-0.179880,0.100000,0.800000,0.101883
-0.179179,0.100000,0.800000,0.101899
-0.178478,0.100000,0.800000,0.101915
-0.177778,0.100000,0.800000,0.101932
-0.177077,0.100000,0.800000,0.101949
-0.176376,0.100000,0.800000,0.101966
-0.175676,0.100000,0.800000,0.101983
-0.174975,0.100000,0.800000,0.102001
-0.174274,0.100000,0.800000,0.102020
-0.173574,0.100000,0.800000,0.102039
-0.172873,0.100000,0.800000,0.102058
-0.172172,0.100000,0.800000,0.102077
-0.171471,0.100000,0.800000,0.102097
-0.170771,0.100000,0.800000,0.102118
-0.170070,0.100000,0.800000,0.102138
-0.169369,0.100000,0.800000,0.102160
-0.168669,0.100000,0.800000,0.102182
-0.167968,0.100000,0.800000,0.102204
-0.167267,0.100000,0.800000,0.102227
-0.166567,0.100000,0.800000,0.102250
-0.165866,0.100000,0.800000,0.102274
-0.165165,0.100000,0.800000,0.102298
-0.164464,0.100000,0.800000,0.102323
-0.163764,0.100000,0.800000,0.102348
-0.163063,0.100000,0.800000,0.102374
-0.162362,0.100000,0.800000,0.102401
-0.161662,0.100000,0.800000,0.102428
-0.160961,0.100000,0.800000,0.102456
-0.160260,0.100000,0.800000,0.102485
-0.159560,0.100000,0.800000,0.102514
-0.158859,0.100000,0.800000,0.102544
-0.158158,0.100000,0.800000,0.102574
-0.157457,0.100000,0.800000,0.102605
-0.156757,0.100000,0.800000,0.102637
-0.156056,0.100000,0.800000,0.102670
-0.155355,0.100000,0.800000,0.102704
-0.154655,0.100000,0.800000,0.102738
-0.153954,0.100000,0.800000,0.102773
-0.153253,0.100000,0.800000,0.102809
-0.152553,0.100000,0.800000,0.102846
-0.151852,0.100000,0.800000,0.102884
-0.151151,0.100000,0.800000,0.102923
-0.150450,0.100000,0.800000,0.102962
-0.149750,0.100000,0.800000,0.103003
-0.149049,0.100000,0.800000,0.103045
-0.148348,0.100000,0.800000,0.103087
-0.147648,0.100000,0.800000,0.103131
-0.146947,0.100000,0.800000,0.103176
-0.146246,0.100000,0.800000,0.103222
-0.145546,0.100000,0.800000,0.103269
-0.144845,0.100000,0.800000,0.103317
-0.144144,0.100000,0.800000,0.103367
-0.143443,0.100000,0.800000,0.103418
-0.142743,0.100000,0.800000,0.103470
-0.142042,0.100000,0.800000,0.103523
-0.141341,0.100000,0.800000,0.103578
-0.140641,0.100000,0.800000,0.103634
-0.139940,0.100000,0.800000,0.103692
-0.139239,0.100000,0.800000,0.103751
-0.138539,0.100000,0.800000,0.103812
-0.137838,0.100000,0.800000,0.103874
-0.137137,0.100000,0.800000,0.103938
-0.136436,0.100000,0.800000,0.104004
-0.135736,0.100000,0.800000,0.104071
-0.135035,0.100000,0.800000,0.104140
-0.134334,0.100000,0.800000,0.104211
-0.133634,0.100000,0.800000,0.104284
-0.132933,0.100000,0.800000,0.104359
-0.132232,0.100000,0.800000,0.104436
-0.131532,0.100000,0.800000,0.104515
-0.130831,0.100000,0.800000,0.104595
-0.130130,0.100000,0.800000,0.104679
-0.129429,0.100000,0.800000,0.104764
-0.128729,0.100000,0.800000,0.104852
-0.128028,0.100000,0.800000,0.104942
-0.127327,0.100000,0.800000,0.105034
-0.126627,0.100000,0.800000,0.105129
-0.125926,0.100000,0.800000,0.105227
-0.125225,0.100000,0.800000,0.105327
-0.124525,0.100000,0.800000,0.105430
-0.123824,0.100000,0.800000,0.105536
-0.123123,0.100000,0.800000,0.105644
-0.122422,0.100000,0.800000,0.105756
-0.121722,0.100000,0.800000,0.105870
-0.121021,0.100000,0.800000,0.105988
-0.120320,0.100000,0.800000,0.106109
-0.119620,0.100000,0.800000,0.106234
-0.118919,0.100000,0.800000,0.106362
-0.118218,0.100000,0.800000,0.106493
-0.117518,0.100000,0.800000,0.106628
-0.116817,0.100000,0.800000,0.106766
-0.116116,0.100000,0.800000,0.106909
-0.115415,0.100000,0.800000,0.107055
-0.114715,0.100000,0.800000,0.107206
-0.114014,0.100000,0.800000,0.107360
-0.113313,0.100000,0.800000,0.107519
-0.112613,0.100000,0.800000,0.107682
-0.111912,0.100000,0.800000,0.107850
-0.111211,0.100000,0.800000,0.108022
-0.110511,0.100000,0.800000,0.108199
-0.109810,0.100000,0.800000,0.108381
-0.109109,0.100000,0.800000,0.108568
-0.108408,0.100000,0.800000,0.108759
-0.107708,0.100000,0.800000,0.108957
-0.107007,0.100000,0.800000,0.109159
-0.106306,0.100000,0.800000,0.109367
-0.105606,0.100000,0.800000,0.109581
-0.104905,0.100000,0.800000,0.109800
-0.104204,0.100000,0.800000,0.110025
-0.103504,0.100000,0.800000,0.110257
-0.102803,0.100000,0.800000,0.110494
-0.102102,0.100000,0.800000,0.110738
-0.101401,0.100000,0.800000,0.110989
-0.100701,0.100000,0.800000,0.111246
-0.100000,0.100000,0.800000,0.111510
-0.800000,0.100000,1.200000,0.100935
-0.799299,0.100000,1.200000,0.100935
-0.798599,0.100000,1.200000,0.100935
-0.797898,0.100000,1.200000,0.100935
-0.797197,0.100000,1.200000,0.100935
-0.796496,0.100000,1.200000,0.100935
-0.795796,0.100000,1.200000,0.100935
-0.795095,0.100000,1.200000,0.100935
-0.794394,0.100000,1.200000,0.100935
-0.793694,0.100000,1.200000,0.100935
-0.792993,0.100000,1.200000,0.100935
-0.792292,0.100000,1.200000,0.100935
-0.791592,0.100000,1.200000,0.100935
-0.790891,0.100000,1.200000,0.100935
-0.790190,0.100000,1.200000,0.100935
-0.789489,0.100000,1.200000,0.100935
-0.788789,0.100000,1.200000,0.100935
-0.788088,0.100000,1.200000,0.100935
-0.787387,0.100000,1.200000,0.100935
-0.786687,0.100000,1.200000,0.100934
-0.785986,0.100000,1.200000,0.100934
-0.785285,0.100000,1.200000,0.100934
-0.784585,0.100000,1.200000,0.100934
-0.783884,0.100000,1.200000,0.100934
-0.783183,0.100000,1.200000,0.100934
-0.782482,0.100000,1.200000,0.100934
-0.781782,0.100000,1.200000,0.100934
-0.781081,0.100000,1.200000,0.100934
-0.780380,0.100000,1.200000,0.100934
-0.779680,0.100000,1.200000,0.100934
-0.778979,0.100000,1.200000,0.100934
-0.778278,0.100000,1.200000,0.100934
-0.777578,0.100000,1.200000,0.100934
-0.776877,0.100000,1.200000,0.100934
-0.776176,0.100000,1.200000,0.100934
-0.775475,0.100000,1.200000,0.100934
-0.774775,0.100000,1.200000,0.100934
-0.774074,0.100000,1.200000,0.100934
-0.773373,0.100000,1.200000,0.100934
-0.772673,0.100000,1.200000,0.100934
-0.771972,0.100000,1.200000,0.100934
-0.771271,0.100000,1.200000,0.100934
-0.770571,0.100000,1.200000,0.100934
-0.769870,0.100000,1.200000,0.100934
-0.769169,0.100000,1.200000,0.100934
-0.768468,0.100000,1.200000,0.100933
-0.767768,0.100000,1.200000,0.100933
-0.767067,0.100000,1.200000,0.100933
-0.766366,0.100000,1.200000,0.100933
-0.765666,0.100000,1.200000,0.100933
-0.764965,0.100000,1.200000,0.100933
-0.764264,0.100000,1.200000,0.100933
-0.763564,0.100000,1.200000,0.100933
-0.762863,0.100000,1.200000,0.100933
-0.762162,0.100000,1.200000,0.100933
-0.761461,0.100000,1.200000,0.100933
-0.760761,0.100000,1.200000,0.100933
-0.760060,0.100000,1.200000,0.100933
-0.759359,0.100000,1.200000,0.100933
-0.758659,0.100000,1.200000,0.100933
-0.757958,0.100000,1.200000,0.100933
-0.757257,0.100000,1.200000,0.100933
-0.756557,0.100000,1.200000,0.100933
-0.755856,0.100000,1.200000,0.100933
-0.755155,0.100000,1.200000,0.100933
-0.754454,0.100000,1.200000,0.100933
-0.753754,0.100000,1.200000,0.100933
-0.753053,0.100000,1.200000,0.100933
-0.752352,0.100000,1.200000,0.100933
-0.751652,0.100000,1.200000,0.100933
-0.750951,0.100000,1.200000,0.100932
-0.750250,0.100000,1.200000,0.100932
-0.749550,0.100000,1.200000,0.100932
-0.748849,0.100000,1.200000,0.100932
-0.748148,0.100000,1.200000,0.100932
-0.747447,0.100000,1.200000,0.100932
-0.746747,0.100000,1.200000,0.100932
-0.746046,0.100000,1.200000,0.100932
-0.745345,0.100000,1.200000,0.100932
-0.744645,0.100000,1.200000,0.100932
-0.743944,0.100000,1.200000,0.100932
-0.743243,0.100000,1.200000,0.100932
-0.742543,0.100000,1.200000,0.100932
-0.741842,0.100000,1.200000,0.100932
-0.741141,0.100000,1.200000,0.100932
-0.740440,0.100000,1.200000,0.100932
-0.739740,0.100000,1.200000,0.100932
-0.739039,0.100000,1.200000,0.100932
-0.738338,0.100000,1.200000,0.100932
-0.737638,0.100000,1.200000,0.100932
-0.736937,0.100000,1.200000,0.100932
-0.736236,0.100000,1.200000,0.100932
-0.735536,0.100000,1.200000,0.100932
-0.734835,0.100000,1.200000,0.100932
-0.734134,0.100000,1.200000,0.100932
-0.733433,0.100000,1.200000,0.100931
-0.732733,0.100000,1.200000,0.100931
-0.732032,0.100000,1.200000,0.100931
-0.731331,0.100000,1.200000,0.100931
-0.730631,0.100000,1.200000,0.100931
-0.729930,0.100000,1.200000,0.100931
-0.729229,0.100000,1.200000,0.100931
-0.728529,0.100000,1.200000,0.100931
-0.727828,0.100000,1.200000,0.100931
-0.727127,0.100000,1.200000,0.100931
-0.726426,0.100000,1.200000,0.100931
-0.725726,0.100000,1.200000,0.100931
-0.725025,0.100000,1.200000,0.100931
-0.724324,0.100000,1.200000,0.100931
-0.723624,0.100000,1.200000,0.100931
-0.722923,0.100000,1.200000,0.100931
-0.722222,0.100000,1.200000,0.100931
-0.721522,0.100000,1.200000,0.100931
-0.720821,0.100000,1.200000,0.100931
-0.720120,0.100000,1.200000,0.100931
-0.719419,0.100000,1.200000,0.100931
-0.718719,0.100000,1.200000,0.100931
-0.718018,0.100000,1.200000,0.100931
-0.717317,0.100000,1.200000,0.100931
-0.716617,0.100000,1.200000,0.100930
-0.715916,0.100000,1.200000,0.100930
-0.715215,0.100000,1.200000,0.100930
-0.714515,0.100000,1.200000,0.100930
-0.713814,0.100000,1.200000,0.100930
-0.713113,0.100000,1.200000,0.100930
-0.712412,0.100000,1.200000,0.100930
-0.711712,0.100000,1.200000,0.100930
-0.711011,0.100000,1.200000,0.100930
-0.710310,0.100000,1.200000,0.100930
-0.709610,0.100000,1.200000,0.100930
-0.708909,0.100000,1.200000,0.100930
-0.708208,0.100000,1.200000,0.100930
-0.707508,0.100000,1.200000,0.100930
-0.706807,0.100000,1.200000,0.100930
-0.706106,0.100000,1.200000,0.100930
-0.705405,0.100000,1.200000,0.100930
-0.704705,0.100000,1.200000,0.100930
-0.704004,0.100000,1.200000,0.100930
-0.703303,0.100000,1.200000,0.100930
-0.702603,0.100000,1.200000,0.100930
-0.701902,0.100000,1.200000,0.100930
-0.701201,0.100000,1.200000,0.100930
-0.700501,0.100000,1.200000,0.100929
-0.699800,0.100000,1.200000,0.100929
-0.699099,0.100000,1.200000,0.100929
-0.698398,0.100000,1.200000,0.100929
-0.697698,0.100000,1.200000,0.100929
-0.696997,0.100000,1.200000,0.100929
-0.696296,0.100000,1.200000,0.100929
-0.695596,0.100000,1.200000,0.100929
-0.694895,0.100000,1.200000,0.100929
-0.694194,0.100000,1.200000,0.100929
-0.693493,0.100000,1.200000,0.100929
-0.692793,0.100000,1.200000,0.100929
-0.692092,0.100000,1.200000,0.100929
-0.691391,0.100000,1.200000,0.100929
-0.690691,0.100000,1.200000,0.100929
-0.689990,0.100000,1.200000,0.100929
-0.689289,0.100000,1.200000,0.100929
-0.688589,0.100000,1.200000,0.100929
-0.687888,0.100000,1.200000,0.100929
-0.687187,0.100000,1.200000,0.100929
-0.686486,0.100000,1.200000,0.100929
-0.685786,0.100000,1.200000,0.100929
-0.685085,0.100000,1.200000,0.100929
-0.684384,0.100000,1.200000,0.100928
-0.683684,0.100000,1.200000,0.100928
-0.682983,0.100000,1.200000,0.100928
-0.682282,0.100000,1.200000,0.100928
-0.681582,0.100000,1.200000,0.100928
-0.680881,0.100000,1.200000,0.100928
-0.680180,0.100000,1.200000,0.100928
-0.679479,0.100000,1.200000,0.100928
-0.678779,0.100000,1.200000,0.100928
-0.678078,0.100000,1.200000,0.100928
-0.677377,0.100000,1.200000,0.100928
-0.676677,0.100000,1.200000,0.100928
-0.675976,0.100000,1.200000,0.100928
-0.675275,0.100000,1.200000,0.100928
-0.674575,0.100000,1.200000,0.100928
-0.673874,0.100000,1.200000,0.100928
-0.673173,0.100000,1.200000,0.100928
-0.672472,0.100000,1.200000,0.100928
-0.671772,0.100000,1.200000,0.100928
-0.671071,0.100000,1.200000,0.100928
-0.670370,0.100000,1.200000,0.100928
-0.669670,0.100000,1.200000,0.100928
-0.668969,0.100000,1.200000,0.100928
-0.668268,0.100000,1.200000,0.100927
-0.667568,0.100000,1.200000,0.100927
-0.666867,0.100000,1.200000,0.100927
-0.666166,0.100000,1.200000,0.100927
-0.665465,0.100000,1.200000,0.100927
-0.664765,0.100000,1.200000,0.100927
-0.664064,0.100000,1.200000,0.100927
-0.663363,0.100000,1.200000,0.100927
-0.662663,0.100000,1.200000,0.100927
-0.661962,0.100000,1.200000,0.100927
-0.661261,0.100000,1.200000,0.100927
-0.660561,0.100000,1.200000,0.100927
-0.659860,0.100000,1.200000,0.100927
-0.659159,0.100000,1.200000,0.100927
-0.658458,0.100000,1.200000,0.100927
-0.657758,0.100000,1.200000,0.100927
-0.657057,0.100000,1.200000,0.100927
-0.656356,0.100000,1.200000,0.100927
-0.655656,0.100000,1.200000,0.100927
-0.654955,0.100000,1.200000,0.100927
-0.654254,0.100000,1.200000,0.100927
-0.653554,0.100000,1.200000,0.100927
-0.652853,0.100000,1.200000,0.100926
-0.652152,0.100000,1.200000,0.100926
-0.651451,0.100000,1.200000,0.100926
-0.650751,0.100000,1.200000,0.100926
-0.650050,0.100000,1.200000,0.100926
-0.649349,0.100000,1.200000,0.100926
-0.648649,0.100000,1.200000,0.100926
-0.647948,0.100000,1.200000,0.100926
-0.647247,0.100000,1.200000,0.100926
-0.646547,0.100000,1.200000,0.100926
-0.645846,0.100000,1.200000,0.100926
-0.645145,0.100000,1.200000,0.100926
-0.644444,0.100000,1.200000,0.100926
-0.643744,0.100000,1.200000,0.100926
-0.643043,0.100000,1.200000,0.100926
-0.642342,0.100000,1.200000,0.100926
-0.641642,0.100000,1.200000,0.100926
-0.640941,0.100000,1.200000,0.100926
-0.640240,0.100000,1.200000,0.100926
-0.639540,0.100000,1.200000,0.100926
-0.638839,0.100000,1.200000,0.100926
-0.638138,0.100000,1.200000,0.100926
-0.637437,0.100000,1.200000,0.100926
-0.636737,0.100000,1.200000,0.100925
-0.636036,0.100000,1.200000,0.100925
-0.635335,0.100000,1.200000,0.100925
-0.634635,0.100000,1.200000,0.100925
-0.633934,0.100000,1.200000,0.100925
-0.633233,0.100000,1.200000,0.100925
-0.632533,0.100000,1.200000,0.100925
-0.631832,0.100000,1.200000,0.100925
-0.631131,0.100000,1.200000,0.100925
-0.630430,0.100000,1.200000,0.100925
-0.629730,0.100000,1.200000,0.100925
-0.629029,0.100000,1.200000,0.100925
-0.628328,0.100000,1.200000,0.100925
-0.627628,0.100000,1.200000,0.100925
-0.626927,0.100000,1.200000,0.100925
-0.626226,0.100000,1.200000,0.100925
-0.625526,0.100000,1.200000,0.100925
-0.624825,0.100000,1.200000,0.100925
-0.624124,0.100000,1.200000,0.100925
-0.623423,0.100000,1.200000,0.100925
-0.622723,0.100000,1.200000,0.100925
-0.622022,0.100000,1.200000,0.100925
-0.621321,0.100000,1.200000,0.100924
-0.620621,0.100000,1.200000,0.100924
-0.619920,0.100000,1.200000,0.100924
-0.619219,0.100000,1.200000,0.100924
-0.618519,0.100000,1.200000,0.100924
-0.617818,0.100000,1.200000,0.100924
-0.617117,0.100000,1.200000,0.100924
-0.616416,0.100000,1.200000,0.100924
-0.615716,0.100000,1.200000,0.100924
-0.615015,0.100000,1.200000,0.100924
-0.614314,0.100000,1.200000,0.100924
-0.613614,0.100000,1.200000,0.100924
-0.612913,0.100000,1.200000,0.100924
-0.612212,0.100000,1.200000,0.100924
-0.611512,0.100000,1.200000,0.100924
-0.610811,0.100000,1.200000,0.100924
-0.610110,0.100000,1.200000,0.100924
-0.609409,0.100000,1.200000,0.100924
-0.608709,0.100000,1.200000,0.100924
-0.608008,0.100000,1.200000,0.100924
-0.607307,0.100000,1.200000,0.100924
-0.606607,0.100000,1.200000,0.100924
-0.605906,0.100000,1.200000,0.100924
-0.605205,0.100000,1.200000,0.100923
-0.604505,0.100000,1.200000,0.100923
-0.603804,0.100000,1.200000,0.100923
-0.603103,0.100000,1.200000,0.100923
-0.602402,0.100000,1.200000,0.100923
-0.601702,0.100000,1.200000,0.100923
-0.601001,0.100000,1.200000,0.100923
-0.600300,0.100000,1.200000,0.100923
-0.599600,0.100000,1.200000,0.100923
-0.598899,0.100000,1.200000,0.100923
-0.598198,0.100000,1.200000,0.100923
-0.597497,0.100000,1.200000,0.100923
-0.596797,0.100000,1.200000,0.100923
-0.596096,0.100000,1.200000,0.100923
-0.595395,0.100000,1.200000,0.100923
-0.594695,0.100000,1.200000,0.100923
-0.593994,0.100000,1.200000,0.100923
-0.593293,0.100000,1.200000,0.100923
-0.592593,0.100000,1.200000,0.100923
-0.591892,0.100000,1.200000,0.100923
-0.591191,0.100000,1.200000,0.100923
-0.590490,0.100000,1.200000,0.100923
-0.589790,0.100000,1.200000,0.100923
-0.589089,0.100000,1.200000,0.100923
-0.588388,0.100000,1.200000,0.100922
-0.587688,0.100000,1.200000,0.100922
-0.586987,0.100000,1.200000,0.100922
-0.586286,0.100000,1.200000,0.100922
-0.585586,0.100000,1.200000,0.100922
-0.584885,0.100000,1.200000,0.100922
-0.584184,0.100000,1.200000,0.100922
-0.583483,0.100000,1.200000,0.100922
-0.582783,0.100000,1.200000,0.100922
-0.582082,0.100000,1.200000,0.100922
-0.581381,0.100000,1.200000,0.100922
-0.580681,0.100000,1.200000,0.100922
-0.579980,0.100000,1.200000,0.100922
-0.579279,0.100000,1.200000,0.100922
-0.578579,0.100000,1.200000,0.100922
-0.577878,0.100000,1.200000,0.100922
-0.577177,0.100000,1.200000,0.100922
-0.576476,0.100000,1.200000,0.100922
-0.575776,0.100000,1.200000,0.100922
-0.575075,0.100000,1.200000,0.100922
-0.574374,0.100000,1.200000,0.100922
-0.573674,0.100000,1.200000,0.100922
-0.572973,0.100000,1.200000,0.100922
-0.572272,0.100000,1.200000,0.100922
-0.571572,0.100000,1.200000,0.100922
-0.570871,0.100000,1.200000,0.100922
-0.570170,0.100000,1.200000,0.100921
-0.569469,0.100000,1.200000,0.100921
-0.568769,0.100000,1.200000,0.100921
-0.568068,0.100000,1.200000,0.100921
-0.567367,0.100000,1.200000,0.100921
-0.566667,0.100000,1.200000,0.100921
-0.565966,0.100000,1.200000,0.100921
-0.565265,0.100000,1.200000,0.100921
-0.564565,0.100000,1.200000,0.100921
-0.563864,0.100000,1.200000,0.100921
-0.563163,0.100000,1.200000,0.100921
-0.562462,0.100000,1.200000,0.100921
-0.561762,0.100000,1.200000,0.100921
-0.561061,0.100000,1.200000,0.100921
-0.560360,0.100000,1.200000,0.100921
-0.559660,0.100000,1.200000,0.100921
-0.558959,0.100000,1.200000,0.100921
-0.558258,0.100000,1.200000,0.100921
-0.557558,0.100000,1.200000,0.100921
-0.556857,0.100000,1.200000,0.100921
-0.556156,0.100000,1.200000,0.100921
-0.555455,0.100000,1.200000,0.100921
-0.554755,0.100000,1.200000,0.100921
-0.554054,0.100000,1.200000,0.100921
-0.553353,0.100000,1.200000,0.100921
-0.552653,0.100000,1.200000,0.100921
-0.551952,0.100000,1.200000,0.100921
-0.551251,0.100000,1.200000,0.100920
-0.550551,0.100000,1.200000,0.100920
-0.549850,0.100000,1.200000,0.100920
-0.549149,0.100000,1.200000,0.100920
-0.548448,0.100000,1.200000,0.100920
-0.547748,0.100000,1.200000,0.100920
-0.547047,0.100000,1.200000,0.100920
-0.546346,0.100000,1.200000,0.100920
-0.545646,0.100000,1.200000,0.100920
-0.544945,0.100000,1.200000,0.100920
-0.544244,0.100000,1.200000,0.100920
-0.543544,0.100000,1.200000,0.100920
-0.542843,0.100000,1.200000,0.100920
-0.542142,0.100000,1.200000,0.100920
-0.541441,0.100000,1.200000,0.100920
-0.540741,0.100000,1.200000,0.100920
-0.540040,0.100000,1.200000,0.100920
-0.539339,0.100000,1.200000,0.100920
-0.538639,0.100000,1.200000,0.100920
-0.537938,0.100000,1.200000,0.100920
-0.537237,0.100000,1.200000,0.100920
-0.536537,0.100000,1.200000,0.100920
-0.535836,0.100000,1.200000,0.100920
-0.535135,0.100000,1.200000,0.100920
-0.534434,0.100000,1.200000,0.100920
-0.533734,0.100000,1.200000,0.100920
-0.533033,0.100000,1.200000,0.100920
-0.532332,0.100000,1.200000,0.100920
-0.531632,0.100000,1.200000,0.100920
-0.530931,0.100000,1.200000,0.100920
-0.530230,0.100000,1.200000,0.100920
-0.529530,0.100000,1.200000,0.100920
-0.528829,0.100000,1.200000,0.100920
-0.528128,0.100000,1.200000,0.100920
-0.527427,0.100000,1.200000,0.100920
-0.526727,0.100000,1.200000,0.100920
-0.526026,0.100000,1.200000,0.100920
-0.525325,0.100000,1.200000,0.100919
-0.524625,0.100000,1.200000,0.100919
-0.523924,0.100000,1.200000,0.100919
-0.523223,0.100000,1.200000,0.100919
-0.522523,0.100000,1.200000,0.100919
-0.521822,0.100000,1.200000,0.100919
-0.521121,0.100000,1.200000,0.100919
-0.520420,0.100000,1.200000,0.100919
-0.519720,0.100000,1.200000,0.100919
-0.519019,0.100000,1.200000,0.100919
-0.518318,0.100000,1.200000,0.100919
-0.517618,0.100000,1.200000,0.100919
-0.516917,0.100000,1.200000,0.100919
-0.516216,0.100000,1.200000,0.100919
-0.515516,0.100000,1.200000,0.100919
-0.514815,0.100000,1.200000,0.100919
-0.514114,0.100000,1.200000,0.100919
-0.513413,0.100000,1.200000,0.100919
-0.512713,0.100000,1.200000,0.100919
-0.512012,0.100000,1.200000,0.100919
-0.511311,0.100000,1.200000,0.100919
-0.510611,0.100000,1.200000,0.100919
-0.509910,0.100000,1.200000,0.100919
-0.509209,0.100000,1.200000,0.100919
-0.508509,0.100000,1.200000,0.100919
-0.507808,0.100000,1.200000,0.100919
-0.507107,0.100000,1.200000,0.100919
-0.506406,0.100000,1.200000,0.100919
-0.505706,0.100000,1.200000,0.100919
-0.505005,0.100000,1.200000,0.100919
-0.504304,0.100000,1.200000,0.100919
-0.503604,0.100000,1.200000,0.100919
-0.502903,0.100000,1.200000,0.100919
-0.502202,0.100000,1.200000,0.100919
-0.501502,0.100000,1.200000,0.100919
-0.500801,0.100000,1.200000,0.100919
-0.500100,0.100000,1.200000,0.100919
-0.499399,0.100000,1.200000,0.100919
-0.498699,0.100000,1.200000,0.100919
-0.497998,0.100000,1.200000,0.100919
-0.497297,0.100000,1.200000,0.100919
-0.496597,0.100000,1.200000,0.100919
-0.495896,0.100000,1.200000,0.100919
-0.495195,0.100000,1.200000,0.100919
-0.494494,0.100000,1.200000,0.100919
-0.493794,0.100000,1.200000,0.100919
-0.493093,0.100000,1.200000,0.100919
-0.492392,0.100000,1.200000,0.100919
-0.491692,0.100000,1.200000,0.100919
-0.490991,0.100000,1.200000,0.100919
-0.490290,0.100000,1.200000,0.100919
-0.489590,0.100000,1.200000,0.100919
-0.488889,0.100000,1.200000,0.100919
-0.488188,0.100000,1.200000,0.100919
-0.487487,0.100000,1.200000,0.100919
-0.486787,0.100000,1.200000,0.100919
-0.486086,0.100000,1.200000,0.100919
-0.485385,0.100000,1.200000,0.100919
-0.484685,0.100000,1.200000,0.100919
-0.483984,0.100000,1.200000,0.100919
-0.483283,0.100000,1.200000,0.100919
-0.482583,0.100000,1.200000,0.100919
-0.481882,0.100000,1.200000,0.100919
-0.481181,0.100000,1.200000,0.100919
-0.480480,0.100000,1.200000,0.100919
-0.479780,0.100000,1.200000,0.100919
-0.479079,0.100000,1.200000,0.100919
-0.478378,0.100000,1.200000,0.100919
-0.477678,0.100000,1.200000,0.100919
-0.476977,0.100000,1.200000,0.100919
-0.476276,0.100000,1.200000,0.100919
-0.475576,0.100000,1.200000,0.100919
-0.474875,0.100000,1.200000,0.100919
-0.474174,0.100000,1.200000,0.100919
-0.473473,0.100000,1.200000,0.100919
-0.472773,0.100000,1.200000,0.100919
-0.472072,0.100000,1.200000,0.100919
-0.471371,0.100000,1.200000,0.100919
-0.470671,0.100000,1.200000,0.100919
-0.469970,0.100000,1.200000,0.100919
-0.469269,0.100000,1.200000,0.100919
-0.468569,0.100000,1.200000,0.100919
-0.467868,0.100000,1.200000,0.100919
-0.467167,0.100000,1.200000,0.100919
-0.466466,0.100000,1.200000,0.100919
-0.465766,0.100000,1.200000,0.100919
-0.465065,0.100000,1.200000,0.100919
-0.464364,0.100000,1.200000,0.100919
-0.463664,0.100000,1.200000,0.100919
-0.462963,0.100000,1.200000,0.100919
-0.462262,0.100000,1.200000,0.100919
-0.461562,0.100000,1.200000,0.100920
-0.460861,0.100000,1.200000,0.100920
-0.460160,0.100000,1.200000,0.100920
-0.459459,0.100000,1.200000,0.100920
-0.458759,0.100000,1.200000,0.100920
-0.458058,0.100000,1.200000,0.100920
-0.457357,0.100000,1.200000,0.100920
-0.456657,0.100000,1.200000,0.100920
-0.455956,0.100000,1.200000,0.100920
-0.455255,0.100000,1.200000,0.100920
-0.454555,0.100000,1.200000,0.100920
-0.453854,0.100000,1.200000,0.100920
-0.453153,0.100000,1.200000,0.100920
-0.452452,0.100000,1.200000,0.100920
-0.451752,0.100000,1.200000,0.100920
-0.451051,0.100000,1.200000,0.100920
-0.450350,0.100000,1.200000,0.100920
-0.449650,0.100000,1.200000,0.100920
-0.448949,0.100000,1.200000,0.100920
-0.448248,0.100000,1.200000,0.100920
-0.447548,0.100000,1.200000,0.100920
-0.446847,0.100000,1.200000,0.100920
-0.446146,0.100000,1.200000,0.100920
-0.445445,0.100000,1.200000,0.100921
-0.444745,0.100000,1.200000,0.100921
-0.444044,0.100000,1.200000,0.100921
-0.443343,0.100000,1.200000,0.100921
-0.442643,0.100000,1.200000,0.100921
-0.441942,0.100000,1.200000,0.100921
-0.441241,0.100000,1.200000,0.100921
-0.440541,0.100000,1.200000,0.100921
-0.439840,0.100000,1.200000,0.100921
-0.439139,0.100000,1.200000,0.100921
-0.438438,0.100000,1.200000,0.100921
-0.437738,0.100000,1.200000,0.100921
-0.437037,0.100000,1.200000,0.100921
-0.436336,0.100000,1.200000,0.100921
-0.435636,0.100000,1.200000,0.100921
-0.434935,0.100000,1.200000,0.100922
-0.434234,0.100000,1.200000,0.100922
-0.433534,0.100000,1.200000,0.100922
-0.432833,0.100000,1.200000,0.100922
-0.432132,0.100000,1.200000,0.100922
-0.431431,0.100000,1.200000,0.100922
-0.430731,0.100000,1.200000,0.100922
-0.430030,0.100000,1.200000,0.100922
-0.429329,0.100000,1.200000,0.100922
-0.428629,0.100000,1.200000,0.100922
-0.427928,0.100000,1.200000,0.100922
-0.427227,0.100000,1.200000,0.100922
-0.426527,0.100000,1.200000,0.100923
-0.425826,0.100000,1.200000,0.100923
-0.425125,0.100000,1.200000,0.100923
-0.424424,0.100000,1.200000,0.100923
-0.423724,0.100000,1.200000,0.100923
-0.423023,0.100000,1.200000,0.100923
-0.422322,0.100000,1.200000,0.100923
-0.421622,0.100000,1.200000,0.100923
-0.420921,0.100000,1.200000,0.100923
-0.420220,0.100000,1.200000,0.100923
-0.419520,0.100000,1.200000,0.100924
-0.418819,0.100000,1.200000,0.100924
-0.418118,0.100000,1.200000,0.100924
-0.417417,0.100000,1.200000,0.100924
-0.416717,0.100000,1.200000,0.100924
-0.416016,0.100000,1.200000,0.100924
-0.415315,0.100000,1.200000,0.100924
-0.414615,0.100000,1.200000,0.100924
-0.413914,0.100000,1.200000,0.100924
-0.413213,0.100000,1.200000,0.100925
-0.412513,0.100000,1.200000,0.100925
-0.411812,0.100000,1.200000,0.100925
-0.411111,0.100000,1.200000,0.100925
-0.410410,0.100000,1.200000,0.100925
-0.409710,0.100000,1.200000,0.100925
-0.409009,0.100000,1.200000,0.100925
-0.408308,0.100000,1.200000,0.100926
-0.407608,0.100000,1.200000,0.100926
-0.406907,0.100000,1.200000,0.100926
-0.406206,0.100000,1.200000,0.100926
-0.405506,0.100000,1.200000,0.100926
-0.404805,0.100000,1.200000,0.100926
-0.404104,0.100000,1.200000,0.100926
-0.403403,0.100000,1.200000,0.100927
-0.402703,0.100000,1.200000,0.100927
-0.402002,0.100000,1.200000,0.100927
-0.401301,0.100000,1.200000,0.100927
-0.400601,0.100000,1.200000,0.100927
-0.399900,0.100000,1.200000,0.100927
-0.399199,0.100000,1.200000,0.100928
-0.398498,0.100000,1.200000,0.100928
-0.397798,0.100000,1.200000,0.100928
-0.397097,0.100000,1.200000,0.100928
-0.396396,0.100000,1.200000,0.100928
-0.395696,0.100000,1.200000,0.100928
-0.394995,0.100000,1.200000,0.100929
-0.394294,0.100000,1.200000,0.100929
-0.393594,0.100000,1.200000,0.100929
-0.392893,0.100000,1.200000,0.100929
-0.392192,0.100000,1.200000,0.100929
-0.391491,0.100000,1.200000,0.100930
-0.390791,0.100000,1.200000,0.100930
-0.390090,0.100000,1.200000,0.100930
-0.389389,0.100000,1.200000,0.100930
-0.388689,0.100000,1.200000,0.100930
-0.387988,0.100000,1.200000,0.100931
-0.387287,0.100000,1.200000,0.100931
-0.386587,0.100000,1.200000,0.100931
-0.385886,0.100000,1.200000,0.100931
-0.385185,0.100000,1.200000,0.100932
-0.384484,0.100000,1.200000,0.100932
-0.383784,0.100000,1.200000,0.100932
-0.383083,0.100000,1.200000,0.100932
-0.382382,0.100000,1.200000,0.100932
-0.381682,0.100000,1.200000,0.100933
-0.380981,0.100000,1.200000,0.100933
-0.380280,0.100000,1.200000,0.100933
-0.379580,0.100000,1.200000,0.100933
-0.378879,0.100000,1.200000,0.100934
-0.378178,0.100000,1.200000,0.100934
-0.377477,0.100000,1.200000,0.100934
-0.376777,0.100000,1.200000,0.100934
-0.376076,0.100000,1.200000,0.100935
-0.375375,0.100000,1.200000,0.100935
-0.374675,0.100000,1.200000,0.100935
-0.373974,0.100000,1.200000,0.100936
-0.373273,0.100000,1.200000,0.100936
-0.372573,0.100000,1.200000,0.100936
-0.371872,0.100000,1.200000,0.100936
-0.371171,0.100000,1.200000,0.100937
-0.370470,0.100000,1.200000,0.100937
-0.369770,0.100000,1.200000,0.100937
-0.369069,0.100000,1.200000,0.100938
-0.368368,0.100000,1.200000,0.100938
-0.367668,0.100000,1.200000,0.100938
-0.366967,0.100000,1.200000,0.100938
-0.366266,0.100000,1.200000,0.100939
-0.365566,0.100000,1.200000,0.100939
-0.364865,0.100000,1.200000,0.100939
-0.364164,0.100000,1.200000,0.100940
-0.363463,0.100000,1.200000,0.100940
-0.362763,0.100000,1.200000,0.100940
-0.362062,0.100000,1.200000,0.100941
-0.361361,0.100000,1.200000,0.100941
-0.360661,0.100000,1.200000,0.100941
-0.359960,0.100000,1.200000,0.100942
-0.359259,0.100000,1.200000,0.100942
-0.358559,0.100000,1.200000,0.100942
-0.357858,0.100000,1.200000,0.100943
-0.357157,0.100000,1.200000,0.100943
-0.356456,0.100000,1.200000,0.100944
-0.355756,0.100000,1.200000,0.100944
-0.355055,0.100000,1.200000,0.100944
-0.354354,0.100000,1.200000,0.100945
-0.353654,0.100000,1.200000,0.100945
-0.352953,0.100000,1.200000,0.100946
-0.352252,0.100000,1.200000,0.100946
-0.351552,0.100000,1.200000,0.100946
-0.350851,0.100000,1.200000,0.100947
-0.350150,0.100000,1.200000,0.100947
-0.349449,0.100000,1.200000,0.100948
-0.348749,0.100000,1.200000,0.100948
-0.348048,0.100000,1.200000,0.100948
-0.347347,0.100000,1.200000,0.100949
-0.346647,0.100000,1.200000,0.100949
-0.345946,0.100000,1.200000,0.100950
-0.345245,0.100000,1.200000,0.100950
-0.344545,0.100000,1.200000,0.100951
-0.343844,0.100000,1.200000,0.100951
-0.343143,0.100000,1.200000,0.100952
-0.342442,0.100000,1.200000,0.100952
-0.341742,0.100000,1.200000,0.100953
-0.341041,0.100000,1.200000,0.100953
-0.340340,0.100000,1.200000,0.100954
-0.339640,0.100000,1.200000,0.100954
-0.338939,0.100000,1.200000,0.100955
-0.338238,0.100000,1.200000,0.100955
-0.337538,0.100000,1.200000,0.100956
-0.336837,0.100000,1.200000,0.100956
-0.336136,0.100000,1.200000,0.100957
-0.335435,0.100000,1.200000,0.100957
-0.334735,0.100000,1.200000,0.100958
-0.334034,0.100000,1.200000,0.100958
-0.333333,0.100000,1.200000,0.100959
-0.332633,0.100000,1.200000,0.100960
-0.331932,0.100000,1.200000,0.100960
-0.331231,0.100000,1.200000,0.100961
-0.330531,0.100000,1.200000,0.100961
-0.329830,0.100000,1.200000,0.100962
-0.329129,0.100000,1.200000,0.100962
-0.328428,0.100000,1.200000,0.100963
-0.327728,0.100000,1.200000,0.100964
-0.327027,0.100000,1.200000,0.100964
-0.326326,0.100000,1.200000,0.100965
-0.325626,0.100000,1.200000,0.100966
-0.324925,0.100000,1.200000,0.100966
-0.324224,0.100000,1.200000,0.100967
-0.323524,0.100000,1.200000,0.100968
-0.322823,0.100000,1.200000,0.100968
-0.322122,0.100000,1.200000,0.100969
-0.321421,0.100000,1.200000,0.100970
-0.320721,0.100000,1.200000,0.100970
-0.320020,0.100000,1.200000,0.100971
-0.319319,0.100000,1.200000,0.100972
-0.318619,0.100000,1.200000,0.100972
-0.317918,0.100000,1.200000,0.100973
-0.317217,0.100000,1.200000,0.100974
-0.316517,0.100000,1.200000,0.100975
-0.315816,0.100000,1.200000,0.100975
-0.315115,0.100000,1.200000,0.100976
-0.314414,0.100000,1.200000,0.100977
-0.313714,0.100000,1.200000,0.100978
-0.313013,0.100000,1.200000,0.100979
-0.312312,0.100000,1.200000,0.100979
-0.311612,0.100000,1.200000,0.100980
-0.310911,0.100000,1.200000,0.100981
-0.310210,0.100000,1.200000,0.100982
-0.309510,0.100000,1.200000,0.100983
-0.308809,0.100000,1.200000,0.100984
-0.308108,0.100000,1.200000,0.100984
-0.307407,0.100000,1.200000,0.100985
-0.306707,0.100000,1.200000,0.100986
-0.306006,0.100000,1.200000,0.100987
-0.305305,0.100000,1.200000,0.100988
-0.304605,0.100000,1.200000,0.100989
-0.303904,0.100000,1.200000,0.100990
-0.303203,0.100000,1.200000,0.100991
-0.302503,0.100000,1.200000,0.100992
-0.301802,0.100000,1.200000,0.100993
-0.301101,0.100000,1.200000,0.100994
-0.300400,0.100000,1.200000,0.100995
-0.299700,0.100000,1.200000,0.100996
-0.298999,0.100000,1.200000,0.100997
-0.298298,0.100000,1.200000,0.100998
-0.297598,0.100000,1.200000,0.100999
-0.296897,0.100000,1.200000,0.101000
-0.296196,0.100000,1.200000,0.101001
-0.295495,0.100000,1.200000,0.101002
-0.294795,0.100000,1.200000,0.101003
-0.294094,0.100000,1.200000,0.101004
-0.293393,0.100000,1.200000,0.101005
-0.292693,0.100000,1.200000,0.101006
-0.291992,0.100000,1.200000,0.101008
-0.291291,0.100000,1.200000,0.101009
-0.290591,0.100000,1.200000,0.101010
-0.289890,0.100000,1.200000,0.101011
-0.289189,0.100000,1.200000,0.101012
-0.288488,0.100000,1.200000,0.101014
-0.287788,0.100000,1.200000,0.101015
-0.287087,0.100000,1.200000,0.101016
-0.286386,0.100000,1.200000,0.101017
-0.285686,0.100000,1.200000,0.101019
-0.284985,0.100000,1.200000,0.101020
-0.284284,0.100000,1.200000,0.101021
-0.283584,0.100000,1.200000,0.101023
-0.282883,0.100000,1.200000,0.101024
-0.282182,0.100000,1.200000,0.101025
-0.281481,0.100000,1.200000,0.101027
-0.280781,0.100000,1.200000,0.101028
-0.280080,0.100000,1.200000,0.101029
-0.279379,0.100000,1.200000,0.101031
-0.278679,0.100000,1.200000,0.101032
-0.277978,0.100000,1.200000,0.101034
-0.277277,0.100000,1.200000,0.101035
-0.276577,0.100000,1.200000,0.101037
-0.275876,0.100000,1.200000,0.101038
-0.275175,0.100000,1.200000,0.101040
-0.274474,0.100000,1.200000,0.101042
-0.273774,0.100000,1.200000,0.101043
-0.273073,0.100000,1.200000,0.101045
-0.272372,0.100000,1.200000,0.101046
-0.271672,0.100000,1.200000,0.101048
-0.270971,0.100000,1.200000,0.101050
-0.270270,0.100000,1.200000,0.101051
-0.269570,0.100000,1.200000,0.101053
-0.268869,0.100000,1.200000,0.101055
-0.268168,0.100000,1.200000,0.101057
-0.267467,0.100000,1.200000,0.101058
-0.266767,0.100000,1.200000,0.101060
-0.266066,0.100000,1.200000,0.101062
-0.265365,0.100000,1.200000,0.101064
-0.264665,0.100000,1.200000,0.101066
-0.263964,0.100000,1.200000,0.101068
-0.263263,0.100000,1.200000,0.101070
-0.262563,0.100000,1.200000,0.101072
-0.261862,0.100000,1.200000,0.101074
-0.261161,0.100000,1.200000,0.101076
-0.260460,0.100000,1.200000,0.101078
-0.259760,0.100000,1.200000,0.101080
-0.259059,0.100000,1.200000,0.101082
-0.258358,0.100000,1.200000,0.101084
-0.257658,0.100000,1.200000,0.101086
-0.256957,0.100000,1.200000,0.101088
-0.256256,0.100000,1.200000,0.101091
-0.255556,0.100000,1.200000,0.101093
-0.254855,0.100000,1.200000,0.101095
-0.254154,0.100000,1.200000,0.101097
-0.253453,0.100000,1.200000,0.101100
-0.252753,0.100000,1.200000,0.101102
-0.252052,0.100000,1.200000,0.101105
-0.251351,0.100000,1.200000,0.101107
-0.250651,0.100000,1.200000,0.101110
-0.249950,0.100000,1.200000,0.101112
-0.249249,0.100000,1.200000,0.101115
-0.248549,0.100000,1.200000,0.101117
-0.247848,0.100000,1.200000,0.101120
-0.247147,0.100000,1.200000,0.101122
-0.246446,0.100000,1.200000,0.101125
-0.245746,0.100000,1.200000,0.101128
-0.245045,0.100000,1.200000,0.101131
-0.244344,0.100000,1.200000,0.101133
-0.243644,0.100000,1.200000,0.101136
-0.242943,0.100000,1.200000,0.101139
-0.242242,0.100000,1.200000,0.101142
-0.241542,0.100000,1.200000,0.101145
-0.240841,0.100000,1.200000,0.101148
-0.240140,0.100000,1.200000,0.101151
-0.239439,0.100000,1.200000,0.101154
-0.238739,0.100000,1.200000,0.101157
-0.238038,0.100000,1.200000,0.101161
-0.237337,0.100000,1.200000,0.101164
-0.236637,0.100000,1.200000,0.101167
-0.235936,0.100000,1.200000,0.101170
-0.235235,0.100000,1.200000,0.101174
-0.234535,0.100000,1.200000,0.101177
-0.233834,0.100000,1.200000,0.101181
-0.233133,0.100000,1.200000,0.101184
-0.232432,0.100000,1.200000,0.101188
-0.231732,0.100000,1.200000,0.101191
-0.231031,0.100000,1.200000,0.101195
-0.230330,0.100000,1.200000,0.101199
-0.229630,0.100000,1.200000,0.101203
-0.228929,0.100000,1.200000,0.101207
-0.228228,0.100000,1.200000,0.101210
-0.227528,0.100000,1.200000,0.101214
-0.226827,0.100000,1.200000,0.101219
-0.226126,0.100000,1.200000,0.101223
-0.225425,0.100000,1.200000,0.101227
-0.224725,0.100000,1.200000,0.101231
-0.224024,0.100000,1.200000,0.101235
-0.223323,0.100000,1.200000,0.101240
-0.222623,0.100000,1.200000,0.101244
-0.221922,0.100000,1.200000,0.101249
-0.221221,0.100000,1.200000,0.101253
-0.220521,0.100000,1.200000,0.101258
-0.219820,0.100000,1.200000,0.101263
-0.219119,0.100000,1.200000,0.101267
-0.218418,0.100000,1.200000,0.101272
-0.217718,0.100000,1.200000,0.101277
-0.217017,0.100000,1.200000,0.101282
-0.216316,0.100000,1.200000,0.101287
-0.215616,0.100000,1.200000,0.101293
-0.214915,0.100000,1.200000,0.101298
-0.214214,0.100000,1.200000,0.101303
-0.213514,0.100000,1.200000,0.101309
-0.212813,0.100000,1.200000,0.101314
-0.212112,0.100000,1.200000,0.101320
-0.211411,0.100000,1.200000,0.101326
-0.210711,0.100000,1.200000,0.101331
-0.210010,0.100000,1.200000,0.101337
-0.209309,0.100000,1.200000,0.101343
-0.208609,0.100000,1.200000,0.101350
-0.207908,0.100000,1.200000,0.101356
-0.207207,0.100000,1.200000,0.101362
-0.206507,0.100000,1.200000,0.101369
-0.205806,0.100000,1.200000,0.101375
-0.205105,0.100000,1.200000,0.101382
-0.204404,0.100000,1.200000,0.101389
-0.203704,0.100000,1.200000,0.101395
-0.203003,0.100000,1.200000,0.101402
-0.202302,0.100000,1.200000,0.101410
-0.201602,0.100000,1.200000,0.101417
-0.200901,0.100000,1.200000,0.101424
-0.200200,0.100000,1.200000,0.101432
-0.199499,0.100000,1.200000,0.101439
-0.198799,0.100000,1.200000,0.101447
-0.198098,0.100000,1.200000,0.101455
-0.197397,0.100000,1.200000,0.101463
-0.196697,0.100000,1.200000,0.101471
-0.195996,0.100000,1.200000,0.101480
-0.195295,0.100000,1.200000,0.101488
-0.194595,0.100000,1.200000,0.101497
-0.193894,0.100000,1.200000,0.101506
-0.193193,0.100000,1.200000,0.101515
-0.192492,0.100000,1.200000,0.101524
-0.191792,0.100000,1.200000,0.101533
-0.191091,0.100000,1.200000,0.101543
-0.190390,0.100000,1.200000,0.101553
-0.189690,0.100000,1.200000,0.101562
-0.188989,0.100000,1.200000,0.101572
-0.188288,0.100000,1.200000,0.101583
-0.187588,0.100000,1.200000,0.101593
-0.186887,0.100000,1.200000,0.101604
-0.186186,0.100000,1.200000,0.101615
-0.185485,0.100000,1.200000,0.101626
-0.184785,0.100000,1.200000,0.101637
-0.184084,0.100000,1.200000,0.101648
-0.183383,0.100000,1.200000,0.101660
-0.182683,0.100000,1.200000,0.101672
-0.181982,0.100000,1.200000,0.101684
-0.181281,0.100000,1.200000,0.101697
-0.180581,0.100000,1.200000,0.101709
-0.179880,0.100000,1.200000,0.101722
-0.179179,0.100000,1.200000,0.101735
-0.178478,0.100000,1.200000,0.101749
-0.177778,0.100000,1.200000,0.101763
-0.177077,0.100000,1.200000,0.101777
-0.176376,0.100000,1.200000,0.101791
-0.175676,0.100000,1.200000,0.101805
-0.174975,0.100000,1.200000,0.101820
-0.174274,0.100000,1.200000,0.101835
-0.173574,0.100000,1.200000,0.101851
-0.172873,0.100000,1.200000,0.101867
-0.172172,0.100000,1.200000,0.101883
-0.171471,0.100000,1.200000,0.101899
-0.170771,0.100000,1.200000,0.101916
-0.170070,0.100000,1.200000,0.101933
-0.169369,0.100000,1.200000,0.101951
-0.168669,0.100000,1.200000,0.101969
-0.167968,0.100000,1.200000,0.101987
-0.167267,0.100000,1.200000,0.102006
-0.166567,0.100000,1.200000,0.102025
-0.165866,0.100000,1.200000,0.102045
-0.165165,0.100000,1.200000,0.102065
-0.164464,0.100000,1.200000,0.102085
-0.163764,0.100000,1.200000,0.102106
-0.163063,0.100000,1.200000,0.102127
-0.162362,0.100000,1.200000,0.102149
-0.161662,0.100000,1.200000,0.102172
-0.160961,0.100000,1.200000,0.102194
-0.160260,0.100000,1.200000,0.102218
-0.159560,0.100000,1.200000,0.102242
-0.158859,0.100000,1.200000,0.102266
-0.158158,0.100000,1.200000,0.102291
-0.157457,0.100000,1.200000,0.102317
-0.156757,0.100000,1.200000,0.102343
-0.156056,0.100000,1.200000,0.102369
-0.155355,0.100000,1.200000,0.102397
-0.154655,0.100000,1.200000,0.102425
-0.153954,0.100000,1.200000,0.102454
-0.153253,0.100000,1.200000,0.102483
-0.152553,0.100000,1.200000,0.102513
-0.151852,0.100000,1.200000,0.102544
-0.151151,0.100000,1.200000,0.102575
-0.150450,0.100000,1.200000,0.102608
-0.149750,0.100000,1.200000,0.102641
-0.149049,0.100000,1.200000,0.102674
-0.148348,0.100000,1.200000,0.102709
-0.147648,0.100000,1.200000,0.102745
-0.146947,0.100000,1.200000,0.102781
-0.146246,0.100000,1.200000,0.102818
-0.145546,0.100000,1.200000,0.102857
-0.144845,0.100000,1.200000,0.102896
-0.144144,0.100000,1.200000,0.102936
-0.143443,0.100000,1.200000,0.102977
-0.142743,0.100000,1.200000,0.103020
-0.142042,0.100000,1.200000,0.103063
-0.141341,0.100000,1.200000,0.103107
-0.140641,0.100000,1.200000,0.103153
-0.139940,0.100000,1.200000,0.103199
-0.139239,0.100000,1.200000,0.103247
-0.138539,0.100000,1.200000,0.103296
-0.137838,0.100000,1.200000,0.103347
-0.137137,0.100000,1.200000,0.103399
-0.136436,0.100000,1.200000,0.103452
-0.135736,0.100000,1.200000,0.103506
-0.135035,0.100000,1.200000,0.103562
-0.134334,0.100000,1.200000,0.103619
-0.133634,0.100000,1.200000,0.103678
-0.132933,0.100000,1.200000,0.103739
-0.132232,0.100000,1.200000,0.103801
-0.131532,0.100000,1.200000,0.103864
-0.130831,0.100000,1.200000,0.103930
-0.130130,0.100000,1.200000,0.103997
-0.129429,0.100000,1.200000,0.104066
-0.128729,0.100000,1.200000,0.104136
-0.128028,0.100000,1.200000,0.104209
-0.127327,0.100000,1.200000,0.104284
-0.126627,0.100000,1.200000,0.104361
-0.125926,0.100000,1.200000,0.104439
-0.125225,0.100000,1.200000,0.104520
-0.124525,0.100000,1.200000,0.104604
-0.123824,0.100000,1.200000,0.104689
-0.123123,0.100000,1.200000,0.104777
-0.122422,0.100000,1.200000,0.104867
-0.121722,0.100000,1.200000,0.104960
-0.121021,0.100000,1.200000,0.105055
-0.120320,0.100000,1.200000,0.105153
-0.119620,0.100000,1.200000,0.105254
-0.118919,0.100000,1.200000,0.105357
-0.118218,0.100000,1.200000,0.105464
-0.117518,0.100000,1.200000,0.105573
-0.116817,0.100000,1.200000,0.105686
-0.116116,0.100000,1.200000,0.105801
-0.115415,0.100000,1.200000,0.105920
-0.114715,0.100000,1.200000,0.106042
-0.114014,0.100000,1.200000,0.106168
-0.113313,0.100000,1.200000,0.106297
-0.112613,0.100000,1.200000,0.106430
-0.111912,0.100000,1.200000,0.106566
-0.111211,0.100000,1.200000,0.106707
-0.110511,0.100000,1.200000,0.106851
-0.109810,0.100000,1.200000,0.106999
-0.109109,0.100000,1.200000,0.107152
-0.108408,0.100000,1.200000,0.107309
-0.107708,0.100000,1.200000,0.107470
-0.107007,0.100000,1.200000,0.107636
-0.106306,0.100000,1.200000,0.107807
-0.105606,0.100000,1.200000,0.107982
-0.104905,0.100000,1.200000,0.108162
-0.104204,0.100000,1.200000,0.108348
-0.103504,0.100000,1.200000,0.108538
-0.102803,0.100000,1.200000,0.108734
-0.102102,0.100000,1.200000,0.108936
-0.101401,0.100000,1.200000,0.109143
-0.100701,0.100000,1.200000,0.109356
-0.100000,0.100000,1.200000,0.109575
-0.800000,0.100000,1.800000,0.100896
-0.799299,0.100000,1.800000,0.100896
-0.798599,0.100000,1.800000,0.100896
-0.797898,0.100000,1.800000,0.100896
-0.797197,0.100000,1.800000,0.100896
-0.796496,0.100000,1.800000,0.100896
-0.795796,0.100000,1.800000,0.100896
-0.795095,0.100000,1.800000,0.100896
-0.794394,0.100000,1.800000,0.100895
-0.793694,0.100000,1.800000,0.100895
-0.792993,0.100000,1.800000,0.100895
-0.792292,0.100000,1.800000,0.100895
-0.791592,0.100000,1.800000,0.100895
-0.790891,0.100000,1.800000,0.100895
-0.790190,0.100000,1.800000,0.100895
-0.789489,0.100000,1.800000,0.100895
-0.788789,0.100000,1.800000,0.100895
-0.788088,0.100000,1.800000,0.100895
-0.787387,0.100000,1.800000,0.100895
-0.786687,0.100000,1.800000,0.100894
-0.785986,0.100000,1.800000,0.100894
-0.785285,0.100000,1.800000,0.100894
-0.784585,0.100000,1.800000,0.100894
-0.783884,0.100000,1.800000,0.100894
-0.783183,0.100000,1.800000,0.100894
-0.782482,0.100000,1.800000,0.100894
-0.781782,0.100000,1.800000,0.100894
-0.781081,0.100000,1.800000,0.100894
-0.780380,0.100000,1.800000,0.100894
-0.779680,0.100000,1.800000,0.100893
-0.778979,0.100000,1.800000,0.100893
-0.778278,0.100000,1.800000,0.100893
-0.777578,0.100000,1.800000,0.100893
-0.776877,0.100000,1.800000,0.100893
-0.776176,0.100000,1.800000,0.100893
-0.775475,0.100000,1.800000,0.100893
-0.774775,0.100000,1.800000,0.100893
-0.774074,0.100000,1.800000,0.100893
-0.773373,0.100000,1.800000,0.100893
-0.772673,0.100000,1.800000,0.100892
-0.771972,0.100000,1.800000,0.100892
-0.771271,0.100000,1.800000,0.100892
-0.770571,0.100000,1.800000,0.100892
-0.769870,0.100000,1.800000,0.100892
-0.769169,0.100000,1.800000,0.100892
-0.768468,0.100000,1.800000,0.100892
-0.767768,0.100000,1.800000,0.100892
-0.767067,0.100000,1.800000,0.100892
-0.766366,0.100000,1.800000,0.100892
-0.765666,0.100000,1.800000,0.100891
-0.764965,0.100000,1.800000,0.100891
-0.764264,0.100000,1.800000,0.100891
-0.763564,0.100000,1.800000,0.100891
-0.762863,0.100000,1.800000,0.100891
-0.762162,0.100000,1.800000,0.100891
-0.761461,0.100000,1.800000,0.100891
-0.760761,0.100000,1.800000,0.100891
-0.760060,0.100000,1.800000,0.100891
-0.759359,0.100000,1.800000,0.100891
-0.758659,0.100000,1.800000,0.100890
-0.757958,0.100000,1.800000,0.100890
-0.757257,0.100000,1.800000,0.100890
-0.756557,0.100000,1.800000,0.100890
-0.755856,0.100000,1.800000,0.100890
-0.755155,0.100000,1.800000,0.100890
-0.754454,0.100000,1.800000,0.100890
-0.753754,0.100000,1.800000,0.100890
-0.753053,0.100000,1.800000,0.100890
-0.752352,0.100000,1.800000,0.100890
-0.751652,0.100000,1.800000,0.100890
-0.750951,0.100000,1.800000,0.100889
-0.750250,0.100000,1.800000,0.100889
-0.749550,0.100000,1.800000,0.100889
-0.748849,0.100000,1.800000,0.100889
-0.748148,0.100000,1.800000,0.100889
-0.747447,0.100000,1.800000,0.100889
-0.746747,0.100000,1.800000,0.100889
-0.746046,0.100000,1.800000,0.100889
-0.745345,0.100000,1.800000,0.100889
-0.744645,0.100000,1.800000,0.100888
-0.743944,0.100000,1.800000,0.100888
-0.743243,0.100000,1.800000,0.100888
-0.742543,0.100000,1.800000,0.100888
-0.741842,0.100000,1.800000,0.100888
-0.741141,0.100000,1.800000,0.100888
-0.740440,0.100000,1.800000,0.100888
-0.739740,0.100000,1.800000,0.100888
-0.739039,0.100000,1.800000,0.100888
-0.738338,0.100000,1.800000,0.100888
-0.737638,0.100000,1.800000,0.100887
-0.736937,0.100000,1.800000,0.100887
-0.736236,0.100000,1.800000,0.100887
-0.735536,0.100000,1.800000,0.100887
-0.734835,0.100000,1.800000,0.100887
-0.734134,0.100000,1.800000,0.100887
-0.733433,0.100000,1.800000,0.100887
-0.732733,0.100000,1.800000,0.100887
-0.732032,0.100000,1.800000,0.100887
-0.731331,0.100000,1.800000,0.100887
-0.730631,0.100000,1.800000,0.100886
-0.729930,0.100000,1.800000,0.100886
-0.729229,0.100000,1.800000,0.100886
-0.728529,0.100000,1.800000,0.100886
-0.727828,0.100000,1.800000,0.100886
-0.727127,0.100000,1.800000,0.100886
-0.726426,0.100000,1.800000,0.100886
-0.725726,0.100000,1.800000,0.100886
-0.725025,0.100000,1.800000,0.100886
-0.724324,0.100000,1.800000,0.100886
-0.723624,0.100000,1.800000,0.100885
-0.722923,0.100000,1.800000,0.100885
-0.722222,0.100000,1.800000,0.100885
-0.721522,0.100000,1.800000,0.100885
-0.720821,0.100000,1.800000,0.100885
-0.720120,0.100000,1.800000,0.100885
-0.719419,0.100000,1.800000,0.100885
-0.718719,0.100000,1.800000,0.100885
-0.718018,0.100000,1.800000,0.100885
-0.717317,0.100000,1.800000,0.100885
-0.716617,0.100000,1.800000,0.100884
-0.715916,0.100000,1.800000,0.100884
-0.715215,0.100000,1.800000,0.100884
-0.714515,0.100000,1.800000,0.100884
-0.713814,0.100000,1.800000,0.100884
-0.713113,0.100000,1.800000,0.100884
-0.712412,0.100000,1.800000,0.100884
-0.711712,0.100000,1.800000,0.100884
-0.711011,0.100000,1.800000,0.100884
-0.710310,0.100000,1.800000,0.100883
-0.709610,0.100000,1.800000,0.100883
-0.708909,0.100000,1.800000,0.100883
-0.708208,0.100000,1.800000,0.100883
-0.707508,0.100000,1.800000,0.100883
-0.706807,0.100000,1.800000,0.100883
-0.706106,0.100000,1.800000,0.100883
-0.705405,0.100000,1.800000,0.100883
-0.704705,0.100000,1.800000,0.100883
-0.704004,0.100000,1.800000,0.100883
-0.703303,0.100000,1.800000,0.100882
-0.702603,0.100000,1.800000,0.100882
-0.701902,0.100000,1.800000,0.100882
-0.701201,0.100000,1.800000,0.100882
-0.700501,0.100000,1.800000,0.100882
-0.699800,0.100000,1.800000,0.100882
-0.699099,0.100000,1.800000,0.100882
-0.698398,0.100000,1.800000,0.100882
-0.697698,0.100000,1.800000,0.100882
-0.696997,0.100000,1.800000,0.100881
-0.696296,0.100000,1.800000,0.100881
-0.695596,0.100000,1.800000,0.100881
-0.694895,0.100000,1.800000,0.100881
-0.694194,0.100000,1.800000,0.100881
-0.693493,0.100000,1.800000,0.100881
-0.692793,0.100000,1.800000,0.100881
-0.692092,0.100000,1.800000,0.100881
-0.691391,0.100000,1.800000,0.100881
-0.690691,0.100000,1.800000,0.100881
-0.689990,0.100000,1.800000,0.100880
-0.689289,0.100000,1.800000,0.100880
-0.688589,0.100000,1.800000,0.100880
-0.687888,0.100000,1.800000,0.100880
-0.687187,0.100000,1.800000,0.100880
-0.686486,0.100000,1.800000,0.100880
-0.685786,0.100000,1.800000,0.100880
-0.685085,0.100000,1.800000,0.100880
-0.684384,0.100000,1.800000,0.100880
-0.683684,0.100000,1.800000,0.100879
-0.682983,0.100000,1.800000,0.100879
-0.682282,0.100000,1.800000,0.100879
-0.681582,0.100000,1.800000,0.100879
-0.680881,0.100000,1.800000,0.100879
-0.680180,0.100000,1.800000,0.100879
-0.679479,0.100000,1.800000,0.100879
-0.678779,0.100000,1.800000,0.100879
-0.678078,0.100000,1.800000,0.100879
-0.677377,0.100000,1.800000,0.100879
-0.676677,0.100000,1.800000,0.100878
-0.675976,0.100000,1.800000,0.100878
-0.675275,0.100000,1.800000,0.100878
-0.674575,0.100000,1.800000,0.100878
-0.673874,0.100000,1.800000,0.100878
-0.673173,0.100000,1.800000,0.100878
-0.672472,0.100000,1.800000,0.100878
-0.671772,0.100000,1.800000,0.100878
-0.671071,0.100000,1.800000,0.100878
-0.670370,0.100000,1.800000,0.100877
-0.669670,0.100000,1.800000,0.100877
-0.668969,0.100000,1.800000,0.100877
-0.668268,0.100000,1.800000,0.100877
-0.667568,0.100000,1.800000,0.100877
-0.666867,0.100000,1.800000,0.100877
-0.666166,0.100000,1.800000,0.100877
-0.665465,0.100000,1.800000,0.100877
-0.664765,0.100000,1.800000,0.100877
-0.664064,0.100000,1.800000,0.100877
-0.663363,0.100000,1.800000,0.100876
-0.662663,0.100000,1.800000,0.100876
-0.661962,0.100000,1.800000,0.100876
-0.661261,0.100000,1.800000,0.100876
-0.660561,0.100000,1.800000,0.100876
-0.659860,0.100000,1.800000,0.100876
-0.659159,0.100000,1.800000,0.100876
-0.658458,0.100000,1.800000,0.100876
-0.657758,0.100000,1.800000,0.100876
-0.657057,0.100000,1.800000,0.100875
-0.656356,0.100000,1.800000,0.100875
-0.655656,0.100000,1.800000,0.100875
-0.654955,0.100000,1.800000,0.100875
-0.654254,0.100000,1.800000,0.100875
-0.653554,0.100000,1.800000,0.100875
-0.652853,0.100000,1.800000,0.100875
-0.652152,0.100000,1.800000,0.100875
-0.651451,0.100000,1.800000,0.100875
-0.650751,0.100000,1.800000,0.100874
-0.650050,0.100000,1.800000,0.100874
-0.649349,0.100000,1.800000,0.100874
-0.648649,0.100000,1.800000,0.100874
-0.647948,0.100000,1.800000,0.100874
-0.647247,0.100000,1.800000,0.100874
-0.646547,0.100000,1.800000,0.100874
-0.645846,0.100000,1.800000,0.100874
-0.645145,0.100000,1.800000,0.100874
-0.644444,0.100000,1.800000,0.100874
-0.643744,0.100000,1.800000,0.100873
-0.643043,0.100000,1.800000,0.100873
-0.642342,0.100000,1.800000,0.100873
-0.641642,0.100000,1.800000,0.100873
-0.640941,0.100000,1.800000,0.100873
-0.640240,0.100000,1.800000,0.100873
-0.639540,0.100000,1.800000,0.100873
-0.638839,0.100000,1.800000,0.100873
-0.638138,0.100000,1.800000,0.100873
-0.637437,0.100000,1.800000,0.100872
-0.636737,0.100000,1.800000,0.100872
-0.636036,0.100000,1.800000,0.100872
-0.635335,0.100000,1.800000,0.100872
-0.634635,0.100000,1.800000,0.100872
-0.633934,0.100000,1.800000,0.100872
-0.633233,0.100000,1.800000,0.100872
-0.632533,0.100000,1.800000,0.100872
-0.631832,0.100000,1.800000,0.100872
-0.631131,0.100000,1.800000,0.100872
-0.630430,0.100000,1.800000,0.100871
-0.629730,0.100000,1.800000,0.100871
-0.629029,0.100000,1.800000,0.100871
-0.628328,0.100000,1.800000,0.100871
-0.627628,0.100000,1.800000,0.100871
-0.626927,0.100000,1.800000,0.100871
-0.626226,0.100000,1.800000,0.100871
-0.625526,0.100000,1.800000,0.100871
-0.624825,0.100000,1.800000,0.100871
-0.624124,0.100000,1.800000,0.100870
-0.623423,0.100000,1.800000,0.100870
-0.622723,0.100000,1.800000,0.100870
-0.622022,0.100000,1.800000,0.100870
-0.621321,0.100000,1.800000,0.100870
-0.620621,0.100000,1.800000,0.100870
-0.619920,0.100000,1.800000,0.100870
-0.619219,0.100000,1.800000,0.100870
-0.618519,0.100000,1.800000,0.100870
-0.617818,0.100000,1.800000,0.100869
-0.617117,0.100000,1.800000,0.100869
-0.616416,0.100000,1.800000,0.100869
-0.615716,0.100000,1.800000,0.100869
-0.615015,0.100000,1.800000,0.100869
-0.614314,0.100000,1.800000,0.100869
-0.613614,0.100000,1.800000,0.100869
-0.612913,0.100000,1.800000,0.100869
-0.612212,0.100000,1.800000,0.100869
-0.611512,0.100000,1.800000,0.100869
-0.610811,0.100000,1.800000,0.100868
-0.610110,0.100000,1.800000,0.100868
-0.609409,0.100000,1.800000,0.100868
-0.608709,0.100000,1.800000,0.100868
-0.608008,0.100000,1.800000,0.100868
-0.607307,0.100000,1.800000,0.100868
-0.606607,0.100000,1.800000,0.100868
-0.605906,0.100000,1.800000,0.100868
-0.605205,0.100000,1.800000,0.100868
-0.604505,0.100000,1.800000,0.100868
-0.603804,0.100000,1.800000,0.100867
-0.603103,0.100000,1.800000,0.100867
-0.602402,0.100000,1.800000,0.100867
-0.601702,0.100000,1.800000,0.100867
-0.601001,0.100000,1.800000,0.100867
-0.600300,0.100000,1.800000,0.100867
-0.599600,0.100000,1.800000,0.100867
-0.598899,0.100000,1.800000,0.100867
-0.598198,0.100000,1.800000,0.100867
-0.597497,0.100000,1.800000,0.100866
-0.596797,0.100000,1.800000,0.100866
-0.596096,0.100000,1.800000,0.100866
-0.595395,0.100000,1.800000,0.100866
-0.594695,0.100000,1.800000,0.100866
-0.593994,0.100000,1.800000,0.100866
-0.593293,0.100000,1.800000,0.100866
-0.592593,0.100000,1.800000,0.100866
-0.591892,0.100000,1.800000,0.100866
-0.591191,0.100000,1.800000,0.100866
-0.590490,0.100000,1.800000,0.100865
-0.589790,0.100000,1.800000,0.100865
-0.589089,0.100000,1.800000,0.100865
-0.588388,0.100000,1.800000,0.100865
-0.587688,0.100000,1.800000,0.100865
-0.586987,0.100000,1.800000,0.100865
-0.586286,0.100000,1.800000,0.100865
-0.585586,0.100000,1.800000,0.100865
-0.584885,0.100000,1.800000,0.100865
-0.584184,0.100000,1.800000,0.100865
-0.583483,0.100000,1.800000,0.100864
-0.582783,0.100000,1.800000,0.100864
-0.582082,0.100000,1.800000,0.100864
-0.581381,0.100000,1.800000,0.100864
-0.580681,0.100000,1.800000,0.100864
-0.579980,0.100000,1.800000,0.100864
-0.579279,0.100000,1.800000,0.100864
-0.578579,0.100000,1.800000,0.100864
-0.577878,0.100000,1.800000,0.100864
-0.577177,0.100000,1.800000,0.100864
-0.576476,0.100000,1.800000,0.100863
-0.575776,0.100000,1.800000,0.100863
-0.575075,0.100000,1.800000,0.100863
-0.574374,0.100000,1.800000,0.100863
-0.573674,0.100000,1.800000,0.100863
-0.572973,0.100000,1.800000,0.100863
-0.572272,0.100000,1.800000,0.100863
-0.571572,0.100000,1.800000,0.100863
-0.570871,0.100000,1.800000,0.100863
-0.570170,0.100000,1.800000,0.100862
-0.569469,0.100000,1.800000,0.100862
-0.568769,0.100000,1.800000,0.100862
-0.568068,0.100000,1.800000,0.100862
-0.567367,0.100000,1.800000,0.100862
-0.566667,0.100000,1.800000,0.100862
-0.565966,0.100000,1.800000,0.100862
-0.565265,0.100000,1.800000,0.100862
-0.564565,0.100000,1.800000,0.100862
-0.563864,0.100000,1.800000,0.100862
-0.563163,0.100000,1.800000,0.100861
-0.562462,0.100000,1.800000,0.100861
-0.561762,0.100000,1.800000,0.100861
-0.561061,0.100000,1.800000,0.100861
-0.560360,0.100000,1.800000,0.100861
-0.559660,0.100000,1.800000,0.100861
-0.558959,0.100000,1.800000,0.100861
-0.558258,0.100000,1.800000,0.100861
-0.557558,0.100000,1.800000,0.100861
-0.556857,0.100000,1.800000,0.100861
-0.556156,0.100000,1.800000,0.100861
-0.555455,0.100000,1.800000,0.100860
-0.554755,0.100000,1.800000,0.100860
-0.554054,0.100000,1.800000,0.100860
-0.553353,0.100000,1.800000,0.100860
-0.552653,0.100000,1.800000,0.100860
-0.551952,0.100000,1.800000,0.100860
-0.551251,0.100000,1.800000,0.100860
-0.550551,0.100000,1.800000,0.100860
-0.549850,0.100000,1.800000,0.100860
-0.549149,0.100000,1.800000,0.100860
-0.548448,0.100000,1.800000,0.100859
-0.547748,0.100000,1.800000,0.100859
-0.547047,0.100000,1.800000,0.100859
-0.546346,0.100000,1.800000,0.100859
-0.545646,0.100000,1.800000,0.100859
-0.544945,0.100000,1.800000,0.100859
-0.544244,0.100000,1.800000,0.100859
-0.543544,0.100000,1.800000,0.100859
-0.542843,0.100000,1.800000,0.100859
-0.542142,0.100000,1.800000,0.100859
-0.541441,0.100000,1.800000,0.100859
-0.540741,0.100000,1.800000,0.100858
-0.540040,0.100000,1.800000,0.100858
-0.539339,0.100000,1.800000,0.100858
-0.538639,0.100000,1.800000,0.100858
-0.537938,0.100000,1.800000,0.100858
-0.537237,0.100000,1.800000,0.100858
-0.536537,0.100000,1.800000,0.100858
-0.535836,0.100000,1.800000,0.100858
-0.535135,0.100000,1.800000,0.100858
-0.534434,0.100000,1.800000,0.100858
-0.533734,0.100000,1.800000,0.100858
-0.533033,0.100000,1.800000,0.100857
-0.532332,0.100000,1.800000,0.100857
-0.531632,0.100000,1.800000,0.100857
-0.530931,0.100000,1.800000,0.100857
-0.530230,0.100000,1.800000,0.100857
-0.529530,0.100000,1.800000,0.100857
-0.528829,0.100000,1.800000,0.100857
-0.528128,0.100000,1.800000,0.100857
-0.527427,0.100000,1.800000,0.100857
-0.526727,0.100000,1.800000,0.100857
-0.526026,0.100000,1.800000,0.100857
-0.525325,0.100000,1.800000,0.100857
-0.524625,0.100000,1.800000,0.100856
-0.523924,0.100000,1.800000,0.100856
-0.523223,0.100000,1.800000,0.100856
-0.522523,0.100000,1.800000,0.100856
-0.521822,0.100000,1.800000,0.100856
-0.521121,0.100000,1.800000,0.100856
-0.520420,0.100000,1.800000,0.100856
-0.519720,0.100000,1.800000,0.100856
-0.519019,0.100000,1.800000,0.100856
-0.518318,0.100000,1.800000,0.100856
-0.517618,0.100000,1.800000,0.100856
-0.516917,0.100000,1.800000,0.100855
-0.516216,0.100000,1.800000,0.100855
-0.515516,0.100000,1.800000,0.100855
-0.514815,0.100000,1.800000,0.100855
-0.514114,0.100000,1.800000,0.100855
-0.513413,0.100000,1.800000,0.100855
-0.512713,0.100000,1.800000,0.100855
-0.512012,0.100000,1.800000,0.100855
-0.511311,0.100000,1.800000,0.100855
-0.510611,0.100000,1.800000,0.100855
-0.509910,0.100000,1.800000,0.100855
-0.509209,0.100000,1.800000,0.100855
-0.508509,0.100000,1.800000,0.100855
-0.507808,0.100000,1.800000,0.100854
-0.507107,0.100000,1.800000,0.100854
-0.506406,0.100000,1.800000,0.100854
-0.505706,0.100000,1.800000,0.100854
-0.505005,0.100000,1.800000,0.100854
-0.504304,0.100000,1.800000,0.100854
-0.503604,0.100000,1.800000,0.100854
-0.502903,0.100000,1.800000,0.100854
-0.502202,0.100000,1.800000,0.100854
-0.501502,0.100000,1.800000,0.100854
-0.500801,0.100000,1.800000,0.100854
-0.500100,0.100000,1.800000,0.100854
-0.499399,0.100000,1.800000,0.100854
-0.498699,0.100000,1.800000,0.100853
-0.497998,0.100000,1.800000,0.100853
-0.497297,0.100000,1.800000,0.100853
-0.496597,0.100000,1.800000,0.100853
-0.495896,0.100000,1.800000,0.100853
-0.495195,0.100000,1.800000,0.100853
-0.494494,0.100000,1.800000,0.100853
-0.493794,0.100000,1.800000,0.100853
-0.493093,0.100000,1.800000,0.100853
-0.492392,0.100000,1.800000,0.100853
-0.491692,0.100000,1.800000,0.100853
-0.490991,0.100000,1.800000,0.100853
-0.490290,0.100000,1.800000,0.100853
-0.489590,0.100000,1.800000,0.100853
-0.488889,0.100000,1.800000,0.100853
-0.488188,0.100000,1.800000,0.100852
-0.487487,0.100000,1.800000,0.100852
-0.486787,0.100000,1.800000,0.100852
-0.486086,0.100000,1.800000,0.100852
-0.485385,0.100000,1.800000,0.100852
-0.484685,0.100000,1.800000,0.100852
-0.483984,0.100000,1.800000,0.100852
-0.483283,0.100000,1.800000,0.100852
-0.482583,0.100000,1.800000,0.100852
-0.481882,0.100000,1.800000,0.100852
-0.481181,0.100000,1.800000,0.100852
-0.480480,0.100000,1.800000,0.100852
-0.479780,0.100000,1.800000,0.100852
-0.479079,0.100000,1.800000,0.100852
-0.478378,0.100000,1.800000,0.100852
-0.477678,0.100000,1.800000,0.100852
-0.476977,0.100000,1.800000,0.100851
-0.476276,0.100000,1.800000,0.100851
-0.475576,0.100000,1.800000,0.100851
-0.474875,0.100000,1.800000,0.100851
-0.474174,0.100000,1.800000,0.100851
-0.473473,0.100000,1.800000,0.100851
-0.472773,0.100000,1.800000,0.100851
-0.472072,0.100000,1.800000,0.100851
-0.471371,0.100000,1.800000,0.100851
-0.470671,0.100000,1.800000,0.100851
-0.469970,0.100000,1.800000,0.100851
-0.469269,0.100000,1.800000,0.100851
-0.468569,0.100000,1.800000,0.100851
-0.467868,0.100000,1.800000,0.100851
-0.467167,0.100000,1.800000,0.100851
-0.466466,0.100000,1.800000,0.100851
-0.465766,0.100000,1.800000,0.100851
-0.465065,0.100000,1.800000,0.100851
-0.464364,0.100000,1.800000,0.100851
-0.463664,0.100000,1.800000,0.100851
-0.462963,0.100000,1.800000,0.100850
-0.462262,0.100000,1.800000,0.100850
-0.461562,0.100000,1.800000,0.100850
-0.460861,0.100000,1.800000,0.100850
-0.460160,0.100000,1.800000,0.100850
-0.459459,0.100000,1.800000,0.100850
-0.458759,0.100000,1.800000,0.100850
-0.458058,0.100000,1.800000,0.100850
-0.457357,0.100000,1.800000,0.100850
-0.456657,0.100000,1.800000,0.100850
-0.455956,0.100000,1.800000,0.100850
-0.455255,0.100000,1.800000,0.100850
-0.454555,0.100000,1.800000,0.100850
-0.453854,0.100000,1.800000,0.100850
-0.453153,0.100000,1.800000,0.100850
-0.452452,0.100000,1.800000,0.100850
-0.451752,0.100000,1.800000,0.100850
-0.451051,0.100000,1.800000,0.100850
-0.450350,0.100000,1.800000,0.100850
-0.449650,0.100000,1.800000,0.100850
-0.448949,0.100000,1.800000,0.100850
-0.448248,0.100000,1.800000,0.100850
-0.447548,0.100000,1.800000,0.100850
-0.446847,0.100000,1.800000,0.100850
-0.446146,0.100000,1.800000,0.100850
-0.445445,0.100000,1.800000,0.100850
-0.444745,0.100000,1.800000,0.100850
-0.444044,0.100000,1.800000,0.100850
-0.443343,0.100000,1.800000,0.100850
-0.442643,0.100000,1.800000,0.100850
-0.441942,0.100000,1.800000,0.100850
-0.441241,0.100000,1.800000,0.100850
-0.440541,0.100000,1.800000,0.100849
-0.439840,0.100000,1.800000,0.100849
-0.439139,0.100000,1.800000,0.100849
-0.438438,0.100000,1.800000,0.100849
-0.437738,0.100000,1.800000,0.100849
-0.437037,0.100000,1.800000,0.100849
-0.436336,0.100000,1.800000,0.100849
-0.435636,0.100000,1.800000,0.100849
-0.434935,0.100000,1.800000,0.100849
-0.434234,0.100000,1.800000,0.100849
-0.433534,0.100000,1.800000,0.100849
-0.432833,0.100000,1.800000,0.100849
-0.432132,0.100000,1.800000,0.100849
-0.431431,0.100000,1.800000,0.100849
-0.430731,0.100000,1.800000,0.100849
-0.430030,0.100000,1.800000,0.100849
-0.429329,0.100000,1.800000,0.100849
-0.428629,0.100000,1.800000,0.100849
-0.427928,0.100000,1.800000,0.100849
-0.427227,0.100000,1.800000,0.100849
-0.426527,0.100000,1.800000,0.100849
-0.425826,0.100000,1.800000,0.100849
-0.425125,0.100000,1.800000,0.100849
-0.424424,0.100000,1.800000,0.100849
-0.423724,0.100000,1.800000,0.100849
-0.423023,0.100000,1.800000,0.100849
-0.422322,0.100000,1.800000,0.100849
-0.421622,0.100000,1.800000,0.100849
-0.420921,0.100000,1.800000,0.100849
-0.420220,0.100000,1.800000,0.100849
-0.419520,0.100000,1.800000,0.100849
-0.418819,0.100000,1.800000,0.100849
-0.418118,0.100000,1.800000,0.100849
-0.417417,0.100000,1.800000,0.100849
-0.416717,0.100000,1.800000,0.100849
-0.416016,0.100000,1.800000,0.100850
-0.415315,0.100000,1.800000,0.100850
-0.414615,0.100000,1.800000,0.100850
-0.413914,0.100000,1.800000,0.100850
-0.413213,0.100000,1.800000,0.100850
-0.412513,0.100000,1.800000,0.100850
-0.411812,0.100000,1.800000,0.100850
-0.411111,0.100000,1.800000,0.100850
-0.410410,0.100000,1.800000,0.100850
-0.409710,0.100000,1.800000,0.100850
-0.409009,0.100000,1.800000,0.100850
-0.408308,0.100000,1.800000,0.100850
-0.407608,0.100000,1.800000,0.100850
-0.406907,0.100000,1.800000,0.100850
-0.406206,0.100000,1.800000,0.100850
-0.405506,0.100000,1.800000,0.100850
-0.404805,0.100000,1.800000,0.100850
-0.404104,0.100000,1.800000,0.100850
-0.403403,0.100000,1.800000,0.100850
-0.402703,0.100000,1.800000,0.100850
-0.402002,0.100000,1.800000,0.100850
-0.401301,0.100000,1.800000,0.100850
-0.400601,0.100000,1.800000,0.100850
-0.399900,0.100000,1.800000,0.100850
-0.399199,0.100000,1.800000,0.100850
-0.398498,0.100000,1.800000,0.100851
-0.397798,0.100000,1.800000,0.100851
-0.397097,0.100000,1.800000,0.100851
-0.396396,0.100000,1.800000,0.100851
-0.395696,0.100000,1.800000,0.100851
-0.394995,0.100000,1.800000,0.100851
-0.394294,0.100000,1.800000,0.100851
-0.393594,0.100000,1.800000,0.100851
-0.392893,0.100000,1.800000,0.100851
-0.392192,0.100000,1.800000,0.100851
-0.391491,0.100000,1.800000,0.100851
-0.390791,0.100000,1.800000,0.100851
-0.390090,0.100000,1.800000,0.100851
-0.389389,0.100000,1.800000,0.100851
-0.388689,0.100000,1.800000,0.100851
-0.387988,0.100000,1.800000,0.100852
-0.387287,0.100000,1.800000,0.100852
-0.386587,0.100000,1.800000,0.100852
-0.385886,0.100000,1.800000,0.100852
-0.385185,0.100000,1.800000,0.100852
-0.384484,0.100000,1.800000,0.100852
-0.383784,0.100000,1.800000,0.100852
-0.383083,0.100000,1.800000,0.100852
-0.382382,0.100000,1.800000,0.100852
-0.381682,0.100000,1.800000,0.100852
-0.380981,0.100000,1.800000,0.100853
-0.380280,0.100000,1.800000,0.100853
-0.379580,0.100000,1.800000,0.100853
-0.378879,0.100000,1.800000,0.100853
-0.378178,0.100000,1.800000,0.100853
-0.377477,0.100000,1.800000,0.100853
-0.376777,0.100000,1.800000,0.100853
-0.376076,0.100000,1.800000,0.100853
-0.375375,0.100000,1.800000,0.100853
-0.374675,0.100000,1.800000,0.100854
-0.373974,0.100000,1.800000,0.100854
-0.373273,0.100000,1.800000,0.100854
-0.372573,0.100000,1.800000,0.100854
-0.371872,0.100000,1.800000,0.100854
-0.371171,0.100000,1.800000,0.100854
-0.370470,0.100000,1.800000,0.100854
-0.369770,0.100000,1.800000,0.100855
-0.369069,0.100000,1.800000,0.100855
-0.368368,0.100000,1.800000,0.100855
-0.367668,0.100000,1.800000,0.100855
-0.366967,0.100000,1.800000,0.100855
-0.366266,0.100000,1.800000,0.100855
-0.365566,0.100000,1.800000,0.100855
-0.364865,0.100000,1.800000,0.100856
-0.364164,0.100000,1.800000,0.100856
-0.363463,0.100000,1.800000,0.100856
-0.362763,0.100000,1.800000,0.100856
-0.362062,0.100000,1.800000,0.100856
-0.361361,0.100000,1.800000,0.100856
-0.360661,0.100000,1.800000,0.100857
-0.359960,0.100000,1.800000,0.100857
-0.359259,0.100000,1.800000,0.100857
-0.358559,0.100000,1.800000,0.100857
-0.357858,0.100000,1.800000,0.100857
-0.357157,0.100000,1.800000,0.100858
-0.356456,0.100000,1.800000,0.100858
-0.355756,0.100000,1.800000,0.100858
-0.355055,0.100000,1.800000,0.100858
-0.354354,0.100000,1.800000,0.100858
-0.353654,0.100000,1.800000,0.100859
-0.352953,0.100000,1.800000,0.100859
-0.352252,0.100000,1.800000,0.100859
-0.351552,0.100000,1.800000,0.100859
-0.350851,0.100000,1.800000,0.100859
-0.350150,0.100000,1.800000,0.100860
-0.349449,0.100000,1.800000,0.100860
-0.348749,0.100000,1.800000,0.100860
-0.348048,0.100000,1.800000,0.100860
-0.347347,0.100000,1.800000,0.100861
-0.346647,0.100000,1.800000,0.100861
-0.345946,0.100000,1.800000,0.100861
-0.345245,0.100000,1.800000,0.100861
-0.344545,0.100000,1.800000,0.100861
-0.343844,0.100000,1.800000,0.100862
-0.343143,0.100000,1.800000,0.100862
-0.342442,0.100000,1.800000,0.100862
-0.341742,0.100000,1.800000,0.100862
-0.341041,0.100000,1.800000,0.100863
-0.340340,0.100000,1.800000,0.100863
-0.339640,0.100000,1.800000,0.100863
-0.338939,0.100000,1.800000,0.100864
-0.338238,0.100000,1.800000,0.100864
-0.337538,0.100000,1.800000,0.100864
-0.336837,0.100000,1.800000,0.100864
-0.336136,0.100000,1.800000,0.100865
-0.335435,0.100000,1.800000,0.100865
-0.334735,0.100000,1.800000,0.100865
-0.334034,0.100000,1.800000,0.100866
-0.333333,0.100000,1.800000,0.100866
-0.332633,0.100000,1.800000,0.100866
-0.331932,0.100000,1.800000,0.100867
-0.331231,0.100000,1.800000,0.100867
-0.330531,0.100000,1.800000,0.100867
-0.329830,0.100000,1.800000,0.100868
-0.329129,0.100000,1.800000,0.100868
-0.328428,0.100000,1.800000,0.100868
-0.327728,0.100000,1.800000,0.100869
-0.327027,0.100000,1.800000,0.100869
-0.326326,0.100000,1.800000,0.100869
-0.325626,0.100000,1.800000,0.100870
-0.324925,0.100000,1.800000,0.100870
-0.324224,0.100000,1.800000,0.100870
-0.323524,0.100000,1.800000,0.100871
-0.322823,0.100000,1.800000,0.100871
-0.322122,0.100000,1.800000,0.100872
-0.321421,0.100000,1.800000,0.100872
-0.320721,0.100000,1.800000,0.100872
-0.320020,0.100000,1.800000,0.100873
-0.319319,0.100000,1.800000,0.100873
-0.318619,0.100000,1.800000,0.100874
-0.317918,0.100000,1.800000,0.100874
-0.317217,0.100000,1.800000,0.100874
-0.316517,0.100000,1.800000,0.100875
-0.315816,0.100000,1.800000,0.100875
-0.315115,0.100000,1.800000,0.100876
-0.314414,0.100000,1.800000,0.100876
-0.313714,0.100000,1.800000,0.100877
-0.313013,0.100000,1.800000,0.100877
-0.312312,0.100000,1.800000,0.100878
-0.311612,0.100000,1.800000,0.100878
-0.310911,0.100000,1.800000,0.100878
-0.310210,0.100000,1.800000,0.100879
-0.309510,0.100000,1.800000,0.100879
-0.308809,0.100000,1.800000,0.100880
-0.308108,0.100000,1.800000,0.100880
-0.307407,0.100000,1.800000,0.100881
-0.306707,0.100000,1.800000,0.100881
-0.306006,0.100000,1.800000,0.100882
-0.305305,0.100000,1.800000,0.100882
-0.304605,0.100000,1.800000,0.100883
-0.303904,0.100000,1.800000,0.100884
-0.303203,0.100000,1.800000,0.100884
-0.302503,0.100000,1.800000,0.100885
-0.301802,0.100000,1.800000,0.100885
-0.301101,0.100000,1.800000,0.100886
-0.300400,0.100000,1.800000,0.100886
-0.299700,0.100000,1.800000,0.100887
-0.298999,0.100000,1.800000,0.100887
-0.298298,0.100000,1.800000,0.100888
-0.297598,0.100000,1.800000,0.100889
-0.296897,0.100000,1.800000,0.100889
-0.296196,0.100000,1.800000,0.100890
-0.295495,0.100000,1.800000,0.100891
-0.294795,0.100000,1.800000,0.100891
-0.294094,0.100000,1.800000,0.100892
-0.293393,0.100000,1.800000,0.100892
-0.292693,0.100000,1.800000,0.100893
-0.291992,0.100000,1.800000,0.100894
-0.291291,0.100000,1.800000,0.100894
-0.290591,0.100000,1.800000,0.100895
-0.289890,0.100000,1.800000,0.100896
-0.289189,0.100000,1.800000,0.100897
-0.288488,0.100000,1.800000,0.100897
-0.287788,0.100000,1.800000,0.100898
-0.287087,0.100000,1.800000,0.100899
-0.286386,0.100000,1.800000,0.100899
-0.285686,0.100000,1.800000,0.100900
-0.284985,0.100000,1.800000,0.100901
-0.284284,0.100000,1.800000,0.100902
-0.283584,0.100000,1.800000,0.100902
-0.282883,0.100000,1.800000,0.100903
-0.282182,0.100000,1.800000,0.100904
-0.281481,0.100000,1.800000,0.100905
-0.280781,0.100000,1.800000,0.100906
-0.280080,0.100000,1.800000,0.100906
-0.279379,0.100000,1.800000,0.100907
-0.278679,0.100000,1.800000,0.100908
-0.277978,0.100000,1.800000,0.100909
-0.277277,0.100000,1.800000,0.100910
-0.276577,0.100000,1.800000,0.100911
-0.275876,0.100000,1.800000,0.100912
-0.275175,0.100000,1.800000,0.100912
-0.274474,0.100000,1.800000,0.100913
-0.273774,0.100000,1.800000,0.100914
-0.273073,0.100000,1.800000,0.100915
-0.272372,0.100000,1.800000,0.100916
-0.271672,0.100000,1.800000,0.100917
-0.270971,0.100000,1.800000,0.100918
-0.270270,0.100000,1.800000,0.100919
-0.269570,0.100000,1.800000,0.100920
-0.268869,0.100000,1.800000,0.100921
-0.268168,0.100000,1.800000,0.100922
-0.267467,0.100000,1.800000,0.100923
-0.266767,0.100000,1.800000,0.100924
-0.266066,0.100000,1.800000,0.100925
-0.265365,0.100000,1.800000,0.100926
-0.264665,0.100000,1.800000,0.100927
-0.263964,0.100000,1.800000,0.100928
-0.263263,0.100000,1.800000,0.100930
-0.262563,0.100000,1.800000,0.100931
-0.261862,0.100000,1.800000,0.100932
-0.261161,0.100000,1.800000,0.100933
-0.260460,0.100000,1.800000,0.100934
-0.259760,0.100000,1.800000,0.100935
-0.259059,0.100000,1.800000,0.100937
-0.258358,0.100000,1.800000,0.100938
-0.257658,0.100000,1.800000,0.100939
-0.256957,0.100000,1.800000,0.100940
-0.256256,0.100000,1.800000,0.100942
-0.255556,0.100000,1.800000,0.100943
-0.254855,0.100000,1.800000,0.100944
-0.254154,0.100000,1.800000,0.100945
-0.253453,0.100000,1.800000,0.100947
-0.252753,0.100000,1.800000,0.100948
-0.252052,0.100000,1.800000,0.100950
-0.251351,0.100000,1.800000,0.100951
-0.250651,0.100000,1.800000,0.100952
-0.249950,0.100000,1.800000,0.100954
-0.249249,0.100000,1.800000,0.100955
-0.248549,0.100000,1.800000,0.100957
-0.247848,0.100000,1.800000,0.100958
-0.247147,0.100000,1.800000,0.100960
-0.246446,0.100000,1.800000,0.100961
-0.245746,0.100000,1.800000,0.100963
-0.245045,0.100000,1.800000,0.100964
-0.244344,0.100000,1.800000,0.100966
-0.243644,0.100000,1.800000,0.100967
-0.242943,0.100000,1.800000,0.100969
-0.242242,0.100000,1.800000,0.100971
-0.241542,0.100000,1.800000,0.100972
-0.240841,0.100000,1.800000,0.100974
-0.240140,0.100000,1.800000,0.100976
-0.239439,0.100000,1.800000,0.100977
-0.238739,0.100000,1.800000,0.100979
-0.238038,0.100000,1.800000,0.100981
-0.237337,0.100000,1.800000,0.100983
-0.236637,0.100000,1.800000,0.100985
-0.235936,0.100000,1.800000,0.100986
-0.235235,0.100000,1.800000,0.100988
-0.234535,0.100000,1.800000,0.100990
-0.233834,0.100000,1.800000,0.100992
-0.233133,0.100000,1.800000,0.100994
-0.232432,0.100000,1.800000,0.100996
-0.231732,0.100000,1.800000,0.100998
-0.231031,0.100000,1.800000,0.101000
-0.230330,0.100000,1.800000,0.101002
-0.229630,0.100000,1.800000,0.101004
-0.228929,0.100000,1.800000,0.101007
-0.228228,0.100000,1.800000,0.101009
-0.227528,0.100000,1.800000,0.101011
-0.226827,0.100000,1.800000,0.101013
-0.226126,0.100000,1.800000,0.101015
-0.225425,0.100000,1.800000,0.101018
-0.224725,0.100000,1.800000,0.101020
-0.224024,0.100000,1.800000,0.101022
-0.223323,0.100000,1.800000,0.101025
-0.222623,0.100000,1.800000,0.101027
-0.221922,0.100000,1.800000,0.101030
-0.221221,0.100000,1.800000,0.101032
-0.220521,0.100000,1.800000,0.101035
-0.219820,0.100000,1.800000,0.101037
-0.219119,0.100000,1.800000,0.101040
-0.218418,0.100000,1.800000,0.101042
-0.217718,0.100000,1.800000,0.101045
-0.217017,0.100000,1.800000,0.101048
-0.216316,0.100000,1.800000,0.101050
-0.215616,0.100000,1.800000,0.101053
-0.214915,0.100000,1.800000,0.101056
-0.214214,0.100000,1.800000,0.101059
-0.213514,0.100000,1.800000,0.101062
-0.212813,0.100000,1.800000,0.101065
-0.212112,0.100000,1.800000,0.101068
-0.211411,0.100000,1.800000,0.101071
-0.210711,0.100000,1.800000,0.101074
-0.210010,0.100000,1.800000,0.101077
-0.209309,0.100000,1.800000,0.101080
-0.208609,0.100000,1.800000,0.101084
-0.207908,0.100000,1.800000,0.101087
-0.207207,0.100000,1.800000,0.101090
-0.206507,0.100000,1.800000,0.101094
-0.205806,0.100000,1.800000,0.101097
-0.205105,0.100000,1.800000,0.101101
-0.204404,0.100000,1.800000,0.101104
-0.203704,0.100000,1.800000,0.101108
-0.203003,0.100000,1.800000,0.101111
-0.202302,0.100000,1.800000,0.101115
-0.201602,0.100000,1.800000,0.101119
-0.200901,0.100000,1.800000,0.101123
-0.200200,0.100000,1.800000,0.101127
-0.199499,0.100000,1.800000,0.101131
-0.198799,0.100000,1.800000,0.101135
-0.198098,0.100000,1.800000,0.101139
-0.197397,0.100000,1.800000,0.101143
-0.196697,0.100000,1.800000,0.101147
-0.195996,0.100000,1.800000,0.101151
-0.195295,0.100000,1.800000,0.101156
-0.194595,0.100000,1.800000,0.101160
-0.193894,0.100000,1.800000,0.101165
-0.193193,0.100000,1.800000,0.101169
-0.192492,0.100000,1.800000,0.101174
-0.191792,0.100000,1.800000,0.101179
-0.191091,0.100000,1.800000,0.101183
-0.190390,0.100000,1.800000,0.101188
-0.189690,0.100000,1.800000,0.101193
-0.188989,0.100000,1.800000,0.101198
-0.188288,0.100000,1.800000,0.101203
-0.187588,0.100000,1.800000,0.101209
-0.186887,0.100000,1.800000,0.101214
-0.186186,0.100000,1.800000,0.101219
-0.185485,0.100000,1.800000,0.101225
-0.184785,0.100000,1.800000,0.101230
-0.184084,0.100000,1.800000,0.101236
-0.183383,0.100000,1.800000,0.101242
-0.182683,0.100000,1.800000,0.101248
-0.181982,0.100000,1.800000,0.101254
-0.181281,0.100000,1.800000,0.101260
-0.180581,0.100000,1.800000,0.101266
-0.179880,0.100000,1.800000,0.101272
-0.179179,0.100000,1.800000,0.101279
-0.178478,0.100000,1.800000,0.101285
-0.177778,0.100000,1.800000,0.101292
-0.177077,0.100000,1.800000,0.101299
-0.176376,0.100000,1.800000,0.101306
-0.175676,0.100000,1.800000,0.101313
-0.174975,0.100000,1.800000,0.101320
-0.174274,0.100000,1.800000,0.101327
-0.173574,0.100000,1.800000,0.101334
-0.172873,0.100000,1.800000,0.101342
-0.172172,0.100000,1.800000,0.101350
-0.171471,0.100000,1.800000,0.101358
-0.170771,0.100000,1.800000,0.101366
-0.170070,0.100000,1.800000,0.101374
-0.169369,0.100000,1.800000,0.101382
-0.168669,0.100000,1.800000,0.101390
-0.167968,0.100000,1.800000,0.101399
-0.167267,0.100000,1.800000,0.101408
-0.166567,0.100000,1.800000,0.101417
-0.165866,0.100000,1.800000,0.101426
-0.165165,0.100000,1.800000,0.101435
-0.164464,0.100000,1.800000,0.101445
-0.163764,0.100000,1.800000,0.101454
-0.163063,0.100000,1.800000,0.101464
-0.162362,0.100000,1.800000,0.101474
-0.161662,0.100000,1.800000,0.101484
-0.160961,0.100000,1.800000,0.101495
-0.160260,0.100000,1.800000,0.101505
-0.159560,0.100000,1.800000,0.101516
-0.158859,0.100000,1.800000,0.101527
-0.158158,0.100000,1.800000,0.101539
-0.157457,0.100000,1.800000,0.101550
-0.156757,0.100000,1.800000,0.101562
-0.156056,0.100000,1.800000,0.101574
-0.155355,0.100000,1.800000,0.101586
-0.154655,0.100000,1.800000,0.101599
-0.153954,0.100000,1.800000,0.101612
-0.153253,0.100000,1.800000,0.101625
-0.152553,0.100000,1.800000,0.101638
-0.151852,0.100000,1.800000,0.101652
-0.151151,0.100000,1.800000,0.101665
-0.150450,0.100000,1.800000,0.101680
-0.149750,0.100000,1.800000,0.101694
-0.149049,0.100000,1.800000,0.101709
-0.148348,0.100000,1.800000,0.101724
-0.147648,0.100000,1.800000,0.101740
-0.146947,0.100000,1.800000,0.101755
-0.146246,0.100000,1.800000,0.101771
-0.145546,0.100000,1.800000,0.101788
-0.144845,0.100000,1.800000,0.101805
-0.144144,0.100000,1.800000,0.101822
-0.143443,0.100000,1.800000,0.101840
-0.142743,0.100000,1.800000,0.101858
-0.142042,0.100000,1.800000,0.101876
-0.141341,0.100000,1.800000,0.101895
-0.140641,0.100000,1.800000,0.101914
-0.139940,0.100000,1.800000,0.101934
-0.139239,0.100000,1.800000,0.101954
-0.138539,0.100000,1.800000,0.101975
-0.137838,0.100000,1.800000,0.101996
-0.137137,0.100000,1.800000,0.102018
-0.136436,0.100000,1.800000,0.102040
-0.135736,0.100000,1.800000,0.102062
-0.135035,0.100000,1.800000,0.102086
-0.134334,0.100000,1.800000,0.102109
-0.133634,0.100000,1.800000,0.102134
-0.132933,0.100000,1.800000,0.102159
-0.132232,0.100000,1.800000,0.102184
-0.131532,0.100000,1.800000,0.102210
-0.130831,0.100000,1.800000,0.102237
-0.130130,0.100000,1.800000,0.102264
-0.129429,0.100000,1.800000,0.102292
-0.128729,0.100000,1.800000,0.102321
-0.128028,0.100000,1.800000,0.102351
-0.127327,0.100000,1.800000,0.102381
-0.126627,0.100000,1.800000,0.102412
-0.125926,0.100000,1.800000,0.102444
-0.125225,0.100000,1.800000,0.102476
-0.124525,0.100000,1.800000,0.102509
-0.123824,0.100000,1.800000,0.102544
-0.123123,0.100000,1.800000,0.102579
-0.122422,0.100000,1.800000,0.102615
-0.121722,0.100000,1.800000,0.102652
-0.121021,0.100000,1.800000,0.102690
-0.120320,0.100000,1.800000,0.102728
-0.119620,0.100000,1.800000,0.102768
-0.118919,0.100000,1.800000,0.102809
-0.118218,0.100000,1.800000,0.102851
-0.117518,0.100000,1.800000,0.102894
-0.116817,0.100000,1.800000,0.102938
-0.116116,0.100000,1.800000,0.102984
-0.115415,0.100000,1.800000,0.103031
-0.114715,0.100000,1.800000,0.103078
-0.114014,0.100000,1.800000,0.103128
-0.113313,0.100000,1.800000,0.103178
-0.112613,0.100000,1.800000,0.103230
-0.111912,0.100000,1.800000,0.103283
-0.111211,0.100000,1.800000,0.103338
-0.110511,0.100000,1.800000,0.103394
-0.109810,0.100000,1.800000,0.103452
-0.109109,0.100000,1.800000,0.103511
-0.108408,0.100000,1.800000,0.103572
-0.107708,0.100000,1.800000,0.103635
-0.107007,0.100000,1.800000,0.103700
-0.106306,0.100000,1.800000,0.103766
-0.105606,0.100000,1.800000,0.103834
-0.104905,0.100000,1.800000,0.103904
-0.104204,0.100000,1.800000,0.103976
-0.103504,0.100000,1.800000,0.104050
-0.102803,0.100000,1.800000,0.104126
-0.102102,0.100000,1.800000,0.104205
-0.101401,0.100000,1.800000,0.104285
-0.100701,0.100000,1.800000,0.104368
-0.100000,0.100000,1.800000,0.104453
-0.800000,0.100000,2.000000,0.100873
-0.799299,0.100000,2.000000,0.100872
-0.798599,0.100000,2.000000,0.100872
-0.797898,0.100000,2.000000,0.100872
-0.797197,0.100000,2.000000,0.100872
-0.796496,0.100000,2.000000,0.100872
-0.795796,0.100000,2.000000,0.100872
-0.795095,0.100000,2.000000,0.100872
-0.794394,0.100000,2.000000,0.100872
-0.793694,0.100000,2.000000,0.100872
-0.792993,0.100000,2.000000,0.100871
-0.792292,0.100000,2.000000,0.100871
-0.791592,0.100000,2.000000,0.100871
-0.790891,0.100000,2.000000,0.100871
-0.790190,0.100000,2.000000,0.100871
-0.789489,0.100000,2.000000,0.100871
-0.788789,0.100000,2.000000,0.100871
-0.788088,0.100000,2.000000,0.100871
-0.787387,0.100000,2.000000,0.100871
-0.786687,0.100000,2.000000,0.100870
-0.785986,0.100000,2.000000,0.100870
-0.785285,0.100000,2.000000,0.100870
-0.784585,0.100000,2.000000,0.100870
-0.783884,0.100000,2.000000,0.100870
-0.783183,0.100000,2.000000,0.100870
-0.782482,0.100000,2.000000,0.100870
-0.781782,0.100000,2.000000,0.100870
-0.781081,0.100000,2.000000,0.100870
-0.780380,0.100000,2.000000,0.100870
-0.779680,0.100000,2.000000,0.100869
-0.778979,0.100000,2.000000,0.100869
-0.778278,0.100000,2.000000,0.100869
-0.777578,0.100000,2.000000,0.100869
-0.776877,0.100000,2.000000,0.100869
-0.776176,0.100000,2.000000,0.100869
-0.775475,0.100000,2.000000,0.100869
-0.774775,0.100000,2.000000,0.100869
-0.774074,0.100000,2.000000,0.100869
-0.773373,0.100000,2.000000,0.100868
-0.772673,0.100000,2.000000,0.100868
-0.771972,0.100000,2.000000,0.100868
-0.771271,0.100000,2.000000,0.100868
-0.770571,0.100000,2.000000,0.100868
-0.769870,0.100000,2.000000,0.100868
-0.769169,0.100000,2.000000,0.100868
-0.768468,0.100000,2.000000,0.100868
-0.767768,0.100000,2.000000,0.100868
-0.767067,0.100000,2.000000,0.100867
-0.766366,0.100000,2.000000,0.100867
-0.765666,0.100000,2.000000,0.100867
-0.764965,0.100000,2.000000,0.100867
-0.764264,0.100000,2.000000,0.100867
-0.763564,0.100000,2.000000,0.100867
-0.762863,0.100000,2.000000,0.100867
-0.762162,0.100000,2.000000,0.100867
-0.761461,0.100000,2.000000,0.100867
-0.760761,0.100000,2.000000,0.100866
-0.760060,0.100000,2.000000,0.100866
-0.759359,0.100000,2.000000,0.100866
-0.758659,0.100000,2.000000,0.100866
-0.757958,0.100000,2.000000,0.100866
-0.757257,0.100000,2.000000,0.100866
-0.756557,0.100000,2.000000,0.100866
-0.755856,0.100000,2.000000,0.100866
-0.755155,0.100000,2.000000,0.100866
-0.754454,0.100000,2.000000,0.100866
-0.753754,0.100000,2.000000,0.100865
-0.753053,0.100000,2.000000,0.100865
-0.752352,0.100000,2.000000,0.100865
-0.751652,0.100000,2.000000,0.100865
-0.750951,0.100000,2.000000,0.100865
-0.750250,0.100000,2.000000,0.100865
-0.749550,0.100000,2.000000,0.100865
-0.748849,0.100000,2.000000,0.100865
-0.748148,0.100000,2.000000,0.100865
-0.747447,0.100000,2.000000,0.100864
-0.746747,0.100000,2.000000,0.100864
-0.746046,0.100000,2.000000,0.100864
-0.745345,0.100000,2.000000,0.100864
-0.744645,0.100000,2.000000,0.100864
-0.743944,0.100000,2.000000,0.100864
-0.743243,0.100000,2.000000,0.100864
-0.742543,0.100000,2.000000,0.100864
-0.741842,0.100000,2.000000,0.100864
-0.741141,0.100000,2.000000,0.100863
-0.740440,0.100000,2.000000,0.100863
-0.739740,0.100000,2.000000,0.100863
-0.739039,0.100000,2.000000,0.100863
-0.738338,0.100000,2.000000,0.100863
-0.737638,0.100000,2.000000,0.100863
-0.736937,0.100000,2.000000,0.100863
-0.736236,0.100000,2.000000,0.100863
-0.735536,0.100000,2.000000,0.100863
-0.734835,0.100000,2.000000,0.100862
-0.734134,0.100000,2.000000,0.100862
-0.733433,0.100000,2.000000,0.100862
-0.732733,0.100000,2.000000,0.100862
-0.732032,0.100000,2.000000,0.100862
-0.731331,0.100000,2.000000,0.100862
-0.730631,0.100000,2.000000,0.100862
-0.729930,0.100000,2.000000,0.100862
-0.729229,0.100000,2.000000,0.100862
-0.728529,0.100000,2.000000,0.100862
-0.727828,0.100000,2.000000,0.100861
-0.727127,0.100000,2.000000,0.100861
-0.726426,0.100000,2.000000,0.100861
-0.725726,0.100000,2.000000,0.100861
-0.725025,0.100000,2.000000,0.100861
-0.724324,0.100000,2.000000,0.100861
-0.723624,0.100000,2.000000,0.100861
-0.722923,0.100000,2.000000,0.100861
-0.722222,0.100000,2.000000,0.100861
-0.721522,0.100000,2.000000,0.100860
-0.720821,0.100000,2.000000,0.100860
-0.720120,0.100000,2.000000,0.100860
-0.719419,0.100000,2.000000,0.100860
-0.718719,0.100000,2.000000,0.100860
-0.718018,0.100000,2.000000,0.100860
-0.717317,0.100000,2.000000,0.100860
-0.716617,0.100000,2.000000,0.100860
-0.715916,0.100000,2.000000,0.100860
-0.715215,0.100000,2.000000,0.100859
-0.714515,0.100000,2.000000,0.100859
-0.713814,0.100000,2.000000,0.100859
-0.713113,0.100000,2.000000,0.100859
-0.712412,0.100000,2.000000,0.100859
-0.711712,0.100000,2.000000,0.100859
-0.711011,0.100000,2.000000,0.100859
-0.710310,0.100000,2.000000,0.100859
-0.709610,0.100000,2.000000,0.100859
-0.708909,0.100000,2.000000,0.100858
-0.708208,0.100000,2.000000,0.100858
-0.707508,0.100000,2.000000,0.100858
-0.706807,0.100000,2.000000,0.100858
-0.706106,0.100000,2.000000,0.100858
-0.705405,0.100000,2.000000,0.100858
-0.704705,0.100000,2.000000,0.100858
-0.704004,0.100000,2.000000,0.100858
-0.703303,0.100000,2.000000,0.100858
-0.702603,0.100000,2.000000,0.100858
-0.701902,0.100000,2.000000,0.100857
-0.701201,0.100000,2.000000,0.100857
-0.700501,0.100000,2.000000,0.100857
-0.699800,0.100000,2.000000,0.100857
-0.699099,0.100000,2.000000,0.100857
-0.698398,0.100000,2.000000,0.100857
-0.697698,0.100000,2.000000,0.100857
-0.696997,0.100000,2.000000,0.100857
-0.696296,0.100000,2.000000,0.100857
-0.695596,0.100000,2.000000,0.100856
-0.694895,0.100000,2.000000,0.100856
-0.694194,0.100000,2.000000,0.100856
-0.693493,0.100000,2.000000,0.100856
-0.692793,0.100000,2.000000,0.100856
-0.692092,0.100000,2.000000,0.100856
-0.691391,0.100000,2.000000,0.100856
-0.690691,0.100000,2.000000,0.100856
-0.689990,0.100000,2.000000,0.100856
-0.689289,0.100000,2.000000,0.100855
-0.688589,0.100000,2.000000,0.100855
-0.687888,0.100000,2.000000,0.100855
-0.687187,0.100000,2.000000,0.100855
-0.686486,0.100000,2.000000,0.100855
-0.685786,0.100000,2.000000,0.100855
-0.685085,0.100000,2.000000,0.100855
-0.684384,0.100000,2.000000,0.100855
-0.683684,0.100000,2.000000,0.100855
-0.682983,0.100000,2.000000,0.100855
-0.682282,0.100000,2.000000,0.100854
-0.681582,0.100000,2.000000,0.100854
-0.680881,0.100000,2.000000,0.100854
-0.680180,0.100000,2.000000,0.100854
-0.679479,0.100000,2.000000,0.100854
-0.678779,0.100000,2.000000,0.100854
-0.678078,0.100000,2.000000,0.100854
-0.677377,0.100000,2.000000,0.100854
-0.676677,0.100000,2.000000,0.100854
-0.675976,0.100000,2.000000,0.100853
-0.675275,0.100000,2.000000,0.100853
-0.674575,0.100000,2.000000,0.100853
-0.673874,0.100000,2.000000,0.100853
-0.673173,0.100000,2.000000,0.100853
-0.672472,0.100000,2.000000,0.100853
-0.671772,0.100000,2.000000,0.100853
-0.671071,0.100000,2.000000,0.100853
-0.670370,0.100000,2.000000,0.100853
-0.669670,0.100000,2.000000,0.100852
-0.668969,0.100000,2.000000,0.100852
-0.668268,0.100000,2.000000,0.100852
-0.667568,0.100000,2.000000,0.100852
-0.666867,0.100000,2.000000,0.100852
-0.666166,0.100000,2.000000,0.100852
-0.665465,0.100000,2.000000,0.100852
-0.664765,0.100000,2.000000,0.100852
-0.664064,0.100000,2.000000,0.100852
-0.663363,0.100000,2.000000,0.100852
-0.662663,0.100000,2.000000,0.100851
-0.661962,0.100000,2.000000,0.100851
-0.661261,0.100000,2.000000,0.100851
-0.660561,0.100000,2.000000,0.100851
-0.659860,0.100000,2.000000,0.100851
-0.659159,0.100000,2.000000,0.100851
-0.658458,0.100000,2.000000,0.100851
-0.657758,0.100000,2.000000,0.100851
-0.657057,0.100000,2.000000,0.100851
-0.656356,0.100000,2.000000,0.100850
-0.655656,0.100000,2.000000,0.100850
-0.654955,0.100000,2.000000,0.100850
-0.654254,0.100000,2.000000,0.100850
-0.653554,0.100000,2.000000,0.100850
-0.652853,0.100000,2.000000,0.100850
-0.652152,0.100000,2.000000,0.100850
-0.651451,0.100000,2.000000,0.100850
-0.650751,0.100000,2.000000,0.100850
-0.650050,0.100000,2.000000,0.100850
-0.649349,0.100000,2.000000,0.100849
-0.648649,0.100000,2.000000,0.100849
-0.647948,0.100000,2.000000,0.100849
-0.647247,0.100000,2.000000,0.100849
-0.646547,0.100000,2.000000,0.100849
-0.645846,0.100000,2.000000,0.100849
-0.645145,0.100000,2.000000,0.100849
-0.644444,0.100000,2.000000,0.100849
-0.643744,0.100000,2.000000,0.100849
-0.643043,0.100000,2.000000,0.100848
-0.642342,0.100000,2.000000,0.100848
-0.641642,0.100000,2.000000,0.100848
-0.640941,0.100000,2.000000,0.100848
-0.640240,0.100000,2.000000,0.100848
-0.639540,0.100000,2.000000,0.100848
-0.638839,0.100000,2.000000,0.100848
-0.638138,0.100000,2.000000,0.100848
-0.637437,0.100000,2.000000,0.100848
-0.636737,0.100000,2.000000,0.100848
-0.636036,0.100000,2.000000,0.100847
-0.635335,0.100000,2.000000,0.100847
-0.634635,0.100000,2.000000,0.100847
-0.633934,0.100000,2.000000,0.100847
-0.633233,0.100000,2.000000,0.100847
-0.632533,0.100000,2.000000,0.100847
-0.631832,0.100000,2.000000,0.100847
-0.631131,0.100000,2.000000,0.100847
-0.630430,0.100000,2.000000,0.100847
-0.629730,0.100000,2.000000,0.100847
-0.629029,0.100000,2.000000,0.100846
-0.628328,0.100000,2.000000,0.100846
-0.627628,0.100000,2.000000,0.100846
-0.626927,0.100000,2.000000,0.100846
-0.626226,0.100000,2.000000,0.100846
-0.625526,0.100000,2.000000,0.100846
-0.624825,0.100000,2.000000,0.100846
-0.624124,0.100000,2.000000,0.100846
-0.623423,0.100000,2.000000,0.100846
-0.622723,0.100000,2.000000,0.100845
-0.622022,0.100000,2.000000,0.100845
-0.621321,0.100000,2.000000,0.100845
-0.620621,0.100000,2.000000,0.100845
-0.619920,0.100000,2.000000,0.100845
-0.619219,0.100000,2.000000,0.100845
-0.618519,0.100000,2.000000,0.100845
-0.617818,0.100000,2.000000,0.100845
-0.617117,0.100000,2.000000,0.100845
-0.616416,0.100000,2.000000,0.100845
-0.615716,0.100000,2.000000,0.100844
-0.615015,0.100000,2.000000,0.100844
-0.614314,0.100000,2.000000,0.100844
-0.613614,0.100000,2.000000,0.100844
-0.612913,0.100000,2.000000,0.100844
-0.612212,0.100000,2.000000,0.100844
-0.611512,0.100000,2.000000,0.100844
-0.610811,0.100000,2.000000,0.100844
-0.610110,0.100000,2.000000,0.100844
-0.609409,0.100000,2.000000,0.100844
-0.608709,0.100000,2.000000,0.100844
-0.608008,0.100000,2.000000,0.100843
-0.607307,0.100000,2.000000,0.100843
-0.606607,0.100000,2.000000,0.100843
-0.605906,0.100000,2.000000,0.100843
-0.605205,0.100000,2.000000,0.100843
-0.604505,0.100000,2.000000,0.100843
-0.603804,0.100000,2.000000,0.100843
-0.603103,0.100000,2.000000,0.100843
-0.602402,0.100000,2.000000,0.100843
-0.601702,0.100000,2.000000,0.100843
-0.601001,0.100000,2.000000,0.100842
-0.600300,0.100000,2.000000,0.100842
-0.599600,0.100000,2.000000,0.100842
-0.598899,0.100000,2.000000,0.100842
-0.598198,0.100000,2.000000,0.100842
-0.597497,0.100000,2.000000,0.100842
-0.596797,0.100000,2.000000,0.100842
-0.596096,0.100000,2.000000,0.100842
-0.595395,0.100000,2.000000,0.100842
-0.594695,0.100000,2.000000,0.100842
-0.593994,0.100000,2.000000,0.100841
-0.593293,0.100000,2.000000,0.100841
-0.592593,0.100000,2.000000,0.100841
-0.591892,0.100000,2.000000,0.100841
-0.591191,0.100000,2.000000,0.100841
-0.590490,0.100000,2.000000,0.100841
-0.589790,0.100000,2.000000,0.100841
-0.589089,0.100000,2.000000,0.100841
-0.588388,0.100000,2.000000,0.100841
-0.587688,0.100000,2.000000,0.100841
-0.586987,0.100000,2.000000,0.100840
-0.586286,0.100000,2.000000,0.100840
-0.585586,0.100000,2.000000,0.100840
-0.584885,0.100000,2.000000,0.100840
-0.584184,0.100000,2.000000,0.100840
-0.583483,0.100000,2.000000,0.100840
-0.582783,0.100000,2.000000,0.100840
-0.582082,0.100000,2.000000,0.100840
-0.581381,0.100000,2.000000,0.100840
-0.580681,0.100000,2.000000,0.100840
-0.579980,0.100000,2.000000,0.100840
-0.579279,0.100000,2.000000,0.100839
-0.578579,0.100000,2.000000,0.100839
-0.577878,0.100000,2.000000,0.100839
-0.577177,0.100000,2.000000,0.100839
-0.576476,0.100000,2.000000,0.100839
-0.575776,0.100000,2.000000,0.100839
-0.575075,0.100000,2.000000,0.100839
-0.574374,0.100000,2.000000,0.100839
-0.573674,0.100000,2.000000,0.100839
-0.572973,0.100000,2.000000,0.100839
-0.572272,0.100000,2.000000,0.100838
-0.571572,0.100000,2.000000,0.100838
-0.570871,0.100000,2.000000,0.100838
-0.570170,0.100000,2.000000,0.100838
-0.569469,0.100000,2.000000,0.100838
-0.568769,0.100000,2.000000,0.100838
-0.568068,0.100000,2.000000,0.100838
-0.567367,0.100000,2.000000,0.100838
-0.566667,0.100000,2.000000,0.100838
-0.565966,0.100000,2.000000,0.100838
-0.565265,0.100000,2.000000,0.100838
-0.564565,0.100000,2.000000,0.100837
-0.563864,0.100000,2.000000,0.100837
-0.563163,0.100000,2.000000,0.100837
-0.562462,0.100000,2.000000,0.100837
-0.561762,0.100000,2.000000,0.100837
-0.561061,0.100000,2.000000,0.100837
-0.560360,0.100000,2.000000,0.100837
-0.559660,0.100000,2.000000,0.100837
-0.558959,0.100000,2.000000,0.100837
-0.558258,0.100000,2.000000,0.100837
-0.557558,0.100000,2.000000,0.100837
-0.556857,0.100000,2.000000,0.100837
-0.556156,0.100000,2.000000,0.100836
-0.555455,0.100000,2.000000,0.100836
-0.554755,0.100000,2.000000,0.100836
-0.554054,0.100000,2.000000,0.100836
-0.553353,0.100000,2.000000,0.100836
-0.552653,0.100000,2.000000,0.100836
-0.551952,0.100000,2.000000,0.100836
-0.551251,0.100000,2.000000,0.100836
-0.550551,0.100000,2.000000,0.100836
-0.549850,0.100000,2.000000,0.100836
-0.549149,0.100000,2.000000,0.100836
-0.548448,0.100000,2.000000,0.100835
-0.547748,0.100000,2.000000,0.100835
-0.547047,0.100000,2.000000,0.100835
-0.546346,0.100000,2.000000,0.100835
-0.545646,0.100000,2.000000,0.100835
-0.544945,0.100000,2.000000,0.100835
-0.544244,0.100000,2.000000,0.100835
-0.543544,0.100000,2.000000,0.100835
-0.542843,0.100000,2.000000,0.100835
-0.542142,0.100000,2.000000,0.100835
-0.541441,0.100000,2.000000,0.100835
-0.540741,0.100000,2.000000,0.100835
-0.540040,0.100000,2.000000,0.100834
-0.539339,0.100000,2.000000,0.100834
-0.538639,0.100000,2.000000,0.100834
-0.537938,0.100000,2.000000,0.100834
-0.537237,0.100000,2.000000,0.100834
-0.536537,0.100000,2.000000,0.100834
-0.535836,0.100000,2.000000,0.100834
-0.535135,0.100000,2.000000,0.100834
-0.534434,0.100000,2.000000,0.100834
-0.533734,0.100000,2.000000,0.100834
-0.533033,0.100000,2.000000,0.100834
-0.532332,0.100000,2.000000,0.100834
-0.531632,0.100000,2.000000,0.100833
-0.530931,0.100000,2.000000,0.100833
-0.530230,0.100000,2.000000,0.100833
-0.529530,0.100000,2.000000,0.100833
-0.528829,0.100000,2.000000,0.100833
-0.528128,0.100000,2.000000,0.100833
-0.527427,0.100000,2.000000,0.100833
-0.526727,0.100000,2.000000,0.100833
-0.526026,0.100000,2.000000,0.100833
-0.525325,0.100000,2.000000,0.100833
-0.524625,0.100000,2.000000,0.100833
-0.523924,0.100000,2.000000,0.100833
-0.523223,0.100000,2.000000,0.100833
-0.522523,0.100000,2.000000,0.100832
-0.521822,0.100000,2.000000,0.100832
-0.521121,0.100000,2.000000,0.100832
-0.520420,0.100000,2.000000,0.100832
-0.519720,0.100000,2.000000,0.100832
-0.519019,0.100000,2.000000,0.100832
-0.518318,0.100000,2.000000,0.100832
-0.517618,0.100000,2.000000,0.100832
-0.516917,0.100000,2.000000,0.100832
-0.516216,0.100000,2.000000,0.100832
-0.515516,0.100000,2.000000,0.100832
-0.514815,0.100000,2.000000,0.100832
-0.514114,0.100000,2.000000,0.100832
-0.513413,0.100000,2.000000,0.100832
-0.512713,0.100000,2.000000,0.100831
-0.512012,0.100000,2.000000,0.100831
-0.511311,0.100000,2.000000,0.100831
-0.510611,0.100000,2.000000,0.100831
-0.509910,0.100000,2.000000,0.100831
-0.509209,0.100000,2.000000,0.100831
-0.508509,0.100000,2.000000,0.100831
-0.507808,0.100000,2.000000,0.100831
-0.507107,0.100000,2.000000,0.100831
-0.506406,0.100000,2.000000,0.100831
-0.505706,0.100000,2.000000,0.100831
-0.505005,0.100000,2.000000,0.100831
-0.504304,0.100000,2.000000,0.100831
-0.503604,0.100000,2.000000,0.100831
-0.502903,0.100000,2.000000,0.100830
-0.502202,0.100000,2.000000,0.100830
-0.501502,0.100000,2.000000,0.100830
-0.500801,0.100000,2.000000,0.100830
-0.500100,0.100000,2.000000,0.100830
-0.499399,0.100000,2.000000,0.100830
-0.498699,0.100000,2.000000,0.100830
-0.497998,0.100000,2.000000,0.100830
-0.497297,0.100000,2.000000,0.100830
-0.496597,0.100000,2.000000,0.100830
-0.495896,0.100000,2.000000,0.100830
-0.495195,0.100000,2.000000,0.100830
-0.494494,0.100000,2.000000,0.100830
-0.493794,0.100000,2.000000,0.100830
-0.493093,0.100000,2.000000,0.100830
-0.492392,0.100000,2.000000,0.100830
-0.491692,0.100000,2.000000,0.100830
-0.490991,0.100000,2.000000,0.100829
-0.490290,0.100000,2.000000,0.100829
-0.489590,0.100000,2.000000,0.100829
-0.488889,0.100000,2.000000,0.100829
-0.488188,0.100000,2.000000,0.100829
-0.487487,0.100000,2.000000,0.100829
-0.486787,0.100000,2.000000,0.100829
-0.486086,0.100000,2.000000,0.100829
-0.485385,0.100000,2.000000,0.100829
-0.484685,0.100000,2.000000,0.100829
-0.483984,0.100000,2.000000,0.100829
-0.483283,0.100000,2.000000,0.100829
-0.482583,0.100000,2.000000,0.100829
-0.481882,0.100000,2.000000,0.100829
-0.481181,0.100000,2.000000,0.100829
-0.480480,0.100000,2.000000,0.100829
-0.479780,0.100000,2.000000,0.100829
-0.479079,0.100000,2.000000,0.100829
-0.478378,0.100000,2.000000,0.100828
-0.477678,0.100000,2.000000,0.100828
-0.476977,0.100000,2.000000,0.100828
-0.476276,0.100000,2.000000,0.100828
-0.475576,0.100000,2.000000,0.100828
-0.474875,0.100000,2.000000,0.100828
-0.474174,0.100000,2.000000,0.100828
-0.473473,0.100000,2.000000,0.100828
-0.472773,0.100000,2.000000,0.100828
-0.472072,0.100000,2.000000,0.100828
-0.471371,0.100000,2.000000,0.100828
-0.470671,0.100000,2.000000,0.100828
-0.469970,0.100000,2.000000,0.100828
-0.469269,0.100000,2.000000,0.100828
-0.468569,0.100000,2.000000,0.100828
-0.467868,0.100000,2.000000,0.100828
-0.467167,0.100000,2.000000,0.100828
-0.466466,0.100000,2.000000,0.100828
-0.465766,0.100000,2.000000,0.100828
-0.465065,0.100000,2.000000,0.100828
-0.464364,0.100000,2.000000,0.100828
-0.463664,0.100000,2.000000,0.100828
-0.462963,0.100000,2.000000,0.100828
-0.462262,0.100000,2.000000,0.100827
-0.461562,0.100000,2.000000,0.100827
-0.460861,0.100000,2.000000,0.100827
-0.460160,0.100000,2.000000,0.100827
-0.459459,0.100000,2.000000,0.100827
-0.458759,0.100000,2.000000,0.100827
-0.458058,0.100000,2.000000,0.100827
-0.457357,0.100000,2.000000,0.100827
-0.456657,0.100000,2.000000,0.100827
-0.455956,0.100000,2.000000,0.100827
-0.455255,0.100000,2.000000,0.100827
-0.454555,0.100000,2.000000,0.100827
-0.453854,0.100000,2.000000,0.100827
-0.453153,0.100000,2.000000,0.100827
-0.452452,0.100000,2.000000,0.100827
-0.451752,0.100000,2.000000,0.100827
-0.451051,0.100000,2.000000,0.100827
-0.450350,0.100000,2.000000,0.100827
-0.449650,0.100000,2.000000,0.100827
-0.448949,0.100000,2.000000,0.100827
-0.448248,0.100000,2.000000,0.100827
-0.447548,0.100000,2.000000,0.100827
-0.446847,0.100000,2.000000,0.100827
-0.446146,0.100000,2.000000,0.100827
-0.445445,0.100000,2.000000,0.100827
-0.444745,0.100000,2.000000,0.100827
-0.444044,0.100000,2.000000,0.100827
-0.443343,0.100000,2.000000,0.100827
-0.442643,0.100000,2.000000,0.100827
-0.441942,0.100000,2.000000,0.100827
-0.441241,0.100000,2.000000,0.100827
-0.440541,0.100000,2.000000,0.100827
-0.439840,0.100000,2.000000,0.100827
-0.439139,0.100000,2.000000,0.100827
-0.438438,0.100000,2.000000,0.100827
-0.437738,0.100000,2.000000,0.100827
-0.437037,0.100000,2.000000,0.100827
-0.436336,0.100000,2.000000,0.100827
-0.435636,0.100000,2.000000,0.100827
-0.434935,0.100000,2.000000,0.100827
-0.434234,0.100000,2.000000,0.100827
-0.433534,0.100000,2.000000,0.100827
-0.432833,0.100000,2.000000,0.100827
-0.432132,0.100000,2.000000,0.100827
-0.431431,0.100000,2.000000,0.100827
-0.430731,0.100000,2.000000,0.100827
-0.430030,0.100000,2.000000,0.100827
-0.429329,0.100000,2.000000,0.100827
-0.428629,0.100000,2.000000,0.100827
-0.427928,0.100000,2.000000,0.100827
-0.427227,0.100000,2.000000,0.100827
-0.426527,0.100000,2.000000,0.100827
-0.425826,0.100000,2.000000,0.100827
-0.425125,0.100000,2.000000,0.100827
-0.424424,0.100000,2.000000,0.100827
-0.423724,0.100000,2.000000,0.100827
-0.423023,0.100000,2.000000,0.100827
-0.422322,0.100000,2.000000,0.100827
-0.421622,0.100000,2.000000,0.100827
-0.420921,0.100000,2.000000,0.100827
-0.420220,0.100000,2.000000,0.100827
-0.419520,0.100000,2.000000,0.100827
-0.418819,0.100000,2.000000,0.100827
-0.418118,0.100000,2.000000,0.100827
-0.417417,0.100000,2.000000,0.100827
-0.416717,0.100000,2.000000,0.100827
-0.416016,0.100000,2.000000,0.100827
-0.415315,0.100000,2.000000,0.100827
-0.414615,0.100000,2.000000,0.100827
-0.413914,0.100000,2.000000,0.100827
-0.413213,0.100000,2.000000,0.100827
-0.412513,0.100000,2.000000,0.100827
-0.411812,0.100000,2.000000,0.100827
-0.411111,0.100000,2.000000,0.100827
-0.410410,0.100000,2.000000,0.100827
-0.409710,0.100000,2.000000,0.100827
-0.409009,0.100000,2.000000,0.100827
-0.408308,0.100000,2.000000,0.100827
-0.407608,0.100000,2.000000,0.100827
-0.406907,0.100000,2.000000,0.100827
-0.406206,0.100000,2.000000,0.100827
-0.405506,0.100000,2.000000,0.100827
-0.404805,0.100000,2.000000,0.100827
-0.404104,0.100000,2.000000,0.100827
-0.403403,0.100000,2.000000,0.100827
-0.402703,0.100000,2.000000,0.100827
-0.402002,0.100000,2.000000,0.100827
-0.401301,0.100000,2.000000,0.100827
-0.400601,0.100000,2.000000,0.100827
-0.399900,0.100000,2.000000,0.100828
-0.399199,0.100000,2.000000,0.100828
-0.398498,0.100000,2.000000,0.100828
-0.397798,0.100000,2.000000,0.100828
-0.397097,0.100000,2.000000,0.100828
-0.396396,0.100000,2.000000,0.100828
-0.395696,0.100000,2.000000,0.100828
-0.394995,0.100000,2.000000,0.100828
-0.394294,0.100000,2.000000,0.100828
-0.393594,0.100000,2.000000,0.100828
-0.392893,0.100000,2.000000,0.100828
-0.392192,0.100000,2.000000,0.100828
-0.391491,0.100000,2.000000,0.100828
-0.390791,0.100000,2.000000,0.100828
-0.390090,0.100000,2.000000,0.100828
-0.389389,0.100000,2.000000,0.100828
-0.388689,0.100000,2.000000,0.100829
-0.387988,0.100000,2.000000,0.100829
-0.387287,0.100000,2.000000,0.100829
-0.386587,0.100000,2.000000,0.100829
-0.385886,0.100000,2.000000,0.100829
-0.385185,0.100000,2.000000,0.100829
-0.384484,0.100000,2.000000,0.100829
-0.383784,0.100000,2.000000,0.100829
-0.383083,0.100000,2.000000,0.100829
-0.382382,0.100000,2.000000,0.100829
-0.381682,0.100000,2.000000,0.100829
-0.380981,0.100000,2.000000,0.100829
-0.380280,0.100000,2.000000,0.100830
-0.379580,0.100000,2.000000,0.100830
-0.378879,0.100000,2.000000,0.100830
-0.378178,0.100000,2.000000,0.100830
-0.377477,0.100000,2.000000,0.100830
-0.376777,0.100000,2.000000,0.100830
-0.376076,0.100000,2.000000,0.100830
-0.375375,0.100000,2.000000,0.100830
-0.374675,0.100000,2.000000,0.100830
-0.373974,0.100000,2.000000,0.100830
-0.373273,0.100000,2.000000,0.100831
-0.372573,0.100000,2.000000,0.100831
-0.371872,0.100000,2.000000,0.100831
-0.371171,0.100000,2.000000,0.100831
-0.370470,0.100000,2.000000,0.100831
-0.369770,0.100000,2.000000,0.100831
-0.369069,0.100000,2.000000,0.100831
-0.368368,0.100000,2.000000,0.100831
-0.367668,0.100000,2.000000,0.100832
-0.366967,0.100000,2.000000,0.100832
-0.366266,0.100000,2.000000,0.100832
-0.365566,0.100000,2.000000,0.100832
-0.364865,0.100000,2.000000,0.100832
-0.364164,0.100000,2.000000,0.100832
-0.363463,0.100000,2.000000,0.100832
-0.362763,0.100000,2.000000,0.100833
-0.362062,0.100000,2.000000,0.100833
-0.361361,0.100000,2.000000,0.100833
-0.360661,0.100000,2.000000,0.100833
-0.359960,0.100000,2.000000,0.100833
-0.359259,0.100000,2.000000,0.100833
-0.358559,0.100000,2.000000,0.100833
-0.357858,0.100000,2.000000,0.100834
-0.357157,0.100000,2.000000,0.100834
-0.356456,0.100000,2.000000,0.100834
-0.355756,0.100000,2.000000,0.100834
-0.355055,0.100000,2.000000,0.100834
-0.354354,0.100000,2.000000,0.100834
-0.353654,0.100000,2.000000,0.100835
-0.352953,0.100000,2.000000,0.100835
-0.352252,0.100000,2.000000,0.100835
-0.351552,0.100000,2.000000,0.100835
-0.350851,0.100000,2.000000,0.100835
-0.350150,0.100000,2.000000,0.100836
-0.349449,0.100000,2.000000,0.100836
-0.348749,0.100000,2.000000,0.100836
-0.348048,0.100000,2.000000,0.100836
-0.347347,0.100000,2.000000,0.100836
-0.346647,0.100000,2.000000,0.100837
-0.345946,0.100000,2.000000,0.100837
-0.345245,0.100000,2.000000,0.100837
-0.344545,0.100000,2.000000,0.100837
-0.343844,0.100000,2.000000,0.100837
-0.343143,0.100000,2.000000,0.100838
-0.342442,0.100000,2.000000,0.100838
-0.341742,0.100000,2.000000,0.100838
-0.341041,0.100000,2.000000,0.100838
-0.340340,0.100000,2.000000,0.100839
-0.339640,0.100000,2.000000,0.100839
-0.338939,0.100000,2.000000,0.100839
-0.338238,0.100000,2.000000,0.100839
-0.337538,0.100000,2.000000,0.100840
-0.336837,0.100000,2.000000,0.100840
-0.336136,0.100000,2.000000,0.100840
-0.335435,0.100000,2.000000,0.100840
-0.334735,0.100000,2.000000,0.100841
-0.334034,0.100000,2.000000,0.100841
-0.333333,0.100000,2.000000,0.100841
-0.332633,0.100000,2.000000,0.100841
-0.331932,0.100000,2.000000,0.100842
-0.331231,0.100000,2.000000,0.100842
-0.330531,0.100000,2.000000,0.100842
-0.329830,0.100000,2.000000,0.100843
-0.329129,0.100000,2.000000,0.100843
-0.328428,0.100000,2.000000,0.100843
-0.327728,0.100000,2.000000,0.100843
-0.327027,0.100000,2.000000,0.100844
-0.326326,0.100000,2.000000,0.100844
-0.325626,0.100000,2.000000,0.100844
-0.324925,0.100000,2.000000,0.100845
-0.324224,0.100000,2.000000,0.100845
-0.323524,0.100000,2.000000,0.100845
-0.322823,0.100000,2.000000,0.100846
-0.322122,0.100000,2.000000,0.100846
-0.321421,0.100000,2.000000,0.100846
-0.320721,0.100000,2.000000,0.100847
-0.320020,0.100000,2.000000,0.100847
-0.319319,0.100000,2.000000,0.100847
-0.318619,0.100000,2.000000,0.100848
-0.317918,0.100000,2.000000,0.100848
-0.317217,0.100000,2.000000,0.100848
-0.316517,0.100000,2.000000,0.100849
-0.315816,0.100000,2.000000,0.100849
-0.315115,0.100000,2.000000,0.100849
-0.314414,0.100000,2.000000,0.100850
-0.313714,0.100000,2.000000,0.100850
-0.313013,0.100000,2.000000,0.100851
-0.312312,0.100000,2.000000,0.100851
-0.311612,0.100000,2.000000,0.100851
-0.310911,0.100000,2.000000,0.100852
-0.310210,0.100000,2.000000,0.100852
-0.309510,0.100000,2.000000,0.100853
-0.308809,0.100000,2.000000,0.100853
-0.308108,0.100000,2.000000,0.100853
-0.307407,0.100000,2.000000,0.100854
-0.306707,0.100000,2.000000,0.100854
-0.306006,0.100000,2.000000,0.100855
-0.305305,0.100000,2.000000,0.100855
-0.304605,0.100000,2.000000,0.100856
-0.303904,0.100000,2.000000,0.100856
-0.303203,0.100000,2.000000,0.100857
-0.302503,0.100000,2.000000,0.100857
-0.301802,0.100000,2.000000,0.100858
-0.301101,0.100000,2.000000,0.100858
-0.300400,0.100000,2.000000,0.100859
-0.299700,0.100000,2.000000,0.100859
-0.298999,0.100000,2.000000,0.100860
-0.298298,0.100000,2.000000,0.100860
-0.297598,0.100000,2.000000,0.100861
-0.296897,0.100000,2.000000,0.100861
-0.296196,0.100000,2.000000,0.100862
-0.295495,0.100000,2.000000,0.100862
-0.294795,0.100000,2.000000,0.100863
-0.294094,0.100000,2.000000,0.100863
-0.293393,0.100000,2.000000,0.100864
-0.292693,0.100000,2.000000,0.100864
-0.291992,0.100000,2.000000,0.100865
-0.291291,0.100000,2.000000,0.100865
-0.290591,0.100000,2.000000,0.100866
-0.289890,0.100000,2.000000,0.100867
-0.289189,0.100000,2.000000,0.100867
-0.288488,0.100000,2.000000,0.100868
-0.287788,0.100000,2.000000,0.100868
-0.287087,0.100000,2.000000,0.100869
-0.286386,0.100000,2.000000,0.100870
-0.285686,0.100000,2.000000,0.100870
-0.284985,0.100000,2.000000,0.100871
-0.284284,0.100000,2.000000,0.100872
-0.283584,0.100000,2.000000,0.100872
-0.282883,0.100000,2.000000,0.100873
-0.282182,0.100000,2.000000,0.100874
-0.281481,0.100000,2.000000,0.100874
-0.280781,0.100000,2.000000,0.100875
-0.280080,0.100000,2.000000,0.100876
-0.279379,0.100000,2.000000,0.100876
-0.278679,0.100000,2.000000,0.100877
-0.277978,0.100000,2.000000,0.100878
-0.277277,0.100000,2.000000,0.100879
-0.276577,0.100000,2.000000,0.100879
-0.275876,0.100000,2.000000,0.100880
-0.275175,0.100000,2.000000,0.100881
-0.274474,0.100000,2.000000,0.100882
-0.273774,0.100000,2.000000,0.100882
-0.273073,0.100000,2.000000,0.100883
-0.272372,0.100000,2.000000,0.100884
-0.271672,0.100000,2.000000,0.100885
-0.270971,0.100000,2.000000,0.100886
-0.270270,0.100000,2.000000,0.100886
-0.269570,0.100000,2.000000,0.100887
-0.268869,0.100000,2.000000,0.100888
-0.268168,0.100000,2.000000,0.100889
-0.267467,0.100000,2.000000,0.100890
-0.266767,0.100000,2.000000,0.100891
-0.266066,0.100000,2.000000,0.100892
-0.265365,0.100000,2.000000,0.100893
-0.264665,0.100000,2.000000,0.100893
-0.263964,0.100000,2.000000,0.100894
-0.263263,0.100000,2.000000,0.100895
-0.262563,0.100000,2.000000,0.100896
-0.261862,0.100000,2.000000,0.100897
-0.261161,0.100000,2.000000,0.100898
-0.260460,0.100000,2.000000,0.100899
-0.259760,0.100000,2.000000,0.100900
-0.259059,0.100000,2.000000,0.100901
-0.258358,0.100000,2.000000,0.100902
-0.257658,0.100000,2.000000,0.100903
-0.256957,0.100000,2.000000,0.100904
-0.256256,0.100000,2.000000,0.100905
-0.255556,0.100000,2.000000,0.100907
-0.254855,0.100000,2.000000,0.100908
-0.254154,0.100000,2.000000,0.100909
-0.253453,0.100000,2.000000,0.100910
-0.252753,0.100000,2.000000,0.100911
-0.252052,0.100000,2.000000,0.100912
-0.251351,0.100000,2.000000,0.100913
-0.250651,0.100000,2.000000,0.100914
-0.249950,0.100000,2.000000,0.100916
-0.249249,0.100000,2.000000,0.100917
-0.248549,0.100000,2.000000,0.100918
-0.247848,0.100000,2.000000,0.100919
-0.247147,0.100000,2.000000,0.100921
-0.246446,0.100000,2.000000,0.100922
-0.245746,0.100000,2.000000,0.100923
-0.245045,0.100000,2.000000,0.100924
-0.244344,0.100000,2.000000,0.100926
-0.243644,0.100000,2.000000,0.100927
-0.242943,0.100000,2.000000,0.100929
-0.242242,0.100000,2.000000,0.100930
-0.241542,0.100000,2.000000,0.100931
-0.240841,0.100000,2.000000,0.100933
-0.240140,0.100000,2.000000,0.100934
-0.239439,0.100000,2.000000,0.100936
-0.238739,0.100000,2.000000,0.100937
-0.238038,0.100000,2.000000,0.100939
-0.237337,0.100000,2.000000,0.100940
-0.236637,0.100000,2.000000,0.100942
-0.235936,0.100000,2.000000,0.100943
-0.235235,0.100000,2.000000,0.100945
-0.234535,0.100000,2.000000,0.100946
-0.233834,0.100000,2.000000,0.100948
-0.233133,0.100000,2.000000,0.100950
-0.232432,0.100000,2.000000,0.100951
-0.231732,0.100000,2.000000,0.100953
-0.231031,0.100000,2.000000,0.100955
-0.230330,0.100000,2.000000,0.100956
-0.229630,0.100000,2.000000,0.100958
-0.228929,0.100000,2.000000,0.100960
-0.228228,0.100000,2.000000,0.100962
-0.227528,0.100000,2.000000,0.100963
-0.226827,0.100000,2.000000,0.100965
-0.226126,0.100000,2.000000,0.100967
-0.225425,0.100000,2.000000,0.100969
-0.224725,0.100000,2.000000,0.100971
-0.224024,0.100000,2.000000,0.100973
-0.223323,0.100000,2.000000,0.100975
-0.222623,0.100000,2.000000,0.100977
-0.221922,0.100000,2.000000,0.100979
-0.221221,0.100000,2.000000,0.100981
-0.220521,0.100000,2.000000,0.100983
-0.219820,0.100000,2.000000,0.100985
-0.219119,0.100000,2.000000,0.100987
-0.218418,0.100000,2.000000,0.100990
-0.217718,0.100000,2.000000,0.100992
-0.217017,0.100000,2.000000,0.100994
-0.216316,0.100000,2.000000,0.100996
-0.215616,0.100000,2.000000,0.100999
-0.214915,0.100000,2.000000,0.101001
-0.214214,0.100000,2.000000,0.101003
-0.213514,0.100000,2.000000,0.101006
-0.212813,0.100000,2.000000,0.101008
-0.212112,0.100000,2.000000,0.101011
-0.211411,0.100000,2.000000,0.101013
-0.210711,0.100000,2.000000,0.101016
-0.210010,0.100000,2.000000,0.101018
-0.209309,0.100000,2.000000,0.101021
-0.208609,0.100000,2.000000,0.101024
-0.207908,0.100000,2.000000,0.101026
-0.207207,0.100000,2.000000,0.101029
-0.206507,0.100000,2.000000,0.101032
-0.205806,0.100000,2.000000,0.101035
-0.205105,0.100000,2.000000,0.101038
-0.204404,0.100000,2.000000,0.101041
-0.203704,0.100000,2.000000,0.101044
-0.203003,0.100000,2.000000,0.101047
-0.202302,0.100000,2.000000,0.101050
-0.201602,0.100000,2.000000,0.101053
-0.200901,0.100000,2.000000,0.101056
-0.200200,0.100000,2.000000,0.101059
-0.199499,0.100000,2.000000,0.101062
-0.198799,0.100000,2.000000,0.101066
-0.198098,0.100000,2.000000,0.101069
-0.197397,0.100000,2.000000,0.101072
-0.196697,0.100000,2.000000,0.101076
-0.195996,0.100000,2.000000,0.101079
-0.195295,0.100000,2.000000,0.101083
-0.194595,0.100000,2.000000,0.101086
-0.193894,0.100000,2.000000,0.101090
-0.193193,0.100000,2.000000,0.101094
-0.192492,0.100000,2.000000,0.101098
-0.191792,0.100000,2.000000,0.101101
-0.191091,0.100000,2.000000,0.101105
-0.190390,0.100000,2.000000,0.101109
-0.189690,0.100000,2.000000,0.101113
-0.188989,0.100000,2.000000,0.101117
-0.188288,0.100000,2.000000,0.101122
-0.187588,0.100000,2.000000,0.101126
-0.186887,0.100000,2.000000,0.101130
-0.186186,0.100000,2.000000,0.101135
-0.185485,0.100000,2.000000,0.101139
-0.184785,0.100000,2.000000,0.101144
-0.184084,0.100000,2.000000,0.101148
-0.183383,0.100000,2.000000,0.101153
-0.182683,0.100000,2.000000,0.101158
-0.181982,0.100000,2.000000,0.101162
-0.181281,0.100000,2.000000,0.101167
-0.180581,0.100000,2.000000,0.101172
-0.179880,0.100000,2.000000,0.101177
-0.179179,0.100000,2.000000,0.101183
-0.178478,0.100000,2.000000,0.101188
-0.177778,0.100000,2.000000,0.101193
-0.177077,0.100000,2.000000,0.101199
-0.176376,0.100000,2.000000,0.101204
-0.175676,0.100000,2.000000,0.101210
-0.174975,0.100000,2.000000,0.101216
-0.174274,0.100000,2.000000,0.101221
-0.173574,0.100000,2.000000,0.101227
-0.172873,0.100000,2.000000,0.101233
-0.172172,0.100000,2.000000,0.101240
-0.171471,0.100000,2.000000,0.101246
-0.170771,0.100000,2.000000,0.101252
-0.170070,0.100000,2.000000,0.101259
-0.169369,0.100000,2.000000,0.101265
-0.168669,0.100000,2.000000,0.101272
-0.167968,0.100000,2.000000,0.101279
-0.167267,0.100000,2.000000,0.101286
-0.166567,0.100000,2.000000,0.101293
-0.165866,0.100000,2.000000,0.101300
-0.165165,0.100000,2.000000,0.101308
-0.164464,0.100000,2.000000,0.101315
-0.163764,0.100000,2.000000,0.101323
-0.163063,0.100000,2.000000,0.101331
-0.162362,0.100000,2.000000,0.101338
-0.161662,0.100000,2.000000,0.101347
-0.160961,0.100000,2.000000,0.101355
-0.160260,0.100000,2.000000,0.101363
-0.159560,0.100000,2.000000,0.101372
-0.158859,0.100000,2.000000,0.101381
-0.158158,0.100000,2.000000,0.101390
-0.157457,0.100000,2.000000,0.101399
-0.156757,0.100000,2.000000,0.101408
-0.156056,0.100000,2.000000,0.101417
-0.155355,0.100000,2.000000,0.101427
-0.154655,0.100000,2.000000,0.101437
-0.153954,0.100000,2.000000,0.101447
-0.153253,0.100000,2.000000,0.101457
-0.152553,0.100000,2.000000,0.101467
-0.151852,0.100000,2.000000,0.101478
-0.151151,0.100000,2.000000,0.101489
-0.150450,0.100000,2.000000,0.101500
-0.149750,0.100000,2.000000,0.101511
-0.149049,0.100000,2.000000,0.101523
-0.148348,0.100000,2.000000,0.101535
-0.147648,0.100000,2.000000,0.101547
-0.146947,0.100000,2.000000,0.101559
-0.146246,0.100000,2.000000,0.101572
-0.145546,0.100000,2.000000,0.101585
-0.144845,0.100000,2.000000,0.101598
-0.144144,0.100000,2.000000,0.101611
-0.143443,0.100000,2.000000,0.101625
-0.142743,0.100000,2.000000,0.101639
-0.142042,0.100000,2.000000,0.101653
-0.141341,0.100000,2.000000,0.101667
-0.140641,0.100000,2.000000,0.101682
-0.139940,0.100000,2.000000,0.101698
-0.139239,0.100000,2.000000,0.101713
-0.138539,0.100000,2.000000,0.101729
-0.137838,0.100000,2.000000,0.101745
-0.137137,0.100000,2.000000,0.101762
-0.136436,0.100000,2.000000,0.101779
-0.135736,0.100000,2.000000,0.101796
-0.135035,0.100000,2.000000,0.101814
-0.134334,0.100000,2.000000,0.101832
-0.133634,0.100000,2.000000,0.101851
-0.132933,0.100000,2.000000,0.101870
-0.132232,0.100000,2.000000,0.101889
-0.131532,0.100000,2.000000,0.101909
-0.130831,0.100000,2.000000,0.101930
-0.130130,0.100000,2.000000,0.101950
-0.129429,0.100000,2.000000,0.101972
-0.128729,0.100000,2.000000,0.101994
-0.128028,0.100000,2.000000,0.102016
-0.127327,0.100000,2.000000,0.102039
-0.126627,0.100000,2.000000,0.102063
-0.125926,0.100000,2.000000,0.102087
-0.125225,0.100000,2.000000,0.102111
-0.124525,0.100000,2.000000,0.102136
-0.123824,0.100000,2.000000,0.102162
-0.123123,0.100000,2.000000,0.102189
-0.122422,0.100000,2.000000,0.102216
-0.121722,0.100000,2.000000,0.102244
-0.121021,0.100000,2.000000,0.102272
-0.120320,0.100000,2.000000,0.102301
-0.119620,0.100000,2.000000,0.102331
-0.118919,0.100000,2.000000,0.102362
-0.118218,0.100000,2.000000,0.102394
-0.117518,0.100000,2.000000,0.102426
-0.116817,0.100000,2.000000,0.102459
-0.116116,0.100000,2.000000,0.102493
-0.115415,0.100000,2.000000,0.102528
-0.114715,0.100000,2.000000,0.102564
-0.114014,0.100000,2.000000,0.102600
-0.113313,0.100000,2.000000,0.102638
-0.112613,0.100000,2.000000,0.102677
-0.111912,0.100000,2.000000,0.102716
-0.111211,0.100000,2.000000,0.102757
-0.110511,0.100000,2.000000,0.102799
-0.109810,0.100000,2.000000,0.102842
-0.109109,0.100000,2.000000,0.102886
-0.108408,0.100000,2.000000,0.102931
-0.107708,0.100000,2.000000,0.102978
-0.107007,0.100000,2.000000,0.103025
-0.106306,0.100000,2.000000,0.103074
-0.105606,0.100000,2.000000,0.103125
-0.104905,0.100000,2.000000,0.103177
-0.104204,0.100000,2.000000,0.103230
-0.103504,0.100000,2.000000,0.103284
-0.102803,0.100000,2.000000,0.103341
-0.102102,0.100000,2.000000,0.103398
-0.101401,0.100000,2.000000,0.103458
-0.100701,0.100000,2.000000,0.103519
-0.100000,0.100000,2.000000,0.103581
-0.800000,0.100000,2.200000,0.100850
-0.799299,0.100000,2.200000,0.100850
-0.798599,0.100000,2.200000,0.100850
-0.797898,0.100000,2.200000,0.100850
-0.797197,0.100000,2.200000,0.100850
-0.796496,0.100000,2.200000,0.100849
-0.795796,0.100000,2.200000,0.100849
-0.795095,0.100000,2.200000,0.100849
-0.794394,0.100000,2.200000,0.100849
-0.793694,0.100000,2.200000,0.100849
-0.792993,0.100000,2.200000,0.100849
-0.792292,0.100000,2.200000,0.100849
-0.791592,0.100000,2.200000,0.100849
-0.790891,0.100000,2.200000,0.100849
-0.790190,0.100000,2.200000,0.100849
-0.789489,0.100000,2.200000,0.100848
-0.788789,0.100000,2.200000,0.100848
-0.788088,0.100000,2.200000,0.100848
-0.787387,0.100000,2.200000,0.100848
-0.786687,0.100000,2.200000,0.100848
-0.785986,0.100000,2.200000,0.100848
-0.785285,0.100000,2.200000,0.100848
-0.784585,0.100000,2.200000,0.100848
-0.783884,0.100000,2.200000,0.100848
-0.783183,0.100000,2.200000,0.100848
-0.782482,0.100000,2.200000,0.100847
-0.781782,0.100000,2.200000,0.100847
-0.781081,0.100000,2.200000,0.100847
-0.780380,0.100000,2.200000,0.100847
-0.779680,0.100000,2.200000,0.100847
-0.778979,0.100000,2.200000,0.100847
-0.778278,0.100000,2.200000,0.100847
-0.777578,0.100000,2.200000,0.100847
-0.776877,0.100000,2.200000,0.100847
-0.776176,0.100000,2.200000,0.100847
-0.775475,0.100000,2.200000,0.100846
-0.774775,0.100000,2.200000,0.100846
-0.774074,0.100000,2.200000,0.100846
-0.773373,0.100000,2.200000,0.100846
-0.772673,0.100000,2.200000,0.100846
-0.771972,0.100000,2.200000,0.100846
-0.771271,0.100000,2.200000,0.100846
-0.770571,0.100000,2.200000,0.100846
-0.769870,0.100000,2.200000,0.100846
-0.769169,0.100000,2.200000,0.100846
-0.768468,0.100000,2.200000,0.100846
-0.767768,0.100000,2.200000,0.100845
-0.767067,0.100000,2.200000,0.100845
-0.766366,0.100000,2.200000,0.100845
-0.765666,0.100000,2.200000,0.100845
-0.764965,0.100000,2.200000,0.100845
-0.764264,0.100000,2.200000,0.100845
-0.763564,0.100000,2.200000,0.100845
-0.762863,0.100000,2.200000,0.100845
-0.762162,0.100000,2.200000,0.100845
-0.761461,0.100000,2.200000,0.100845
-0.760761,0.100000,2.200000,0.100845
-0.760060,0.100000,2.200000,0.100844
-0.759359,0.100000,2.200000,0.100844
-0.758659,0.100000,2.200000,0.100844
-0.757958,0.100000,2.200000,0.100844
-0.757257,0.100000,2.200000,0.100844
-0.756557,0.100000,2.200000,0.100844
-0.755856,0.100000,2.200000,0.100844
-0.755155,0.100000,2.200000,0.100844
-0.754454,0.100000,2.200000,0.100844
-0.753754,0.100000,2.200000,0.100844
-0.753053,0.100000,2.200000,0.100843
-0.752352,0.100000,2.200000,0.100843
-0.751652,0.100000,2.200000,0.100843
-0.750951,0.100000,2.200000,0.100843
-0.750250,0.100000,2.200000,0.100843
-0.749550,0.100000,2.200000,0.100843
-0.748849,0.100000,2.200000,0.100843
-0.748148,0.100000,2.200000,0.100843
-0.747447,0.100000,2.200000,0.100843
-0.746747,0.100000,2.200000,0.100843
-0.746046,0.100000,2.200000,0.100843
-0.745345,0.100000,2.200000,0.100842
-0.744645,0.100000,2.200000,0.100842
-0.743944,0.100000,2.200000,0.100842
-0.743243,0.100000,2.200000,0.100842
-0.742543,0.100000,2.200000,0.100842
-0.741842,0.100000,2.200000,0.100842
-0.741141,0.100000,2.200000,0.100842
-0.740440,0.100000,2.200000,0.100842
-0.739740,0.100000,2.200000,0.100842
-0.739039,0.100000,2.200000,0.100842
-0.738338,0.100000,2.200000,0.100841
-0.737638,0.100000,2.200000,0.100841
-0.736937,0.100000,2.200000,0.100841
-0.736236,0.100000,2.200000,0.100841
-0.735536,0.100000,2.200000,0.100841
-0.734835,0.100000,2.200000,0.100841
-0.734134,0.100000,2.200000,0.100841
-0.733433,0.100000,2.200000,0.100841
-0.732733,0.100000,2.200000,0.100841
-0.732032,0.100000,2.200000,0.100841
-0.731331,0.100000,2.200000,0.100841
-0.730631,0.100000,2.200000,0.100840
-0.729930,0.100000,2.200000,0.100840
-0.729229,0.100000,2.200000,0.100840
-0.728529,0.100000,2.200000,0.100840
-0.727828,0.100000,2.200000,0.100840
-0.727127,0.100000,2.200000,0.100840
-0.726426,0.100000,2.200000,0.100840
-0.725726,0.100000,2.200000,0.100840
-0.725025,0.100000,2.200000,0.100840
-0.724324,0.100000,2.200000,0.100840
-0.723624,0.100000,2.200000,0.100840
-0.722923,0.100000,2.200000,0.100839
-0.722222,0.100000,2.200000,0.100839
-0.721522,0.100000,2.200000,0.100839
-0.720821,0.100000,2.200000,0.100839
-0.720120,0.100000,2.200000,0.100839
-0.719419,0.100000,2.200000,0.100839
-0.718719,0.100000,2.200000,0.100839
-0.718018,0.100000,2.200000,0.100839
-0.717317,0.100000,2.200000,0.100839
-0.716617,0.100000,2.200000,0.100839
-0.715916,0.100000,2.200000,0.100838
-0.715215,0.100000,2.200000,0.100838
-0.714515,0.100000,2.200000,0.100838
-0.713814,0.100000,2.200000,0.100838
-0.713113,0.100000,2.200000,0.100838
-0.712412,0.100000,2.200000,0.100838
-0.711712,0.100000,2.200000,0.100838
-0.711011,0.100000,2.200000,0.100838
-0.710310,0.100000,2.200000,0.100838
-0.709610,0.100000,2.200000,0.100838
-0.708909,0.100000,2.200000,0.100838
-0.708208,0.100000,2.200000,0.100837
-0.707508,0.100000,2.200000,0.100837
-0.706807,0.100000,2.200000,0.100837
-0.706106,0.100000,2.200000,0.100837
-0.705405,0.100000,2.200000,0.100837
-0.704705,0.100000,2.200000,0.100837
-0.704004,0.100000,2.200000,0.100837
-0.703303,0.100000,2.200000,0.100837
-0.702603,0.100000,2.200000,0.100837
-0.701902,0.100000,2.200000,0.100837
-0.701201,0.100000,2.200000,0.100837
-0.700501,0.100000,2.200000,0.100836
-0.699800,0.100000,2.200000,0.100836
-0.699099,0.100000,2.200000,0.100836
-0.698398,0.100000,2.200000,0.100836
-0.697698,0.100000,2.200000,0.100836
-0.696997,0.100000,2.200000,0.100836
-0.696296,0.100000,2.200000,0.100836
-0.695596,0.100000,2.200000,0.100836
-0.694895,0.100000,2.200000,0.100836
-0.694194,0.100000,2.200000,0.100836
-0.693493,0.100000,2.200000,0.100835
-0.692793,0.100000,2.200000,0.100835
-0.692092,0.100000,2.200000,0.100835
-0.691391,0.100000,2.200000,0.100835
-0.690691,0.100000,2.200000,0.100835
-0.689990,0.100000,2.200000,0.100835
-0.689289,0.100000,2.200000,0.100835
-0.688589,0.100000,2.200000,0.100835
-0.687888,0.100000,2.200000,0.100835
-0.687187,0.100000,2.200000,0.100835
-0.686486,0.100000,2.200000,0.100835
-0.685786,0.100000,2.200000,0.100835
-0.685085,0.100000,2.200000,0.100834
-0.684384,0.100000,2.200000,0.100834
-0.683684,0.100000,2.200000,0.100834
-0.682983,0.100000,2.200000,0.100834
-0.682282,0.100000,2.200000,0.100834
-0.681582,0.100000,2.200000,0.100834
-0.680881,0.100000,2.200000,0.100834
-0.680180,0.100000,2.200000,0.100834
-0.679479,0.100000,2.200000,0.100834
-0.678779,0.100000,2.200000,0.100834
-0.678078,0.100000,2.200000,0.100834
-0.677377,0.100000,2.200000,0.100833
-0.676677,0.100000,2.200000,0.100833
-0.675976,0.100000,2.200000,0.100833
-0.675275,0.100000,2.200000,0.100833
-0.674575,0.100000,2.200000,0.100833
-0.673874,0.100000,2.200000,0.100833
-0.673173,0.100000,2.200000,0.100833
-0.672472,0.100000,2.200000,0.100833
-0.671772,0.100000,2.200000,0.100833
-0.671071,0.100000,2.200000,0.100833
-0.670370,0.100000,2.200000,0.100833
-0.669670,0.100000,2.200000,0.100832
-0.668969,0.100000,2.200000,0.100832
-0.668268,0.100000,2.200000,0.100832
-0.667568,0.100000,2.200000,0.100832
-0.666867,0.100000,2.200000,0.100832
-0.666166,0.100000,2.200000,0.100832
-0.665465,0.100000,2.200000,0.100832
-0.664765,0.100000,2.200000,0.100832
-0.664064,0.100000,2.200000,0.100832
-0.663363,0.100000,2.200000,0.100832
-0.662663,0.100000,2.200000,0.100832
-0.661962,0.100000,2.200000,0.100831
-0.661261,0.100000,2.200000,0.100831
-0.660561,0.100000,2.200000,0.100831
-0.659860,0.100000,2.200000,0.100831
-0.659159,0.100000,2.200000,0.100831
-0.658458,0.100000,2.200000,0.100831
-0.657758,0.100000,2.200000,0.100831
-0.657057,0.100000,2.200000,0.100831
-0.656356,0.100000,2.200000,0.100831
-0.655656,0.100000,2.200000,0.100831
-0.654955,0.100000,2.200000,0.100831
-0.654254,0.100000,2.200000,0.100830
-0.653554,0.100000,2.200000,0.100830
-0.652853,0.100000,2.200000,0.100830
-0.652152,0.100000,2.200000,0.100830
-0.651451,0.100000,2.200000,0.100830
-0.650751,0.100000,2.200000,0.100830
-0.650050,0.100000,2.200000,0.100830
-0.649349,0.100000,2.200000,0.100830
-0.648649,0.100000,2.200000,0.100830
-0.647948,0.100000,2.200000,0.100830
-0.647247,0.100000,2.200000,0.100830
-0.646547,0.100000,2.200000,0.100829
-0.645846,0.100000,2.200000,0.100829
-0.645145,0.100000,2.200000,0.100829
-0.644444,0.100000,2.200000,0.100829
-0.643744,0.100000,2.200000,0.100829
-0.643043,0.100000,2.200000,0.100829
-0.642342,0.100000,2.200000,0.100829
-0.641642,0.100000,2.200000,0.100829
-0.640941,0.100000,2.200000,0.100829
-0.640240,0.100000,2.200000,0.100829
-0.639540,0.100000,2.200000,0.100829
-0.638839,0.100000,2.200000,0.100828
-0.638138,0.100000,2.200000,0.100828
-0.637437,0.100000,2.200000,0.100828
-0.636737,0.100000,2.200000,0.100828
-0.636036,0.100000,2.200000,0.100828
-0.635335,0.100000,2.200000,0.100828
-0.634635,0.100000,2.200000,0.100828
-0.633934,0.100000,2.200000,0.100828
-0.633233,0.100000,2.200000,0.100828
-0.632533,0.100000,2.200000,0.100828
-0.631832,0.100000,2.200000,0.100828
-0.631131,0.100000,2.200000,0.100828
-0.630430,0.100000,2.200000,0.100827
-0.629730,0.100000,2.200000,0.100827
-0.629029,0.100000,2.200000,0.100827
-0.628328,0.100000,2.200000,0.100827
-0.627628,0.100000,2.200000,0.100827
-0.626927,0.100000,2.200000,0.100827
-0.626226,0.100000,2.200000,0.100827
-0.625526,0.100000,2.200000,0.100827
-0.624825,0.100000,2.200000,0.100827
-0.624124,0.100000,2.200000,0.100827
-0.623423,0.100000,2.200000,0.100827
-0.622723,0.100000,2.200000,0.100827
-0.622022,0.100000,2.200000,0.100826
-0.621321,0.100000,2.200000,0.100826
-0.620621,0.100000,2.200000,0.100826
-0.619920,0.100000,2.200000,0.100826
-0.619219,0.100000,2.200000,0.100826
-0.618519,0.100000,2.200000,0.100826
-0.617818,0.100000,2.200000,0.100826
-0.617117,0.100000,2.200000,0.100826
-0.616416,0.100000,2.200000,0.100826
-0.615716,0.100000,2.200000,0.100826
-0.615015,0.100000,2.200000,0.100826
-0.614314,0.100000,2.200000,0.100825
-0.613614,0.100000,2.200000,0.100825
-0.612913,0.100000,2.200000,0.100825
-0.612212,0.100000,2.200000,0.100825
-0.611512,0.100000,2.200000,0.100825
-0.610811,0.100000,2.200000,0.100825
-0.610110,0.100000,2.200000,0.100825
-0.609409,0.100000,2.200000,0.100825
-0.608709,0.100000,2.200000,0.100825
-0.608008,0.100000,2.200000,0.100825
-0.607307,0.100000,2.200000,0.100825
-0.606607,0.100000,2.200000,0.100825
-0.605906,0.100000,2.200000,0.100824
-0.605205,0.100000,2.200000,0.100824
-0.604505,0.100000,2.200000,0.100824
-0.603804,0.100000,2.200000,0.100824
-0.603103,0.100000,2.200000,0.100824
-0.602402,0.100000,2.200000,0.100824
-0.601702,0.100000,2.200000,0.100824
-0.601001,0.100000,2.200000,0.100824
-0.600300,0.100000,2.200000,0.100824
-0.599600,0.100000,2.200000,0.100824
-0.598899,0.100000,2.200000,0.100824
-0.598198,0.100000,2.200000,0.100824
-0.597497,0.100000,2.200000,0.100823
-0.596797,0.100000,2.200000,0.100823
-0.596096,0.100000,2.200000,0.100823
-0.595395,0.100000,2.200000,0.100823
-0.594695,0.100000,2.200000,0.100823
-0.593994,0.100000,2.200000,0.100823
-0.593293,0.100000,2.200000,0.100823
-0.592593,0.100000,2.200000,0.100823
-0.591892,0.100000,2.200000,0.100823
-0.591191,0.100000,2.200000,0.100823
-0.590490,0.100000,2.200000,0.100823
-0.589790,0.100000,2.200000,0.100823
-0.589089,0.100000,2.200000,0.100822
-0.588388,0.100000,2.200000,0.100822
-0.587688,0.100000,2.200000,0.100822
-0.586987,0.100000,2.200000,0.100822
-0.586286,0.100000,2.200000,0.100822
-0.585586,0.100000,2.200000,0.100822
-0.584885,0.100000,2.200000,0.100822
-0.584184,0.100000,2.200000,0.100822
-0.583483,0.100000,2.200000,0.100822
-0.582783,0.100000,2.200000,0.100822
-0.582082,0.100000,2.200000,0.100822
-0.581381,0.100000,2.200000,0.100822
-0.580681,0.100000,2.200000,0.100822
-0.579980,0.100000,2.200000,0.100821
-0.579279,0.100000,2.200000,0.100821
-0.578579,0.100000,2.200000,0.100821
-0.577878,0.100000,2.200000,0.100821
-0.577177,0.100000,2.200000,0.100821
-0.576476,0.100000,2.200000,0.100821
-0.575776,0.100000,2.200000,0.100821
-0.575075,0.100000,2.200000,0.100821
-0.574374,0.100000,2.200000,0.100821
-0.573674,0.100000,2.200000,0.100821
-0.572973,0.100000,2.200000,0.100821
-0.572272,0.100000,2.200000,0.100821
-0.571572,0.100000,2.200000,0.100820
-0.570871,0.100000,2.200000,0.100820
-0.570170,0.100000,2.200000,0.100820
-0.569469,0.100000,2.200000,0.100820
-0.568769,0.100000,2.200000,0.100820
-0.568068,0.100000,2.200000,0.100820
-0.567367,0.100000,2.200000,0.100820
-0.566667,0.100000,2.200000,0.100820
-0.565966,0.100000,2.200000,0.100820
-0.565265,0.100000,2.200000,0.100820
-0.564565,0.100000,2.200000,0.100820
-0.563864,0.100000,2.200000,0.100820
-0.563163,0.100000,2.200000,0.100820
-0.562462,0.100000,2.200000,0.100819
-0.561762,0.100000,2.200000,0.100819
-0.561061,0.100000,2.200000,0.100819
-0.560360,0.100000,2.200000,0.100819
-0.559660,0.100000,2.200000,0.100819
-0.558959,0.100000,2.200000,0.100819
-0.558258,0.100000,2.200000,0.100819
-0.557558,0.100000,2.200000,0.100819
-0.556857,0.100000,2.200000,0.100819
-0.556156,0.100000,2.200000,0.100819
-0.555455,0.100000,2.200000,0.100819
-0.554755,0.100000,2.200000,0.100819
-0.554054,0.100000,2.200000,0.100819
-0.553353,0.100000,2.200000,0.100818
-0.552653,0.100000,2.200000,0.100818
-0.551952,0.100000,2.200000,0.100818
-0.551251,0.100000,2.200000,0.100818
-0.550551,0.100000,2.200000,0.100818
-0.549850,0.100000,2.200000,0.100818
-0.549149,0.100000,2.200000,0.100818
-0.548448,0.100000,2.200000,0.100818
-0.547748,0.100000,2.200000,0.100818
-0.547047,0.100000,2.200000,0.100818
-0.546346,0.100000,2.200000,0.100818
-0.545646,0.100000,2.200000,0.100818
-0.544945,0.100000,2.200000,0.100818
-0.544244,0.100000,2.200000,0.100818
-0.543544,0.100000,2.200000,0.100817
-0.542843,0.100000,2.200000,0.100817
-0.542142,0.100000,2.200000,0.100817
-0.541441,0.100000,2.200000,0.100817
-0.540741,0.100000,2.200000,0.100817
-0.540040,0.100000,2.200000,0.100817
-0.539339,0.100000,2.200000,0.100817
-0.538639,0.100000,2.200000,0.100817
-0.537938,0.100000,2.200000,0.100817
-0.537237,0.100000,2.200000,0.100817
-0.536537,0.100000,2.200000,0.100817
-0.535836,0.100000,2.200000,0.100817
-0.535135,0.100000,2.200000,0.100817
-0.534434,0.100000,2.200000,0.100817
-0.533734,0.100000,2.200000,0.100816
-0.533033,0.100000,2.200000,0.100816
-0.532332,0.100000,2.200000,0.100816
-0.531632,0.100000,2.200000,0.100816
-0.530931,0.100000,2.200000,0.100816
-0.530230,0.100000,2.200000,0.100816
-0.529530,0.100000,2.200000,0.100816
-0.528829,0.100000,2.200000,0.100816
-0.528128,0.100000,2.200000,0.100816
-0.527427,0.100000,2.200000,0.100816
-0.526727,0.100000,2.200000,0.100816
-0.526026,0.100000,2.200000,0.100816
-0.525325,0.100000,2.200000,0.100816
-0.524625,0.100000,2.200000,0.100816
-0.523924,0.100000,2.200000,0.100816
-0.523223,0.100000,2.200000,0.100815
-0.522523,0.100000,2.200000,0.100815
-0.521822,0.100000,2.200000,0.100815
-0.521121,0.100000,2.200000,0.100815
-0.520420,0.100000,2.200000,0.100815
-0.519720,0.100000,2.200000,0.100815
-0.519019,0.100000,2.200000,0.100815
-0.518318,0.100000,2.200000,0.100815
-0.517618,0.100000,2.200000,0.100815
-0.516917,0.100000,2.200000,0.100815
-0.516216,0.100000,2.200000,0.100815
-0.515516,0.100000,2.200000,0.100815
-0.514815,0.100000,2.200000,0.100815
-0.514114,0.100000,2.200000,0.100815
-0.513413,0.100000,2.200000,0.100815
-0.512713,0.100000,2.200000,0.100815
-0.512012,0.100000,2.200000,0.100814
-0.511311,0.100000,2.200000,0.100814
-0.510611,0.100000,2.200000,0.100814
-0.509910,0.100000,2.200000,0.100814
-0.509209,0.100000,2.200000,0.100814
-0.508509,0.100000,2.200000,0.100814
-0.507808,0.100000,2.200000,0.100814
-0.507107,0.100000,2.200000,0.100814
-0.506406,0.100000,2.200000,0.100814
-0.505706,0.100000,2.200000,0.100814
-0.505005,0.100000,2.200000,0.100814
-0.504304,0.100000,2.200000,0.100814
-0.503604,0.100000,2.200000,0.100814
-0.502903,0.100000,2.200000,0.100814
-0.502202,0.100000,2.200000,0.100814
-0.501502,0.100000,2.200000,0.100814
-0.500801,0.100000,2.200000,0.100814
-0.500100,0.100000,2.200000,0.100813
-0.499399,0.100000,2.200000,0.100813
-0.498699,0.100000,2.200000,0.100813
-0.497998,0.100000,2.200000,0.100813
-0.497297,0.100000,2.200000,0.100813
-0.496597,0.100000,2.200000,0.100813
-0.495896,0.100000,2.200000,0.100813
-0.495195,0.100000,2.200000,0.100813
-0.494494,0.100000,2.200000,0.100813
-0.493794,0.100000,2.200000,0.100813
-0.493093,0.100000,2.200000,0.100813
-0.492392,0.100000,2.200000,0.100813
-0.491692,0.100000,2.200000,0.100813
-0.490991,0.100000,2.200000,0.100813
-0.490290,0.100000,2.200000,0.100813
-0.489590,0.100000,2.200000,0.100813
-0.488889,0.100000,2.200000,0.100813
-0.488188,0.100000,2.200000,0.100813
-0.487487,0.100000,2.200000,0.100812
-0.486787,0.100000,2.200000,0.100812
-0.486086,0.100000,2.200000,0.100812
-0.485385,0.100000,2.200000,0.100812
-0.484685,0.100000,2.200000,0.100812
-0.483984,0.100000,2.200000,0.100812
-0.483283,0.100000,2.200000,0.100812
-0.482583,0.100000,2.200000,0.100812
-0.481882,0.100000,2.200000,0.100812
-0.481181,0.100000,2.200000,0.100812
-0.480480,0.100000,2.200000,0.100812
-0.479780,0.100000,2.200000,0.100812
-0.479079,0.100000,2.200000,0.100812
-0.478378,0.100000,2.200000,0.100812
-0.477678,0.100000,2.200000,0.100812
-0.476977,0.100000,2.200000,0.100812
-0.476276,0.100000,2.200000,0.100812
-0.475576,0.100000,2.200000,0.100812
-0.474875,0.100000,2.200000,0.100812
-0.474174,0.100000,2.200000,0.100812
-0.473473,0.100000,2.200000,0.100812
-0.472773,0.100000,2.200000,0.100812
-0.472072,0.100000,2.200000,0.100812
-0.471371,0.100000,2.200000,0.100811
-0.470671,0.100000,2.200000,0.100811
-0.469970,0.100000,2.200000,0.100811
-0.469269,0.100000,2.200000,0.100811
-0.468569,0.100000,2.200000,0.100811
-0.467868,0.100000,2.200000,0.100811
-0.467167,0.100000,2.200000,0.100811
-0.466466,0.100000,2.200000,0.100811
-0.465766,0.100000,2.200000,0.100811
-0.465065,0.100000,2.200000,0.100811
-0.464364,0.100000,2.200000,0.100811
-0.463664,0.100000,2.200000,0.100811
-0.462963,0.100000,2.200000,0.100811
-0.462262,0.100000,2.200000,0.100811
-0.461562,0.100000,2.200000,0.100811
-0.460861,0.100000,2.200000,0.100811
-0.460160,0.100000,2.200000,0.100811
-0.459459,0.100000,2.200000,0.100811
-0.458759,0.100000,2.200000,0.100811
-0.458058,0.100000,2.200000,0.100811
-0.457357,0.100000,2.200000,0.100811
-0.456657,0.100000,2.200000,0.100811
-0.455956,0.100000,2.200000,0.100811
-0.455255,0.100000,2.200000,0.100811
-0.454555,0.100000,2.200000,0.100811
-0.453854,0.100000,2.200000,0.100811
-0.453153,0.100000,2.200000,0.100811
-0.452452,0.100000,2.200000,0.100811
-0.451752,0.100000,2.200000,0.100811
-0.451051,0.100000,2.200000,0.100811
-0.450350,0.100000,2.200000,0.100810
-0.449650,0.100000,2.200000,0.100810
-0.448949,0.100000,2.200000,0.100810
-0.448248,0.100000,2.200000,0.100810
-0.447548,0.100000,2.200000,0.100810
-0.446847,0.100000,2.200000,0.100810
-0.446146,0.100000,2.200000,0.100810
-0.445445,0.100000,2.200000,0.100810
-0.444745,0.100000,2.200000,0.100810
-0.444044,0.100000,2.200000,0.100810
-0.443343,0.100000,2.200000,0.100810
-0.442643,0.100000,2.200000,0.100810
-0.441942,0.100000,2.200000,0.100810
-0.441241,0.100000,2.200000,0.100810
-0.440541,0.100000,2.200000,0.100810
-0.439840,0.100000,2.200000,0.100810
-0.439139,0.100000,2.200000,0.100810
-0.438438,0.100000,2.200000,0.100810
-0.437738,0.100000,2.200000,0.100810
-0.437037,0.100000,2.200000,0.100810
-0.436336,0.100000,2.200000,0.100810
-0.435636,0.100000,2.200000,0.100810
-0.434935,0.100000,2.200000,0.100810
-0.434234,0.100000,2.200000,0.100810
-0.433534,0.100000,2.200000,0.100810
-0.432833,0.100000,2.200000,0.100810
-0.432132,0.100000,2.200000,0.100810
-0.431431,0.100000,2.200000,0.100810
-0.430731,0.100000,2.200000,0.100810
-0.430030,0.100000,2.200000,0.100810
-0.429329,0.100000,2.200000,0.100810
-0.428629,0.100000,2.200000,0.100810
-0.427928,0.100000,2.200000,0.100810
-0.427227,0.100000,2.200000,0.100810
-0.426527,0.100000,2.200000,0.100810
-0.425826,0.100000,2.200000,0.100810
-0.425125,0.100000,2.200000,0.100810
-0.424424,0.100000,2.200000,0.100810
-0.423724,0.100000,2.200000,0.100810
-0.423023,0.100000,2.200000,0.100810
-0.422322,0.100000,2.200000,0.100810
-0.421622,0.100000,2.200000,0.100810
-0.420921,0.100000,2.200000,0.100810
-0.420220,0.100000,2.200000,0.100810
-0.419520,0.100000,2.200000,0.100810
-0.418819,0.100000,2.200000,0.100810
-0.418118,0.100000,2.200000,0.100810
-0.417417,0.100000,2.200000,0.100810
-0.416717,0.100000,2.200000,0.100810
-0.416016,0.100000,2.200000,0.100810
-0.415315,0.100000,2.200000,0.100810
-0.414615,0.100000,2.200000,0.100810
-0.413914,0.100000,2.200000,0.100810
-0.413213,0.100000,2.200000,0.100810
-0.412513,0.100000,2.200000,0.100810
-0.411812,0.100000,2.200000,0.100810
-0.411111,0.100000,2.200000,0.100810
-0.410410,0.100000,2.200000,0.100810
-0.409710,0.100000,2.200000,0.100810
-0.409009,0.100000,2.200000,0.100810
-0.408308,0.100000,2.200000,0.100810
-0.407608,0.100000,2.200000,0.100810
-0.406907,0.100000,2.200000,0.100810
-0.406206,0.100000,2.200000,0.100811
-0.405506,0.100000,2.200000,0.100811
-0.404805,0.100000,2.200000,0.100811
-0.404104,0.100000,2.200000,0.100811
-0.403403,0.100000,2.200000,0.100811
-0.402703,0.100000,2.200000,0.100811
-0.402002,0.100000,2.200000,0.100811
-0.401301,0.100000,2.200000,0.100811
-0.400601,0.100000,2.200000,0.100811
-0.399900,0.100000,2.200000,0.100811
-0.399199,0.100000,2.200000,0.100811
-0.398498,0.100000,2.200000,0.100811
-0.397798,0.100000,2.200000,0.100811
-0.397097,0.100000,2.200000,0.100811
-0.396396,0.100000,2.200000,0.100811
-0.395696,0.100000,2.200000,0.100811
-0.394995,0.100000,2.200000,0.100811
-0.394294,0.100000,2.200000,0.100811
-0.393594,0.100000,2.200000,0.100811
-0.392893,0.100000,2.200000,0.100811
-0.392192,0.100000,2.200000,0.100811
-0.391491,0.100000,2.200000,0.100811
-0.390791,0.100000,2.200000,0.100811
-0.390090,0.100000,2.200000,0.100811
-0.389389,0.100000,2.200000,0.100812
-0.388689,0.100000,2.200000,0.100812
-0.387988,0.100000,2.200000,0.100812
-0.387287,0.100000,2.200000,0.100812
-0.386587,0.100000,2.200000,0.100812
-0.385886,0.100000,2.200000,0.100812
-0.385185,0.100000,2.200000,0.100812
-0.384484,0.100000,2.200000,0.100812
-0.383784,0.100000,2.200000,0.100812
-0.383083,0.100000,2.200000,0.100812
-0.382382,0.100000,2.200000,0.100812
-0.381682,0.100000,2.200000,0.100812
-0.380981,0.100000,2.200000,0.100812
-0.380280,0.100000,2.200000,0.100812
-0.379580,0.100000,2.200000,0.100813
-0.378879,0.100000,2.200000,0.100813
-0.378178,0.100000,2.200000,0.100813
-0.377477,0.100000,2.200000,0.100813
-0.376777,0.100000,2.200000,0.100813
-0.376076,0.100000,2.200000,0.100813
-0.375375,0.100000,2.200000,0.100813
-0.374675,0.100000,2.200000,0.100813
-0.373974,0.100000,2.200000,0.100813
-0.373273,0.100000,2.200000,0.100813
-0.372573,0.100000,2.200000,0.100813
-0.371872,0.100000,2.200000,0.100814
-0.371171,0.100000,2.200000,0.100814
-0.370470,0.100000,2.200000,0.100814
-0.369770,0.100000,2.200000,0.100814
-0.369069,0.100000,2.200000,0.100814
-0.368368,0.100000,2.200000,0.100814
-0.367668,0.100000,2.200000,0.100814
-0.366967,0.100000,2.200000,0.100814
-0.366266,0.100000,2.200000,0.100814
-0.365566,0.100000,2.200000,0.100814
-0.364865,0.100000,2.200000,0.100815
-0.364164,0.100000,2.200000,0.100815
-0.363463,0.100000,2.200000,0.100815
-0.362763,0.100000,2.200000,0.100815
-0.362062,0.100000,2.200000,0.100815
-0.361361,0.100000,2.200000,0.100815
-0.360661,0.100000,2.200000,0.100815
-0.359960,0.100000,2.200000,0.100815
-0.359259,0.100000,2.200000,0.100816
-0.358559,0.100000,2.200000,0.100816
-0.357858,0.100000,2.200000,0.100816
-0.357157,0.100000,2.200000,0.100816
-0.356456,0.100000,2.200000,0.100816
-0.355756,0.100000,2.200000,0.100816
-0.355055,0.100000,2.200000,0.100816
-0.354354,0.100000,2.200000,0.100817
-0.353654,0.100000,2.200000,0.100817
-0.352953,0.100000,2.200000,0.100817
-0.352252,0.100000,2.200000,0.100817
-0.351552,0.100000,2.200000,0.100817
-0.350851,0.100000,2.200000,0.100817
-0.350150,0.100000,2.200000,0.100818
-0.349449,0.100000,2.200000,0.100818
-0.348749,0.100000,2.200000,0.100818
-0.348048,0.100000,2.200000,0.100818
-0.347347,0.100000,2.200000,0.100818
-0.346647,0.100000,2.200000,0.100818
-0.345946,0.100000,2.200000,0.100819
-0.345245,0.100000,2.200000,0.100819
-0.344545,0.100000,2.200000,0.100819
-0.343844,0.100000,2.200000,0.100819
-0.343143,0.100000,2.200000,0.100819
-0.342442,0.100000,2.200000,0.100820
-0.341742,0.100000,2.200000,0.100820
-0.341041,0.100000,2.200000,0.100820
-0.340340,0.100000,2.200000,0.100820
-0.339640,0.100000,2.200000,0.100820
-0.338939,0.100000,2.200000,0.100821
-0.338238,0.100000,2.200000,0.100821
-0.337538,0.100000,2.200000,0.100821
-0.336837,0.100000,2.200000,0.100821
-0.336136,0.100000,2.200000,0.100821
-0.335435,0.100000,2.200000,0.100822
-0.334735,0.100000,2.200000,0.100822
-0.334034,0.100000,2.200000,0.100822
-0.333333,0.100000,2.200000,0.100822
-0.332633,0.100000,2.200000,0.100822
-0.331932,0.100000,2.200000,0.100823
-0.331231,0.100000,2.200000,0.100823
-0.330531,0.100000,2.200000,0.100823
-0.329830,0.100000,2.200000,0.100823
-0.329129,0.100000,2.200000,0.100824
-0.328428,0.100000,2.200000,0.100824
-0.327728,0.100000,2.200000,0.100824
-0.327027,0.100000,2.200000,0.100824
-0.326326,0.100000,2.200000,0.100825
-0.325626,0.100000,2.200000,0.100825
-0.324925,0.100000,2.200000,0.100825
-0.324224,0.100000,2.200000,0.100826
-0.323524,0.100000,2.200000,0.100826
-0.322823,0.100000,2.200000,0.100826
-0.322122,0.100000,2.200000,0.100826
-0.321421,0.100000,2.200000,0.100827
-0.320721,0.100000,2.200000,0.100827
-0.320020,0.100000,2.200000,0.100827
-0.319319,0.100000,2.200000,0.100828
-0.318619,0.100000,2.200000,0.100828
-0.317918,0.100000,2.200000,0.100828
-0.317217,0.100000,2.200000,0.100828
-0.316517,0.100000,2.200000,0.100829
-0.315816,0.100000,2.200000,0.100829
-0.315115,0.100000,2.200000,0.100829
-0.314414,0.100000,2.200000,0.100830
-0.313714,0.100000,2.200000,0.100830
-0.313013,0.100000,2.200000,0.100830
-0.312312,0.100000,2.200000,0.100831
-0.311612,0.100000,2.200000,0.100831
-0.310911,0.100000,2.200000,0.100831
-0.310210,0.100000,2.200000,0.100832
-0.309510,0.100000,2.200000,0.100832
-0.308809,0.100000,2.200000,0.100833
-0.308108,0.100000,2.200000,0.100833
-0.307407,0.100000,2.200000,0.100833
-0.306707,0.100000,2.200000,0.100834
-0.306006,0.100000,2.200000,0.100834
-0.305305,0.100000,2.200000,0.100834
-0.304605,0.100000,2.200000,0.100835
-0.303904,0.100000,2.200000,0.100835
-0.303203,0.100000,2.200000,0.100836
-0.302503,0.100000,2.200000,0.100836
-0.301802,0.100000,2.200000,0.100836
-0.301101,0.100000,2.200000,0.100837
-0.300400,0.100000,2.200000,0.100837
-0.299700,0.100000,2.200000,0.100838
-0.298999,0.100000,2.200000,0.100838
-0.298298,0.100000,2.200000,0.100839
-0.297598,0.100000,2.200000,0.100839
-0.296897,0.100000,2.200000,0.100839
-0.296196,0.100000,2.200000,0.100840
-0.295495,0.100000,2.200000,0.100840
-0.294795,0.100000,2.200000,0.100841
-0.294094,0.100000,2.200000,0.100841
-0.293393,0.100000,2.200000,0.100842
-0.292693,0.100000,2.200000,0.100842
-0.291992,0.100000,2.200000,0.100843
-0.291291,0.100000,2.200000,0.100843
-0.290591,0.100000,2.200000,0.100844
-0.289890,0.100000,2.200000,0.100844
-0.289189,0.100000,2.200000,0.100845
-0.288488,0.100000,2.200000,0.100845
-0.287788,0.100000,2.200000,0.100846
-0.287087,0.100000,2.200000,0.100846
-0.286386,0.100000,2.200000,0.100847
-0.285686,0.100000,2.200000,0.100847
-0.284985,0.100000,2.200000,0.100848
-0.284284,0.100000,2.200000,0.100849
-0.283584,0.100000,2.200000,0.100849
-0.282883,0.100000,2.200000,0.100850
-0.282182,0.100000,2.200000,0.100850
-0.281481,0.100000,2.200000,0.100851
-0.280781,0.100000,2.200000,0.100851
-0.280080,0.100000,2.200000,0.100852
-0.279379,0.100000,2.200000,0.100853
-0.278679,0.100000,2.200000,0.100853
-0.277978,0.100000,2.200000,0.100854
-0.277277,0.100000,2.200000,0.100855
-0.276577,0.100000,2.200000,0.100855
-0.275876,0.100000,2.200000,0.100856
-0.275175,0.100000,2.200000,0.100857
-0.274474,0.100000,2.200000,0.100857
-0.273774,0.100000,2.200000,0.100858
-0.273073,0.100000,2.200000,0.100859
-0.272372,0.100000,2.200000,0.100859
-0.271672,0.100000,2.200000,0.100860
-0.270971,0.100000,2.200000,0.100861
-0.270270,0.100000,2.200000,0.100861
-0.269570,0.100000,2.200000,0.100862
-0.268869,0.100000,2.200000,0.100863
-0.268168,0.100000,2.200000,0.100864
-0.267467,0.100000,2.200000,0.100864
-0.266767,0.100000,2.200000,0.100865
-0.266066,0.100000,2.200000,0.100866
-0.265365,0.100000,2.200000,0.100867
-0.264665,0.100000,2.200000,0.100867
-0.263964,0.100000,2.200000,0.100868
-0.263263,0.100000,2.200000,0.100869
-0.262563,0.100000,2.200000,0.100870
-0.261862,0.100000,2.200000,0.100871
-0.261161,0.100000,2.200000,0.100872
-0.260460,0.100000,2.200000,0.100872
-0.259760,0.100000,2.200000,0.100873
-0.259059,0.100000,2.200000,0.100874
-0.258358,0.100000,2.200000,0.100875
-0.257658,0.100000,2.200000,0.100876
-0.256957,0.100000,2.200000,0.100877
-0.256256,0.100000,2.200000,0.100878
-0.255556,0.100000,2.200000,0.100879
-0.254855,0.100000,2.200000,0.100880
-0.254154,0.100000,2.200000,0.100881
-0.253453,0.100000,2.200000,0.100882
-0.252753,0.100000,2.200000,0.100883
-0.252052,0.100000,2.200000,0.100884
-0.251351,0.100000,2.200000,0.100885
-0.250651,0.100000,2.200000,0.100886
-0.249950,0.100000,2.200000,0.100887
-0.249249,0.100000,2.200000,0.100888
-0.248549,0.100000,2.200000,0.100889
-0.247848,0.100000,2.200000,0.100890
-0.247147,0.100000,2.200000,0.100891
-0.246446,0.100000,2.200000,0.100892
-0.245746,0.100000,2.200000,0.100893
-0.245045,0.100000,2.200000,0.100894
-0.244344,0.100000,2.200000,0.100895
-0.243644,0.100000,2.200000,0.100897
-0.242943,0.100000,2.200000,0.100898
-0.242242,0.100000,2.200000,0.100899
-0.241542,0.100000,2.200000,0.100900
-0.240841,0.100000,2.200000,0.100901
-0.240140,0.100000,2.200000,0.100903
-0.239439,0.100000,2.200000,0.100904
-0.238739,0.100000,2.200000,0.100905
-0.238038,0.100000,2.200000,0.100906
-0.237337,0.100000,2.200000,0.100908
-0.236637,0.100000,2.200000,0.100909
-0.235936,0.100000,2.200000,0.100910
-0.235235,0.100000,2.200000,0.100912
-0.234535,0.100000,2.200000,0.100913
-0.233834,0.100000,2.200000,0.100914
-0.233133,0.100000,2.200000,0.100916
-0.232432,0.100000,2.200000,0.100917
-0.231732,0.100000,2.200000,0.100919
-0.231031,0.100000,2.200000,0.100920
-0.230330,0.100000,2.200000,0.100922
-0.229630,0.100000,2.200000,0.100923
-0.228929,0.100000,2.200000,0.100925
-0.228228,0.100000,2.200000,0.100926
-0.227528,0.100000,2.200000,0.100928
-0.226827,0.100000,2.200000,0.100929
-0.226126,0.100000,2.200000,0.100931
-0.225425,0.100000,2.200000,0.100933
-0.224725,0.100000,2.200000,0.100934
-0.224024,0.100000,2.200000,0.100936
-0.223323,0.100000,2.200000,0.100938
-0.222623,0.100000,2.200000,0.100939
-0.221922,0.100000,2.200000,0.100941
-0.221221,0.100000,2.200000,0.100943
-0.220521,0.100000,2.200000,0.100945
-0.219820,0.100000,2.200000,0.100947
-0.219119,0.100000,2.200000,0.100948
-0.218418,0.100000,2.200000,0.100950
-0.217718,0.100000,2.200000,0.100952
-0.217017,0.100000,2.200000,0.100954
-0.216316,0.100000,2.200000,0.100956
-0.215616,0.100000,2.200000,0.100958
-0.214915,0.100000,2.200000,0.100960
-0.214214,0.100000,2.200000,0.100962
-0.213514,0.100000,2.200000,0.100964
-0.212813,0.100000,2.200000,0.100966
-0.212112,0.100000,2.200000,0.100968
-0.211411,0.100000,2.200000,0.100971
-0.210711,0.100000,2.200000,0.100973
-0.210010,0.100000,2.200000,0.100975
-0.209309,0.100000,2.200000,0.100977
-0.208609,0.100000,2.200000,0.100979
-0.207908,0.100000,2.200000,0.100982
-0.207207,0.100000,2.200000,0.100984
-0.206507,0.100000,2.200000,0.100987
-0.205806,0.100000,2.200000,0.100989
-0.205105,0.100000,2.200000,0.100991
-0.204404,0.100000,2.200000,0.100994
-0.203704,0.100000,2.200000,0.100996
-0.203003,0.100000,2.200000,0.100999
-0.202302,0.100000,2.200000,0.101002
-0.201602,0.100000,2.200000,0.101004
-0.200901,0.100000,2.200000,0.101007
-0.200200,0.100000,2.200000,0.101010
-0.199499,0.100000,2.200000,0.101012
-0.198799,0.100000,2.200000,0.101015
-0.198098,0.100000,2.200000,0.101018
-0.197397,0.100000,2.200000,0.101021
-0.196697,0.100000,2.200000,0.101024
-0.195996,0.100000,2.200000,0.101027
-0.195295,0.100000,2.200000,0.101030
-0.194595,0.100000,2.200000,0.101033
-0.193894,0.100000,2.200000,0.101036
-0.193193,0.100000,2.200000,0.101039
-0.192492,0.100000,2.200000,0.101043
-0.191792,0.100000,2.200000,0.101046
-0.191091,0.100000,2.200000,0.101049
-0.190390,0.100000,2.200000,0.101053
-0.189690,0.100000,2.200000,0.101056
-0.188989,0.100000,2.200000,0.101059
-0.188288,0.100000,2.200000,0.101063
-0.187588,0.100000,2.200000,0.101067
-0.186887,0.100000,2.200000,0.101070
-0.186186,0.100000,2.200000,0.101074
-0.185485,0.100000,2.200000,0.101078
-0.184785,0.100000,2.200000,0.101082
-0.184084,0.100000,2.200000,0.101086
-0.183383,0.100000,2.200000,0.101089
-0.182683,0.100000,2.200000,0.101094
-0.181982,0.100000,2.200000,0.101098
-0.181281,0.100000,2.200000,0.101102
-0.180581,0.100000,2.200000,0.101106
-0.179880,0.100000,2.200000,0.101110
-0.179179,0.100000,2.200000,0.101115
-0.178478,0.100000,2.200000,0.101119
-0.177778,0.100000,2.200000,0.101124
-0.177077,0.100000,2.200000,0.101128
-0.176376,0.100000,2.200000,0.101133
-0.175676,0.100000,2.200000,0.101138
-0.174975,0.100000,2.200000,0.101143
-0.174274,0.100000,2.200000,0.101147
-0.173574,0.100000,2.200000,0.101152
-0.172873,0.100000,2.200000,0.101158
-0.172172,0.100000,2.200000,0.101163
-0.171471,0.100000,2.200000,0.101168
-0.170771,0.100000,2.200000,0.101173
-0.170070,0.100000,2.200000,0.101179
-0.169369,0.100000,2.200000,0.101184
-0.168669,0.100000,2.200000,0.101190
-0.167968,0.100000,2.200000,0.101196
-0.167267,0.100000,2.200000,0.101202
-0.166567,0.100000,2.200000,0.101208
-0.165866,0.100000,2.200000,0.101214
-0.165165,0.100000,2.200000,0.101220
-0.164464,0.100000,2.200000,0.101226
-0.163764,0.100000,2.200000,0.101233
-0.163063,0.100000,2.200000,0.101239
-0.162362,0.100000,2.200000,0.101246
-0.161662,0.100000,2.200000,0.101253
-0.160961,0.100000,2.200000,0.101260
-0.160260,0.100000,2.200000,0.101267
-0.159560,0.100000,2.200000,0.101274
-0.158859,0.100000,2.200000,0.101281
-0.158158,0.100000,2.200000,0.101289
-0.157457,0.100000,2.200000,0.101296
-0.156757,0.100000,2.200000,0.101304
-0.156056,0.100000,2.200000,0.101312
-0.155355,0.100000,2.200000,0.101320
-0.154655,0.100000,2.200000,0.101328
-0.153954,0.100000,2.200000,0.101336
-0.153253,0.100000,2.200000,0.101345
-0.152553,0.100000,2.200000,0.101354
-0.151852,0.100000,2.200000,0.101362
-0.151151,0.100000,2.200000,0.101371
-0.150450,0.100000,2.200000,0.101381
-0.149750,0.100000,2.200000,0.101390
-0.149049,0.100000,2.200000,0.101400
-0.148348,0.100000,2.200000,0.101409
-0.147648,0.100000,2.200000,0.101419
-0.146947,0.100000,2.200000,0.101430
-0.146246,0.100000,2.200000,0.101440
-0.145546,0.100000,2.200000,0.101451
-0.144845,0.100000,2.200000,0.101461
-0.144144,0.100000,2.200000,0.101472
-0.143443,0.100000,2.200000,0.101484
-0.142743,0.100000,2.200000,0.101495
-0.142042,0.100000,2.200000,0.101507
-0.141341,0.100000,2.200000,0.101519
-0.140641,0.100000,2.200000,0.101531
-0.139940,0.100000,2.200000,0.101544
-0.139239,0.100000,2.200000,0.101557
-0.138539,0.100000,2.200000,0.101570
-0.137838,0.100000,2.200000,0.101583
-0.137137,0.100000,2.200000,0.101597
-0.136436,0.100000,2.200000,0.101611
-0.135736,0.100000,2.200000,0.101625
-0.135035,0.100000,2.200000,0.101640
-0.134334,0.100000,2.200000,0.101655
-0.133634,0.100000,2.200000,0.101670
-0.132933,0.100000,2.200000,0.101685
-0.132232,0.100000,2.200000,0.101701
-0.131532,0.100000,2.200000,0.101718
-0.130831,0.100000,2.200000,0.101734
-0.130130,0.100000,2.200000,0.101751
-0.129429,0.100000,2.200000,0.101769
-0.128729,0.100000,2.200000,0.101787
-0.128028,0.100000,2.200000,0.101805
-0.127327,0.100000,2.200000,0.101824
-0.126627,0.100000,2.200000,0.101843
-0.125926,0.100000,2.200000,0.101862
-0.125225,0.100000,2.200000,0.101882
-0.124525,0.100000,2.200000,0.101903
-0.123824,0.100000,2.200000,0.101924
-0.123123,0.100000,2.200000,0.101946
-0.122422,0.100000,2.200000,0.101968
-0.121722,0.100000,2.200000,0.101990
-0.121021,0.100000,2.200000,0.102013
-0.120320,0.100000,2.200000,0.102037
-0.119620,0.100000,2.200000,0.102061
-0.118919,0.100000,2.200000,0.102086
-0.118218,0.100000,2.200000,0.102112
-0.117518,0.100000,2.200000,0.102138
-0.116817,0.100000,2.200000,0.102165
-0.116116,0.100000,2.200000,0.102192
-0.115415,0.100000,2.200000,0.102220
-0.114715,0.100000,2.200000,0.102249
-0.114014,0.100000,2.200000,0.102279
-0.113313,0.100000,2.200000,0.102309
-0.112613,0.100000,2.200000,0.102340
-0.111912,0.100000,2.200000,0.102372
-0.111211,0.100000,2.200000,0.102405
-0.110511,0.100000,2.200000,0.102438
-0.109810,0.100000,2.200000,0.102473
-0.109109,0.100000,2.200000,0.102508
-0.108408,0.100000,2.200000,0.102545
-0.107708,0.100000,2.200000,0.102582
-0.107007,0.100000,2.200000,0.102620
-0.106306,0.100000,2.200000,0.102659
-0.105606,0.100000,2.200000,0.102700
-0.104905,0.100000,2.200000,0.102741
-0.104204,0.100000,2.200000,0.102784
-0.103504,0.100000,2.200000,0.102827
-0.102803,0.100000,2.200000,0.102872
-0.102102,0.100000,2.200000,0.102918
-0.101401,0.100000,2.200000,0.102966
-0.100701,0.100000,2.200000,0.103014
-0.100000,0.100000,2.200000,0.103064
-0.800000,0.100000,2.500000,0.100828
-0.799299,0.100000,2.500000,0.100828
-0.798599,0.100000,2.500000,0.100828
-0.797898,0.100000,2.500000,0.100828
-0.797197,0.100000,2.500000,0.100828
-0.796496,0.100000,2.500000,0.100827
-0.795796,0.100000,2.500000,0.100827
-0.795095,0.100000,2.500000,0.100827
-0.794394,0.100000,2.500000,0.100827
-0.793694,0.100000,2.500000,0.100827
-0.792993,0.100000,2.500000,0.100827
-0.792292,0.100000,2.500000,0.100827
-0.791592,0.100000,2.500000,0.100827
-0.790891,0.100000,2.500000,0.100827
-0.790190,0.100000,2.500000,0.100827
-0.789489,0.100000,2.500000,0.100827
-0.788789,0.100000,2.500000,0.100827
-0.788088,0.100000,2.500000,0.100827
-0.787387,0.100000,2.500000,0.100826
-0.786687,0.100000,2.500000,0.100826
-0.785986,0.100000,2.500000,0.100826
-0.785285,0.100000,2.500000,0.100826
-0.784585,0.100000,2.500000,0.100826
-0.783884,0.100000,2.500000,0.100826
-0.783183,0.100000,2.500000,0.100826
-0.782482,0.100000,2.500000,0.100826
-0.781782,0.100000,2.500000,0.100826
-0.781081,0.100000,2.500000,0.100826
-0.780380,0.100000,2.500000,0.100826
-0.779680,0.100000,2.500000,0.100826
-0.778979,0.100000,2.500000,0.100826
-0.778278,0.100000,2.500000,0.100825
-0.777578,0.100000,2.500000,0.100825
-0.776877,0.100000,2.500000,0.100825
-0.776176,0.100000,2.500000,0.100825
-0.775475,0.100000,2.500000,0.100825
-0.774775,0.100000,2.500000,0.100825
-0.774074,0.100000,2.500000,0.100825
-0.773373,0.100000,2.500000,0.100825
-0.772673,0.100000,2.500000,0.100825
-0.771972,0.100000,2.500000,0.100825
-0.771271,0.100000,2.500000,0.100825
-0.770571,0.100000,2.500000,0.100825
-0.769870,0.100000,2.500000,0.100824
-0.769169,0.100000,2.500000,0.100824
-0.768468,0.100000,2.500000,0.100824
-0.767768,0.100000,2.500000,0.100824
-0.767067,0.100000,2.500000,0.100824
-0.766366,0.100000,2.500000,0.100824
-0.765666,0.100000,2.500000,0.100824
-0.764965,0.100000,2.500000,0.100824
-0.764264,0.100000,2.500000,0.100824
-0.763564,0.100000,2.500000,0.100824
-0.762863,0.100000,2.500000,0.100824
-0.762162,0.100000,2.500000,0.100824
-0.761461,0.100000,2.500000,0.100823
-0.760761,0.100000,2.500000,0.100823
-0.760060,0.100000,2.500000,0.100823
-0.759359,0.100000,2.500000,0.100823
-0.758659,0.100000,2.500000,0.100823
-0.757958,0.100000,2.500000,0.100823
-0.757257,0.100000,2.500000,0.100823
-0.756557,0.100000,2.500000,0.100823
-0.755856,0.100000,2.500000,0.100823
-0.755155,0.100000,2.500000,0.100823
-0.754454,0.100000,2.500000,0.100823
-0.753754,0.100000,2.500000,0.100823
-0.753053,0.100000,2.500000,0.100823
-0.752352,0.100000,2.500000,0.100822
-0.751652,0.100000,2.500000,0.100822
-0.750951,0.100000,2.500000,0.100822
-0.750250,0.100000,2.500000,0.100822
-0.749550,0.100000,2.500000,0.100822
-0.748849,0.100000,2.500000,0.100822
-0.748148,0.100000,2.500000,0.100822
-0.747447,0.100000,2.500000,0.100822
-0.746747,0.100000,2.500000,0.100822
-0.746046,0.100000,2.500000,0.100822
-0.745345,0.100000,2.500000,0.100822
-0.744645,0.100000,2.500000,0.100822
-0.743944,0.100000,2.500000,0.100821
-0.743243,0.100000,2.500000,0.100821
-0.742543,0.100000,2.500000,0.100821
-0.741842,0.100000,2.500000,0.100821
-0.741141,0.100000,2.500000,0.100821
-0.740440,0.100000,2.500000,0.100821
-0.739740,0.100000,2.500000,0.100821
-0.739039,0.100000,2.500000,0.100821
-0.738338,0.100000,2.500000,0.100821
-0.737638,0.100000,2.500000,0.100821
-0.736937,0.100000,2.500000,0.100821
-0.736236,0.100000,2.500000,0.100821
-0.735536,0.100000,2.500000,0.100820
-0.734835,0.100000,2.500000,0.100820
-0.734134,0.100000,2.500000,0.100820
-0.733433,0.100000,2.500000,0.100820
-0.732733,0.100000,2.500000,0.100820
-0.732032,0.100000,2.500000,0.100820
-0.731331,0.100000,2.500000,0.100820
-0.730631,0.100000,2.500000,0.100820
-0.729930,0.100000,2.500000,0.100820
-0.729229,0.100000,2.500000,0.100820
-0.728529,0.100000,2.500000,0.100820
-0.727828,0.100000,2.500000,0.100820
-0.727127,0.100000,2.500000,0.100819
-0.726426,0.100000,2.500000,0.100819
-0.725726,0.100000,2.500000,0.100819
-0.725025,0.100000,2.500000,0.100819
-0.724324,0.100000,2.500000,0.100819
-0.723624,0.100000,2.500000,0.100819
-0.722923,0.100000,2.500000,0.100819
-0.722222,0.100000,2.500000,0.100819
-0.721522,0.100000,2.500000,0.100819
-0.720821,0.100000,2.500000,0.100819
-0.720120,0.100000,2.500000,0.100819
-0.719419,0.100000,2.500000,0.100819
-0.718719,0.100000,2.500000,0.100819
-0.718018,0.100000,2.500000,0.100818
-0.717317,0.100000,2.500000,0.100818
-0.716617,0.100000,2.500000,0.100818
-0.715916,0.100000,2.500000,0.100818
-0.715215,0.100000,2.500000,0.100818
-0.714515,0.100000,2.500000,0.100818
-0.713814,0.100000,2.500000,0.100818
-0.713113,0.100000,2.500000,0.100818
-0.712412,0.100000,2.500000,0.100818
-0.711712,0.100000,2.500000,0.100818
-0.711011,0.100000,2.500000,0.100818
-0.710310,0.100000,2.500000,0.100818
-0.709610,0.100000,2.500000,0.100817
-0.708909,0.100000,2.500000,0.100817
-0.708208,0.100000,2.500000,0.100817
-0.707508,0.100000,2.500000,0.100817
-0.706807,0.100000,2.500000,0.100817
-0.706106,0.100000,2.500000,0.100817
-0.705405,0.100000,2.500000,0.100817
-0.704705,0.100000,2.500000,0.100817
-0.704004,0.100000,2.500000,0.100817
-0.703303,0.100000,2.500000,0.100817
-0.702603,0.100000,2.500000,0.100817
-0.701902,0.100000,2.500000,0.100817
-0.701201,0.100000,2.500000,0.100816
-0.700501,0.100000,2.500000,0.100816
-0.699800,0.100000,2.500000,0.100816
-0.699099,0.100000,2.500000,0.100816
-0.698398,0.100000,2.500000,0.100816
-0.697698,0.100000,2.500000,0.100816
-0.696997,0.100000,2.500000,0.100816
-0.696296,0.100000,2.500000,0.100816
-0.695596,0.100000,2.500000,0.100816
-0.694895,0.100000,2.500000,0.100816
-0.694194,0.100000,2.500000,0.100816
-0.693493,0.100000,2.500000,0.100816
-0.692793,0.100000,2.500000,0.100815
-0.692092,0.100000,2.500000,0.100815
-0.691391,0.100000,2.500000,0.100815
-0.690691,0.100000,2.500000,0.100815
-0.689990,0.100000,2.500000,0.100815
-0.689289,0.100000,2.500000,0.100815
-0.688589,0.100000,2.500000,0.100815
-0.687888,0.100000,2.500000,0.100815
-0.687187,0.100000,2.500000,0.100815
-0.686486,0.100000,2.500000,0.100815
-0.685786,0.100000,2.500000,0.100815
-0.685085,0.100000,2.500000,0.100815
-0.684384,0.100000,2.500000,0.100814
-0.683684,0.100000,2.500000,0.100814
-0.682983,0.100000,2.500000,0.100814
-0.682282,0.100000,2.500000,0.100814
-0.681582,0.100000,2.500000,0.100814
-0.680881,0.100000,2.500000,0.100814
-0.680180,0.100000,2.500000,0.100814
-0.679479,0.100000,2.500000,0.100814
-0.678779,0.100000,2.500000,0.100814
-0.678078,0.100000,2.500000,0.100814
-0.677377,0.100000,2.500000,0.100814
-0.676677,0.100000,2.500000,0.100814
-0.675976,0.100000,2.500000,0.100813
-0.675275,0.100000,2.500000,0.100813
-0.674575,0.100000,2.500000,0.100813
-0.673874,0.100000,2.500000,0.100813
-0.673173,0.100000,2.500000,0.100813
-0.672472,0.100000,2.500000,0.100813
-0.671772,0.100000,2.500000,0.100813
-0.671071,0.100000,2.500000,0.100813
-0.670370,0.100000,2.500000,0.100813
-0.669670,0.100000,2.500000,0.100813
-0.668969,0.100000,2.500000,0.100813
-0.668268,0.100000,2.500000,0.100812
-0.667568,0.100000,2.500000,0.100812
-0.666867,0.100000,2.500000,0.100812
-0.666166,0.100000,2.500000,0.100812
-0.665465,0.100000,2.500000,0.100812
-0.664765,0.100000,2.500000,0.100812
-0.664064,0.100000,2.500000,0.100812
-0.663363,0.100000,2.500000,0.100812
-0.662663,0.100000,2.500000,0.100812
-0.661962,0.100000,2.500000,0.100812
-0.661261,0.100000,2.500000,0.100812
-0.660561,0.100000,2.500000,0.100812
-0.659860,0.100000,2.500000,0.100811
-0.659159,0.100000,2.500000,0.100811
-0.658458,0.100000,2.500000,0.100811
-0.657758,0.100000,2.500000,0.100811
-0.657057,0.100000,2.500000,0.100811
-0.656356,0.100000,2.500000,0.100811
-0.655656,0.100000,2.500000,0.100811
-0.654955,0.100000,2.500000,0.100811
-0.654254,0.100000,2.500000,0.100811
-0.653554,0.100000,2.500000,0.100811
-0.652853,0.100000,2.500000,0.100811
-0.652152,0.100000,2.500000,0.100811
-0.651451,0.100000,2.500000,0.100810
-0.650751,0.100000,2.500000,0.100810
-0.650050,0.100000,2.500000,0.100810
-0.649349,0.100000,2.500000,0.100810
-0.648649,0.100000,2.500000,0.100810
-0.647948,0.100000,2.500000,0.100810
-0.647247,0.100000,2.500000,0.100810
-0.646547,0.100000,2.500000,0.100810
-0.645846,0.100000,2.500000,0.100810
-0.645145,0.100000,2.500000,0.100810
-0.644444,0.100000,2.500000,0.100810
-0.643744,0.100000,2.500000,0.100810
-0.643043,0.100000,2.500000,0.100809
-0.642342,0.100000,2.500000,0.100809
-0.641642,0.100000,2.500000,0.100809
-0.640941,0.100000,2.500000,0.100809
-0.640240,0.100000,2.500000,0.100809
-0.639540,0.100000,2.500000,0.100809
-0.638839,0.100000,2.500000,0.100809
-0.638138,0.100000,2.500000,0.100809
-0.637437,0.100000,2.500000,0.100809
-0.636737,0.100000,2.500000,0.100809
-0.636036,0.100000,2.500000,0.100809
-0.635335,0.100000,2.500000,0.100808
-0.634635,0.100000,2.500000,0.100808
-0.633934,0.100000,2.500000,0.100808
-0.633233,0.100000,2.500000,0.100808
-0.632533,0.100000,2.500000,0.100808
-0.631832,0.100000,2.500000,0.100808
-0.631131,0.100000,2.500000,0.100808
-0.630430,0.100000,2.500000,0.100808
-0.629730,0.100000,2.500000,0.100808
-0.629029,0.100000,2.500000,0.100808
-0.628328,0.100000,2.500000,0.100808
-0.627628,0.100000,2.500000,0.100808
-0.626927,0.100000,2.500000,0.100807
-0.626226,0.100000,2.500000,0.100807
-0.625526,0.100000,2.500000,0.100807
-0.624825,0.100000,2.500000,0.100807
-0.624124,0.100000,2.500000,0.100807
-0.623423,0.100000,2.500000,0.100807
-0.622723,0.100000,2.500000,0.100807
-0.622022,0.100000,2.500000,0.100807
-0.621321,0.100000,2.500000,0.100807
-0.620621,0.100000,2.500000,0.100807
-0.619920,0.100000,2.500000,0.100807
-0.619219,0.100000,2.500000,0.100807
-0.618519,0.100000,2.500000,0.100806
-0.617818,0.100000,2.500000,0.100806
-0.617117,0.100000,2.500000,0.100806
-0.616416,0.100000,2.500000,0.100806
-0.615716,0.100000,2.500000,0.100806
-0.615015,0.100000,2.500000,0.100806
-0.614314,0.100000,2.500000,0.100806
-0.613614,0.100000,2.500000,0.100806
-0.612913,0.100000,2.500000,0.100806
-0.612212,0.100000,2.500000,0.100806
-0.611512,0.100000,2.500000,0.100806
-0.610811,0.100000,2.500000,0.100806
-0.610110,0.100000,2.500000,0.100805
-0.609409,0.100000,2.500000,0.100805
-0.608709,0.100000,2.500000,0.100805
-0.608008,0.100000,2.500000,0.100805
-0.607307,0.100000,2.500000,0.100805
-0.606607,0.100000,2.500000,0.100805
-0.605906,0.100000,2.500000,0.100805
-0.605205,0.100000,2.500000,0.100805
-0.604505,0.100000,2.500000,0.100805
-0.603804,0.100000,2.500000,0.100805
-0.603103,0.100000,2.500000,0.100805
-0.602402,0.100000,2.500000,0.100804
-0.601702,0.100000,2.500000,0.100804
-0.601001,0.100000,2.500000,0.100804
-0.600300,0.100000,2.500000,0.100804
-0.599600,0.100000,2.500000,0.100804
-0.598899,0.100000,2.500000,0.100804
-0.598198,0.100000,2.500000,0.100804
-0.597497,0.100000,2.500000,0.100804
-0.596797,0.100000,2.500000,0.100804
-0.596096,0.100000,2.500000,0.100804
-0.595395,0.100000,2.500000,0.100804
-0.594695,0.100000,2.500000,0.100804
-0.593994,0.100000,2.500000,0.100803
-0.593293,0.100000,2.500000,0.100803
-0.592593,0.100000,2.500000,0.100803
-0.591892,0.100000,2.500000,0.100803
-0.591191,0.100000,2.500000,0.100803
-0.590490,0.100000,2.500000,0.100803
-0.589790,0.100000,2.500000,0.100803
-0.589089,0.100000,2.500000,0.100803
-0.588388,0.100000,2.500000,0.100803
-0.587688,0.100000,2.500000,0.100803
-0.586987,0.100000,2.500000,0.100803
-0.586286,0.100000,2.500000,0.100803
-0.585586,0.100000,2.500000,0.100802
-0.584885,0.100000,2.500000,0.100802
-0.584184,0.100000,2.500000,0.100802
-0.583483,0.100000,2.500000,0.100802
-0.582783,0.100000,2.500000,0.100802
-0.582082,0.100000,2.500000,0.100802
-0.581381,0.100000,2.500000,0.100802
-0.580681,0.100000,2.500000,0.100802
-0.579980,0.100000,2.500000,0.100802
-0.579279,0.100000,2.500000,0.100802
-0.578579,0.100000,2.500000,0.100802
-0.577878,0.100000,2.500000,0.100802
-0.577177,0.100000,2.500000,0.100801
-0.576476,0.100000,2.500000,0.100801
-0.575776,0.100000,2.500000,0.100801
-0.575075,0.100000,2.500000,0.100801
-0.574374,0.100000,2.500000,0.100801
-0.573674,0.100000,2.500000,0.100801
-0.572973,0.100000,2.500000,0.100801
-0.572272,0.100000,2.500000,0.100801
-0.571572,0.100000,2.500000,0.100801
-0.570871,0.100000,2.500000,0.100801
-0.570170,0.100000,2.500000,0.100801
-0.569469,0.100000,2.500000,0.100801
-0.568769,0.100000,2.500000,0.100801
-0.568068,0.100000,2.500000,0.100800
-0.567367,0.100000,2.500000,0.100800
-0.566667,0.100000,2.500000,0.100800
-0.565966,0.100000,2.500000,0.100800
-0.565265,0.100000,2.500000,0.100800
-0.564565,0.100000,2.500000,0.100800
-0.563864,0.100000,2.500000,0.100800
-0.563163,0.100000,2.500000,0.100800
-0.562462,0.100000,2.500000,0.100800
-0.561762,0.100000,2.500000,0.100800
-0.561061,0.100000,2.500000,0.100800
-0.560360,0.100000,2.500000,0.100800
-0.559660,0.100000,2.500000,0.100799
-0.558959,0.100000,2.500000,0.100799
-0.558258,0.100000,2.500000,0.100799
-0.557558,0.100000,2.500000,0.100799
-0.556857,0.100000,2.500000,0.100799
-0.556156,0.100000,2.500000,0.100799
-0.555455,0.100000,2.500000,0.100799
-0.554755,0.100000,2.500000,0.100799
-0.554054,0.100000,2.500000,0.100799
-0.553353,0.100000,2.500000,0.100799
-0.552653,0.100000,2.500000,0.100799
-0.551952,0.100000,2.500000,0.100799
-0.551251,0.100000,2.500000,0.100798
-0.550551,0.100000,2.500000,0.100798
-0.549850,0.100000,2.500000,0.100798
-0.549149,0.100000,2.500000,0.100798
-0.548448,0.100000,2.500000,0.100798
-0.547748,0.100000,2.500000,0.100798
-0.547047,0.100000,2.500000,0.100798
-0.546346,0.100000,2.500000,0.100798
-0.545646,0.100000,2.500000,0.100798
-0.544945,0.100000,2.500000,0.100798
-0.544244,0.100000,2.500000,0.100798
-0.543544,0.100000,2.500000,0.100798
-0.542843,0.100000,2.500000,0.100798
-0.542142,0.100000,2.500000,0.100797
-0.541441,0.100000,2.500000,0.100797
-0.540741,0.100000,2.500000,0.100797
-0.540040,0.100000,2.500000,0.100797
-0.539339,0.100000,2.500000,0.100797
-0.538639,0.100000,2.500000,0.100797
-0.537938,0.100000,2.500000,0.100797
-0.537237,0.100000,2.500000,0.100797
-0.536537,0.100000,2.500000,0.100797
-0.535836,0.100000,2.500000,0.100797
-0.535135,0.100000,2.500000,0.100797
-0.534434,0.100000,2.500000,0.100797
-0.533734,0.100000,2.500000,0.100797
-0.533033,0.100000,2.500000,0.100796
-0.532332,0.100000,2.500000,0.100796
-0.531632,0.100000,2.500000,0.100796
-0.530931,0.100000,2.500000,0.100796
-0.530230,0.100000,2.500000,0.100796
-0.529530,0.100000,2.500000,0.100796
-0.528829,0.100000,2.500000,0.100796
-0.528128,0.100000,2.500000,0.100796
-0.527427,0.100000,2.500000,0.100796
-0.526727,0.100000,2.500000,0.100796
-0.526026,0.100000,2.500000,0.100796
-0.525325,0.100000,2.500000,0.100796
-0.524625,0.100000,2.500000,0.100796
-0.523924,0.100000,2.500000,0.100795
-0.523223,0.100000,2.500000,0.100795
-0.522523,0.100000,2.500000,0.100795
-0.521822,0.100000,2.500000,0.100795
-0.521121,0.100000,2.500000,0.100795
-0.520420,0.100000,2.500000,0.100795
-0.519720,0.100000,2.500000,0.100795
-0.519019,0.100000,2.500000,0.100795
-0.518318,0.100000,2.500000,0.100795
-0.517618,0.100000,2.500000,0.100795
-0.516917,0.100000,2.500000,0.100795
-0.516216,0.100000,2.500000,0.100795
-0.515516,0.100000,2.500000,0.100795
-0.514815,0.100000,2.500000,0.100795
-0.514114,0.100000,2.500000,0.100794
-0.513413,0.100000,2.500000,0.100794
-0.512713,0.100000,2.500000,0.100794
-0.512012,0.100000,2.500000,0.100794
-0.511311,0.100000,2.500000,0.100794
-0.510611,0.100000,2.500000,0.100794
-0.509910,0.100000,2.500000,0.100794
-0.509209,0.100000,2.500000,0.100794
-0.508509,0.100000,2.500000,0.100794
-0.507808,0.100000,2.500000,0.100794
-0.507107,0.100000,2.500000,0.100794
-0.506406,0.100000,2.500000,0.100794
-0.505706,0.100000,2.500000,0.100794
-0.505005,0.100000,2.500000,0.100794
-0.504304,0.100000,2.500000,0.100793
-0.503604,0.100000,2.500000,0.100793
-0.502903,0.100000,2.500000,0.100793
-0.502202,0.100000,2.500000,0.100793
-0.501502,0.100000,2.500000,0.100793
-0.500801,0.100000,2.500000,0.100793
-0.500100,0.100000,2.500000,0.100793
-0.499399,0.100000,2.500000,0.100793
-0.498699,0.100000,2.500000,0.100793
-0.497998,0.100000,2.500000,0.100793
-0.497297,0.100000,2.500000,0.100793
-0.496597,0.100000,2.500000,0.100793
-0.495896,0.100000,2.500000,0.100793
-0.495195,0.100000,2.500000,0.100793
-0.494494,0.100000,2.500000,0.100793
-0.493794,0.100000,2.500000,0.100792
-0.493093,0.100000,2.500000,0.100792
-0.492392,0.100000,2.500000,0.100792
-0.491692,0.100000,2.500000,0.100792
-0.490991,0.100000,2.500000,0.100792
-0.490290,0.100000,2.500000,0.100792
-0.489590,0.100000,2.500000,0.100792
-0.488889,0.100000,2.500000,0.100792
-0.488188,0.100000,2.500000,0.100792
-0.487487,0.100000,2.500000,0.100792
-0.486787,0.100000,2.500000,0.100792
-0.486086,0.100000,2.500000,0.100792
-0.485385,0.100000,2.500000,0.100792
-0.484685,0.100000,2.500000,0.100792
-0.483984,0.100000,2.500000,0.100792
-0.483283,0.100000,2.500000,0.100792
-0.482583,0.100000,2.500000,0.100791
-0.481882,0.100000,2.500000,0.100791
-0.481181,0.100000,2.500000,0.100791
-0.480480,0.100000,2.500000,0.100791
-0.479780,0.100000,2.500000,0.100791
-0.479079,0.100000,2.500000,0.100791
-0.478378,0.100000,2.500000,0.100791
-0.477678,0.100000,2.500000,0.100791
-0.476977,0.100000,2.500000,0.100791
-0.476276,0.100000,2.500000,0.100791
-0.475576,0.100000,2.500000,0.100791
-0.474875,0.100000,2.500000,0.100791
-0.474174,0.100000,2.500000,0.100791
-0.473473,0.100000,2.500000,0.100791
-0.472773,0.100000,2.500000,0.100791
-0.472072,0.100000,2.500000,0.100791
-0.471371,0.100000,2.500000,0.100791
-0.470671,0.100000,2.500000,0.100790
-0.469970,0.100000,2.500000,0.100790
-0.469269,0.100000,2.500000,0.100790
-0.468569,0.100000,2.500000,0.100790
-0.467868,0.100000,2.500000,0.100790
-0.467167,0.100000,2.500000,0.100790
-0.466466,0.100000,2.500000,0.100790
-0.465766,0.100000,2.500000,0.100790
-0.465065,0.100000,2.500000,0.100790
-0.464364,0.100000,2.500000,0.100790
-0.463664,0.100000,2.500000,0.100790
-0.462963,0.100000,2.500000,0.100790
-0.462262,0.100000,2.500000,0.100790
-0.461562,0.100000,2.500000,0.100790
-0.460861,0.100000,2.500000,0.100790
-0.460160,0.100000,2.500000,0.100790
-0.459459,0.100000,2.500000,0.100790
-0.458759,0.100000,2.500000,0.100790
-0.458058,0.100000,2.500000,0.100790
-0.457357,0.100000,2.500000,0.100790
-0.456657,0.100000,2.500000,0.100789
-0.455956,0.100000,2.500000,0.100789
-0.455255,0.100000,2.500000,0.100789
-0.454555,0.100000,2.500000,0.100789
-0.453854,0.100000,2.500000,0.100789
-0.453153,0.100000,2.500000,0.100789
-0.452452,0.100000,2.500000,0.100789
-0.451752,0.100000,2.500000,0.100789
-0.451051,0.100000,2.500000,0.100789
-0.450350,0.100000,2.500000,0.100789
-0.449650,0.100000,2.500000,0.100789
-0.448949,0.100000,2.500000,0.100789
-0.448248,0.100000,2.500000,0.100789
-0.447548,0.100000,2.500000,0.100789
-0.446847,0.100000,2.500000,0.100789
-0.446146,0.100000,2.500000,0.100789
-0.445445,0.100000,2.500000,0.100789
-0.444745,0.100000,2.500000,0.100789
-0.444044,0.100000,2.500000,0.100789
-0.443343,0.100000,2.500000,0.100789
-0.442643,0.100000,2.500000,0.100789
-0.441942,0.100000,2.500000,0.100789
-0.441241,0.100000,2.500000,0.100789
-0.440541,0.100000,2.500000,0.100789
-0.439840,0.100000,2.500000,0.100789
-0.439139,0.100000,2.500000,0.100789
-0.438438,0.100000,2.500000,0.100788
-0.437738,0.100000,2.500000,0.100788
-0.437037,0.100000,2.500000,0.100788
-0.436336,0.100000,2.500000,0.100788
-0.435636,0.100000,2.500000,0.100788
-0.434935,0.100000,2.500000,0.100788
-0.434234,0.100000,2.500000,0.100788
-0.433534,0.100000,2.500000,0.100788
-0.432833,0.100000,2.500000,0.100788
-0.432132,0.100000,2.500000,0.100788
-0.431431,0.100000,2.500000,0.100788
-0.430731,0.100000,2.500000,0.100788
-0.430030,0.100000,2.500000,0.100788
-0.429329,0.100000,2.500000,0.100788
-0.428629,0.100000,2.500000,0.100788
-0.427928,0.100000,2.500000,0.100788
-0.427227,0.100000,2.500000,0.100788
-0.426527,0.100000,2.500000,0.100788
-0.425826,0.100000,2.500000,0.100788
-0.425125,0.100000,2.500000,0.100788
-0.424424,0.100000,2.500000,0.100788
-0.423724,0.100000,2.500000,0.100788
-0.423023,0.100000,2.500000,0.100788
-0.422322,0.100000,2.500000,0.100788
-0.421622,0.100000,2.500000,0.100788
-0.420921,0.100000,2.500000,0.100788
-0.420220,0.100000,2.500000,0.100788
-0.419520,0.100000,2.500000,0.100788
-0.418819,0.100000,2.500000,0.100788
-0.418118,0.100000,2.500000,0.100788
-0.417417,0.100000,2.500000,0.100788
-0.416717,0.100000,2.500000,0.100788
-0.416016,0.100000,2.500000,0.100788
-0.415315,0.100000,2.500000,0.100788
-0.414615,0.100000,2.500000,0.100788
-0.413914,0.100000,2.500000,0.100788
-0.413213,0.100000,2.500000,0.100788
-0.412513,0.100000,2.500000,0.100788
-0.411812,0.100000,2.500000,0.100788
-0.411111,0.100000,2.500000,0.100788
-0.410410,0.100000,2.500000,0.100788
-0.409710,0.100000,2.500000,0.100788
-0.409009,0.100000,2.500000,0.100788
-0.408308,0.100000,2.500000,0.100788
-0.407608,0.100000,2.500000,0.100788
-0.406907,0.100000,2.500000,0.100788
-0.406206,0.100000,2.500000,0.100788
-0.405506,0.100000,2.500000,0.100788
-0.404805,0.100000,2.500000,0.100788
-0.404104,0.100000,2.500000,0.100788
-0.403403,0.100000,2.500000,0.100788
-0.402703,0.100000,2.500000,0.100788
-0.402002,0.100000,2.500000,0.100788
-0.401301,0.100000,2.500000,0.100788
-0.400601,0.100000,2.500000,0.100788
-0.399900,0.100000,2.500000,0.100788
-0.399199,0.100000,2.500000,0.100788
-0.398498,0.100000,2.500000,0.100788
-0.397798,0.100000,2.500000,0.100788
-0.397097,0.100000,2.500000,0.100788
-0.396396,0.100000,2.500000,0.100788
-0.395696,0.100000,2.500000,0.100788
-0.394995,0.100000,2.500000,0.100788
-0.394294,0.100000,2.500000,0.100788
-0.393594,0.100000,2.500000,0.100788
-0.392893,0.100000,2.500000,0.100788
-0.392192,0.100000,2.500000,0.100788
-0.391491,0.100000,2.500000,0.100788
-0.390791,0.100000,2.500000,0.100788
-0.390090,0.100000,2.500000,0.100788
-0.389389,0.100000,2.500000,0.100788
-0.388689,0.100000,2.500000,0.100788
-0.387988,0.100000,2.500000,0.100788
-0.387287,0.100000,2.500000,0.100788
-0.386587,0.100000,2.500000,0.100788
-0.385886,0.100000,2.500000,0.100788
-0.385185,0.100000,2.500000,0.100788
-0.384484,0.100000,2.500000,0.100788
-0.383784,0.100000,2.500000,0.100788
-0.383083,0.100000,2.500000,0.100789
-0.382382,0.100000,2.500000,0.100789
-0.381682,0.100000,2.500000,0.100789
-0.380981,0.100000,2.500000,0.100789
-0.380280,0.100000,2.500000,0.100789
-0.379580,0.100000,2.500000,0.100789
-0.378879,0.100000,2.500000,0.100789
-0.378178,0.100000,2.500000,0.100789
-0.377477,0.100000,2.500000,0.100789
-0.376777,0.100000,2.500000,0.100789
-0.376076,0.100000,2.500000,0.100789
-0.375375,0.100000,2.500000,0.100789
-0.374675,0.100000,2.500000,0.100789
-0.373974,0.100000,2.500000,0.100789
-0.373273,0.100000,2.500000,0.100789
-0.372573,0.100000,2.500000,0.100789
-0.371872,0.100000,2.500000,0.100789
-0.371171,0.100000,2.500000,0.100789
-0.370470,0.100000,2.500000,0.100789
-0.369770,0.100000,2.500000,0.100790
-0.369069,0.100000,2.500000,0.100790
-0.368368,0.100000,2.500000,0.100790
-0.367668,0.100000,2.500000,0.100790
-0.366967,0.100000,2.500000,0.100790
-0.366266,0.100000,2.500000,0.100790
-0.365566,0.100000,2.500000,0.100790
-0.364865,0.100000,2.500000,0.100790
-0.364164,0.100000,2.500000,0.100790
-0.363463,0.100000,2.500000,0.100790
-0.362763,0.100000,2.500000,0.100790
-0.362062,0.100000,2.500000,0.100790
-0.361361,0.100000,2.500000,0.100791
-0.360661,0.100000,2.500000,0.100791
-0.359960,0.100000,2.500000,0.100791
-0.359259,0.100000,2.500000,0.100791
-0.358559,0.100000,2.500000,0.100791
-0.357858,0.100000,2.500000,0.100791
-0.357157,0.100000,2.500000,0.100791
-0.356456,0.100000,2.500000,0.100791
-0.355756,0.100000,2.500000,0.100791
-0.355055,0.100000,2.500000,0.100791
-0.354354,0.100000,2.500000,0.100791
-0.353654,0.100000,2.500000,0.100792
-0.352953,0.100000,2.500000,0.100792
-0.352252,0.100000,2.500000,0.100792
-0.351552,0.100000,2.500000,0.100792
-0.350851,0.100000,2.500000,0.100792
-0.350150,0.100000,2.500000,0.100792
-0.349449,0.100000,2.500000,0.100792
-0.348749,0.100000,2.500000,0.100792
-0.348048,0.100000,2.500000,0.100793
-0.347347,0.100000,2.500000,0.100793
-0.346647,0.100000,2.500000,0.100793
-0.345946,0.100000,2.500000,0.100793
-0.345245,0.100000,2.500000,0.100793
-0.344545,0.100000,2.500000,0.100793
-0.343844,0.100000,2.500000,0.100793
-0.343143,0.100000,2.500000,0.100793
-0.342442,0.100000,2.500000,0.100794
-0.341742,0.100000,2.500000,0.100794
-0.341041,0.100000,2.500000,0.100794
-0.340340,0.100000,2.500000,0.100794
-0.339640,0.100000,2.500000,0.100794
-0.338939,0.100000,2.500000,0.100794
-0.338238,0.100000,2.500000,0.100795
-0.337538,0.100000,2.500000,0.100795
-0.336837,0.100000,2.500000,0.100795
-0.336136,0.100000,2.500000,0.100795
-0.335435,0.100000,2.500000,0.100795
-0.334735,0.100000,2.500000,0.100795
-0.334034,0.100000,2.500000,0.100796
-0.333333,0.100000,2.500000,0.100796
-0.332633,0.100000,2.500000,0.100796
-0.331932,0.100000,2.500000,0.100796
-0.331231,0.100000,2.500000,0.100796
-0.330531,0.100000,2.500000,0.100796
-0.329830,0.100000,2.500000,0.100797
-0.329129,0.100000,2.500000,0.100797
-0.328428,0.100000,2.500000,0.100797
-0.327728,0.100000,2.500000,0.100797
-0.327027,0.100000,2.500000,0.100797
-0.326326,0.100000,2.500000,0.100798
-0.325626,0.100000,2.500000,0.100798
-0.324925,0.100000,2.500000,0.100798
-0.324224,0.100000,2.500000,0.100798
-0.323524,0.100000,2.500000,0.100798
-0.322823,0.100000,2.500000,0.100799
-0.322122,0.100000,2.500000,0.100799
-0.321421,0.100000,2.500000,0.100799
-0.320721,0.100000,2.500000,0.100799
-0.320020,0.100000,2.500000,0.100800
-0.319319,0.100000,2.500000,0.100800
-0.318619,0.100000,2.500000,0.100800
-0.317918,0.100000,2.500000,0.100800
-0.317217,0.100000,2.500000,0.100801
-0.316517,0.100000,2.500000,0.100801
-0.315816,0.100000,2.500000,0.100801
-0.315115,0.100000,2.500000,0.100801
-0.314414,0.100000,2.500000,0.100802
-0.313714,0.100000,2.500000,0.100802
-0.313013,0.100000,2.500000,0.100802
-0.312312,0.100000,2.500000,0.100802
-0.311612,0.100000,2.500000,0.100803
-0.310911,0.100000,2.500000,0.100803
-0.310210,0.100000,2.500000,0.100803
-0.309510,0.100000,2.500000,0.100803
-0.308809,0.100000,2.500000,0.100804
-0.308108,0.100000,2.500000,0.100804
-0.307407,0.100000,2.500000,0.100804
-0.306707,0.100000,2.500000,0.100805
-0.306006,0.100000,2.500000,0.100805
-0.305305,0.100000,2.500000,0.100805
-0.304605,0.100000,2.500000,0.100806
-0.303904,0.100000,2.500000,0.100806
-0.303203,0.100000,2.500000,0.100806
-0.302503,0.100000,2.500000,0.100807
-0.301802,0.100000,2.500000,0.100807
-0.301101,0.100000,2.500000,0.100807
-0.300400,0.100000,2.500000,0.100808
-0.299700,0.100000,2.500000,0.100808
-0.298999,0.100000,2.500000,0.100808
-0.298298,0.100000,2.500000,0.100809
-0.297598,0.100000,2.500000,0.100809
-0.296897,0.100000,2.500000,0.100809
-0.296196,0.100000,2.500000,0.100810
-0.295495,0.100000,2.500000,0.100810
-0.294795,0.100000,2.500000,0.100810
-0.294094,0.100000,2.500000,0.100811
-0.293393,0.100000,2.500000,0.100811
-0.292693,0.100000,2.500000,0.100812
-0.291992,0.100000,2.500000,0.100812
-0.291291,0.100000,2.500000,0.100812
-0.290591,0.100000,2.500000,0.100813
-0.289890,0.100000,2.500000,0.100813
-0.289189,0.100000,2.500000,0.100814
-0.288488,0.100000,2.500000,0.100814
-0.287788,0.100000,2.500000,0.100814
-0.287087,0.100000,2.500000,0.100815
-0.286386,0.100000,2.500000,0.100815
-0.285686,0.100000,2.500000,0.100816
-0.284985,0.100000,2.500000,0.100816
-0.284284,0.100000,2.500000,0.100817
-0.283584,0.100000,2.500000,0.100817
-0.282883,0.100000,2.500000,0.100818
-0.282182,0.100000,2.500000,0.100818
-0.281481,0.100000,2.500000,0.100819
-0.280781,0.100000,2.500000,0.100819
-0.280080,0.100000,2.500000,0.100820
-0.279379,0.100000,2.500000,0.100820
-0.278679,0.100000,2.500000,0.100821
-0.277978,0.100000,2.500000,0.100821
-0.277277,0.100000,2.500000,0.100822
-0.276577,0.100000,2.500000,0.100822
-0.275876,0.100000,2.500000,0.100823
-0.275175,0.100000,2.500000,0.100823
-0.274474,0.100000,2.500000,0.100824
-0.273774,0.100000,2.500000,0.100824
-0.273073,0.100000,2.500000,0.100825
-0.272372,0.100000,2.500000,0.100825
-0.271672,0.100000,2.500000,0.100826
-0.270971,0.100000,2.500000,0.100827
-0.270270,0.100000,2.500000,0.100827
-0.269570,0.100000,2.500000,0.100828
-0.268869,0.100000,2.500000,0.100828
-0.268168,0.100000,2.500000,0.100829
-0.267467,0.100000,2.500000,0.100830
-0.266767,0.100000,2.500000,0.100830
-0.266066,0.100000,2.500000,0.100831
-0.265365,0.100000,2.500000,0.100832
-0.264665,0.100000,2.500000,0.100832
-0.263964,0.100000,2.500000,0.100833
-0.263263,0.100000,2.500000,0.100834
-0.262563,0.100000,2.500000,0.100834
-0.261862,0.100000,2.500000,0.100835
-0.261161,0.100000,2.500000,0.100836
-0.260460,0.100000,2.500000,0.100836
-0.259760,0.100000,2.500000,0.100837
-0.259059,0.100000,2.500000,0.100838
-0.258358,0.100000,2.500000,0.100838
-0.257658,0.100000,2.500000,0.100839
-0.256957,0.100000,2.500000,0.100840
-0.256256,0.100000,2.500000,0.100841
-0.255556,0.100000,2.500000,0.100842
-0.254855,0.100000,2.500000,0.100842
-0.254154,0.100000,2.500000,0.100843
-0.253453,0.100000,2.500000,0.100844
-0.252753,0.100000,2.500000,0.100845
-0.252052,0.100000,2.500000,0.100845
-0.251351,0.100000,2.500000,0.100846
-0.250651,0.100000,2.500000,0.100847
-0.249950,0.100000,2.500000,0.100848
-0.249249,0.100000,2.500000,0.100849
-0.248549,0.100000,2.500000,0.100850
-0.247848,0.100000,2.500000,0.100851
-0.247147,0.100000,2.500000,0.100852
-0.246446,0.100000,2.500000,0.100852
-0.245746,0.100000,2.500000,0.100853
-0.245045,0.100000,2.500000,0.100854
-0.244344,0.100000,2.500000,0.100855
-0.243644,0.100000,2.500000,0.100856
-0.242943,0.100000,2.500000,0.100857
-0.242242,0.100000,2.500000,0.100858
-0.241542,0.100000,2.500000,0.100859
-0.240841,0.100000,2.500000,0.100860
-0.240140,0.100000,2.500000,0.100861
-0.239439,0.100000,2.500000,0.100862
-0.238739,0.100000,2.500000,0.100863
-0.238038,0.100000,2.500000,0.100864
-0.237337,0.100000,2.500000,0.100866
-0.236637,0.100000,2.500000,0.100867
-0.235936,0.100000,2.500000,0.100868
-0.235235,0.100000,2.500000,0.100869
-0.234535,0.100000,2.500000,0.100870
-0.233834,0.100000,2.500000,0.100871
-0.233133,0.100000,2.500000,0.100872
-0.232432,0.100000,2.500000,0.100873
-0.231732,0.100000,2.500000,0.100875
-0.231031,0.100000,2.500000,0.100876
-0.230330,0.100000,2.500000,0.100877
-0.229630,0.100000,2.500000,0.100878
-0.228929,0.100000,2.500000,0.100880
-0.228228,0.100000,2.500000,0.100881
-0.227528,0.100000,2.500000,0.100882
-0.226827,0.100000,2.500000,0.100884
-0.226126,0.100000,2.500000,0.100885
-0.225425,0.100000,2.500000,0.100886
-0.224725,0.100000,2.500000,0.100888
-0.224024,0.100000,2.500000,0.100889
-0.223323,0.100000,2.500000,0.100890
-0.222623,0.100000,2.500000,0.100892
-0.221922,0.100000,2.500000,0.100893
-0.221221,0.100000,2.500000,0.100895
-0.220521,0.100000,2.500000,0.100896
-0.219820,0.100000,2.500000,0.100898
-0.219119,0.100000,2.500000,0.100899
-0.218418,0.100000,2.500000,0.100901
-0.217718,0.100000,2.500000,0.100902
-0.217017,0.100000,2.500000,0.100904
-0.216316,0.100000,2.500000,0.100906
-0.215616,0.100000,2.500000,0.100907
-0.214915,0.100000,2.500000,0.100909
-0.214214,0.100000,2.500000,0.100911
-0.213514,0.100000,2.500000,0.100912
-0.212813,0.100000,2.500000,0.100914
-0.212112,0.100000,2.500000,0.100916
-0.211411,0.100000,2.500000,0.100918
-0.210711,0.100000,2.500000,0.100920
-0.210010,0.100000,2.500000,0.100921
-0.209309,0.100000,2.500000,0.100923
-0.208609,0.100000,2.500000,0.100925
-0.207908,0.100000,2.500000,0.100927
-0.207207,0.100000,2.500000,0.100929
-0.206507,0.100000,2.500000,0.100931
-0.205806,0.100000,2.500000,0.100933
-0.205105,0.100000,2.500000,0.100935
-0.204404,0.100000,2.500000,0.100937
-0.203704,0.100000,2.500000,0.100939
-0.203003,0.100000,2.500000,0.100941
-0.202302,0.100000,2.500000,0.100943
-0.201602,0.100000,2.500000,0.100946
-0.200901,0.100000,2.500000,0.100948
-0.200200,0.100000,2.500000,0.100950
-0.199499,0.100000,2.500000,0.100952
-0.198799,0.100000,2.500000,0.100955
-0.198098,0.100000,2.500000,0.100957
-0.197397,0.100000,2.500000,0.100960
-0.196697,0.100000,2.500000,0.100962
-0.195996,0.100000,2.500000,0.100964
-0.195295,0.100000,2.500000,0.100967
-0.194595,0.100000,2.500000,0.100969
-0.193894,0.100000,2.500000,0.100972
-0.193193,0.100000,2.500000,0.100975
-0.192492,0.100000,2.500000,0.100977
-0.191792,0.100000,2.500000,0.100980
-0.191091,0.100000,2.500000,0.100983
-0.190390,0.100000,2.500000,0.100986
-0.189690,0.100000,2.500000,0.100988
-0.188989,0.100000,2.500000,0.100991
-0.188288,0.100000,2.500000,0.100994
-0.187588,0.100000,2.500000,0.100997
-0.186887,0.100000,2.500000,0.101000
-0.186186,0.100000,2.500000,0.101003
-0.185485,0.100000,2.500000,0.101006
-0.184785,0.100000,2.500000,0.101010
-0.184084,0.100000,2.500000,0.101013
-0.183383,0.100000,2.500000,0.101016
-0.182683,0.100000,2.500000,0.101019
-0.181982,0.100000,2.500000,0.101023
-0.181281,0.100000,2.500000,0.101026
-0.180581,0.100000,2.500000,0.101030
-0.179880,0.100000,2.500000,0.101033
-0.179179,0.100000,2.500000,0.101037
-0.178478,0.100000,2.500000,0.101040
-0.177778,0.100000,2.500000,0.101044
-0.177077,0.100000,2.500000,0.101048
-0.176376,0.100000,2.500000,0.101052
-0.175676,0.100000,2.500000,0.101056
-0.174975,0.100000,2.500000,0.101060
-0.174274,0.100000,2.500000,0.101064
-0.173574,0.100000,2.500000,0.101068
-0.172873,0.100000,2.500000,0.101072
-0.172172,0.100000,2.500000,0.101076
-0.171471,0.100000,2.500000,0.101081
-0.170771,0.100000,2.500000,0.101085
-0.170070,0.100000,2.500000,0.101089
-0.169369,0.100000,2.500000,0.101094
-0.168669,0.100000,2.500000,0.101099
-0.167968,0.100000,2.500000,0.101103
-0.167267,0.100000,2.500000,0.101108
-0.166567,0.100000,2.500000,0.101113
-0.165866,0.100000,2.500000,0.101118
-0.165165,0.100000,2.500000,0.101123
-0.164464,0.100000,2.500000,0.101128
-0.163764,0.100000,2.500000,0.101134
-0.163063,0.100000,2.500000,0.101139
-0.162362,0.100000,2.500000,0.101144
-0.161662,0.100000,2.500000,0.101150
-0.160961,0.100000,2.500000,0.101155
-0.160260,0.100000,2.500000,0.101161
-0.159560,0.100000,2.500000,0.101167
-0.158859,0.100000,2.500000,0.101173
-0.158158,0.100000,2.500000,0.101179
-0.157457,0.100000,2.500000,0.101185
-0.156757,0.100000,2.500000,0.101192
-0.156056,0.100000,2.500000,0.101198
-0.155355,0.100000,2.500000,0.101205
-0.154655,0.100000,2.500000,0.101211
-0.153954,0.100000,2.500000,0.101218
-0.153253,0.100000,2.500000,0.101225
-0.152553,0.100000,2.500000,0.101232
-0.151852,0.100000,2.500000,0.101239
-0.151151,0.100000,2.500000,0.101247
-0.150450,0.100000,2.500000,0.101254
-0.149750,0.100000,2.500000,0.101262
-0.149049,0.100000,2.500000,0.101269
-0.148348,0.100000,2.500000,0.101277
-0.147648,0.100000,2.500000,0.101286
-0.146947,0.100000,2.500000,0.101294
-0.146246,0.100000,2.500000,0.101302
-0.145546,0.100000,2.500000,0.101311
-0.144845,0.100000,2.500000,0.101320
-0.144144,0.100000,2.500000,0.101329
-0.143443,0.100000,2.500000,0.101338
-0.142743,0.100000,2.500000,0.101347
-0.142042,0.100000,2.500000,0.101356
-0.141341,0.100000,2.500000,0.101366
-0.140641,0.100000,2.500000,0.101376
-0.139940,0.100000,2.500000,0.101386
-0.139239,0.100000,2.500000,0.101397
-0.138539,0.100000,2.500000,0.101407
-0.137838,0.100000,2.500000,0.101418
-0.137137,0.100000,2.500000,0.101429
-0.136436,0.100000,2.500000,0.101440
-0.135736,0.100000,2.500000,0.101452
-0.135035,0.100000,2.500000,0.101463
-0.134334,0.100000,2.500000,0.101475
-0.133634,0.100000,2.500000,0.101488
-0.132933,0.100000,2.500000,0.101500
-0.132232,0.100000,2.500000,0.101513
-0.131532,0.100000,2.500000,0.101526
-0.130831,0.100000,2.500000,0.101539
-0.130130,0.100000,2.500000,0.101553
-0.129429,0.100000,2.500000,0.101567
-0.128729,0.100000,2.500000,0.101581
-0.128028,0.100000,2.500000,0.101596
-0.127327,0.100000,2.500000,0.101611
-0.126627,0.100000,2.500000,0.101626
-0.125926,0.100000,2.500000,0.101642
-0.125225,0.100000,2.500000,0.101658
-0.124525,0.100000,2.500000,0.101674
-0.123824,0.100000,2.500000,0.101691
-0.123123,0.100000,2.500000,0.101708
-0.122422,0.100000,2.500000,0.101726
-0.121722,0.100000,2.500000,0.101744
-0.121021,0.100000,2.500000,0.101762
-0.120320,0.100000,2.500000,0.101781
-0.119620,0.100000,2.500000,0.101801
-0.118919,0.100000,2.500000,0.101820
-0.118218,0.100000,2.500000,0.101841
-0.117518,0.100000,2.500000,0.101861
-0.116817,0.100000,2.500000,0.101883
-0.116116,0.100000,2.500000,0.101905
-0.115415,0.100000,2.500000,0.101927
-0.114715,0.100000,2.500000,0.101950
-0.114014,0.100000,2.500000,0.101973
-0.113313,0.100000,2.500000,0.101997
-0.112613,0.100000,2.500000,0.102022
-0.111912,0.100000,2.500000,0.102047
-0.111211,0.100000,2.500000,0.102073
-0.110511,0.100000,2.500000,0.102100
-0.109810,0.100000,2.500000,0.102127
-0.109109,0.100000,2.500000,0.102155
-0.108408,0.100000,2.500000,0.102184
-0.107708,0.100000,2.500000,0.102213
-0.107007,0.100000,2.500000,0.102243
-0.106306,0.100000,2.500000,0.102274
-0.105606,0.100000,2.500000,0.102306
-0.104905,0.100000,2.500000,0.102339
-0.104204,0.100000,2.500000,0.102372
-0.103504,0.100000,2.500000,0.102407
-0.102803,0.100000,2.500000,0.102442
-0.102102,0.100000,2.500000,0.102478
-0.101401,0.100000,2.500000,0.102515
-0.100701,0.100000,2.500000,0.102554
-0.100000,0.100000,2.500000,0.102593
-0.800000,0.100000,3.000000,0.100798
-0.799299,0.100000,3.000000,0.100798
-0.798599,0.100000,3.000000,0.100798
-0.797898,0.100000,3.000000,0.100798
-0.797197,0.100000,3.000000,0.100798
-0.796496,0.100000,3.000000,0.100798
-0.795796,0.100000,3.000000,0.100798
-0.795095,0.100000,3.000000,0.100798
-0.794394,0.100000,3.000000,0.100797
-0.793694,0.100000,3.000000,0.100797
-0.792993,0.100000,3.000000,0.100797
-0.792292,0.100000,3.000000,0.100797
-0.791592,0.100000,3.000000,0.100797
-0.790891,0.100000,3.000000,0.100797
-0.790190,0.100000,3.000000,0.100797
-0.789489,0.100000,3.000000,0.100797
-0.788789,0.100000,3.000000,0.100797
-0.788088,0.100000,3.000000,0.100797
-0.787387,0.100000,3.000000,0.100796
-0.786687,0.100000,3.000000,0.100796
-0.785986,0.100000,3.000000,0.100796
-0.785285,0.100000,3.000000,0.100796
-0.784585,0.100000,3.000000,0.100796
-0.783884,0.100000,3.000000,0.100796
-0.783183,0.100000,3.000000,0.100796
-0.782482,0.100000,3.000000,0.100796
-0.781782,0.100000,3.000000,0.100796
-0.781081,0.100000,3.000000,0.100795
-0.780380,0.100000,3.000000,0.100795
-0.779680,0.100000,3.000000,0.100795
-0.778979,0.100000,3.000000,0.100795
-0.778278,0.100000,3.000000,0.100795
-0.777578,0.100000,3.000000,0.100795
-0.776877,0.100000,3.000000,0.100795
-0.776176,0.100000,3.000000,0.100795
-0.775475,0.100000,3.000000,0.100795
-0.774775,0.100000,3.000000,0.100795
-0.774074,0.100000,3.000000,0.100794
-0.773373,0.100000,3.000000,0.100794
-0.772673,0.100000,3.000000,0.100794
-0.771972,0.100000,3.000000,0.100794
-0.771271,0.100000,3.000000,0.100794
-0.770571,0.100000,3.000000,0.100794
-0.769870,0.100000,3.000000,0.100794
-0.769169,0.100000,3.000000,0.100794
-0.768468,0.100000,3.000000,0.100794
-0.767768,0.100000,3.000000,0.100794
-0.767067,0.100000,3.000000,0.100793
-0.766366,0.100000,3.000000,0.100793
-0.765666,0.100000,3.000000,0.100793
-0.764965,0.100000,3.000000,0.100793
-0.764264,0.100000,3.000000,0.100793
-0.763564,0.100000,3.000000,0.100793
-0.762863,0.100000,3.000000,0.100793
-0.762162,0.100000,3.000000,0.100793
-0.761461,0.100000,3.000000,0.100793
-0.760761,0.100000,3.000000,0.100792
-0.760060,0.100000,3.000000,0.100792
-0.759359,0.100000,3.000000,0.100792
-0.758659,0.100000,3.000000,0.100792
-0.757958,0.100000,3.000000,0.100792
-0.757257,0.100000,3.000000,0.100792
-0.756557,0.100000,3.000000,0.100792
-0.755856,0.100000,3.000000,0.100792
-0.755155,0.100000,3.000000,0.100792
-0.754454,0.100000,3.000000,0.100792
-0.753754,0.100000,3.000000,0.100791
-0.753053,0.100000,3.000000,0.100791
-0.752352,0.100000,3.000000,0.100791
-0.751652,0.100000,3.000000,0.100791
-0.750951,0.100000,3.000000,0.100791
-0.750250,0.100000,3.000000,0.100791
-0.749550,0.100000,3.000000,0.100791
-0.748849,0.100000,3.000000,0.100791
-0.748148,0.100000,3.000000,0.100791
-0.747447,0.100000,3.000000,0.100790
-0.746747,0.100000,3.000000,0.100790
-0.746046,0.100000,3.000000,0.100790
-0.745345,0.100000,3.000000,0.100790
-0.744645,0.100000,3.000000,0.100790
-0.743944,0.100000,3.000000,0.100790
-0.743243,0.100000,3.000000,0.100790
-0.742543,0.100000,3.000000,0.100790
-0.741842,0.100000,3.000000,0.100790
-0.741141,0.100000,3.000000,0.100789
-0.740440,0.100000,3.000000,0.100789
-0.739740,0.100000,3.000000,0.100789
-0.739039,0.100000,3.000000,0.100789
-0.738338,0.100000,3.000000,0.100789
-0.737638,0.100000,3.000000,0.100789
-0.736937,0.100000,3.000000,0.100789
-0.736236,0.100000,3.000000,0.100789
-0.735536,0.100000,3.000000,0.100789
-0.734835,0.100000,3.000000,0.100788
-0.734134,0.100000,3.000000,0.100788
-0.733433,0.100000,3.000000,0.100788
-0.732733,0.100000,3.000000,0.100788
-0.732032,0.100000,3.000000,0.100788
-0.731331,0.100000,3.000000,0.100788
-0.730631,0.100000,3.000000,0.100788
-0.729930,0.100000,3.000000,0.100788
-0.729229,0.100000,3.000000,0.100788
-0.728529,0.100000,3.000000,0.100788
-0.727828,0.100000,3.000000,0.100787
-0.727127,0.100000,3.000000,0.100787
-0.726426,0.100000,3.000000,0.100787
-0.725726,0.100000,3.000000,0.100787
-0.725025,0.100000,3.000000,0.100787
-0.724324,0.100000,3.000000,0.100787
-0.723624,0.100000,3.000000,0.100787
-0.722923,0.100000,3.000000,0.100787
-0.722222,0.100000,3.000000,0.100787
-0.721522,0.100000,3.000000,0.100786
-0.720821,0.100000,3.000000,0.100786
-0.720120,0.100000,3.000000,0.100786
-0.719419,0.100000,3.000000,0.100786
-0.718719,0.100000,3.000000,0.100786
-0.718018,0.100000,3.000000,0.100786
-0.717317,0.100000,3.000000,0.100786
-0.716617,0.100000,3.000000,0.100786
-0.715916,0.100000,3.000000,0.100786
-0.715215,0.100000,3.000000,0.100785
-0.714515,0.100000,3.000000,0.100785
-0.713814,0.100000,3.000000,0.100785
-0.713113,0.100000,3.000000,0.100785
-0.712412,0.100000,3.000000,0.100785
-0.711712,0.100000,3.000000,0.100785
-0.711011,0.100000,3.000000,0.100785
-0.710310,0.100000,3.000000,0.100785
-0.709610,0.100000,3.000000,0.100785
-0.708909,0.100000,3.000000,0.100785
-0.708208,0.100000,3.000000,0.100784
-0.707508,0.100000,3.000000,0.100784
-0.706807,0.100000,3.000000,0.100784
-0.706106,0.100000,3.000000,0.100784
-0.705405,0.100000,3.000000,0.100784
-0.704705,0.100000,3.000000,0.100784
-0.704004,0.100000,3.000000,0.100784
-0.703303,0.100000,3.000000,0.100784
-0.702603,0.100000,3.000000,0.100784
-0.701902,0.100000,3.000000,0.100783
-0.701201,0.100000,3.000000,0.100783
-0.700501,0.100000,3.000000,0.100783
-0.699800,0.100000,3.000000,0.100783
-0.699099,0.100000,3.000000,0.100783
-0.698398,0.100000,3.000000,0.100783
-0.697698,0.100000,3.000000,0.100783
-0.696997,0.100000,3.000000,0.100783
-0.696296,0.100000,3.000000,0.100783
-0.695596,0.100000,3.000000,0.100782
-0.694895,0.100000,3.000000,0.100782
-0.694194,0.100000,3.000000,0.100782
-0.693493,0.100000,3.000000,0.100782
-0.692793,0.100000,3.000000,0.100782
-0.692092,0.100000,3.000000,0.100782
-0.691391,0.100000,3.000000,0.100782
-0.690691,0.100000,3.000000,0.100782
-0.689990,0.100000,3.000000,0.100782
-0.689289,0.100000,3.000000,0.100781
-0.688589,0.100000,3.000000,0.100781
-0.687888,0.100000,3.000000,0.100781
-0.687187,0.100000,3.000000,0.100781
-0.686486,0.100000,3.000000,0.100781
-0.685786,0.100000,3.000000,0.100781
-0.685085,0.100000,3.000000,0.100781
-0.684384,0.100000,3.000000,0.100781
-0.683684,0.100000,3.000000,0.100781
-0.682983,0.100000,3.000000,0.100780
-0.682282,0.100000,3.000000,0.100780
-0.681582,0.100000,3.000000,0.100780
-0.680881,0.100000,3.000000,0.100780
-0.680180,0.100000,3.000000,0.100780
-0.679479,0.100000,3.000000,0.100780
-0.678779,0.100000,3.000000,0.100780
-0.678078,0.100000,3.000000,0.100780
-0.677377,0.100000,3.000000,0.100780
-0.676677,0.100000,3.000000,0.100780
-0.675976,0.100000,3.000000,0.100779
-0.675275,0.100000,3.000000,0.100779
-0.674575,0.100000,3.000000,0.100779
-0.673874,0.100000,3.000000,0.100779
-0.673173,0.100000,3.000000,0.100779
-0.672472,0.100000,3.000000,0.100779
-0.671772,0.100000,3.000000,0.100779
-0.671071,0.100000,3.000000,0.100779
-0.670370,0.100000,3.000000,0.100779
-0.669670,0.100000,3.000000,0.100778
-0.668969,0.100000,3.000000,0.100778
-0.668268,0.100000,3.000000,0.100778
-0.667568,0.100000,3.000000,0.100778
-0.666867,0.100000,3.000000,0.100778
-0.666166,0.100000,3.000000,0.100778
-0.665465,0.100000,3.000000,0.100778
-0.664765,0.100000,3.000000,0.100778
-0.664064,0.100000,3.000000,0.100778
-0.663363,0.100000,3.000000,0.100777
-0.662663,0.100000,3.000000,0.100777
-0.661962,0.100000,3.000000,0.100777
-0.661261,0.100000,3.000000,0.100777
-0.660561,0.100000,3.000000,0.100777
-0.659860,0.100000,3.000000,0.100777
-0.659159,0.100000,3.000000,0.100777
-0.658458,0.100000,3.000000,0.100777
-0.657758,0.100000,3.000000,0.100777
-0.657057,0.100000,3.000000,0.100776
-0.656356,0.100000,3.000000,0.100776
-0.655656,0.100000,3.000000,0.100776
-0.654955,0.100000,3.000000,0.100776
-0.654254,0.100000,3.000000,0.100776
-0.653554,0.100000,3.000000,0.100776
-0.652853,0.100000,3.000000,0.100776
-0.652152,0.100000,3.000000,0.100776
-0.651451,0.100000,3.000000,0.100776
-0.650751,0.100000,3.000000,0.100775
-0.650050,0.100000,3.000000,0.100775
-0.649349,0.100000,3.000000,0.100775
-0.648649,0.100000,3.000000,0.100775
-0.647948,0.100000,3.000000,0.100775
-0.647247,0.100000,3.000000,0.100775
-0.646547,0.100000,3.000000,0.100775
-0.645846,0.100000,3.000000,0.100775
-0.645145,0.100000,3.000000,0.100775
-0.644444,0.100000,3.000000,0.100775
-0.643744,0.100000,3.000000,0.100774
-0.643043,0.100000,3.000000,0.100774
-0.642342,0.100000,3.000000,0.100774
-0.641642,0.100000,3.000000,0.100774
-0.640941,0.100000,3.000000,0.100774
-0.640240,0.100000,3.000000,0.100774
-0.639540,0.100000,3.000000,0.100774
-0.638839,0.100000,3.000000,0.100774
-0.638138,0.100000,3.000000,0.100774
-0.637437,0.100000,3.000000,0.100773
-0.636737,0.100000,3.000000,0.100773
-0.636036,0.100000,3.000000,0.100773
-0.635335,0.100000,3.000000,0.100773
-0.634635,0.100000,3.000000,0.100773
-0.633934,0.100000,3.000000,0.100773
-0.633233,0.100000,3.000000,0.100773
-0.632533,0.100000,3.000000,0.100773
-0.631832,0.100000,3.000000,0.100773
-0.631131,0.100000,3.000000,0.100772
-0.630430,0.100000,3.000000,0.100772
-0.629730,0.100000,3.000000,0.100772
-0.629029,0.100000,3.000000,0.100772
-0.628328,0.100000,3.000000,0.100772
-0.627628,0.100000,3.000000,0.100772
-0.626927,0.100000,3.000000,0.100772
-0.626226,0.100000,3.000000,0.100772
-0.625526,0.100000,3.000000,0.100772
-0.624825,0.100000,3.000000,0.100771
-0.624124,0.100000,3.000000,0.100771
-0.623423,0.100000,3.000000,0.100771
-0.622723,0.100000,3.000000,0.100771
-0.622022,0.100000,3.000000,0.100771
-0.621321,0.100000,3.000000,0.100771
-0.620621,0.100000,3.000000,0.100771
-0.619920,0.100000,3.000000,0.100771
-0.619219,0.100000,3.000000,0.100771
-0.618519,0.100000,3.000000,0.100770
-0.617818,0.100000,3.000000,0.100770
-0.617117,0.100000,3.000000,0.100770
-0.616416,0.100000,3.000000,0.100770
-0.615716,0.100000,3.000000,0.100770
-0.615015,0.100000,3.000000,0.100770
-0.614314,0.100000,3.000000,0.100770
-0.613614,0.100000,3.000000,0.100770
-0.612913,0.100000,3.000000,0.100770
-0.612212,0.100000,3.000000,0.100770
-0.611512,0.100000,3.000000,0.100769
-0.610811,0.100000,3.000000,0.100769
-0.610110,0.100000,3.000000,0.100769
-0.609409,0.100000,3.000000,0.100769
-0.608709,0.100000,3.000000,0.100769
-0.608008,0.100000,3.000000,0.100769
-0.607307,0.100000,3.000000,0.100769
-0.606607,0.100000,3.000000,0.100769
-0.605906,0.100000,3.000000,0.100769
-0.605205,0.100000,3.000000,0.100768
-0.604505,0.100000,3.000000,0.100768
-0.603804,0.100000,3.000000,0.100768
-0.603103,0.100000,3.000000,0.100768
-0.602402,0.100000,3.000000,0.100768
-0.601702,0.100000,3.000000,0.100768
-0.601001,0.100000,3.000000,0.100768
-0.600300,0.100000,3.000000,0.100768
-0.599600,0.100000,3.000000,0.100768
-0.598899,0.100000,3.000000,0.100767
-0.598198,0.100000,3.000000,0.100767
-0.597497,0.100000,3.000000,0.100767
-0.596797,0.100000,3.000000,0.100767
-0.596096,0.100000,3.000000,0.100767
-0.595395,0.100000,3.000000,0.100767
-0.594695,0.100000,3.000000,0.100767
-0.593994,0.100000,3.000000,0.100767
-0.593293,0.100000,3.000000,0.100767
-0.592593,0.100000,3.000000,0.100767
-0.591892,0.100000,3.000000,0.100766
-0.591191,0.100000,3.000000,0.100766
-0.590490,0.100000,3.000000,0.100766
-0.589790,0.100000,3.000000,0.100766
-0.589089,0.100000,3.000000,0.100766
-0.588388,0.100000,3.000000,0.100766
-0.587688,0.100000,3.000000,0.100766
-0.586987,0.100000,3.000000,0.100766
-0.586286,0.100000,3.000000,0.100766
-0.585586,0.100000,3.000000,0.100765
-0.584885,0.100000,3.000000,0.100765
-0.584184,0.100000,3.000000,0.100765
-0.583483,0.100000,3.000000,0.100765
-0.582783,0.100000,3.000000,0.100765
-0.582082,0.100000,3.000000,0.100765
-0.581381,0.100000,3.000000,0.100765
-0.580681,0.100000,3.000000,0.100765
-0.579980,0.100000,3.000000,0.100765
-0.579279,0.100000,3.000000,0.100765
-0.578579,0.100000,3.000000,0.100764
-0.577878,0.100000,3.000000,0.100764
-0.577177,0.100000,3.000000,0.100764
-0.576476,0.100000,3.000000,0.100764
-0.575776,0.100000,3.000000,0.100764
-0.575075,0.100000,3.000000,0.100764
-0.574374,0.100000,3.000000,0.100764
-0.573674,0.100000,3.000000,0.100764
-0.572973,0.100000,3.000000,0.100764
-0.572272,0.100000,3.000000,0.100763
-0.571572,0.100000,3.000000,0.100763
-0.570871,0.100000,3.000000,0.100763
-0.570170,0.100000,3.000000,0.100763
-0.569469,0.100000,3.000000,0.100763
-0.568769,0.100000,3.000000,0.100763
-0.568068,0.100000,3.000000,0.100763
-0.567367,0.100000,3.000000,0.100763
-0.566667,0.100000,3.000000,0.100763
-0.565966,0.100000,3.000000,0.100763
-0.565265,0.100000,3.000000,0.100762
-0.564565,0.100000,3.000000,0.100762
-0.563864,0.100000,3.000000,0.100762
-0.563163,0.100000,3.000000,0.100762
-0.562462,0.100000,3.000000,0.100762
-0.561762,0.100000,3.000000,0.100762
-0.561061,0.100000,3.000000,0.100762
-0.560360,0.100000,3.000000,0.100762
-0.559660,0.100000,3.000000,0.100762
-0.558959,0.100000,3.000000,0.100762
-0.558258,0.100000,3.000000,0.100761
-0.557558,0.100000,3.000000,0.100761
-0.556857,0.100000,3.000000,0.100761
-0.556156,0.100000,3.000000,0.100761
-0.555455,0.100000,3.000000,0.100761
-0.554755,0.100000,3.000000,0.100761
-0.554054,0.100000,3.000000,0.100761
-0.553353,0.100000,3.000000,0.100761
-0.552653,0.100000,3.000000,0.100761
-0.551952,0.100000,3.000000,0.100760
-0.551251,0.100000,3.000000,0.100760
-0.550551,0.100000,3.000000,0.100760
-0.549850,0.100000,3.000000,0.100760
-0.549149,0.100000,3.000000,0.100760
-0.548448,0.100000,3.000000,0.100760
-0.547748,0.100000,3.000000,0.100760
-0.547047,0.100000,3.000000,0.100760
-0.546346,0.100000,3.000000,0.100760
-0.545646,0.100000,3.000000,0.100760
-0.544945,0.100000,3.000000,0.100760
-0.544244,0.100000,3.000000,0.100759
-0.543544,0.100000,3.000000,0.100759
-0.542843,0.100000,3.000000,0.100759
-0.542142,0.100000,3.000000,0.100759
-0.541441,0.100000,3.000000,0.100759
-0.540741,0.100000,3.000000,0.100759
-0.540040,0.100000,3.000000,0.100759
-0.539339,0.100000,3.000000,0.100759
-0.538639,0.100000,3.000000,0.100759
-0.537938,0.100000,3.000000,0.100759
-0.537237,0.100000,3.000000,0.100758
-0.536537,0.100000,3.000000,0.100758
-0.535836,0.100000,3.000000,0.100758
-0.535135,0.100000,3.000000,0.100758
-0.534434,0.100000,3.000000,0.100758
-0.533734,0.100000,3.000000,0.100758
-0.533033,0.100000,3.000000,0.100758
-0.532332,0.100000,3.000000,0.100758
-0.531632,0.100000,3.000000,0.100758
-0.530931,0.100000,3.000000,0.100758
-0.530230,0.100000,3.000000,0.100757
-0.529530,0.100000,3.000000,0.100757
-0.528829,0.100000,3.000000,0.100757
-0.528128,0.100000,3.000000,0.100757
-0.527427,0.100000,3.000000,0.100757
-0.526727,0.100000,3.000000,0.100757
-0.526026,0.100000,3.000000,0.100757
-0.525325,0.100000,3.000000,0.100757
-0.524625,0.100000,3.000000,0.100757
-0.523924,0.100000,3.000000,0.100757
-0.523223,0.100000,3.000000,0.100757
-0.522523,0.100000,3.000000,0.100756
-0.521822,0.100000,3.000000,0.100756
-0.521121,0.100000,3.000000,0.100756
-0.520420,0.100000,3.000000,0.100756
-0.519720,0.100000,3.000000,0.100756
-0.519019,0.100000,3.000000,0.100756
-0.518318,0.100000,3.000000,0.100756
-0.517618,0.100000,3.000000,0.100756
-0.516917,0.100000,3.000000,0.100756
-0.516216,0.100000,3.000000,0.100756
-0.515516,0.100000,3.000000,0.100755
-0.514815,0.100000,3.000000,0.100755
-0.514114,0.100000,3.000000,0.100755
-0.513413,0.100000,3.000000,0.100755
-0.512713,0.100000,3.000000,0.100755
-0.512012,0.100000,3.000000,0.100755
-0.511311,0.100000,3.000000,0.100755
-0.510611,0.100000,3.000000,0.100755
-0.509910,0.100000,3.000000,0.100755
-0.509209,0.100000,3.000000,0.100755
-0.508509,0.100000,3.000000,0.100755
-0.507808,0.100000,3.000000,0.100754
-0.507107,0.100000,3.000000,0.100754
-0.506406,0.100000,3.000000,0.100754
-0.505706,0.100000,3.000000,0.100754
-0.505005,0.100000,3.000000,0.100754
-0.504304,0.100000,3.000000,0.100754
-0.503604,0.100000,3.000000,0.100754
-0.502903,0.100000,3.000000,0.100754
-0.502202,0.100000,3.000000,0.100754
-0.501502,0.100000,3.000000,0.100754
-0.500801,0.100000,3.000000,0.100754
-0.500100,0.100000,3.000000,0.100754
-0.499399,0.100000,3.000000,0.100753
-0.498699,0.100000,3.000000,0.100753
-0.497998,0.100000,3.000000,0.100753
-0.497297,0.100000,3.000000,0.100753
-0.496597,0.100000,3.000000,0.100753
-0.495896,0.100000,3.000000,0.100753
-0.495195,0.100000,3.000000,0.100753
-0.494494,0.100000,3.000000,0.100753
-0.493794,0.100000,3.000000,0.100753
-0.493093,0.100000,3.000000,0.100753
-0.492392,0.100000,3.000000,0.100753
-0.491692,0.100000,3.000000,0.100753
-0.490991,0.100000,3.000000,0.100752
-0.490290,0.100000,3.000000,0.100752
-0.489590,0.100000,3.000000,0.100752
-0.488889,0.100000,3.000000,0.100752
-0.488188,0.100000,3.000000,0.100752
-0.487487,0.100000,3.000000,0.100752
-0.486787,0.100000,3.000000,0.100752
-0.486086,0.100000,3.000000,0.100752
-0.485385,0.100000,3.000000,0.100752
-0.484685,0.100000,3.000000,0.100752
-0.483984,0.100000,3.000000,0.100752
-0.483283,0.100000,3.000000,0.100752
-0.482583,0.100000,3.000000,0.100751
-0.481882,0.100000,3.000000,0.100751
-0.481181,0.100000,3.000000,0.100751
-0.480480,0.100000,3.000000,0.100751
-0.479780,0.100000,3.000000,0.100751
-0.479079,0.100000,3.000000,0.100751
-0.478378,0.100000,3.000000,0.100751
-0.477678,0.100000,3.000000,0.100751
-0.476977,0.100000,3.000000,0.100751
-0.476276,0.100000,3.000000,0.100751
-0.475576,0.100000,3.000000,0.100751
-0.474875,0.100000,3.000000,0.100751
-0.474174,0.100000,3.000000,0.100751
-0.473473,0.100000,3.000000,0.100750
-0.472773,0.100000,3.000000,0.100750
-0.472072,0.100000,3.000000,0.100750
-0.471371,0.100000,3.000000,0.100750
-0.470671,0.100000,3.000000,0.100750
-0.469970,0.100000,3.000000,0.100750
-0.469269,0.100000,3.000000,0.100750
-0.468569,0.100000,3.000000,0.100750
-0.467868,0.100000,3.000000,0.100750
-0.467167,0.100000,3.000000,0.100750
-0.466466,0.100000,3.000000,0.100750
-0.465766,0.100000,3.000000,0.100750
-0.465065,0.100000,3.000000,0.100750
-0.464364,0.100000,3.000000,0.100750
-0.463664,0.100000,3.000000,0.100749
-0.462963,0.100000,3.000000,0.100749
-0.462262,0.100000,3.000000,0.100749
-0.461562,0.100000,3.000000,0.100749
-0.460861,0.100000,3.000000,0.100749
-0.460160,0.100000,3.000000,0.100749
-0.459459,0.100000,3.000000,0.100749
-0.458759,0.100000,3.000000,0.100749
-0.458058,0.100000,3.000000,0.100749
-0.457357,0.100000,3.000000,0.100749
-0.456657,0.100000,3.000000,0.100749
-0.455956,0.100000,3.000000,0.100749
-0.455255,0.100000,3.000000,0.100749
-0.454555,0.100000,3.000000,0.100749
-0.453854,0.100000,3.000000,0.100749
-0.453153,0.100000,3.000000,0.100748
-0.452452,0.100000,3.000000,0.100748
-0.451752,0.100000,3.000000,0.100748
-0.451051,0.100000,3.000000,0.100748
-0.450350,0.100000,3.000000,0.100748
-0.449650,0.100000,3.000000,0.100748
-0.448949,0.100000,3.000000,0.100748
-0.448248,0.100000,3.000000,0.100748
-0.447548,0.100000,3.000000,0.100748
-0.446847,0.100000,3.000000,0.100748
-0.446146,0.100000,3.000000,0.100748
-0.445445,0.100000,3.000000,0.100748
-0.444745,0.100000,3.000000,0.100748
-0.444044,0.100000,3.000000,0.100748
-0.443343,0.100000,3.000000,0.100748
-0.442643,0.100000,3.000000,0.100748
-0.441942,0.100000,3.000000,0.100747
-0.441241,0.100000,3.000000,0.100747
-0.440541,0.100000,3.000000,0.100747
-0.439840,0.100000,3.000000,0.100747
-0.439139,0.100000,3.000000,0.100747
-0.438438,0.100000,3.000000,0.100747
-0.437738,0.100000,3.000000,0.100747
-0.437037,0.100000,3.000000,0.100747
-0.436336,0.100000,3.000000,0.100747
-0.435636,0.100000,3.000000,0.100747
-0.434935,0.100000,3.000000,0.100747
-0.434234,0.100000,3.000000,0.100747
-0.433534,0.100000,3.000000,0.100747
-0.432833,0.100000,3.000000,0.100747
-0.432132,0.100000,3.000000,0.100747
-0.431431,0.100000,3.000000,0.100747
-0.430731,0.100000,3.000000,0.100747
-0.430030,0.100000,3.000000,0.100747
-0.429329,0.100000,3.000000,0.100747
-0.428629,0.100000,3.000000,0.100747
-0.427928,0.100000,3.000000,0.100746
-0.427227,0.100000,3.000000,0.100746
-0.426527,0.100000,3.000000,0.100746
-0.425826,0.100000,3.000000,0.100746
-0.425125,0.100000,3.000000,0.100746
-0.424424,0.100000,3.000000,0.100746
-0.423724,0.100000,3.000000,0.100746
-0.423023,0.100000,3.000000,0.100746
-0.422322,0.100000,3.000000,0.100746
-0.421622,0.100000,3.000000,0.100746
-0.420921,0.100000,3.000000,0.100746
-0.420220,0.100000,3.000000,0.100746
-0.419520,0.100000,3.000000,0.100746
-0.418819,0.100000,3.000000,0.100746
-0.418118,0.100000,3.000000,0.100746
-0.417417,0.100000,3.000000,0.100746
-0.416717,0.100000,3.000000,0.100746
-0.416016,0.100000,3.000000,0.100746
-0.415315,0.100000,3.000000,0.100746
-0.414615,0.100000,3.000000,0.100746
-0.413914,0.100000,3.000000,0.100746
-0.413213,0.100000,3.000000,0.100746
-0.412513,0.100000,3.000000,0.100746
-0.411812,0.100000,3.000000,0.100746
-0.411111,0.100000,3.000000,0.100746
-0.410410,0.100000,3.000000,0.100746
-0.409710,0.100000,3.000000,0.100746
-0.409009,0.100000,3.000000,0.100746
-0.408308,0.100000,3.000000,0.100746
-0.407608,0.100000,3.000000,0.100745
-0.406907,0.100000,3.000000,0.100745
-0.406206,0.100000,3.000000,0.100745
-0.405506,0.100000,3.000000,0.100745
-0.404805,0.100000,3.000000,0.100745
-0.404104,0.100000,3.000000,0.100745
-0.403403,0.100000,3.000000,0.100745
-0.402703,0.100000,3.000000,0.100745
-0.402002,0.100000,3.000000,0.100745
-0.401301,0.100000,3.000000,0.100745
-0.400601,0.100000,3.000000,0.100745
-0.399900,0.100000,3.000000,0.100745
-0.399199,0.100000,3.000000,0.100745
-0.398498,0.100000,3.000000,0.100745
-0.397798,0.100000,3.000000,0.100745
-0.397097,0.100000,3.000000,0.100745
-0.396396,0.100000,3.000000,0.100745
-0.395696,0.100000,3.000000,0.100745
-0.394995,0.100000,3.000000,0.100745
-0.394294,0.100000,3.000000,0.100745
-0.393594,0.100000,3.000000,0.100745
-0.392893,0.100000,3.000000,0.100745
-0.392192,0.100000,3.000000,0.100745
-0.391491,0.100000,3.000000,0.100745
-0.390791,0.100000,3.000000,0.100745
-0.390090,0.100000,3.000000,0.100745
-0.389389,0.100000,3.000000,0.100745
-0.388689,0.100000,3.000000,0.100745
-0.387988,0.100000,3.000000,0.100745
-0.387287,0.100000,3.000000,0.100745
-0.386587,0.100000,3.000000,0.100745
-0.385886,0.100000,3.000000,0.100745
-0.385185,0.100000,3.000000,0.100745
-0.384484,0.100000,3.000000,0.100745
-0.383784,0.100000,3.000000,0.100745
-0.383083,0.100000,3.000000,0.100745
-0.382382,0.100000,3.000000,0.100745
-0.381682,0.100000,3.000000,0.100745
-0.380981,0.100000,3.000000,0.100745
-0.380280,0.100000,3.000000,0.100745
-0.379580,0.100000,3.000000,0.100745
-0.378879,0.100000,3.000000,0.100745
-0.378178,0.100000,3.000000,0.100745
-0.377477,0.100000,3.000000,0.100745
-0.376777,0.100000,3.000000,0.100745
-0.376076,0.100000,3.000000,0.100745
-0.375375,0.100000,3.000000,0.100745
-0.374675,0.100000,3.000000,0.100745
-0.373974,0.100000,3.000000,0.100745
-0.373273,0.100000,3.000000,0.100745
-0.372573,0.100000,3.000000,0.100745
-0.371872,0.100000,3.000000,0.100746
-0.371171,0.100000,3.000000,0.100746
-0.370470,0.100000,3.000000,0.100746
-0.369770,0.100000,3.000000,0.100746
-0.369069,0.100000,3.000000,0.100746
-0.368368,0.100000,3.000000,0.100746
-0.367668,0.100000,3.000000,0.100746
-0.366967,0.100000,3.000000,0.100746
-0.366266,0.100000,3.000000,0.100746
-0.365566,0.100000,3.000000,0.100746
-0.364865,0.100000,3.000000,0.100746
-0.364164,0.100000,3.000000,0.100746
-0.363463,0.100000,3.000000,0.100746
-0.362763,0.100000,3.000000,0.100746
-0.362062,0.100000,3.000000,0.100746
-0.361361,0.100000,3.000000,0.100746
-0.360661,0.100000,3.000000,0.100746
-0.359960,0.100000,3.000000,0.100746
-0.359259,0.100000,3.000000,0.100746
-0.358559,0.100000,3.000000,0.100746
-0.357858,0.100000,3.000000,0.100746
-0.357157,0.100000,3.000000,0.100746
-0.356456,0.100000,3.000000,0.100746
-0.355756,0.100000,3.000000,0.100747
-0.355055,0.100000,3.000000,0.100747
-0.354354,0.100000,3.000000,0.100747
-0.353654,0.100000,3.000000,0.100747
-0.352953,0.100000,3.000000,0.100747
-0.352252,0.100000,3.000000,0.100747
-0.351552,0.100000,3.000000,0.100747
-0.350851,0.100000,3.000000,0.100747
-0.350150,0.100000,3.000000,0.100747
-0.349449,0.100000,3.000000,0.100747
-0.348749,0.100000,3.000000,0.100747
-0.348048,0.100000,3.000000,0.100747
-0.347347,0.100000,3.000000,0.100747
-0.346647,0.100000,3.000000,0.100747
-0.345946,0.100000,3.000000,0.100748
-0.345245,0.100000,3.000000,0.100748
-0.344545,0.100000,3.000000,0.100748
-0.343844,0.100000,3.000000,0.100748
-0.343143,0.100000,3.000000,0.100748
-0.342442,0.100000,3.000000,0.100748
-0.341742,0.100000,3.000000,0.100748
-0.341041,0.100000,3.000000,0.100748
-0.340340,0.100000,3.000000,0.100748
-0.339640,0.100000,3.000000,0.100748
-0.338939,0.100000,3.000000,0.100749
-0.338238,0.100000,3.000000,0.100749
-0.337538,0.100000,3.000000,0.100749
-0.336837,0.100000,3.000000,0.100749
-0.336136,0.100000,3.000000,0.100749
-0.335435,0.100000,3.000000,0.100749
-0.334735,0.100000,3.000000,0.100749
-0.334034,0.100000,3.000000,0.100749
-0.333333,0.100000,3.000000,0.100749
-0.332633,0.100000,3.000000,0.100750
-0.331932,0.100000,3.000000,0.100750
-0.331231,0.100000,3.000000,0.100750
-0.330531,0.100000,3.000000,0.100750
-0.329830,0.100000,3.000000,0.100750
-0.329129,0.100000,3.000000,0.100750
-0.328428,0.100000,3.000000,0.100750
-0.327728,0.100000,3.000000,0.100750
-0.327027,0.100000,3.000000,0.100751
-0.326326,0.100000,3.000000,0.100751
-0.325626,0.100000,3.000000,0.100751
-0.324925,0.100000,3.000000,0.100751
-0.324224,0.100000,3.000000,0.100751
-0.323524,0.100000,3.000000,0.100751
-0.322823,0.100000,3.000000,0.100752
-0.322122,0.100000,3.000000,0.100752
-0.321421,0.100000,3.000000,0.100752
-0.320721,0.100000,3.000000,0.100752
-0.320020,0.100000,3.000000,0.100752
-0.319319,0.100000,3.000000,0.100752
-0.318619,0.100000,3.000000,0.100752
-0.317918,0.100000,3.000000,0.100753
-0.317217,0.100000,3.000000,0.100753
-0.316517,0.100000,3.000000,0.100753
-0.315816,0.100000,3.000000,0.100753
-0.315115,0.100000,3.000000,0.100753
-0.314414,0.100000,3.000000,0.100754
-0.313714,0.100000,3.000000,0.100754
-0.313013,0.100000,3.000000,0.100754
-0.312312,0.100000,3.000000,0.100754
-0.311612,0.100000,3.000000,0.100754
-0.310911,0.100000,3.000000,0.100755
-0.310210,0.100000,3.000000,0.100755
-0.309510,0.100000,3.000000,0.100755
-0.308809,0.100000,3.000000,0.100755
-0.308108,0.100000,3.000000,0.100755
-0.307407,0.100000,3.000000,0.100756
-0.306707,0.100000,3.000000,0.100756
-0.306006,0.100000,3.000000,0.100756
-0.305305,0.100000,3.000000,0.100756
-0.304605,0.100000,3.000000,0.100757
-0.303904,0.100000,3.000000,0.100757
-0.303203,0.100000,3.000000,0.100757
-0.302503,0.100000,3.000000,0.100757
-0.301802,0.100000,3.000000,0.100758
-0.301101,0.100000,3.000000,0.100758
-0.300400,0.100000,3.000000,0.100758
-0.299700,0.100000,3.000000,0.100758
-0.298999,0.100000,3.000000,0.100759
-0.298298,0.100000,3.000000,0.100759
-0.297598,0.100000,3.000000,0.100759
-0.296897,0.100000,3.000000,0.100759
-0.296196,0.100000,3.000000,0.100760
-0.295495,0.100000,3.000000,0.100760
-0.294795,0.100000,3.000000,0.100760
-0.294094,0.100000,3.000000,0.100760
-0.293393,0.100000,3.000000,0.100761
-0.292693,0.100000,3.000000,0.100761
-0.291992,0.100000,3.000000,0.100761
-0.291291,0.100000,3.000000,0.100762
-0.290591,0.100000,3.000000,0.100762
-0.289890,0.100000,3.000000,0.100762
-0.289189,0.100000,3.000000,0.100763
-0.288488,0.100000,3.000000,0.100763
-0.287788,0.100000,3.000000,0.100763
-0.287087,0.100000,3.000000,0.100764
-0.286386,0.100000,3.000000,0.100764
-0.285686,0.100000,3.000000,0.100764
-0.284985,0.100000,3.000000,0.100765
-0.284284,0.100000,3.000000,0.100765
-0.283584,0.100000,3.000000,0.100765
-0.282883,0.100000,3.000000,0.100766
-0.282182,0.100000,3.000000,0.100766
-0.281481,0.100000,3.000000,0.100766
-0.280781,0.100000,3.000000,0.100767
-0.280080,0.100000,3.000000,0.100767
-0.279379,0.100000,3.000000,0.100767
-0.278679,0.100000,3.000000,0.100768
-0.277978,0.100000,3.000000,0.100768
-0.277277,0.100000,3.000000,0.100769
-0.276577,0.100000,3.000000,0.100769
-0.275876,0.100000,3.000000,0.100769
-0.275175,0.100000,3.000000,0.100770
-0.274474,0.100000,3.000000,0.100770
-0.273774,0.100000,3.000000,0.100771
-0.273073,0.100000,3.000000,0.100771
-0.272372,0.100000,3.000000,0.100772
-0.271672,0.100000,3.000000,0.100772
-0.270971,0.100000,3.000000,0.100772
-0.270270,0.100000,3.000000,0.100773
-0.269570,0.100000,3.000000,0.100773
-0.268869,0.100000,3.000000,0.100774
-0.268168,0.100000,3.000000,0.100774
-0.267467,0.100000,3.000000,0.100775
-0.266767,0.100000,3.000000,0.100775
-0.266066,0.100000,3.000000,0.100776
-0.265365,0.100000,3.000000,0.100776
-0.264665,0.100000,3.000000,0.100777
-0.263964,0.100000,3.000000,0.100777
-0.263263,0.100000,3.000000,0.100778
-0.262563,0.100000,3.000000,0.100778
-0.261862,0.100000,3.000000,0.100779
-0.261161,0.100000,3.000000,0.100779
-0.260460,0.100000,3.000000,0.100780
-0.259760,0.100000,3.000000,0.100780
-0.259059,0.100000,3.000000,0.100781
-0.258358,0.100000,3.000000,0.100782
-0.257658,0.100000,3.000000,0.100782
-0.256957,0.100000,3.000000,0.100783
-0.256256,0.100000,3.000000,0.100783
-0.255556,0.100000,3.000000,0.100784
-0.254855,0.100000,3.000000,0.100785
-0.254154,0.100000,3.000000,0.100785
-0.253453,0.100000,3.000000,0.100786
-0.252753,0.100000,3.000000,0.100786
-0.252052,0.100000,3.000000,0.100787
-0.251351,0.100000,3.000000,0.100788
-0.250651,0.100000,3.000000,0.100788
-0.249950,0.100000,3.000000,0.100789
-0.249249,0.100000,3.000000,0.100790
-0.248549,0.100000,3.000000,0.100790
-0.247848,0.100000,3.000000,0.100791
-0.247147,0.100000,3.000000,0.100792
-0.246446,0.100000,3.000000,0.100792
-0.245746,0.100000,3.000000,0.100793
-0.245045,0.100000,3.000000,0.100794
-0.244344,0.100000,3.000000,0.100795
-0.243644,0.100000,3.000000,0.100795
-0.242943,0.100000,3.000000,0.100796
-0.242242,0.100000,3.000000,0.100797
-0.241542,0.100000,3.000000,0.100798
-0.240841,0.100000,3.000000,0.100798
-0.240140,0.100000,3.000000,0.100799
-0.239439,0.100000,3.000000,0.100800
-0.238739,0.100000,3.000000,0.100801
-0.238038,0.100000,3.000000,0.100802
-0.237337,0.100000,3.000000,0.100802
-0.236637,0.100000,3.000000,0.100803
-0.235936,0.100000,3.000000,0.100804
-0.235235,0.100000,3.000000,0.100805
-0.234535,0.100000,3.000000,0.100806
-0.233834,0.100000,3.000000,0.100807
-0.233133,0.100000,3.000000,0.100808
-0.232432,0.100000,3.000000,0.100809
-0.231732,0.100000,3.000000,0.100810
-0.231031,0.100000,3.000000,0.100811
-0.230330,0.100000,3.000000,0.100812
-0.229630,0.100000,3.000000,0.100812
-0.228929,0.100000,3.000000,0.100813
-0.228228,0.100000,3.000000,0.100814
-0.227528,0.100000,3.000000,0.100815
-0.226827,0.100000,3.000000,0.100816
-0.226126,0.100000,3.000000,0.100818
-0.225425,0.100000,3.000000,0.100819
-0.224725,0.100000,3.000000,0.100820
-0.224024,0.100000,3.000000,0.100821
-0.223323,0.100000,3.000000,0.100822
-0.222623,0.100000,3.000000,0.100823
-0.221922,0.100000,3.000000,0.100824
-0.221221,0.100000,3.000000,0.100825
-0.220521,0.100000,3.000000,0.100826
-0.219820,0.100000,3.000000,0.100828
-0.219119,0.100000,3.000000,0.100829
-0.218418,0.100000,3.000000,0.100830
-0.217718,0.100000,3.000000,0.100831
-0.217017,0.100000,3.000000,0.100832
-0.216316,0.100000,3.000000,0.100834
-0.215616,0.100000,3.000000,0.100835
-0.214915,0.100000,3.000000,0.100836
-0.214214,0.100000,3.000000,0.100837
-0.213514,0.100000,3.000000,0.100839
-0.212813,0.100000,3.000000,0.100840
-0.212112,0.100000,3.000000,0.100842
-0.211411,0.100000,3.000000,0.100843
-0.210711,0.100000,3.000000,0.100844
-0.210010,0.100000,3.000000,0.100846
-0.209309,0.100000,3.000000,0.100847
-0.208609,0.100000,3.000000,0.100849
-0.207908,0.100000,3.000000,0.100850
-0.207207,0.100000,3.000000,0.100852
-0.206507,0.100000,3.000000,0.100853
-0.205806,0.100000,3.000000,0.100855
-0.205105,0.100000,3.000000,0.100856
-0.204404,0.100000,3.000000,0.100858
-0.203704,0.100000,3.000000,0.100860
-0.203003,0.100000,3.000000,0.100861
-0.202302,0.100000,3.000000,0.100863
-0.201602,0.100000,3.000000,0.100865
-0.200901,0.100000,3.000000,0.100866
-0.200200,0.100000,3.000000,0.100868
-0.199499,0.100000,3.000000,0.100870
-0.198799,0.100000,3.000000,0.100872
-0.198098,0.100000,3.000000,0.100873
-0.197397,0.100000,3.000000,0.100875
-0.196697,0.100000,3.000000,0.100877
-0.195996,0.100000,3.000000,0.100879
-0.195295,0.100000,3.000000,0.100881
-0.194595,0.100000,3.000000,0.100883
-0.193894,0.100000,3.000000,0.100885
-0.193193,0.100000,3.000000,0.100887
-0.192492,0.100000,3.000000,0.100889
-0.191792,0.100000,3.000000,0.100891
-0.191091,0.100000,3.000000,0.100893
-0.190390,0.100000,3.000000,0.100895
-0.189690,0.100000,3.000000,0.100898
-0.188989,0.100000,3.000000,0.100900
-0.188288,0.100000,3.000000,0.100902
-0.187588,0.100000,3.000000,0.100904
-0.186887,0.100000,3.000000,0.100907
-0.186186,0.100000,3.000000,0.100909
-0.185485,0.100000,3.000000,0.100911
-0.184785,0.100000,3.000000,0.100914
-0.184084,0.100000,3.000000,0.100916
-0.183383,0.100000,3.000000,0.100919
-0.182683,0.100000,3.000000,0.100921
-0.181982,0.100000,3.000000,0.100924
-0.181281,0.100000,3.000000,0.100927
-0.180581,0.100000,3.000000,0.100929
-0.179880,0.100000,3.000000,0.100932
-0.179179,0.100000,3.000000,0.100935
-0.178478,0.100000,3.000000,0.100938
-0.177778,0.100000,3.000000,0.100941
-0.177077,0.100000,3.000000,0.100944
-0.176376,0.100000,3.000000,0.100947
-0.175676,0.100000,3.000000,0.100949
-0.174975,0.100000,3.000000,0.100953
-0.174274,0.100000,3.000000,0.100956
-0.173574,0.100000,3.000000,0.100959
-0.172873,0.100000,3.000000,0.100962
-0.172172,0.100000,3.000000,0.100965
-0.171471,0.100000,3.000000,0.100969
-0.170771,0.100000,3.000000,0.100972
-0.170070,0.100000,3.000000,0.100975
-0.169369,0.100000,3.000000,0.100979
-0.168669,0.100000,3.000000,0.100983
-0.167968,0.100000,3.000000,0.100986
-0.167267,0.100000,3.000000,0.100990
-0.166567,0.100000,3.000000,0.100994
-0.165866,0.100000,3.000000,0.100997
-0.165165,0.100000,3.000000,0.101001
-0.164464,0.100000,3.000000,0.101005
-0.163764,0.100000,3.000000,0.101009
-0.163063,0.100000,3.000000,0.101013
-0.162362,0.100000,3.000000,0.101018
-0.161662,0.100000,3.000000,0.101022
-0.160961,0.100000,3.000000,0.101026
-0.160260,0.100000,3.000000,0.101030
-0.159560,0.100000,3.000000,0.101035
-0.158859,0.100000,3.000000,0.101040
-0.158158,0.100000,3.000000,0.101044
-0.157457,0.100000,3.000000,0.101049
-0.156757,0.100000,3.000000,0.101054
-0.156056,0.100000,3.000000,0.101059
-0.155355,0.100000,3.000000,0.101064
-0.154655,0.100000,3.000000,0.101069
-0.153954,0.100000,3.000000,0.101074
-0.153253,0.100000,3.000000,0.101079
-0.152553,0.100000,3.000000,0.101085
-0.151852,0.100000,3.000000,0.101090
-0.151151,0.100000,3.000000,0.101096
-0.150450,0.100000,3.000000,0.101101
-0.149750,0.100000,3.000000,0.101107
-0.149049,0.100000,3.000000,0.101113
-0.148348,0.100000,3.000000,0.101119
-0.147648,0.100000,3.000000,0.101125
-0.146947,0.100000,3.000000,0.101132
-0.146246,0.100000,3.000000,0.101138
-0.145546,0.100000,3.000000,0.101145
-0.144845,0.100000,3.000000,0.101151
-0.144144,0.100000,3.000000,0.101158
-0.143443,0.100000,3.000000,0.101165
-0.142743,0.100000,3.000000,0.101172
-0.142042,0.100000,3.000000,0.101179
-0.141341,0.100000,3.000000,0.101187
-0.140641,0.100000,3.000000,0.101194
-0.139940,0.100000,3.000000,0.101202
-0.139239,0.100000,3.000000,0.101210
-0.138539,0.100000,3.000000,0.101218
-0.137838,0.100000,3.000000,0.101226
-0.137137,0.100000,3.000000,0.101234
-0.136436,0.100000,3.000000,0.101243
-0.135736,0.100000,3.000000,0.101251
-0.135035,0.100000,3.000000,0.101260
-0.134334,0.100000,3.000000,0.101269
-0.133634,0.100000,3.000000,0.101279
-0.132933,0.100000,3.000000,0.101288
-0.132232,0.100000,3.000000,0.101298
-0.131532,0.100000,3.000000,0.101308
-0.130831,0.100000,3.000000,0.101318
-0.130130,0.100000,3.000000,0.101328
-0.129429,0.100000,3.000000,0.101339
-0.128729,0.100000,3.000000,0.101349
-0.128028,0.100000,3.000000,0.101360
-0.127327,0.100000,3.000000,0.101372
-0.126627,0.100000,3.000000,0.101383
-0.125926,0.100000,3.000000,0.101395
-0.125225,0.100000,3.000000,0.101407
-0.124525,0.100000,3.000000,0.101419
-0.123824,0.100000,3.000000,0.101432
-0.123123,0.100000,3.000000,0.101445
-0.122422,0.100000,3.000000,0.101458
-0.121722,0.100000,3.000000,0.101472
-0.121021,0.100000,3.000000,0.101485
-0.120320,0.100000,3.000000,0.101500
-0.119620,0.100000,3.000000,0.101514
-0.118919,0.100000,3.000000,0.101529
-0.118218,0.100000,3.000000,0.101544
-0.117518,0.100000,3.000000,0.101560
-0.116817,0.100000,3.000000,0.101576
-0.116116,0.100000,3.000000,0.101592
-0.115415,0.100000,3.000000,0.101609
-0.114715,0.100000,3.000000,0.101626
-0.114014,0.100000,3.000000,0.101643
-0.113313,0.100000,3.000000,0.101661
-0.112613,0.100000,3.000000,0.101680
-0.111912,0.100000,3.000000,0.101698
-0.111211,0.100000,3.000000,0.101718
-0.110511,0.100000,3.000000,0.101738
-0.109810,0.100000,3.000000,0.101758
-0.109109,0.100000,3.000000,0.101779
-0.108408,0.100000,3.000000,0.101800
-0.107708,0.100000,3.000000,0.101822
-0.107007,0.100000,3.000000,0.101844
-0.106306,0.100000,3.000000,0.101868
-0.105606,0.100000,3.000000,0.101891
-0.104905,0.100000,3.000000,0.101915
-0.104204,0.100000,3.000000,0.101940
-0.103504,0.100000,3.000000,0.101966
-0.102803,0.100000,3.000000,0.101992
-0.102102,0.100000,3.000000,0.102019
-0.101401,0.100000,3.000000,0.102046
-0.100701,0.100000,3.000000,0.102075
-0.100000,0.100000,3.000000,0.102104
-0.800000,1.000000,0.200000,0.100941
-0.799299,1.000000,0.200000,0.100941
-0.798599,1.000000,0.200000,0.100941
-0.797898,1.000000,0.200000,0.100941
-0.797197,1.000000,0.200000,0.100941
-0.796496,1.000000,0.200000,0.100941
-0.795796,1.000000,0.200000,0.100941
-0.795095,1.000000,0.200000,0.100941
-0.794394,1.000000,0.200000,0.100941
-0.793694,1.000000,0.200000,0.100941
-0.792993,1.000000,0.200000,0.100941
-0.792292,1.000000,0.200000,0.100941
-0.791592,1.000000,0.200000,0.100941
-0.790891,1.000000,0.200000,0.100941
-0.790190,1.000000,0.200000,0.100941
-0.789489,1.000000,0.200000,0.100941
-0.788789,1.000000,0.200000,0.100941
-0.788088,1.000000,0.200000,0.100941
-0.787387,1.000000,0.200000,0.100941
-0.786687,1.000000,0.200000,0.100941
-0.785986,1.000000,0.200000,0.100941
-0.785285,1.000000,0.200000,0.100941
-0.784585,1.000000,0.200000,0.100941
-0.783884,1.000000,0.200000,0.100941
-0.783183,1.000000,0.200000,0.100941
-0.782482,1.000000,0.200000,0.100941
-0.781782,1.000000,0.200000,0.100941
-0.781081,1.000000,0.200000,0.100941
-0.780380,1.000000,0.200000,0.100941
-0.779680,1.000000,0.200000,0.100941
-0.778979,1.000000,0.200000,0.100941
-0.778278,1.000000,0.200000,0.100941
-0.777578,1.000000,0.200000,0.100941
-0.776877,1.000000,0.200000,0.100941
-0.776176,1.000000,0.200000,0.100941
-0.775475,1.000000,0.200000,0.100941
-0.774775,1.000000,0.200000,0.100941
-0.774074,1.000000,0.200000,0.100941
-0.773373,1.000000,0.200000,0.100941
-0.772673,1.000000,0.200000,0.100941
-0.771972,1.000000,0.200000,0.100941
-0.771271,1.000000,0.200000,0.100941
-0.770571,1.000000,0.200000,0.100941
-0.769870,1.000000,0.200000,0.100940
-0.769169,1.000000,0.200000,0.100940
-0.768468,1.000000,0.200000,0.100940
-0.767768,1.000000,0.200000,0.100940
-0.767067,1.000000,0.200000,0.100940
-0.766366,1.000000,0.200000,0.100940
-0.765666,1.000000,0.200000,0.100940
-0.764965,1.000000,0.200000,0.100940
-0.764264,1.000000,0.200000,0.100940
-0.763564,1.000000,0.200000,0.100940
-0.762863,1.000000,0.200000,0.100940
-0.762162,1.000000,0.200000,0.100940
-0.761461,1.000000,0.200000,0.100940
-0.760761,1.000000,0.200000,0.100940
-0.760060,1.000000,0.200000,0.100940
-0.759359,1.000000,0.200000,0.100940
-0.758659,1.000000,0.200000,0.100940
-0.757958,1.000000,0.200000,0.100940
-0.757257,1.000000,0.200000,0.100940
-0.756557,1.000000,0.200000,0.100940
-0.755856,1.000000,0.200000,0.100940
-0.755155,1.000000,0.200000,0.100940
-0.754454,1.000000,0.200000,0.100940
-0.753754,1.000000,0.200000,0.100940
-0.753053,1.000000,0.200000,0.100940
-0.752352,1.000000,0.200000,0.100940
-0.751652,1.000000,0.200000,0.100940
-0.750951,1.000000,0.200000,0.100940
-0.750250,1.000000,0.200000,0.100940
-0.749550,1.000000,0.200000,0.100940
-0.748849,1.000000,0.200000,0.100940
-0.748148,1.000000,0.200000,0.100940
-0.747447,1.000000,0.200000,0.100940
-0.746747,1.000000,0.200000,0.100940
-0.746046,1.000000,0.200000,0.100940
-0.745345,1.000000,0.200000,0.100940
-0.744645,1.000000,0.200000,0.100940
-0.743944,1.000000,0.200000,0.100940
-0.743243,1.000000,0.200000,0.100940
-0.742543,1.000000,0.200000,0.100940
-0.741842,1.000000,0.200000,0.100940
-0.741141,1.000000,0.200000,0.100940
-0.740440,1.000000,0.200000,0.100940
-0.739740,1.000000,0.200000,0.100940
-0.739039,1.000000,0.200000,0.100940
-0.738338,1.000000,0.200000,0.100940
-0.737638,1.000000,0.200000,0.100940
-0.736937,1.000000,0.200000,0.100940
-0.736236,1.000000,0.200000,0.100940
-0.735536,1.000000,0.200000,0.100940
-0.734835,1.000000,0.200000,0.100940
-0.734134,1.000000,0.200000,0.100940
-0.733433,1.000000,0.200000,0.100940
-0.732733,1.000000,0.200000,0.100940
-0.732032,1.000000,0.200000,0.100940
-0.731331,1.000000,0.200000,0.100940
-0.730631,1.000000,0.200000,0.100939
-0.729930,1.000000,0.200000,0.100939
-0.729229,1.000000,0.200000,0.100939
-0.728529,1.000000,0.200000,0.100939
-0.727828,1.000000,0.200000,0.100939
-0.727127,1.000000,0.200000,0.100939
-0.726426,1.000000,0.200000,0.100939
-0.725726,1.000000,0.200000,0.100939
-0.725025,1.000000,0.200000,0.100939
-0.724324,1.000000,0.200000,0.100939
-0.723624,1.000000,0.200000,0.100939
-0.722923,1.000000,0.200000,0.100939
-0.722222,1.000000,0.200000,0.100939
-0.721522,1.000000,0.200000,0.100939
-0.720821,1.000000,0.200000,0.100939
-0.720120,1.000000,0.200000,0.100939
-0.719419,1.000000,0.200000,0.100939
-0.718719,1.000000,0.200000,0.100939
-0.718018,1.000000,0.200000,0.100939
-0.717317,1.000000,0.200000,0.100939
-0.716617,1.000000,0.200000,0.100939
-0.715916,1.000000,0.200000,0.100939
-0.715215,1.000000,0.200000,0.100939
-0.714515,1.000000,0.200000,0.100939
-0.713814,1.000000,0.200000,0.100939
-0.713113,1.000000,0.200000,0.100939
-0.712412,1.000000,0.200000,0.100939
-0.711712,1.000000,0.200000,0.100939
-0.711011,1.000000,0.200000,0.100939
-0.710310,1.000000,0.200000,0.100939
-0.709610,1.000000,0.200000,0.100939
-0.708909,1.000000,0.200000,0.100939
-0.708208,1.000000,0.200000,0.100939
-0.707508,1.000000,0.200000,0.100939
-0.706807,1.000000,0.200000,0.100939
-0.706106,1.000000,0.200000,0.100939
-0.705405,1.000000,0.200000,0.100939
-0.704705,1.000000,0.200000,0.100939
-0.704004,1.000000,0.200000,0.100939
-0.703303,1.000000,0.200000,0.100939
-0.702603,1.000000,0.200000,0.100939
-0.701902,1.000000,0.200000,0.100939
-0.701201,1.000000,0.200000,0.100939
-0.700501,1.000000,0.200000,0.100939
-0.699800,1.000000,0.200000,0.100939
-0.699099,1.000000,0.200000,0.100939
-0.698398,1.000000,0.200000,0.100939
-0.697698,1.000000,0.200000,0.100939
-0.696997,1.000000,0.200000,0.100939
-0.696296,1.000000,0.200000,0.100939
-0.695596,1.000000,0.200000,0.100939
-0.694895,1.000000,0.200000,0.100939
-0.694194,1.000000,0.200000,0.100939
-0.693493,1.000000,0.200000,0.100939
-0.692793,1.000000,0.200000,0.100939
-0.692092,1.000000,0.200000,0.100939
-0.691391,1.000000,0.200000,0.100939
-0.690691,1.000000,0.200000,0.100938
-0.689990,1.000000,0.200000,0.100938
-0.689289,1.000000,0.200000,0.100938
-0.688589,1.000000,0.200000,0.100938
-0.687888,1.000000,0.200000,0.100938
-0.687187,1.000000,0.200000,0.100938
-0.686486,1.000000,0.200000,0.100938
-0.685786,1.000000,0.200000,0.100938
-0.685085,1.000000,0.200000,0.100938
-0.684384,1.000000,0.200000,0.100938
-0.683684,1.000000,0.200000,0.100938
-0.682983,1.000000,0.200000,0.100938
-0.682282,1.000000,0.200000,0.100938
-0.681582,1.000000,0.200000,0.100938
-0.680881,1.000000,0.200000,0.100938
-0.680180,1.000000,0.200000,0.100938
-0.679479,1.000000,0.200000,0.100938
-0.678779,1.000000,0.200000,0.100938
-0.678078,1.000000,0.200000,0.100938
-0.677377,1.000000,0.200000,0.100938
-0.676677,1.000000,0.200000,0.100938
-0.675976,1.000000,0.200000,0.100938
-0.675275,1.000000,0.200000,0.100938
-0.674575,1.000000,0.200000,0.100938
-0.673874,1.000000,0.200000,0.100938
-0.673173,1.000000,0.200000,0.100938
-0.672472,1.000000,0.200000,0.100938
-0.671772,1.000000,0.200000,0.100938
-0.671071,1.000000,0.200000,0.100938
-0.670370,1.000000,0.200000,0.100938
-0.669670,1.000000,0.200000,0.100938
-0.668969,1.000000,0.200000,0.100938
-0.668268,1.000000,0.200000,0.100938
-0.667568,1.000000,0.200000,0.100938
-0.666867,1.000000,0.200000,0.100938
-0.666166,1.000000,0.200000,0.100938
-0.665465,1.000000,0.200000,0.100938
-0.664765,1.000000,0.200000,0.100938
-0.664064,1.000000,0.200000,0.100938
-0.663363,1.000000,0.200000,0.100938
-0.662663,1.000000,0.200000,0.100938
-0.661962,1.000000,0.200000,0.100938
-0.661261,1.000000,0.200000,0.100938
-0.660561,1.000000,0.200000,0.100938
-0.659860,1.000000,0.200000,0.100938
-0.659159,1.000000,0.200000,0.100938
-0.658458,1.000000,0.200000,0.100938
-0.657758,1.000000,0.200000,0.100938
-0.657057,1.000000,0.200000,0.100938
-0.656356,1.000000,0.200000,0.100938
-0.655656,1.000000,0.200000,0.100938
-0.654955,1.000000,0.200000,0.100938
-0.654254,1.000000,0.200000,0.100938
-0.653554,1.000000,0.200000,0.100938
-0.652853,1.000000,0.200000,0.100938
-0.652152,1.000000,0.200000,0.100938
-0.651451,1.000000,0.200000,0.100938
-0.650751,1.000000,0.200000,0.100938
-0.650050,1.000000,0.200000,0.100938
-0.649349,1.000000,0.200000,0.100938
-0.648649,1.000000,0.200000,0.100938
-0.647948,1.000000,0.200000,0.100938
-0.647247,1.000000,0.200000,0.100938
-0.646547,1.000000,0.200000,0.100937
-0.645846,1.000000,0.200000,0.100937
-0.645145,1.000000,0.200000,0.100937
-0.644444,1.000000,0.200000,0.100937
-0.643744,1.000000,0.200000,0.100937
-0.643043,1.000000,0.200000,0.100937
-0.642342,1.000000,0.200000,0.100937
-0.641642,1.000000,0.200000,0.100937
-0.640941,1.000000,0.200000,0.100937
-0.640240,1.000000,0.200000,0.100937
-0.639540,1.000000,0.200000,0.100937
-0.638839,1.000000,0.200000,0.100937
-0.638138,1.000000,0.200000,0.100937
-0.637437,1.000000,0.200000,0.100937
-0.636737,1.000000,0.200000,0.100937
-0.636036,1.000000,0.200000,0.100937
-0.635335,1.000000,0.200000,0.100937
-0.634635,1.000000,0.200000,0.100937
-0.633934,1.000000,0.200000,0.100937
-0.633233,1.000000,0.200000,0.100937
-0.632533,1.000000,0.200000,0.100937
-0.631832,1.000000,0.200000,0.100937
-0.631131,1.000000,0.200000,0.100937
-0.630430,1.000000,0.200000,0.100937
-0.629730,1.000000,0.200000,0.100937
-0.629029,1.000000,0.200000,0.100937
-0.628328,1.000000,0.200000,0.100937
-0.627628,1.000000,0.200000,0.100937
-0.626927,1.000000,0.200000,0.100937
-0.626226,1.000000,0.200000,0.100937
-0.625526,1.000000,0.200000,0.100937
-0.624825,1.000000,0.200000,0.100937
-0.624124,1.000000,0.200000,0.100937
-0.623423,1.000000,0.200000,0.100937
-0.622723,1.000000,0.200000,0.100937
-0.622022,1.000000,0.200000,0.100937
-0.621321,1.000000,0.200000,0.100937
-0.620621,1.000000,0.200000,0.100937
-0.619920,1.000000,0.200000,0.100937
-0.619219,1.000000,0.200000,0.100937
-0.618519,1.000000,0.200000,0.100937
-0.617818,1.000000,0.200000,0.100937
-0.617117,1.000000,0.200000,0.100937
-0.616416,1.000000,0.200000,0.100937
-0.615716,1.000000,0.200000,0.100937
-0.615015,1.000000,0.200000,0.100937
-0.614314,1.000000,0.200000,0.100937
-0.613614,1.000000,0.200000,0.100937
-0.612913,1.000000,0.200000,0.100937
-0.612212,1.000000,0.200000,0.100937
-0.611512,1.000000,0.200000,0.100937
-0.610811,1.000000,0.200000,0.100937
-0.610110,1.000000,0.200000,0.100937
-0.609409,1.000000,0.200000,0.100937
-0.608709,1.000000,0.200000,0.100937
-0.608008,1.000000,0.200000,0.100937
-0.607307,1.000000,0.200000,0.100937
-0.606607,1.000000,0.200000,0.100937
-0.605906,1.000000,0.200000,0.100937
-0.605205,1.000000,0.200000,0.100937
-0.604505,1.000000,0.200000,0.100937
-0.603804,1.000000,0.200000,0.100937
-0.603103,1.000000,0.200000,0.100937
-0.602402,1.000000,0.200000,0.100937
-0.601702,1.000000,0.200000,0.100937
-0.601001,1.000000,0.200000,0.100937
-0.600300,1.000000,0.200000,0.100937
-0.599600,1.000000,0.200000,0.100937
-0.598899,1.000000,0.200000,0.100937
-0.598198,1.000000,0.200000,0.100937
-0.597497,1.000000,0.200000,0.100937
-0.596797,1.000000,0.200000,0.100937
-0.596096,1.000000,0.200000,0.100937
-0.595395,1.000000,0.200000,0.100937
-0.594695,1.000000,0.200000,0.100937
-0.593994,1.000000,0.200000,0.100937
-0.593293,1.000000,0.200000,0.100937
-0.592593,1.000000,0.200000,0.100937
-0.591892,1.000000,0.200000,0.100937
-0.591191,1.000000,0.200000,0.100937
-0.590490,1.000000,0.200000,0.100937
-0.589790,1.000000,0.200000,0.100937
-0.589089,1.000000,0.200000,0.100937
-0.588388,1.000000,0.200000,0.100937
-0.587688,1.000000,0.200000,0.100937
-0.586987,1.000000,0.200000,0.100937
-0.586286,1.000000,0.200000,0.100937
-0.585586,1.000000,0.200000,0.100937
-0.584885,1.000000,0.200000,0.100937
-0.584184,1.000000,0.200000,0.100937
-0.583483,1.000000,0.200000,0.100937
-0.582783,1.000000,0.200000,0.100937
-0.582082,1.000000,0.200000,0.100937
-0.581381,1.000000,0.200000,0.100937
-0.580681,1.000000,0.200000,0.100937
-0.579980,1.000000,0.200000,0.100937
-0.579279,1.000000,0.200000,0.100937
-0.578579,1.000000,0.200000,0.100937
-0.577878,1.000000,0.200000,0.100937
-0.577177,1.000000,0.200000,0.100937
-0.576476,1.000000,0.200000,0.100937
-0.575776,1.000000,0.200000,0.100937
-0.575075,1.000000,0.200000,0.100937
-0.574374,1.000000,0.200000,0.100937
-0.573674,1.000000,0.200000,0.100937
-0.572973,1.000000,0.200000,0.100937
-0.572272,1.000000,0.200000,0.100937
-0.571572,1.000000,0.200000,0.100937
-0.570871,1.000000,0.200000,0.100937
-0.570170,1.000000,0.200000,0.100937
-0.569469,1.000000,0.200000,0.100937
-0.568769,1.000000,0.200000,0.100937
-0.568068,1.000000,0.200000,0.100937
-0.567367,1.000000,0.200000,0.100937
-0.566667,1.000000,0.200000,0.100937
-0.565966,1.000000,0.200000,0.100937
-0.565265,1.000000,0.200000,0.100937
-0.564565,1.000000,0.200000,0.100937
-0.563864,1.000000,0.200000,0.100937
-0.563163,1.000000,0.200000,0.100937
-0.562462,1.000000,0.200000,0.100937
-0.561762,1.000000,0.200000,0.100937
-0.561061,1.000000,0.200000,0.100937
-0.560360,1.000000,0.200000,0.100937
-0.559660,1.000000,0.200000,0.100937
-0.558959,1.000000,0.200000,0.100937
-0.558258,1.000000,0.200000,0.100937
-0.557558,1.000000,0.200000,0.100937
-0.556857,1.000000,0.200000,0.100937
-0.556156,1.000000,0.200000,0.100937
-0.555455,1.000000,0.200000,0.100937
-0.554755,1.000000,0.200000,0.100937
-0.554054,1.000000,0.200000,0.100937
-0.553353,1.000000,0.200000,0.100937
-0.552653,1.000000,0.200000,0.100937
-0.551952,1.000000,0.200000,0.100937
-0.551251,1.000000,0.200000,0.100937
-0.550551,1.000000,0.200000,0.100937
-0.549850,1.000000,0.200000,0.100937
-0.549149,1.000000,0.200000,0.100937
-0.548448,1.000000,0.200000,0.100937
-0.547748,1.000000,0.200000,0.100937
-0.547047,1.000000,0.200000,0.100937
-0.546346,1.000000,0.200000,0.100937
-0.545646,1.000000,0.200000,0.100937
-0.544945,1.000000,0.200000,0.100937
-0.544244,1.000000,0.200000,0.100937
-0.543544,1.000000,0.200000,0.100937
-0.542843,1.000000,0.200000,0.100937
-0.542142,1.000000,0.200000,0.100937
-0.541441,1.000000,0.200000,0.100937
-0.540741,1.000000,0.200000,0.100937
-0.540040,1.000000,0.200000,0.100937
-0.539339,1.000000,0.200000,0.100937
-0.538639,1.000000,0.200000,0.100937
-0.537938,1.000000,0.200000,0.100937
-0.537237,1.000000,0.200000,0.100937
-0.536537,1.000000,0.200000,0.100937
-0.535836,1.000000,0.200000,0.100937
-0.535135,1.000000,0.200000,0.100937
-0.534434,1.000000,0.200000,0.100937
-0.533734,1.000000,0.200000,0.100937
-0.533033,1.000000,0.200000,0.100937
-0.532332,1.000000,0.200000,0.100937
-0.531632,1.000000,0.200000,0.100937
-0.530931,1.000000,0.200000,0.100937
-0.530230,1.000000,0.200000,0.100937
-0.529530,1.000000,0.200000,0.100937
-0.528829,1.000000,0.200000,0.100937
-0.528128,1.000000,0.200000,0.100937
-0.527427,1.000000,0.200000,0.100937
-0.526727,1.000000,0.200000,0.100938
-0.526026,1.000000,0.200000,0.100938
-0.525325,1.000000,0.200000,0.100938
-0.524625,1.000000,0.200000,0.100938
-0.523924,1.000000,0.200000,0.100938
-0.523223,1.000000,0.200000,0.100938
-0.522523,1.000000,0.200000,0.100938
-0.521822,1.000000,0.200000,0.100938
-0.521121,1.000000,0.200000,0.100938
-0.520420,1.000000,0.200000,0.100938
-0.519720,1.000000,0.200000,0.100938
-0.519019,1.000000,0.200000,0.100938
-0.518318,1.000000,0.200000,0.100938
-0.517618,1.000000,0.200000,0.100938
-0.516917,1.000000,0.200000,0.100938
-0.516216,1.000000,0.200000,0.100938
-0.515516,1.000000,0.200000,0.100938
-0.514815,1.000000,0.200000,0.100938
-0.514114,1.000000,0.200000,0.100938
-0.513413,1.000000,0.200000,0.100938
-0.512713,1.000000,0.200000,0.100938
-0.512012,1.000000,0.200000,0.100938
-0.511311,1.000000,0.200000,0.100938
-0.510611,1.000000,0.200000,0.100938
-0.509910,1.000000,0.200000,0.100938
-0.509209,1.000000,0.200000,0.100938
-0.508509,1.000000,0.200000,0.100938
-0.507808,1.000000,0.200000,0.100938
-0.507107,1.000000,0.200000,0.100939
-0.506406,1.000000,0.200000,0.100939
-0.505706,1.000000,0.200000,0.100939
-0.505005,1.000000,0.200000,0.100939
-0.504304,1.000000,0.200000,0.100939
-0.503604,1.000000,0.200000,0.100939
-0.502903,1.000000,0.200000,0.100939
-0.502202,1.000000,0.200000,0.100939
-0.501502,1.000000,0.200000,0.100939
-0.500801,1.000000,0.200000,0.100939
-0.500100,1.000000,0.200000,0.100939
-0.499399,1.000000,0.200000,0.100939
-0.498699,1.000000,0.200000,0.100939
-0.497998,1.000000,0.200000,0.100939
-0.497297,1.000000,0.200000,0.100939
-0.496597,1.000000,0.200000,0.100939
-0.495896,1.000000,0.200000,0.100939
-0.495195,1.000000,0.200000,0.100939
-0.494494,1.000000,0.200000,0.100939
-0.493794,1.000000,0.200000,0.100940
-0.493093,1.000000,0.200000,0.100940
-0.492392,1.000000,0.200000,0.100940
-0.491692,1.000000,0.200000,0.100940
-0.490991,1.000000,0.200000,0.100940
-0.490290,1.000000,0.200000,0.100940
-0.489590,1.000000,0.200000,0.100940
-0.488889,1.000000,0.200000,0.100940
-0.488188,1.000000,0.200000,0.100940
-0.487487,1.000000,0.200000,0.100940
-0.486787,1.000000,0.200000,0.100940
-0.486086,1.000000,0.200000,0.100940
-0.485385,1.000000,0.200000,0.100940
-0.484685,1.000000,0.200000,0.100940
-0.483984,1.000000,0.200000,0.100940
-0.483283,1.000000,0.200000,0.100941
-0.482583,1.000000,0.200000,0.100941
-0.481882,1.000000,0.200000,0.100941
-0.481181,1.000000,0.200000,0.100941
-0.480480,1.000000,0.200000,0.100941
-0.479780,1.000000,0.200000,0.100941
-0.479079,1.000000,0.200000,0.100941
-0.478378,1.000000,0.200000,0.100941
-0.477678,1.000000,0.200000,0.100941
-0.476977,1.000000,0.200000,0.100941
-0.476276,1.000000,0.200000,0.100941
-0.475576,1.000000,0.200000,0.100941
-0.474875,1.000000,0.200000,0.100941
-0.474174,1.000000,0.200000,0.100942
-0.473473,1.000000,0.200000,0.100942
-0.472773,1.000000,0.200000,0.100942
-0.472072,1.000000,0.200000,0.100942
-0.471371,1.000000,0.200000,0.100942
-0.470671,1.000000,0.200000,0.100942
-0.469970,1.000000,0.200000,0.100942
-0.469269,1.000000,0.200000,0.100942
-0.468569,1.000000,0.200000,0.100942
-0.467868,1.000000,0.200000,0.100942
-0.467167,1.000000,0.200000,0.100942
-0.466466,1.000000,0.200000,0.100943
-0.465766,1.000000,0.200000,0.100943
-0.465065,1.000000,0.200000,0.100943
-0.464364,1.000000,0.200000,0.100943
-0.463664,1.000000,0.200000,0.100943
-0.462963,1.000000,0.200000,0.100943
-0.462262,1.000000,0.200000,0.100943
-0.461562,1.000000,0.200000,0.100943
-0.460861,1.000000,0.200000,0.100943
-0.460160,1.000000,0.200000,0.100944
-0.459459,1.000000,0.200000,0.100944
-0.458759,1.000000,0.200000,0.100944
-0.458058,1.000000,0.200000,0.100944
-0.457357,1.000000,0.200000,0.100944
-0.456657,1.000000,0.200000,0.100944
-0.455956,1.000000,0.200000,0.100944
-0.455255,1.000000,0.200000,0.100944
-0.454555,1.000000,0.200000,0.100945
-0.453854,1.000000,0.200000,0.100945
-0.453153,1.000000,0.200000,0.100945
-0.452452,1.000000,0.200000,0.100945
-0.451752,1.000000,0.200000,0.100945
-0.451051,1.000000,0.200000,0.100945
-0.450350,1.000000,0.200000,0.100945
-0.449650,1.000000,0.200000,0.100945
-0.448949,1.000000,0.200000,0.100946
-0.448248,1.000000,0.200000,0.100946
-0.447548,1.000000,0.200000,0.100946
-0.446847,1.000000,0.200000,0.100946
-0.446146,1.000000,0.200000,0.100946
-0.445445,1.000000,0.200000,0.100946
-0.444745,1.000000,0.200000,0.100946
-0.444044,1.000000,0.200000,0.100947
-0.443343,1.000000,0.200000,0.100947
-0.442643,1.000000,0.200000,0.100947
-0.441942,1.000000,0.200000,0.100947
-0.441241,1.000000,0.200000,0.100947
-0.440541,1.000000,0.200000,0.100947
-0.439840,1.000000,0.200000,0.100948
-0.439139,1.000000,0.200000,0.100948
-0.438438,1.000000,0.200000,0.100948
-0.437738,1.000000,0.200000,0.100948
-0.437037,1.000000,0.200000,0.100948
-0.436336,1.000000,0.200000,0.100948
-0.435636,1.000000,0.200000,0.100949
-0.434935,1.000000,0.200000,0.100949
-0.434234,1.000000,0.200000,0.100949
-0.433534,1.000000,0.200000,0.100949
-0.432833,1.000000,0.200000,0.100949
-0.432132,1.000000,0.200000,0.100950
-0.431431,1.000000,0.200000,0.100950
-0.430731,1.000000,0.200000,0.100950
-0.430030,1.000000,0.200000,0.100950
-0.429329,1.000000,0.200000,0.100950
-0.428629,1.000000,0.200000,0.100950
-0.427928,1.000000,0.200000,0.100951
-0.427227,1.000000,0.200000,0.100951
-0.426527,1.000000,0.200000,0.100951
-0.425826,1.000000,0.200000,0.100951
-0.425125,1.000000,0.200000,0.100951
-0.424424,1.000000,0.200000,0.100952
-0.423724,1.000000,0.200000,0.100952
-0.423023,1.000000,0.200000,0.100952
-0.422322,1.000000,0.200000,0.100952
-0.421622,1.000000,0.200000,0.100953
-0.420921,1.000000,0.200000,0.100953
-0.420220,1.000000,0.200000,0.100953
-0.419520,1.000000,0.200000,0.100953
-0.418819,1.000000,0.200000,0.100953
-0.418118,1.000000,0.200000,0.100954
-0.417417,1.000000,0.200000,0.100954
-0.416717,1.000000,0.200000,0.100954
-0.416016,1.000000,0.200000,0.100954
-0.415315,1.000000,0.200000,0.100955
-0.414615,1.000000,0.200000,0.100955
-0.413914,1.000000,0.200000,0.100955
-0.413213,1.000000,0.200000,0.100955
-0.412513,1.000000,0.200000,0.100956
-0.411812,1.000000,0.200000,0.100956
-0.411111,1.000000,0.200000,0.100956
-0.410410,1.000000,0.200000,0.100957
-0.409710,1.000000,0.200000,0.100957
-0.409009,1.000000,0.200000,0.100957
-0.408308,1.000000,0.200000,0.100957
-0.407608,1.000000,0.200000,0.100958
-0.406907,1.000000,0.200000,0.100958
-0.406206,1.000000,0.200000,0.100958
-0.405506,1.000000,0.200000,0.100958
-0.404805,1.000000,0.200000,0.100959
-0.404104,1.000000,0.200000,0.100959
-0.403403,1.000000,0.200000,0.100959
-0.402703,1.000000,0.200000,0.100960
-0.402002,1.000000,0.200000,0.100960
-0.401301,1.000000,0.200000,0.100960
-0.400601,1.000000,0.200000,0.100961
-0.399900,1.000000,0.200000,0.100961
-0.399199,1.000000,0.200000,0.100961
-0.398498,1.000000,0.200000,0.100962
-0.397798,1.000000,0.200000,0.100962
-0.397097,1.000000,0.200000,0.100962
-0.396396,1.000000,0.200000,0.100963
-0.395696,1.000000,0.200000,0.100963
-0.394995,1.000000,0.200000,0.100963
-0.394294,1.000000,0.200000,0.100964
-0.393594,1.000000,0.200000,0.100964
-0.392893,1.000000,0.200000,0.100964
-0.392192,1.000000,0.200000,0.100965
-0.391491,1.000000,0.200000,0.100965
-0.390791,1.000000,0.200000,0.100965
-0.390090,1.000000,0.200000,0.100966
-0.389389,1.000000,0.200000,0.100966
-0.388689,1.000000,0.200000,0.100967
-0.387988,1.000000,0.200000,0.100967
-0.387287,1.000000,0.200000,0.100967
-0.386587,1.000000,0.200000,0.100968
-0.385886,1.000000,0.200000,0.100968
-0.385185,1.000000,0.200000,0.100968
-0.384484,1.000000,0.200000,0.100969
-0.383784,1.000000,0.200000,0.100969
-0.383083,1.000000,0.200000,0.100970
-0.382382,1.000000,0.200000,0.100970
-0.381682,1.000000,0.200000,0.100971
-0.380981,1.000000,0.200000,0.100971
-0.380280,1.000000,0.200000,0.100971
-0.379580,1.000000,0.200000,0.100972
-0.378879,1.000000,0.200000,0.100972
-0.378178,1.000000,0.200000,0.100973
-0.377477,1.000000,0.200000,0.100973
-0.376777,1.000000,0.200000,0.100974
-0.376076,1.000000,0.200000,0.100974
-0.375375,1.000000,0.200000,0.100975
-0.374675,1.000000,0.200000,0.100975
-0.373974,1.000000,0.200000,0.100976
-0.373273,1.000000,0.200000,0.100976
-0.372573,1.000000,0.200000,0.100977
-0.371872,1.000000,0.200000,0.100977
-0.371171,1.000000,0.200000,0.100978
-0.370470,1.000000,0.200000,0.100978
-0.369770,1.000000,0.200000,0.100979
-0.369069,1.000000,0.200000,0.100979
-0.368368,1.000000,0.200000,0.100980
-0.367668,1.000000,0.200000,0.100980
-0.366967,1.000000,0.200000,0.100981
-0.366266,1.000000,0.200000,0.100981
-0.365566,1.000000,0.200000,0.100982
-0.364865,1.000000,0.200000,0.100982
-0.364164,1.000000,0.200000,0.100983
-0.363463,1.000000,0.200000,0.100984
-0.362763,1.000000,0.200000,0.100984
-0.362062,1.000000,0.200000,0.100985
-0.361361,1.000000,0.200000,0.100985
-0.360661,1.000000,0.200000,0.100986
-0.359960,1.000000,0.200000,0.100987
-0.359259,1.000000,0.200000,0.100987
-0.358559,1.000000,0.200000,0.100988
-0.357858,1.000000,0.200000,0.100988
-0.357157,1.000000,0.200000,0.100989
-0.356456,1.000000,0.200000,0.100990
-0.355756,1.000000,0.200000,0.100990
-0.355055,1.000000,0.200000,0.100991
-0.354354,1.000000,0.200000,0.100992
-0.353654,1.000000,0.200000,0.100992
-0.352953,1.000000,0.200000,0.100993
-0.352252,1.000000,0.200000,0.100994
-0.351552,1.000000,0.200000,0.100994
-0.350851,1.000000,0.200000,0.100995
-0.350150,1.000000,0.200000,0.100996
-0.349449,1.000000,0.200000,0.100997
-0.348749,1.000000,0.200000,0.100997
-0.348048,1.000000,0.200000,0.100998
-0.347347,1.000000,0.200000,0.100999
-0.346647,1.000000,0.200000,0.101000
-0.345946,1.000000,0.200000,0.101000
-0.345245,1.000000,0.200000,0.101001
-0.344545,1.000000,0.200000,0.101002
-0.343844,1.000000,0.200000,0.101003
-0.343143,1.000000,0.200000,0.101004
-0.342442,1.000000,0.200000,0.101004
-0.341742,1.000000,0.200000,0.101005
-0.341041,1.000000,0.200000,0.101006
-0.340340,1.000000,0.200000,0.101007
-0.339640,1.000000,0.200000,0.101008
-0.338939,1.000000,0.200000,0.101009
-0.338238,1.000000,0.200000,0.101009
-0.337538,1.000000,0.200000,0.101010
-0.336837,1.000000,0.200000,0.101011
-0.336136,1.000000,0.200000,0.101012
-0.335435,1.000000,0.200000,0.101013
-0.334735,1.000000,0.200000,0.101014
-0.334034,1.000000,0.200000,0.101015
-0.333333,1.000000,0.200000,0.101016
-0.332633,1.000000,0.200000,0.101017
-0.331932,1.000000,0.200000,0.101018
-0.331231,1.000000,0.200000,0.101019
-0.330531,1.000000,0.200000,0.101020
-0.329830,1.000000,0.200000,0.101021
-0.329129,1.000000,0.200000,0.101022
-0.328428,1.000000,0.200000,0.101023
-0.327728,1.000000,0.200000,0.101024
-0.327027,1.000000,0.200000,0.101025
-0.326326,1.000000,0.200000,0.101026
-0.325626,1.000000,0.200000,0.101027
-0.324925,1.000000,0.200000,0.101028
-0.324224,1.000000,0.200000,0.101029
-0.323524,1.000000,0.200000,0.101030
-0.322823,1.000000,0.200000,0.101032
-0.322122,1.000000,0.200000,0.101033
-0.321421,1.000000,0.200000,0.101034
-0.320721,1.000000,0.200000,0.101035
-0.320020,1.000000,0.200000,0.101036
-0.319319,1.000000,0.200000,0.101038
-0.318619,1.000000,0.200000,0.101039
-0.317918,1.000000,0.200000,0.101040
-0.317217,1.000000,0.200000,0.101041
-0.316517,1.000000,0.200000,0.101043
-0.315816,1.000000,0.200000,0.101044
-0.315115,1.000000,0.200000,0.101045
-0.314414,1.000000,0.200000,0.101046
-0.313714,1.000000,0.200000,0.101048
-0.313013,1.000000,0.200000,0.101049
-0.312312,1.000000,0.200000,0.101051
-0.311612,1.000000,0.200000,0.101052
-0.310911,1.000000,0.200000,0.101053
-0.310210,1.000000,0.200000,0.101055
-0.309510,1.000000,0.200000,0.101056
-0.308809,1.000000,0.200000,0.101058
-0.308108,1.000000,0.200000,0.101059
-0.307407,1.000000,0.200000,0.101061
-0.306707,1.000000,0.200000,0.101062
-0.306006,1.000000,0.200000,0.101064
-0.305305,1.000000,0.200000,0.101065
-0.304605,1.000000,0.200000,0.101067
-0.303904,1.000000,0.200000,0.101068
-0.303203,1.000000,0.200000,0.101070
-0.302503,1.000000,0.200000,0.101072
-0.301802,1.000000,0.200000,0.101073
-0.301101,1.000000,0.200000,0.101075
-0.300400,1.000000,0.200000,0.101077
-0.299700,1.000000,0.200000,0.101078
-0.298999,1.000000,0.200000,0.101080
-0.298298,1.000000,0.200000,0.101082
-0.297598,1.000000,0.200000,0.101084
-0.296897,1.000000,0.200000,0.101085
-0.296196,1.000000,0.200000,0.101087
-0.295495,1.000000,0.200000,0.101089
-0.294795,1.000000,0.200000,0.101091
-0.294094,1.000000,0.200000,0.101093
-0.293393,1.000000,0.200000,0.101095
-0.292693,1.000000,0.200000,0.101097
-0.291992,1.000000,0.200000,0.101099
-0.291291,1.000000,0.200000,0.101101
-0.290591,1.000000,0.200000,0.101103
-0.289890,1.000000,0.200000,0.101105
-0.289189,1.000000,0.200000,0.101107
-0.288488,1.000000,0.200000,0.101109
-0.287788,1.000000,0.200000,0.101111
-0.287087,1.000000,0.200000,0.101114
-0.286386,1.000000,0.200000,0.101116
-0.285686,1.000000,0.200000,0.101118
-0.284985,1.000000,0.200000,0.101120
-0.284284,1.000000,0.200000,0.101123
-0.283584,1.000000,0.200000,0.101125
-0.282883,1.000000,0.200000,0.101127
-0.282182,1.000000,0.200000,0.101130
-0.281481,1.000000,0.200000,0.101132
-0.280781,1.000000,0.200000,0.101135
-0.280080,1.000000,0.200000,0.101137
-0.279379,1.000000,0.200000,0.101140
-0.278679,1.000000,0.200000,0.101142
-0.277978,1.000000,0.200000,0.101145
-0.277277,1.000000,0.200000,0.101147
-0.276577,1.000000,0.200000,0.101150
-0.275876,1.000000,0.200000,0.101153
-0.275175,1.000000,0.200000,0.101156
-0.274474,1.000000,0.200000,0.101158
-0.273774,1.000000,0.200000,0.101161
-0.273073,1.000000,0.200000,0.101164
-0.272372,1.000000,0.200000,0.101167
-0.271672,1.000000,0.200000,0.101170
-0.270971,1.000000,0.200000,0.101173
-0.270270,1.000000,0.200000,0.101176
-0.269570,1.000000,0.200000,0.101179
-0.268869,1.000000,0.200000,0.101182
-0.268168,1.000000,0.200000,0.101185
-0.267467,1.000000,0.200000,0.101189
-0.266767,1.000000,0.200000,0.101192
-0.266066,1.000000,0.200000,0.101195
-0.265365,1.000000,0.200000,0.101199
-0.264665,1.000000,0.200000,0.101202
-0.263964,1.000000,0.200000,0.101205
-0.263263,1.000000,0.200000,0.101209
-0.262563,1.000000,0.200000,0.101212
-0.261862,1.000000,0.200000,0.101216
-0.261161,1.000000,0.200000,0.101220
-0.260460,1.000000,0.200000,0.101224
-0.259760,1.000000,0.200000,0.101227
-0.259059,1.000000,0.200000,0.101231
-0.258358,1.000000,0.200000,0.101235
-0.257658,1.000000,0.200000,0.101239
-0.256957,1.000000,0.200000,0.101243
-0.256256,1.000000,0.200000,0.101247
-0.255556,1.000000,0.200000,0.101251
-0.254855,1.000000,0.200000,0.101255
-0.254154,1.000000,0.200000,0.101260
-0.253453,1.000000,0.200000,0.101264
-0.252753,1.000000,0.200000,0.101269
-0.252052,1.000000,0.200000,0.101273
-0.251351,1.000000,0.200000,0.101278
-0.250651,1.000000,0.200000,0.101282
-0.249950,1.000000,0.200000,0.101287
-0.249249,1.000000,0.200000,0.101292
-0.248549,1.000000,0.200000,0.101296
-0.247848,1.000000,0.200000,0.101301
-0.247147,1.000000,0.200000,0.101306
-0.246446,1.000000,0.200000,0.101311
-0.245746,1.000000,0.200000,0.101317
-0.245045,1.000000,0.200000,0.101322
-0.244344,1.000000,0.200000,0.101327
-0.243644,1.000000,0.200000,0.101333
-0.242943,1.000000,0.200000,0.101338
-0.242242,1.000000,0.200000,0.101344
-0.241542,1.000000,0.200000,0.101349
-0.240841,1.000000,0.200000,0.101355
-0.240140,1.000000,0.200000,0.101361
-0.239439,1.000000,0.200000,0.101367
-0.238739,1.000000,0.200000,0.101373
-0.238038,1.000000,0.200000,0.101379
-0.237337,1.000000,0.200000,0.101386
-0.236637,1.000000,0.200000,0.101392
-0.235936,1.000000,0.200000,0.101399
-0.235235,1.000000,0.200000,0.101405
-0.234535,1.000000,0.200000,0.101412
-0.233834,1.000000,0.200000,0.101419
-0.233133,1.000000,0.200000,0.101426
-0.232432,1.000000,0.200000,0.101433
-0.231732,1.000000,0.200000,0.101440
-0.231031,1.000000,0.200000,0.101447
-0.230330,1.000000,0.200000,0.101455
-0.229630,1.000000,0.200000,0.101462
-0.228929,1.000000,0.200000,0.101470
-0.228228,1.000000,0.200000,0.101478
-0.227528,1.000000,0.200000,0.101486
-0.226827,1.000000,0.200000,0.101494
-0.226126,1.000000,0.200000,0.101502
-0.225425,1.000000,0.200000,0.101511
-0.224725,1.000000,0.200000,0.101519
-0.224024,1.000000,0.200000,0.101528
-0.223323,1.000000,0.200000,0.101537
-0.222623,1.000000,0.200000,0.101546
-0.221922,1.000000,0.200000,0.101555
-0.221221,1.000000,0.200000,0.101565
-0.220521,1.000000,0.200000,0.101574
-0.219820,1.000000,0.200000,0.101584
-0.219119,1.000000,0.200000,0.101594
-0.218418,1.000000,0.200000,0.101604
-0.217718,1.000000,0.200000,0.101615
-0.217017,1.000000,0.200000,0.101625
-0.216316,1.000000,0.200000,0.101636
-0.215616,1.000000,0.200000,0.101647
-0.214915,1.000000,0.200000,0.101658
-0.214214,1.000000,0.200000,0.101669
-0.213514,1.000000,0.200000,0.101681
-0.212813,1.000000,0.200000,0.101693
-0.212112,1.000000,0.200000,0.101705
-0.211411,1.000000,0.200000,0.101717
-0.210711,1.000000,0.200000,0.101729
-0.210010,1.000000,0.200000,0.101742
-0.209309,1.000000,0.200000,0.101755
-0.208609,1.000000,0.200000,0.101769
-0.207908,1.000000,0.200000,0.101782
-0.207207,1.000000,0.200000,0.101796
-0.206507,1.000000,0.200000,0.101810
-0.205806,1.000000,0.200000,0.101824
-0.205105,1.000000,0.200000,0.101839
-0.204404,1.000000,0.200000,0.101854
-0.203704,1.000000,0.200000,0.101869
-0.203003,1.000000,0.200000,0.101885
-0.202302,1.000000,0.200000,0.101901
-0.201602,1.000000,0.200000,0.101917
-0.200901,1.000000,0.200000,0.101934
-0.200200,1.000000,0.200000,0.101950
-0.199499,1.000000,0.200000,0.101968
-0.198799,1.000000,0.200000,0.101985
-0.198098,1.000000,0.200000,0.102003
-0.197397,1.000000,0.200000,0.102022
-0.196697,1.000000,0.200000,0.102041
-0.195996,1.000000,0.200000,0.102060
-0.195295,1.000000,0.200000,0.102080
-0.194595,1.000000,0.200000,0.102100
-0.193894,1.000000,0.200000,0.102120
-0.193193,1.000000,0.200000,0.102141
-0.192492,1.000000,0.200000,0.102162
-0.191792,1.000000,0.200000,0.102184
-0.191091,1.000000,0.200000,0.102207
-0.190390,1.000000,0.200000,0.102229
-0.189690,1.000000,0.200000,0.102253
-0.188989,1.000000,0.200000,0.102277
-0.188288,1.000000,0.200000,0.102301
-0.187588,1.000000,0.200000,0.102326
-0.186887,1.000000,0.200000,0.102352
-0.186186,1.000000,0.200000,0.102378
-0.185485,1.000000,0.200000,0.102405
-0.184785,1.000000,0.200000,0.102432
-0.184084,1.000000,0.200000,0.102460
-0.183383,1.000000,0.200000,0.102488
-0.182683,1.000000,0.200000,0.102518
-0.181982,1.000000,0.200000,0.102548
-0.181281,1.000000,0.200000,0.102578
-0.180581,1.000000,0.200000,0.102610
-0.179880,1.000000,0.200000,0.102642
-0.179179,1.000000,0.200000,0.102675
-0.178478,1.000000,0.200000,0.102708
-0.177778,1.000000,0.200000,0.102743
-0.177077,1.000000,0.200000,0.102778
-0.176376,1.000000,0.200000,0.102814
-0.175676,1.000000,0.200000,0.102851
-0.174975,1.000000,0.200000,0.102889
-0.174274,1.000000,0.200000,0.102928
-0.173574,1.000000,0.200000,0.102968
-0.172873,1.000000,0.200000,0.103009
-0.172172,1.000000,0.200000,0.103050
-0.171471,1.000000,0.200000,0.103093
-0.170771,1.000000,0.200000,0.103137
-0.170070,1.000000,0.200000,0.103182
-0.169369,1.000000,0.200000,0.103228
-0.168669,1.000000,0.200000,0.103275
-0.167968,1.000000,0.200000,0.103323
-0.167267,1.000000,0.200000,0.103373
-0.166567,1.000000,0.200000,0.103424
-0.165866,1.000000,0.200000,0.103476
-0.165165,1.000000,0.200000,0.103529
-0.164464,1.000000,0.200000,0.103584
-0.163764,1.000000,0.200000,0.103640
-0.163063,1.000000,0.200000,0.103697
-0.162362,1.000000,0.200000,0.103756
-0.161662,1.000000,0.200000,0.103817
-0.160961,1.000000,0.200000,0.103879
-0.160260,1.000000,0.200000,0.103943
-0.159560,1.000000,0.200000,0.104008
-0.158859,1.000000,0.200000,0.104075
-0.158158,1.000000,0.200000,0.104143
-0.157457,1.000000,0.200000,0.104214
-0.156757,1.000000,0.200000,0.104286
-0.156056,1.000000,0.200000,0.104360
-0.155355,1.000000,0.200000,0.104436
-0.154655,1.000000,0.200000,0.104514
-0.153954,1.000000,0.200000,0.104594
-0.153253,1.000000,0.200000,0.104676
-0.152553,1.000000,0.200000,0.104761
-0.151852,1.000000,0.200000,0.104847
-0.151151,1.000000,0.200000,0.104936
-0.150450,1.000000,0.200000,0.105027
-0.149750,1.000000,0.200000,0.105120
-0.149049,1.000000,0.200000,0.105216
-0.148348,1.000000,0.200000,0.105315
-0.147648,1.000000,0.200000,0.105416
-0.146947,1.000000,0.200000,0.105519
-0.146246,1.000000,0.200000,0.105626
-0.145546,1.000000,0.200000,0.105735
-0.144845,1.000000,0.200000,0.105847
-0.144144,1.000000,0.200000,0.105962
-0.143443,1.000000,0.200000,0.106080
-0.142743,1.000000,0.200000,0.106201
-0.142042,1.000000,0.200000,0.106325
-0.141341,1.000000,0.200000,0.106452
-0.140641,1.000000,0.200000,0.106583
-0.139940,1.000000,0.200000,0.106717
-0.139239,1.000000,0.200000,0.106855
-0.138539,1.000000,0.200000,0.106996
-0.137838,1.000000,0.200000,0.107141
-0.137137,1.000000,0.200000,0.107290
-0.136436,1.000000,0.200000,0.107442
-0.135736,1.000000,0.200000,0.107599
-0.135035,1.000000,0.200000,0.107759
-0.134334,1.000000,0.200000,0.107924
-0.133634,1.000000,0.200000,0.108093
-0.132933,1.000000,0.200000,0.108266
-0.132232,1.000000,0.200000,0.108444
-0.131532,1.000000,0.200000,0.108626
-0.130831,1.000000,0.200000,0.108813
-0.130130,1.000000,0.200000,0.109005
-0.129429,1.000000,0.200000,0.109201
-0.128729,1.000000,0.200000,0.109402
-0.128028,1.000000,0.200000,0.109609
-0.127327,1.000000,0.200000,0.109820
-0.126627,1.000000,0.200000,0.110037
-0.125926,1.000000,0.200000,0.110259
-0.125225,1.000000,0.200000,0.110487
-0.124525,1.000000,0.200000,0.110720
-0.123824,1.000000,0.200000,0.110959
-0.123123,1.000000,0.200000,0.111203
-0.122422,1.000000,0.200000,0.111454
-0.121722,1.000000,0.200000,0.111711
-0.121021,1.000000,0.200000,0.111973
-0.120320,1.000000,0.200000,0.112242
-0.119620,1.000000,0.200000,0.112517
-0.118919,1.000000,0.200000,0.112799
-0.118218,1.000000,0.200000,0.113087
-0.117518,1.000000,0.200000,0.113382
-0.116817,1.000000,0.200000,0.113684
-0.116116,1.000000,0.200000,0.113992
-0.115415,1.000000,0.200000,0.114308
-0.114715,1.000000,0.200000,0.114630
-0.114014,1.000000,0.200000,0.114960
-0.113313,1.000000,0.200000,0.115297
-0.112613,1.000000,0.200000,0.115642
-0.111912,1.000000,0.200000,0.115993
-0.111211,1.000000,0.200000,0.116353
-0.110511,1.000000,0.200000,0.116720
-0.109810,1.000000,0.200000,0.117095
-0.109109,1.000000,0.200000,0.117477
-0.108408,1.000000,0.200000,0.117868
-0.107708,1.000000,0.200000,0.118266
-0.107007,1.000000,0.200000,0.118673
-0.106306,1.000000,0.200000,0.119088
-0.105606,1.000000,0.200000,0.119511
-0.104905,1.000000,0.200000,0.119942
-0.104204,1.000000,0.200000,0.120382
-0.103504,1.000000,0.200000,0.120830
-0.102803,1.000000,0.200000,0.121287
-0.102102,1.000000,0.200000,0.121752
-0.101401,1.000000,0.200000,0.122226
-0.100701,1.000000,0.200000,0.122709
-0.100000,1.000000,0.200000,0.123200
-0.800000,1.000000,0.400000,0.100948
-0.799299,1.000000,0.400000,0.100948
-0.798599,1.000000,0.400000,0.100948
-0.797898,1.000000,0.400000,0.100948
-0.797197,1.000000,0.400000,0.100948
-0.796496,1.000000,0.400000,0.100948
-0.795796,1.000000,0.400000,0.100948
-0.795095,1.000000,0.400000,0.100948
-0.794394,1.000000,0.400000,0.100948
-0.793694,1.000000,0.400000,0.100948
-0.792993,1.000000,0.400000,0.100948
-0.792292,1.000000,0.400000,0.100948
-0.791592,1.000000,0.400000,0.100948
-0.790891,1.000000,0.400000,0.100948
-0.790190,1.000000,0.400000,0.100948
-0.789489,1.000000,0.400000,0.100948
-0.788789,1.000000,0.400000,0.100948
-0.788088,1.000000,0.400000,0.100948
-0.787387,1.000000,0.400000,0.100948
-0.786687,1.000000,0.400000,0.100948
-0.785986,1.000000,0.400000,0.100948
-0.785285,1.000000,0.400000,0.100948
-0.784585,1.000000,0.400000,0.100948
-0.783884,1.000000,0.400000,0.100948
-0.783183,1.000000,0.400000,0.100948
-0.782482,1.000000,0.400000,0.100948
-0.781782,1.000000,0.400000,0.100948
-0.781081,1.000000,0.400000,0.100948
-0.780380,1.000000,0.400000,0.100948
-0.779680,1.000000,0.400000,0.100948
-0.778979,1.000000,0.400000,0.100948
-0.778278,1.000000,0.400000,0.100948
-0.777578,1.000000,0.400000,0.100948
-0.776877,1.000000,0.400000,0.100948
-0.776176,1.000000,0.400000,0.100948
-0.775475,1.000000,0.400000,0.100947
-0.774775,1.000000,0.400000,0.100947
-0.774074,1.000000,0.400000,0.100947
-0.773373,1.000000,0.400000,0.100947
-0.772673,1.000000,0.400000,0.100947
-0.771972,1.000000,0.400000,0.100947
-0.771271,1.000000,0.400000,0.100947
-0.770571,1.000000,0.400000,0.100947
-0.769870,1.000000,0.400000,0.100947
-0.769169,1.000000,0.400000,0.100947
-0.768468,1.000000,0.400000,0.100947
-0.767768,1.000000,0.400000,0.100947
-0.767067,1.000000,0.400000,0.100947
-0.766366,1.000000,0.400000,0.100947
-0.765666,1.000000,0.400000,0.100947
-0.764965,1.000000,0.400000,0.100947
-0.764264,1.000000,0.400000,0.100947
-0.763564,1.000000,0.400000,0.100947
-0.762863,1.000000,0.400000,0.100947
-0.762162,1.000000,0.400000,0.100947
-0.761461,1.000000,0.400000,0.100947
-0.760761,1.000000,0.400000,0.100947
-0.760060,1.000000,0.400000,0.100947
-0.759359,1.000000,0.400000,0.100947
-0.758659,1.000000,0.400000,0.100947
-0.757958,1.000000,0.400000,0.100947
-0.757257,1.000000,0.400000,0.100947
-0.756557,1.000000,0.400000,0.100947
-0.755856,1.000000,0.400000,0.100947
-0.755155,1.000000,0.400000,0.100947
-0.754454,1.000000,0.400000,0.100947
-0.753754,1.000000,0.400000,0.100947
-0.753053,1.000000,0.400000,0.100947
-0.752352,1.000000,0.400000,0.100947
-0.751652,1.000000,0.400000,0.100947
-0.750951,1.000000,0.400000,0.100947
-0.750250,1.000000,0.400000,0.100947
-0.749550,1.000000,0.400000,0.100947
-0.748849,1.000000,0.400000,0.100947
-0.748148,1.000000,0.400000,0.100947
-0.747447,1.000000,0.400000,0.100947
-0.746747,1.000000,0.400000,0.100947
-0.746046,1.000000,0.400000,0.100947
-0.745345,1.000000,0.400000,0.100947
-0.744645,1.000000,0.400000,0.100947
-0.743944,1.000000,0.400000,0.100947
-0.743243,1.000000,0.400000,0.100947
-0.742543,1.000000,0.400000,0.100947
-0.741842,1.000000,0.400000,0.100947
-0.741141,1.000000,0.400000,0.100947
-0.740440,1.000000,0.400000,0.100947
-0.739740,1.000000,0.400000,0.100947
-0.739039,1.000000,0.400000,0.100947
-0.738338,1.000000,0.400000,0.100947
-0.737638,1.000000,0.400000,0.100947
-0.736937,1.000000,0.400000,0.100947
-0.736236,1.000000,0.400000,0.100947
-0.735536,1.000000,0.400000,0.100947
-0.734835,1.000000,0.400000,0.100947
-0.734134,1.000000,0.400000,0.100947
-0.733433,1.000000,0.400000,0.100947
-0.732733,1.000000,0.400000,0.100947
-0.732032,1.000000,0.400000,0.100947
-0.731331,1.000000,0.400000,0.100947
-0.730631,1.000000,0.400000,0.100947
-0.729930,1.000000,0.400000,0.100947
-0.729229,1.000000,0.400000,0.100947
-0.728529,1.000000,0.400000,0.100947
-0.727828,1.000000,0.400000,0.100947
-0.727127,1.000000,0.400000,0.100947
-0.726426,1.000000,0.400000,0.100947
-0.725726,1.000000,0.400000,0.100947
-0.725025,1.000000,0.400000,0.100947
-0.724324,1.000000,0.400000,0.100947
-0.723624,1.000000,0.400000,0.100947
-0.722923,1.000000,0.400000,0.100947
-0.722222,1.000000,0.400000,0.100947
-0.721522,1.000000,0.400000,0.100947
-0.720821,1.000000,0.400000,0.100947
-0.720120,1.000000,0.400000,0.100947
-0.719419,1.000000,0.400000,0.100947
-0.718719,1.000000,0.400000,0.100947
-0.718018,1.000000,0.400000,0.100947
-0.717317,1.000000,0.400000,0.100947
-0.716617,1.000000,0.400000,0.100947
-0.715916,1.000000,0.400000,0.100947
-0.715215,1.000000,0.400000,0.100947
-0.714515,1.000000,0.400000,0.100947
-0.713814,1.000000,0.400000,0.100947
-0.713113,1.000000,0.400000,0.100947
-0.712412,1.000000,0.400000,0.100947
-0.711712,1.000000,0.400000,0.100947
-0.711011,1.000000,0.400000,0.100947
-0.710310,1.000000,0.400000,0.100947
-0.709610,1.000000,0.400000,0.100947
-0.708909,1.000000,0.400000,0.100947
-0.708208,1.000000,0.400000,0.100947
-0.707508,1.000000,0.400000,0.100947
-0.706807,1.000000,0.400000,0.100947
-0.706106,1.000000,0.400000,0.100947
-0.705405,1.000000,0.400000,0.100947
-0.704705,1.000000,0.400000,0.100947
-0.704004,1.000000,0.400000,0.100947
-0.703303,1.000000,0.400000,0.100947
-0.702603,1.000000,0.400000,0.100947
-0.701902,1.000000,0.400000,0.100947
-0.701201,1.000000,0.400000,0.100947
-0.700501,1.000000,0.400000,0.100947
-0.699800,1.000000,0.400000,0.100947
-0.699099,1.000000,0.400000,0.100947
-0.698398,1.000000,0.400000,0.100947
-0.697698,1.000000,0.400000,0.100947
-0.696997,1.000000,0.400000,0.100947
-0.696296,1.000000,0.400000,0.100947
-0.695596,1.000000,0.400000,0.100947
-0.694895,1.000000,0.400000,0.100947
-0.694194,1.000000,0.400000,0.100947
-0.693493,1.000000,0.400000,0.100947
-0.692793,1.000000,0.400000,0.100947
-0.692092,1.000000,0.400000,0.100947
-0.691391,1.000000,0.400000,0.100947
-0.690691,1.000000,0.400000,0.100947
-0.689990,1.000000,0.400000,0.100947
-0.689289,1.000000,0.400000,0.100947
-0.688589,1.000000,0.400000,0.100947
-0.687888,1.000000,0.400000,0.100947
-0.687187,1.000000,0.400000,0.100947
-0.686486,1.000000,0.400000,0.100947
-0.685786,1.000000,0.400000,0.100947
-0.685085,1.000000,0.400000,0.100947
-0.684384,1.000000,0.400000,0.100947
-0.683684,1.000000,0.400000,0.100947
-0.682983,1.000000,0.400000,0.100947
-0.682282,1.000000,0.400000,0.100947
-0.681582,1.000000,0.400000,0.100947
-0.680881,1.000000,0.400000,0.100946
-0.680180,1.000000,0.400000,0.100947
-0.679479,1.000000,0.400000,0.100946
-0.678779,1.000000,0.400000,0.100946
-0.678078,1.000000,0.400000,0.100946
-0.677377,1.000000,0.400000,0.100946
-0.676677,1.000000,0.400000,0.100946
-0.675976,1.000000,0.400000,0.100946
-0.675275,1.000000,0.400000,0.100946
-0.674575,1.000000,0.400000,0.100946
-0.673874,1.000000,0.400000,0.100946
-0.673173,1.000000,0.400000,0.100946
-0.672472,1.000000,0.400000,0.100946
-0.671772,1.000000,0.400000,0.100946
-0.671071,1.000000,0.400000,0.100946
-0.670370,1.000000,0.400000,0.100946
-0.669670,1.000000,0.400000,0.100946
-0.668969,1.000000,0.400000,0.100946
-0.668268,1.000000,0.400000,0.100946
-0.667568,1.000000,0.400000,0.100946
-0.666867,1.000000,0.400000,0.100946
-0.666166,1.000000,0.400000,0.100946
-0.665465,1.000000,0.400000,0.100946
-0.664765,1.000000,0.400000,0.100946
-0.664064,1.000000,0.400000,0.100946
-0.663363,1.000000,0.400000,0.100946
-0.662663,1.000000,0.400000,0.100946
-0.661962,1.000000,0.400000,0.100946
-0.661261,1.000000,0.400000,0.100946
-0.660561,1.000000,0.400000,0.100946
-0.659860,1.000000,0.400000,0.100946
-0.659159,1.000000,0.400000,0.100946
-0.658458,1.000000,0.400000,0.100946
-0.657758,1.000000,0.400000,0.100946
-0.657057,1.000000,0.400000,0.100946
-0.656356,1.000000,0.400000,0.100946
-0.655656,1.000000,0.400000,0.100946
-0.654955,1.000000,0.400000,0.100946
-0.654254,1.000000,0.400000,0.100946
-0.653554,1.000000,0.400000,0.100946
-0.652853,1.000000,0.400000,0.100946
-0.652152,1.000000,0.400000,0.100946
-0.651451,1.000000,0.400000,0.100946
-0.650751,1.000000,0.400000,0.100946
-0.650050,1.000000,0.400000,0.100946
-0.649349,1.000000,0.400000,0.100946
-0.648649,1.000000,0.400000,0.100946
-0.647948,1.000000,0.400000,0.100946
-0.647247,1.000000,0.400000,0.100946
-0.646547,1.000000,0.400000,0.100946
-0.645846,1.000000,0.400000,0.100946
-0.645145,1.000000,0.400000,0.100946
-0.644444,1.000000,0.400000,0.100946
-0.643744,1.000000,0.400000,0.100946
-0.643043,1.000000,0.400000,0.100946
-0.642342,1.000000,0.400000,0.100946
-0.641642,1.000000,0.400000,0.100946
-0.640941,1.000000,0.400000,0.100946
-0.640240,1.000000,0.400000,0.100946
-0.639540,1.000000,0.400000,0.100946
-0.638839,1.000000,0.400000,0.100946
-0.638138,1.000000,0.400000,0.100946
-0.637437,1.000000,0.400000,0.100946
-0.636737,1.000000,0.400000,0.100946
-0.636036,1.000000,0.400000,0.100946
-0.635335,1.000000,0.400000,0.100946
-0.634635,1.000000,0.400000,0.100946
-0.633934,1.000000,0.400000,0.100946
-0.633233,1.000000,0.400000,0.100946
-0.632533,1.000000,0.400000,0.100946
-0.631832,1.000000,0.400000,0.100946
-0.631131,1.000000,0.400000,0.100946
-0.630430,1.000000,0.400000,0.100946
-0.629730,1.000000,0.400000,0.100946
-0.629029,1.000000,0.400000,0.100946
-0.628328,1.000000,0.400000,0.100946
-0.627628,1.000000,0.400000,0.100946
-0.626927,1.000000,0.400000,0.100946
-0.626226,1.000000,0.400000,0.100946
-0.625526,1.000000,0.400000,0.100946
-0.624825,1.000000,0.400000,0.100946
-0.624124,1.000000,0.400000,0.100946
-0.623423,1.000000,0.400000,0.100946
-0.622723,1.000000,0.400000,0.100946
-0.622022,1.000000,0.400000,0.100946
-0.621321,1.000000,0.400000,0.100946
-0.620621,1.000000,0.400000,0.100946
-0.619920,1.000000,0.400000,0.100946
-0.619219,1.000000,0.400000,0.100946
-0.618519,1.000000,0.400000,0.100946
-0.617818,1.000000,0.400000,0.100946
-0.617117,1.000000,0.400000,0.100946
-0.616416,1.000000,0.400000,0.100946
-0.615716,1.000000,0.400000,0.100946
-0.615015,1.000000,0.400000,0.100946
-0.614314,1.000000,0.400000,0.100946
-0.613614,1.000000,0.400000,0.100946
-0.612913,1.000000,0.400000,0.100946
-0.612212,1.000000,0.400000,0.100946
-0.611512,1.000000,0.400000,0.100946
-0.610811,1.000000,0.400000,0.100946
-0.610110,1.000000,0.400000,0.100946
-0.609409,1.000000,0.400000,0.100946
-0.608709,1.000000,0.400000,0.100946
-0.608008,1.000000,0.400000,0.100946
-0.607307,1.000000,0.400000,0.100946
-0.606607,1.000000,0.400000,0.100946
-0.605906,1.000000,0.400000,0.100946
-0.605205,1.000000,0.400000,0.100946
-0.604505,1.000000,0.400000,0.100946
-0.603804,1.000000,0.400000,0.100946
-0.603103,1.000000,0.400000,0.100946
-0.602402,1.000000,0.400000,0.100946
-0.601702,1.000000,0.400000,0.100946
-0.601001,1.000000,0.400000,0.100946
-0.600300,1.000000,0.400000,0.100946
-0.599600,1.000000,0.400000,0.100946
-0.598899,1.000000,0.400000,0.100946
-0.598198,1.000000,0.400000,0.100946
-0.597497,1.000000,0.400000,0.100947
-0.596797,1.000000,0.400000,0.100947
-0.596096,1.000000,0.400000,0.100947
-0.595395,1.000000,0.400000,0.100947
-0.594695,1.000000,0.400000,0.100947
-0.593994,1.000000,0.400000,0.100947
-0.593293,1.000000,0.400000,0.100947
-0.592593,1.000000,0.400000,0.100947
-0.591892,1.000000,0.400000,0.100947
-0.591191,1.000000,0.400000,0.100947
-0.590490,1.000000,0.400000,0.100947
-0.589790,1.000000,0.400000,0.100947
-0.589089,1.000000,0.400000,0.100947
-0.588388,1.000000,0.400000,0.100947
-0.587688,1.000000,0.400000,0.100947
-0.586987,1.000000,0.400000,0.100947
-0.586286,1.000000,0.400000,0.100947
-0.585586,1.000000,0.400000,0.100947
-0.584885,1.000000,0.400000,0.100947
-0.584184,1.000000,0.400000,0.100947
-0.583483,1.000000,0.400000,0.100947
-0.582783,1.000000,0.400000,0.100947
-0.582082,1.000000,0.400000,0.100947
-0.581381,1.000000,0.400000,0.100947
-0.580681,1.000000,0.400000,0.100947
-0.579980,1.000000,0.400000,0.100947
-0.579279,1.000000,0.400000,0.100947
-0.578579,1.000000,0.400000,0.100947
-0.577878,1.000000,0.400000,0.100947
-0.577177,1.000000,0.400000,0.100947
-0.576476,1.000000,0.400000,0.100947
-0.575776,1.000000,0.400000,0.100947
-0.575075,1.000000,0.400000,0.100947
-0.574374,1.000000,0.400000,0.100947
-0.573674,1.000000,0.400000,0.100947
-0.572973,1.000000,0.400000,0.100947
-0.572272,1.000000,0.400000,0.100947
-0.571572,1.000000,0.400000,0.100947
-0.570871,1.000000,0.400000,0.100947
-0.570170,1.000000,0.400000,0.100947
-0.569469,1.000000,0.400000,0.100947
-0.568769,1.000000,0.400000,0.100947
-0.568068,1.000000,0.400000,0.100947
-0.567367,1.000000,0.400000,0.100947
-0.566667,1.000000,0.400000,0.100947
-0.565966,1.000000,0.400000,0.100947
-0.565265,1.000000,0.400000,0.100947
-0.564565,1.000000,0.400000,0.100947
-0.563864,1.000000,0.400000,0.100947
-0.563163,1.000000,0.400000,0.100947
-0.562462,1.000000,0.400000,0.100947
-0.561762,1.000000,0.400000,0.100947
-0.561061,1.000000,0.400000,0.100947
-0.560360,1.000000,0.400000,0.100947
-0.559660,1.000000,0.400000,0.100947
-0.558959,1.000000,0.400000,0.100947
-0.558258,1.000000,0.400000,0.100947
-0.557558,1.000000,0.400000,0.100947
-0.556857,1.000000,0.400000,0.100947
-0.556156,1.000000,0.400000,0.100947
-0.555455,1.000000,0.400000,0.100948
-0.554755,1.000000,0.400000,0.100948
-0.554054,1.000000,0.400000,0.100948
-0.553353,1.000000,0.400000,0.100948
-0.552653,1.000000,0.400000,0.100948
-0.551952,1.000000,0.400000,0.100948
-0.551251,1.000000,0.400000,0.100948
-0.550551,1.000000,0.400000,0.100948
-0.549850,1.000000,0.400000,0.100948
-0.549149,1.000000,0.400000,0.100948
-0.548448,1.000000,0.400000,0.100948
-0.547748,1.000000,0.400000,0.100948
-0.547047,1.000000,0.400000,0.100948
-0.546346,1.000000,0.400000,0.100948
-0.545646,1.000000,0.400000,0.100948
-0.544945,1.000000,0.400000,0.100948
-0.544244,1.000000,0.400000,0.100948
-0.543544,1.000000,0.400000,0.100948
-0.542843,1.000000,0.400000,0.100948
-0.542142,1.000000,0.400000,0.100948
-0.541441,1.000000,0.400000,0.100948
-0.540741,1.000000,0.400000,0.100948
-0.540040,1.000000,0.400000,0.100948
-0.539339,1.000000,0.400000,0.100948
-0.538639,1.000000,0.400000,0.100948
-0.537938,1.000000,0.400000,0.100948
-0.537237,1.000000,0.400000,0.100948
-0.536537,1.000000,0.400000,0.100948
-0.535836,1.000000,0.400000,0.100948
-0.535135,1.000000,0.400000,0.100948
-0.534434,1.000000,0.400000,0.100948
-0.533734,1.000000,0.400000,0.100949
-0.533033,1.000000,0.400000,0.100949
-0.532332,1.000000,0.400000,0.100949
-0.531632,1.000000,0.400000,0.100949
-0.530931,1.000000,0.400000,0.100949
-0.530230,1.000000,0.400000,0.100949
-0.529530,1.000000,0.400000,0.100949
-0.528829,1.000000,0.400000,0.100949
-0.528128,1.000000,0.400000,0.100949
-0.527427,1.000000,0.400000,0.100949
-0.526727,1.000000,0.400000,0.100949
-0.526026,1.000000,0.400000,0.100949
-0.525325,1.000000,0.400000,0.100949
-0.524625,1.000000,0.400000,0.100949
-0.523924,1.000000,0.400000,0.100949
-0.523223,1.000000,0.400000,0.100949
-0.522523,1.000000,0.400000,0.100949
-0.521822,1.000000,0.400000,0.100949
-0.521121,1.000000,0.400000,0.100949
-0.520420,1.000000,0.400000,0.100949
-0.519720,1.000000,0.400000,0.100949
-0.519019,1.000000,0.400000,0.100950
-0.518318,1.000000,0.400000,0.100950
-0.517618,1.000000,0.400000,0.100950
-0.516917,1.000000,0.400000,0.100950
-0.516216,1.000000,0.400000,0.100950
-0.515516,1.000000,0.400000,0.100950
-0.514815,1.000000,0.400000,0.100950
-0.514114,1.000000,0.400000,0.100950
-0.513413,1.000000,0.400000,0.100950
-0.512713,1.000000,0.400000,0.100950
-0.512012,1.000000,0.400000,0.100950
-0.511311,1.000000,0.400000,0.100950
-0.510611,1.000000,0.400000,0.100950
-0.509910,1.000000,0.400000,0.100950
-0.509209,1.000000,0.400000,0.100950
-0.508509,1.000000,0.400000,0.100950
-0.507808,1.000000,0.400000,0.100950
-0.507107,1.000000,0.400000,0.100950
-0.506406,1.000000,0.400000,0.100951
-0.505706,1.000000,0.400000,0.100951
-0.505005,1.000000,0.400000,0.100951
-0.504304,1.000000,0.400000,0.100951
-0.503604,1.000000,0.400000,0.100951
-0.502903,1.000000,0.400000,0.100951
-0.502202,1.000000,0.400000,0.100951
-0.501502,1.000000,0.400000,0.100951
-0.500801,1.000000,0.400000,0.100951
-0.500100,1.000000,0.400000,0.100951
-0.499399,1.000000,0.400000,0.100951
-0.498699,1.000000,0.400000,0.100951
-0.497998,1.000000,0.400000,0.100951
-0.497297,1.000000,0.400000,0.100951
-0.496597,1.000000,0.400000,0.100952
-0.495896,1.000000,0.400000,0.100952
-0.495195,1.000000,0.400000,0.100952
-0.494494,1.000000,0.400000,0.100952
-0.493794,1.000000,0.400000,0.100952
-0.493093,1.000000,0.400000,0.100952
-0.492392,1.000000,0.400000,0.100952
-0.491692,1.000000,0.400000,0.100952
-0.490991,1.000000,0.400000,0.100952
-0.490290,1.000000,0.400000,0.100952
-0.489590,1.000000,0.400000,0.100952
-0.488889,1.000000,0.400000,0.100952
-0.488188,1.000000,0.400000,0.100953
-0.487487,1.000000,0.400000,0.100953
-0.486787,1.000000,0.400000,0.100953
-0.486086,1.000000,0.400000,0.100953
-0.485385,1.000000,0.400000,0.100953
-0.484685,1.000000,0.400000,0.100953
-0.483984,1.000000,0.400000,0.100953
-0.483283,1.000000,0.400000,0.100953
-0.482583,1.000000,0.400000,0.100953
-0.481882,1.000000,0.400000,0.100953
-0.481181,1.000000,0.400000,0.100954
-0.480480,1.000000,0.400000,0.100954
-0.479780,1.000000,0.400000,0.100954
-0.479079,1.000000,0.400000,0.100954
-0.478378,1.000000,0.400000,0.100954
-0.477678,1.000000,0.400000,0.100954
-0.476977,1.000000,0.400000,0.100954
-0.476276,1.000000,0.400000,0.100954
-0.475576,1.000000,0.400000,0.100954
-0.474875,1.000000,0.400000,0.100954
-0.474174,1.000000,0.400000,0.100955
-0.473473,1.000000,0.400000,0.100955
-0.472773,1.000000,0.400000,0.100955
-0.472072,1.000000,0.400000,0.100955
-0.471371,1.000000,0.400000,0.100955
-0.470671,1.000000,0.400000,0.100955
-0.469970,1.000000,0.400000,0.100955
-0.469269,1.000000,0.400000,0.100955
-0.468569,1.000000,0.400000,0.100955
-0.467868,1.000000,0.400000,0.100956
-0.467167,1.000000,0.400000,0.100956
-0.466466,1.000000,0.400000,0.100956
-0.465766,1.000000,0.400000,0.100956
-0.465065,1.000000,0.400000,0.100956
-0.464364,1.000000,0.400000,0.100956
-0.463664,1.000000,0.400000,0.100956
-0.462963,1.000000,0.400000,0.100956
-0.462262,1.000000,0.400000,0.100957
-0.461562,1.000000,0.400000,0.100957
-0.460861,1.000000,0.400000,0.100957
-0.460160,1.000000,0.400000,0.100957
-0.459459,1.000000,0.400000,0.100957
-0.458759,1.000000,0.400000,0.100957
-0.458058,1.000000,0.400000,0.100957
-0.457357,1.000000,0.400000,0.100958
-0.456657,1.000000,0.400000,0.100958
-0.455956,1.000000,0.400000,0.100958
-0.455255,1.000000,0.400000,0.100958
-0.454555,1.000000,0.400000,0.100958
-0.453854,1.000000,0.400000,0.100958
-0.453153,1.000000,0.400000,0.100959
-0.452452,1.000000,0.400000,0.100959
-0.451752,1.000000,0.400000,0.100959
-0.451051,1.000000,0.400000,0.100959
-0.450350,1.000000,0.400000,0.100959
-0.449650,1.000000,0.400000,0.100959
-0.448949,1.000000,0.400000,0.100959
-0.448248,1.000000,0.400000,0.100960
-0.447548,1.000000,0.400000,0.100960
-0.446847,1.000000,0.400000,0.100960
-0.446146,1.000000,0.400000,0.100960
-0.445445,1.000000,0.400000,0.100960
-0.444745,1.000000,0.400000,0.100961
-0.444044,1.000000,0.400000,0.100961
-0.443343,1.000000,0.400000,0.100961
-0.442643,1.000000,0.400000,0.100961
-0.441942,1.000000,0.400000,0.100961
-0.441241,1.000000,0.400000,0.100961
-0.440541,1.000000,0.400000,0.100962
-0.439840,1.000000,0.400000,0.100962
-0.439139,1.000000,0.400000,0.100962
-0.438438,1.000000,0.400000,0.100962
-0.437738,1.000000,0.400000,0.100962
-0.437037,1.000000,0.400000,0.100963
-0.436336,1.000000,0.400000,0.100963
-0.435636,1.000000,0.400000,0.100963
-0.434935,1.000000,0.400000,0.100963
-0.434234,1.000000,0.400000,0.100963
-0.433534,1.000000,0.400000,0.100964
-0.432833,1.000000,0.400000,0.100964
-0.432132,1.000000,0.400000,0.100964
-0.431431,1.000000,0.400000,0.100964
-0.430731,1.000000,0.400000,0.100965
-0.430030,1.000000,0.400000,0.100965
-0.429329,1.000000,0.400000,0.100965
-0.428629,1.000000,0.400000,0.100965
-0.427928,1.000000,0.400000,0.100965
-0.427227,1.000000,0.400000,0.100966
-0.426527,1.000000,0.400000,0.100966
-0.425826,1.000000,0.400000,0.100966
-0.425125,1.000000,0.400000,0.100966
-0.424424,1.000000,0.400000,0.100967
-0.423724,1.000000,0.400000,0.100967
-0.423023,1.000000,0.400000,0.100967
-0.422322,1.000000,0.400000,0.100967
-0.421622,1.000000,0.400000,0.100968
-0.420921,1.000000,0.400000,0.100968
-0.420220,1.000000,0.400000,0.100968
-0.419520,1.000000,0.400000,0.100968
-0.418819,1.000000,0.400000,0.100969
-0.418118,1.000000,0.400000,0.100969
-0.417417,1.000000,0.400000,0.100969
-0.416717,1.000000,0.400000,0.100969
-0.416016,1.000000,0.400000,0.100970
-0.415315,1.000000,0.400000,0.100970
-0.414615,1.000000,0.400000,0.100970
-0.413914,1.000000,0.400000,0.100971
-0.413213,1.000000,0.400000,0.100971
-0.412513,1.000000,0.400000,0.100971
-0.411812,1.000000,0.400000,0.100971
-0.411111,1.000000,0.400000,0.100972
-0.410410,1.000000,0.400000,0.100972
-0.409710,1.000000,0.400000,0.100972
-0.409009,1.000000,0.400000,0.100973
-0.408308,1.000000,0.400000,0.100973
-0.407608,1.000000,0.400000,0.100973
-0.406907,1.000000,0.400000,0.100974
-0.406206,1.000000,0.400000,0.100974
-0.405506,1.000000,0.400000,0.100974
-0.404805,1.000000,0.400000,0.100975
-0.404104,1.000000,0.400000,0.100975
-0.403403,1.000000,0.400000,0.100975
-0.402703,1.000000,0.400000,0.100976
-0.402002,1.000000,0.400000,0.100976
-0.401301,1.000000,0.400000,0.100976
-0.400601,1.000000,0.400000,0.100977
-0.399900,1.000000,0.400000,0.100977
-0.399199,1.000000,0.400000,0.100977
-0.398498,1.000000,0.400000,0.100978
-0.397798,1.000000,0.400000,0.100978
-0.397097,1.000000,0.400000,0.100978
-0.396396,1.000000,0.400000,0.100979
-0.395696,1.000000,0.400000,0.100979
-0.394995,1.000000,0.400000,0.100980
-0.394294,1.000000,0.400000,0.100980
-0.393594,1.000000,0.400000,0.100980
-0.392893,1.000000,0.400000,0.100981
-0.392192,1.000000,0.400000,0.100981
-0.391491,1.000000,0.400000,0.100981
-0.390791,1.000000,0.400000,0.100982
-0.390090,1.000000,0.400000,0.100982
-0.389389,1.000000,0.400000,0.100983
-0.388689,1.000000,0.400000,0.100983
-0.387988,1.000000,0.400000,0.100984
-0.387287,1.000000,0.400000,0.100984
-0.386587,1.000000,0.400000,0.100984
-0.385886,1.000000,0.400000,0.100985
-0.385185,1.000000,0.400000,0.100985
-0.384484,1.000000,0.400000,0.100986
-0.383784,1.000000,0.400000,0.100986
-0.383083,1.000000,0.400000,0.100987
-0.382382,1.000000,0.400000,0.100987
-0.381682,1.000000,0.400000,0.100988
-0.380981,1.000000,0.400000,0.100988
-0.380280,1.000000,0.400000,0.100989
-0.379580,1.000000,0.400000,0.100989
-0.378879,1.000000,0.400000,0.100989
-0.378178,1.000000,0.400000,0.100990
-0.377477,1.000000,0.400000,0.100991
-0.376777,1.000000,0.400000,0.100991
-0.376076,1.000000,0.400000,0.100992
-0.375375,1.000000,0.400000,0.100992
-0.374675,1.000000,0.400000,0.100993
-0.373974,1.000000,0.400000,0.100993
-0.373273,1.000000,0.400000,0.100994
-0.372573,1.000000,0.400000,0.100994
-0.371872,1.000000,0.400000,0.100995
-0.371171,1.000000,0.400000,0.100995
-0.370470,1.000000,0.400000,0.100996
-0.369770,1.000000,0.400000,0.100996
-0.369069,1.000000,0.400000,0.100997
-0.368368,1.000000,0.400000,0.100998
-0.367668,1.000000,0.400000,0.100998
-0.366967,1.000000,0.400000,0.100999
-0.366266,1.000000,0.400000,0.100999
-0.365566,1.000000,0.400000,0.101000
-0.364865,1.000000,0.400000,0.101001
-0.364164,1.000000,0.400000,0.101001
-0.363463,1.000000,0.400000,0.101002
-0.362763,1.000000,0.400000,0.101002
-0.362062,1.000000,0.400000,0.101003
-0.361361,1.000000,0.400000,0.101004
-0.360661,1.000000,0.400000,0.101004
-0.359960,1.000000,0.400000,0.101005
-0.359259,1.000000,0.400000,0.101006
-0.358559,1.000000,0.400000,0.101006
-0.357858,1.000000,0.400000,0.101007
-0.357157,1.000000,0.400000,0.101008
-0.356456,1.000000,0.400000,0.101008
-0.355756,1.000000,0.400000,0.101009
-0.355055,1.000000,0.400000,0.101010
-0.354354,1.000000,0.400000,0.101011
-0.353654,1.000000,0.400000,0.101011
-0.352953,1.000000,0.400000,0.101012
-0.352252,1.000000,0.400000,0.101013
-0.351552,1.000000,0.400000,0.101014
-0.350851,1.000000,0.400000,0.101014
-0.350150,1.000000,0.400000,0.101015
-0.349449,1.000000,0.400000,0.101016
-0.348749,1.000000,0.400000,0.101017
-0.348048,1.000000,0.400000,0.101017
-0.347347,1.000000,0.400000,0.101018
-0.346647,1.000000,0.400000,0.101019
-0.345946,1.000000,0.400000,0.101020
-0.345245,1.000000,0.400000,0.101021
-0.344545,1.000000,0.400000,0.101022
-0.343844,1.000000,0.400000,0.101022
-0.343143,1.000000,0.400000,0.101023
-0.342442,1.000000,0.400000,0.101024
-0.341742,1.000000,0.400000,0.101025
-0.341041,1.000000,0.400000,0.101026
-0.340340,1.000000,0.400000,0.101027
-0.339640,1.000000,0.400000,0.101028
-0.338939,1.000000,0.400000,0.101029
-0.338238,1.000000,0.400000,0.101030
-0.337538,1.000000,0.400000,0.101031
-0.336837,1.000000,0.400000,0.101032
-0.336136,1.000000,0.400000,0.101032
-0.335435,1.000000,0.400000,0.101033
-0.334735,1.000000,0.400000,0.101034
-0.334034,1.000000,0.400000,0.101035
-0.333333,1.000000,0.400000,0.101037
-0.332633,1.000000,0.400000,0.101038
-0.331932,1.000000,0.400000,0.101039
-0.331231,1.000000,0.400000,0.101040
-0.330531,1.000000,0.400000,0.101041
-0.329830,1.000000,0.400000,0.101042
-0.329129,1.000000,0.400000,0.101043
-0.328428,1.000000,0.400000,0.101044
-0.327728,1.000000,0.400000,0.101045
-0.327027,1.000000,0.400000,0.101046
-0.326326,1.000000,0.400000,0.101047
-0.325626,1.000000,0.400000,0.101049
-0.324925,1.000000,0.400000,0.101050
-0.324224,1.000000,0.400000,0.101051
-0.323524,1.000000,0.400000,0.101052
-0.322823,1.000000,0.400000,0.101053
-0.322122,1.000000,0.400000,0.101055
-0.321421,1.000000,0.400000,0.101056
-0.320721,1.000000,0.400000,0.101057
-0.320020,1.000000,0.400000,0.101058
-0.319319,1.000000,0.400000,0.101060
-0.318619,1.000000,0.400000,0.101061
-0.317918,1.000000,0.400000,0.101062
-0.317217,1.000000,0.400000,0.101064
-0.316517,1.000000,0.400000,0.101065
-0.315816,1.000000,0.400000,0.101066
-0.315115,1.000000,0.400000,0.101068
-0.314414,1.000000,0.400000,0.101069
-0.313714,1.000000,0.400000,0.101071
-0.313013,1.000000,0.400000,0.101072
-0.312312,1.000000,0.400000,0.101073
-0.311612,1.000000,0.400000,0.101075
-0.310911,1.000000,0.400000,0.101076
-0.310210,1.000000,0.400000,0.101078
-0.309510,1.000000,0.400000,0.101079
-0.308809,1.000000,0.400000,0.101081
-0.308108,1.000000,0.400000,0.101083
-0.307407,1.000000,0.400000,0.101084
-0.306707,1.000000,0.400000,0.101086
-0.306006,1.000000,0.400000,0.101087
-0.305305,1.000000,0.400000,0.101089
-0.304605,1.000000,0.400000,0.101091
-0.303904,1.000000,0.400000,0.101092
-0.303203,1.000000,0.400000,0.101094
-0.302503,1.000000,0.400000,0.101096
-0.301802,1.000000,0.400000,0.101098
-0.301101,1.000000,0.400000,0.101099
-0.300400,1.000000,0.400000,0.101101
-0.299700,1.000000,0.400000,0.101103
-0.298999,1.000000,0.400000,0.101105
-0.298298,1.000000,0.400000,0.101107
-0.297598,1.000000,0.400000,0.101109
-0.296897,1.000000,0.400000,0.101111
-0.296196,1.000000,0.400000,0.101113
-0.295495,1.000000,0.400000,0.101114
-0.294795,1.000000,0.400000,0.101117
-0.294094,1.000000,0.400000,0.101119
-0.293393,1.000000,0.400000,0.101121
-0.292693,1.000000,0.400000,0.101123
-0.291992,1.000000,0.400000,0.101125
-0.291291,1.000000,0.400000,0.101127
-0.290591,1.000000,0.400000,0.101129
-0.289890,1.000000,0.400000,0.101131
-0.289189,1.000000,0.400000,0.101133
-0.288488,1.000000,0.400000,0.101136
-0.287788,1.000000,0.400000,0.101138
-0.287087,1.000000,0.400000,0.101140
-0.286386,1.000000,0.400000,0.101143
-0.285686,1.000000,0.400000,0.101145
-0.284985,1.000000,0.400000,0.101147
-0.284284,1.000000,0.400000,0.101150
-0.283584,1.000000,0.400000,0.101152
-0.282883,1.000000,0.400000,0.101155
-0.282182,1.000000,0.400000,0.101157
-0.281481,1.000000,0.400000,0.101160
-0.280781,1.000000,0.400000,0.101163
-0.280080,1.000000,0.400000,0.101165
-0.279379,1.000000,0.400000,0.101168
-0.278679,1.000000,0.400000,0.101171
-0.277978,1.000000,0.400000,0.101173
-0.277277,1.000000,0.400000,0.101176
-0.276577,1.000000,0.400000,0.101179
-0.275876,1.000000,0.400000,0.101182
-0.275175,1.000000,0.400000,0.101185
-0.274474,1.000000,0.400000,0.101188
-0.273774,1.000000,0.400000,0.101191
-0.273073,1.000000,0.400000,0.101194
-0.272372,1.000000,0.400000,0.101197
-0.271672,1.000000,0.400000,0.101200
-0.270971,1.000000,0.400000,0.101203
-0.270270,1.000000,0.400000,0.101206
-0.269570,1.000000,0.400000,0.101210
-0.268869,1.000000,0.400000,0.101213
-0.268168,1.000000,0.400000,0.101216
-0.267467,1.000000,0.400000,0.101220
-0.266767,1.000000,0.400000,0.101223
-0.266066,1.000000,0.400000,0.101227
-0.265365,1.000000,0.400000,0.101230
-0.264665,1.000000,0.400000,0.101234
-0.263964,1.000000,0.400000,0.101237
-0.263263,1.000000,0.400000,0.101241
-0.262563,1.000000,0.400000,0.101245
-0.261862,1.000000,0.400000,0.101249
-0.261161,1.000000,0.400000,0.101253
-0.260460,1.000000,0.400000,0.101257
-0.259760,1.000000,0.400000,0.101261
-0.259059,1.000000,0.400000,0.101265
-0.258358,1.000000,0.400000,0.101269
-0.257658,1.000000,0.400000,0.101273
-0.256957,1.000000,0.400000,0.101277
-0.256256,1.000000,0.400000,0.101282
-0.255556,1.000000,0.400000,0.101286
-0.254855,1.000000,0.400000,0.101290
-0.254154,1.000000,0.400000,0.101295
-0.253453,1.000000,0.400000,0.101300
-0.252753,1.000000,0.400000,0.101304
-0.252052,1.000000,0.400000,0.101309
-0.251351,1.000000,0.400000,0.101314
-0.250651,1.000000,0.400000,0.101319
-0.249950,1.000000,0.400000,0.101324
-0.249249,1.000000,0.400000,0.101329
-0.248549,1.000000,0.400000,0.101334
-0.247848,1.000000,0.400000,0.101339
-0.247147,1.000000,0.400000,0.101344
-0.246446,1.000000,0.400000,0.101350
-0.245746,1.000000,0.400000,0.101355
-0.245045,1.000000,0.400000,0.101361
-0.244344,1.000000,0.400000,0.101366
-0.243644,1.000000,0.400000,0.101372
-0.242943,1.000000,0.400000,0.101378
-0.242242,1.000000,0.400000,0.101384
-0.241542,1.000000,0.400000,0.101390
-0.240841,1.000000,0.400000,0.101396
-0.240140,1.000000,0.400000,0.101402
-0.239439,1.000000,0.400000,0.101408
-0.238739,1.000000,0.400000,0.101415
-0.238038,1.000000,0.400000,0.101421
-0.237337,1.000000,0.400000,0.101428
-0.236637,1.000000,0.400000,0.101435
-0.235936,1.000000,0.400000,0.101442
-0.235235,1.000000,0.400000,0.101449
-0.234535,1.000000,0.400000,0.101456
-0.233834,1.000000,0.400000,0.101463
-0.233133,1.000000,0.400000,0.101470
-0.232432,1.000000,0.400000,0.101478
-0.231732,1.000000,0.400000,0.101485
-0.231031,1.000000,0.400000,0.101493
-0.230330,1.000000,0.400000,0.101501
-0.229630,1.000000,0.400000,0.101509
-0.228929,1.000000,0.400000,0.101517
-0.228228,1.000000,0.400000,0.101525
-0.227528,1.000000,0.400000,0.101534
-0.226827,1.000000,0.400000,0.101543
-0.226126,1.000000,0.400000,0.101551
-0.225425,1.000000,0.400000,0.101560
-0.224725,1.000000,0.400000,0.101569
-0.224024,1.000000,0.400000,0.101579
-0.223323,1.000000,0.400000,0.101588
-0.222623,1.000000,0.400000,0.101598
-0.221922,1.000000,0.400000,0.101607
-0.221221,1.000000,0.400000,0.101617
-0.220521,1.000000,0.400000,0.101627
-0.219820,1.000000,0.400000,0.101638
-0.219119,1.000000,0.400000,0.101648
-0.218418,1.000000,0.400000,0.101659
-0.217718,1.000000,0.400000,0.101670
-0.217017,1.000000,0.400000,0.101681
-0.216316,1.000000,0.400000,0.101692
-0.215616,1.000000,0.400000,0.101704
-0.214915,1.000000,0.400000,0.101716
-0.214214,1.000000,0.400000,0.101728
-0.213514,1.000000,0.400000,0.101740
-0.212813,1.000000,0.400000,0.101753
-0.212112,1.000000,0.400000,0.101765
-0.211411,1.000000,0.400000,0.101778
-0.210711,1.000000,0.400000,0.101792
-0.210010,1.000000,0.400000,0.101805
-0.209309,1.000000,0.400000,0.101819
-0.208609,1.000000,0.400000,0.101833
-0.207908,1.000000,0.400000,0.101847
-0.207207,1.000000,0.400000,0.101862
-0.206507,1.000000,0.400000,0.101877
-0.205806,1.000000,0.400000,0.101892
-0.205105,1.000000,0.400000,0.101908
-0.204404,1.000000,0.400000,0.101923
-0.203704,1.000000,0.400000,0.101940
-0.203003,1.000000,0.400000,0.101956
-0.202302,1.000000,0.400000,0.101973
-0.201602,1.000000,0.400000,0.101990
-0.200901,1.000000,0.400000,0.102008
-0.200200,1.000000,0.400000,0.102026
-0.199499,1.000000,0.400000,0.102044
-0.198799,1.000000,0.400000,0.102063
-0.198098,1.000000,0.400000,0.102082
-0.197397,1.000000,0.400000,0.102101
-0.196697,1.000000,0.400000,0.102121
-0.195996,1.000000,0.400000,0.102142
-0.195295,1.000000,0.400000,0.102163
-0.194595,1.000000,0.400000,0.102184
-0.193894,1.000000,0.400000,0.102206
-0.193193,1.000000,0.400000,0.102228
-0.192492,1.000000,0.400000,0.102251
-0.191792,1.000000,0.400000,0.102274
-0.191091,1.000000,0.400000,0.102297
-0.190390,1.000000,0.400000,0.102322
-0.189690,1.000000,0.400000,0.102347
-0.188989,1.000000,0.400000,0.102372
-0.188288,1.000000,0.400000,0.102398
-0.187588,1.000000,0.400000,0.102424
-0.186887,1.000000,0.400000,0.102452
-0.186186,1.000000,0.400000,0.102479
-0.185485,1.000000,0.400000,0.102508
-0.184785,1.000000,0.400000,0.102537
-0.184084,1.000000,0.400000,0.102567
-0.183383,1.000000,0.400000,0.102597
-0.182683,1.000000,0.400000,0.102628
-0.181982,1.000000,0.400000,0.102660
-0.181281,1.000000,0.400000,0.102693
-0.180581,1.000000,0.400000,0.102726
-0.179880,1.000000,0.400000,0.102760
-0.179179,1.000000,0.400000,0.102795
-0.178478,1.000000,0.400000,0.102831
-0.177778,1.000000,0.400000,0.102868
-0.177077,1.000000,0.400000,0.102905
-0.176376,1.000000,0.400000,0.102944
-0.175676,1.000000,0.400000,0.102983
-0.174975,1.000000,0.400000,0.103024
-0.174274,1.000000,0.400000,0.103065
-0.173574,1.000000,0.400000,0.103108
-0.172873,1.000000,0.400000,0.103151
-0.172172,1.000000,0.400000,0.103195
-0.171471,1.000000,0.400000,0.103241
-0.170771,1.000000,0.400000,0.103288
-0.170070,1.000000,0.400000,0.103336
-0.169369,1.000000,0.400000,0.103385
-0.168669,1.000000,0.400000,0.103435
-0.167968,1.000000,0.400000,0.103487
-0.167267,1.000000,0.400000,0.103540
-0.166567,1.000000,0.400000,0.103594
-0.165866,1.000000,0.400000,0.103650
-0.165165,1.000000,0.400000,0.103707
-0.164464,1.000000,0.400000,0.103765
-0.163764,1.000000,0.400000,0.103825
-0.163063,1.000000,0.400000,0.103887
-0.162362,1.000000,0.400000,0.103950
-0.161662,1.000000,0.400000,0.104014
-0.160961,1.000000,0.400000,0.104081
-0.160260,1.000000,0.400000,0.104149
-0.159560,1.000000,0.400000,0.104219
-0.158859,1.000000,0.400000,0.104291
-0.158158,1.000000,0.400000,0.104364
-0.157457,1.000000,0.400000,0.104440
-0.156757,1.000000,0.400000,0.104517
-0.156056,1.000000,0.400000,0.104597
-0.155355,1.000000,0.400000,0.104678
-0.154655,1.000000,0.400000,0.104762
-0.153954,1.000000,0.400000,0.104848
-0.153253,1.000000,0.400000,0.104936
-0.152553,1.000000,0.400000,0.105026
-0.151852,1.000000,0.400000,0.105119
-0.151151,1.000000,0.400000,0.105214
-0.150450,1.000000,0.400000,0.105312
-0.149750,1.000000,0.400000,0.105413
-0.149049,1.000000,0.400000,0.105516
-0.148348,1.000000,0.400000,0.105622
-0.147648,1.000000,0.400000,0.105730
-0.146947,1.000000,0.400000,0.105842
-0.146246,1.000000,0.400000,0.105956
-0.145546,1.000000,0.400000,0.106074
-0.144845,1.000000,0.400000,0.106194
-0.144144,1.000000,0.400000,0.106318
-0.143443,1.000000,0.400000,0.106445
-0.142743,1.000000,0.400000,0.106575
-0.142042,1.000000,0.400000,0.106709
-0.141341,1.000000,0.400000,0.106847
-0.140641,1.000000,0.400000,0.106988
-0.139940,1.000000,0.400000,0.107133
-0.139239,1.000000,0.400000,0.107281
-0.138539,1.000000,0.400000,0.107434
-0.137838,1.000000,0.400000,0.107590
-0.137137,1.000000,0.400000,0.107751
-0.136436,1.000000,0.400000,0.107916
-0.135736,1.000000,0.400000,0.108085
-0.135035,1.000000,0.400000,0.108258
-0.134334,1.000000,0.400000,0.108436
-0.133634,1.000000,0.400000,0.108619
-0.132933,1.000000,0.400000,0.108806
-0.132232,1.000000,0.400000,0.108999
-0.131532,1.000000,0.400000,0.109196
-0.130831,1.000000,0.400000,0.109398
-0.130130,1.000000,0.400000,0.109606
-0.129429,1.000000,0.400000,0.109818
-0.128729,1.000000,0.400000,0.110036
-0.128028,1.000000,0.400000,0.110260
-0.127327,1.000000,0.400000,0.110489
-0.126627,1.000000,0.400000,0.110724
-0.125926,1.000000,0.400000,0.110965
-0.125225,1.000000,0.400000,0.111212
-0.124525,1.000000,0.400000,0.111465
-0.123824,1.000000,0.400000,0.111724
-0.123123,1.000000,0.400000,0.111990
-0.122422,1.000000,0.400000,0.112262
-0.121722,1.000000,0.400000,0.112541
-0.121021,1.000000,0.400000,0.112826
-0.120320,1.000000,0.400000,0.113118
-0.119620,1.000000,0.400000,0.113417
-0.118919,1.000000,0.400000,0.113723
-0.118218,1.000000,0.400000,0.114036
-0.117518,1.000000,0.400000,0.114357
-0.116817,1.000000,0.400000,0.114685
-0.116116,1.000000,0.400000,0.115020
-0.115415,1.000000,0.400000,0.115363
-0.114715,1.000000,0.400000,0.115714
-0.114014,1.000000,0.400000,0.116073
-0.113313,1.000000,0.400000,0.116439
-0.112613,1.000000,0.400000,0.116814
-0.111912,1.000000,0.400000,0.117196
-0.111211,1.000000,0.400000,0.117587
-0.110511,1.000000,0.400000,0.117986
-0.109810,1.000000,0.400000,0.118394
-0.109109,1.000000,0.400000,0.118810
-0.108408,1.000000,0.400000,0.119234
-0.107708,1.000000,0.400000,0.119668
-0.107007,1.000000,0.400000,0.120110
-0.106306,1.000000,0.400000,0.120560
-0.105606,1.000000,0.400000,0.121020
-0.104905,1.000000,0.400000,0.121488
-0.104204,1.000000,0.400000,0.121966
-0.103504,1.000000,0.400000,0.122453
-0.102803,1.000000,0.400000,0.122948
-0.102102,1.000000,0.400000,0.123453
-0.101401,1.000000,0.400000,0.123968
-0.100701,1.000000,0.400000,0.124491
-0.100000,1.000000,0.400000,0.125024
-0.800000,1.000000,0.600000,0.100952
-0.799299,1.000000,0.600000,0.100952
-0.798599,1.000000,0.600000,0.100952
-0.797898,1.000000,0.600000,0.100952
-0.797197,1.000000,0.600000,0.100952
-0.796496,1.000000,0.600000,0.100952
-0.795796,1.000000,0.600000,0.100951
-0.795095,1.000000,0.600000,0.100951
-0.794394,1.000000,0.600000,0.100951
-0.793694,1.000000,0.600000,0.100951
-0.792993,1.000000,0.600000,0.100951
-0.792292,1.000000,0.600000,0.100951
-0.791592,1.000000,0.600000,0.100951
-0.790891,1.000000,0.600000,0.100951
-0.790190,1.000000,0.600000,0.100951
-0.789489,1.000000,0.600000,0.100951
-0.788789,1.000000,0.600000,0.100951
-0.788088,1.000000,0.600000,0.100951
-0.787387,1.000000,0.600000,0.100951
-0.786687,1.000000,0.600000,0.100951
-0.785986,1.000000,0.600000,0.100951
-0.785285,1.000000,0.600000,0.100951
-0.784585,1.000000,0.600000,0.100951
-0.783884,1.000000,0.600000,0.100951
-0.783183,1.000000,0.600000,0.100951
-0.782482,1.000000,0.600000,0.100951
-0.781782,1.000000,0.600000,0.100951
-0.781081,1.000000,0.600000,0.100951
-0.780380,1.000000,0.600000,0.100951
-0.779680,1.000000,0.600000,0.100951
-0.778979,1.000000,0.600000,0.100951
-0.778278,1.000000,0.600000,0.100951
-0.777578,1.000000,0.600000,0.100951
-0.776877,1.000000,0.600000,0.100951
-0.776176,1.000000,0.600000,0.100951
-0.775475,1.000000,0.600000,0.100951
-0.774775,1.000000,0.600000,0.100951
-0.774074,1.000000,0.600000,0.100951
-0.773373,1.000000,0.600000,0.100951
-0.772673,1.000000,0.600000,0.100951
-0.771972,1.000000,0.600000,0.100951
-0.771271,1.000000,0.600000,0.100951
-0.770571,1.000000,0.600000,0.100951
-0.769870,1.000000,0.600000,0.100951
-0.769169,1.000000,0.600000,0.100951
-0.768468,1.000000,0.600000,0.100951
-0.767768,1.000000,0.600000,0.100951
-0.767067,1.000000,0.600000,0.100951
-0.766366,1.000000,0.600000,0.100951
-0.765666,1.000000,0.600000,0.100951
-0.764965,1.000000,0.600000,0.100951
-0.764264,1.000000,0.600000,0.100951
-0.763564,1.000000,0.600000,0.100951
-0.762863,1.000000,0.600000,0.100951
-0.762162,1.000000,0.600000,0.100951
-0.761461,1.000000,0.600000,0.100951
-0.760761,1.000000,0.600000,0.100951
-0.760060,1.000000,0.600000,0.100951
-0.759359,1.000000,0.600000,0.100951
-0.758659,1.000000,0.600000,0.100951
-0.757958,1.000000,0.600000,0.100951
-0.757257,1.000000,0.600000,0.100951
-0.756557,1.000000,0.600000,0.100951
-0.755856,1.000000,0.600000,0.100951
-0.755155,1.000000,0.600000,0.100951
-0.754454,1.000000,0.600000,0.100951
-0.753754,1.000000,0.600000,0.100951
-0.753053,1.000000,0.600000,0.100951
-0.752352,1.000000,0.600000,0.100951
-0.751652,1.000000,0.600000,0.100951
-0.750951,1.000000,0.600000,0.100951
-0.750250,1.000000,0.600000,0.100951
-0.749550,1.000000,0.600000,0.100951
-0.748849,1.000000,0.600000,0.100951
-0.748148,1.000000,0.600000,0.100951
-0.747447,1.000000,0.600000,0.100951
-0.746747,1.000000,0.600000,0.100951
-0.746046,1.000000,0.600000,0.100951
-0.745345,1.000000,0.600000,0.100951
-0.744645,1.000000,0.600000,0.100951
-0.743944,1.000000,0.600000,0.100951
-0.743243,1.000000,0.600000,0.100951
-0.742543,1.000000,0.600000,0.100951
-0.741842,1.000000,0.600000,0.100951
-0.741141,1.000000,0.600000,0.100951
-0.740440,1.000000,0.600000,0.100951
-0.739740,1.000000,0.600000,0.100951
-0.739039,1.000000,0.600000,0.100951
-0.738338,1.000000,0.600000,0.100951
-0.737638,1.000000,0.600000,0.100951
-0.736937,1.000000,0.600000,0.100951
-0.736236,1.000000,0.600000,0.100951
-0.735536,1.000000,0.600000,0.100951
-0.734835,1.000000,0.600000,0.100951
-0.734134,1.000000,0.600000,0.100951
-0.733433,1.000000,0.600000,0.100951
-0.732733,1.000000,0.600000,0.100951
-0.732032,1.000000,0.600000,0.100951
-0.731331,1.000000,0.600000,0.100951
-0.730631,1.000000,0.600000,0.100951
-0.729930,1.000000,0.600000,0.100951
-0.729229,1.000000,0.600000,0.100951
-0.728529,1.000000,0.600000,0.100951
-0.727828,1.000000,0.600000,0.100951
-0.727127,1.000000,0.600000,0.100951
-0.726426,1.000000,0.600000,0.100951
-0.725726,1.000000,0.600000,0.100951
-0.725025,1.000000,0.600000,0.100951
-0.724324,1.000000,0.600000,0.100951
-0.723624,1.000000,0.600000,0.100951
-0.722923,1.000000,0.600000,0.100951
-0.722222,1.000000,0.600000,0.100951
-0.721522,1.000000,0.600000,0.100951
-0.720821,1.000000,0.600000,0.100951
-0.720120,1.000000,0.600000,0.100951
-0.719419,1.000000,0.600000,0.100951
-0.718719,1.000000,0.600000,0.100951
-0.718018,1.000000,0.600000,0.100951
-0.717317,1.000000,0.600000,0.100951
-0.716617,1.000000,0.600000,0.100951
-0.715916,1.000000,0.600000,0.100951
-0.715215,1.000000,0.600000,0.100951
-0.714515,1.000000,0.600000,0.100951
-0.713814,1.000000,0.600000,0.100951
-0.713113,1.000000,0.600000,0.100951
-0.712412,1.000000,0.600000,0.100951
-0.711712,1.000000,0.600000,0.100951
-0.711011,1.000000,0.600000,0.100951
-0.710310,1.000000,0.600000,0.100951
-0.709610,1.000000,0.600000,0.100951
-0.708909,1.000000,0.600000,0.100951
-0.708208,1.000000,0.600000,0.100951
-0.707508,1.000000,0.600000,0.100951
-0.706807,1.000000,0.600000,0.100951
-0.706106,1.000000,0.600000,0.100951
-0.705405,1.000000,0.600000,0.100951
-0.704705,1.000000,0.600000,0.100951
-0.704004,1.000000,0.600000,0.100951
-0.703303,1.000000,0.600000,0.100951
-0.702603,1.000000,0.600000,0.100951
-0.701902,1.000000,0.600000,0.100951
-0.701201,1.000000,0.600000,0.100951
-0.700501,1.000000,0.600000,0.100951
-0.699800,1.000000,0.600000,0.100951
-0.699099,1.000000,0.600000,0.100951
-0.698398,1.000000,0.600000,0.100951
-0.697698,1.000000,0.600000,0.100951
-0.696997,1.000000,0.600000,0.100951
-0.696296,1.000000,0.600000,0.100951
-0.695596,1.000000,0.600000,0.100951
-0.694895,1.000000,0.600000,0.100951
-0.694194,1.000000,0.600000,0.100951
-0.693493,1.000000,0.600000,0.100951
-0.692793,1.000000,0.600000,0.100951
-0.692092,1.000000,0.600000,0.100951
-0.691391,1.000000,0.600000,0.100951
-0.690691,1.000000,0.600000,0.100951
-0.689990,1.000000,0.600000,0.100951
-0.689289,1.000000,0.600000,0.100951
-0.688589,1.000000,0.600000,0.100951
-0.687888,1.000000,0.600000,0.100951
-0.687187,1.000000,0.600000,0.100951
-0.686486,1.000000,0.600000,0.100951
-0.685786,1.000000,0.600000,0.100951
-0.685085,1.000000,0.600000,0.100951
-0.684384,1.000000,0.600000,0.100951
-0.683684,1.000000,0.600000,0.100951
-0.682983,1.000000,0.600000,0.100951
-0.682282,1.000000,0.600000,0.100951
-0.681582,1.000000,0.600000,0.100951
-0.680881,1.000000,0.600000,0.100951
-0.680180,1.000000,0.600000,0.100951
-0.679479,1.000000,0.600000,0.100951
-0.678779,1.000000,0.600000,0.100951
-0.678078,1.000000,0.600000,0.100951
-0.677377,1.000000,0.600000,0.100951
-0.676677,1.000000,0.600000,0.100951
-0.675976,1.000000,0.600000,0.100951
-0.675275,1.000000,0.600000,0.100951
-0.674575,1.000000,0.600000,0.100951
-0.673874,1.000000,0.600000,0.100951
-0.673173,1.000000,0.600000,0.100951
-0.672472,1.000000,0.600000,0.100951
-0.671772,1.000000,0.600000,0.100951
-0.671071,1.000000,0.600000,0.100951
-0.670370,1.000000,0.600000,0.100951
-0.669670,1.000000,0.600000,0.100951
-0.668969,1.000000,0.600000,0.100951
-0.668268,1.000000,0.600000,0.100951
-0.667568,1.000000,0.600000,0.100951
-0.666867,1.000000,0.600000,0.100951
-0.666166,1.000000,0.600000,0.100951
-0.665465,1.000000,0.600000,0.100951
-0.664765,1.000000,0.600000,0.100951
-0.664064,1.000000,0.600000,0.100951
-0.663363,1.000000,0.600000,0.100951
-0.662663,1.000000,0.600000,0.100951
-0.661962,1.000000,0.600000,0.100951
-0.661261,1.000000,0.600000,0.100951
-0.660561,1.000000,0.600000,0.100951
-0.659860,1.000000,0.600000,0.100951
-0.659159,1.000000,0.600000,0.100951
-0.658458,1.000000,0.600000,0.100951
-0.657758,1.000000,0.600000,0.100951
-0.657057,1.000000,0.600000,0.100951
-0.656356,1.000000,0.600000,0.100951
-0.655656,1.000000,0.600000,0.100951
-0.654955,1.000000,0.600000,0.100951
-0.654254,1.000000,0.600000,0.100951
-0.653554,1.000000,0.600000,0.100951
-0.652853,1.000000,0.600000,0.100951
-0.652152,1.000000,0.600000,0.100951
-0.651451,1.000000,0.600000,0.100951
-0.650751,1.000000,0.600000,0.100951
-0.650050,1.000000,0.600000,0.100951
-0.649349,1.000000,0.600000,0.100951
-0.648649,1.000000,0.600000,0.100951
-0.647948,1.000000,0.600000,0.100951
-0.647247,1.000000,0.600000,0.100951
-0.646547,1.000000,0.600000,0.100951
-0.645846,1.000000,0.600000,0.100951
-0.645145,1.000000,0.600000,0.100951
-0.644444,1.000000,0.600000,0.100951
-0.643744,1.000000,0.600000,0.100951
-0.643043,1.000000,0.600000,0.100951
-0.642342,1.000000,0.600000,0.100951
-0.641642,1.000000,0.600000,0.100951
-0.640941,1.000000,0.600000,0.100951
-0.640240,1.000000,0.600000,0.100951
-0.639540,1.000000,0.600000,0.100951
-0.638839,1.000000,0.600000,0.100951
-0.638138,1.000000,0.600000,0.100951
-0.637437,1.000000,0.600000,0.100951
-0.636737,1.000000,0.600000,0.100951
-0.636036,1.000000,0.600000,0.100951
-0.635335,1.000000,0.600000,0.100951
-0.634635,1.000000,0.600000,0.100951
-0.633934,1.000000,0.600000,0.100951
-0.633233,1.000000,0.600000,0.100951
-0.632533,1.000000,0.600000,0.100951
-0.631832,1.000000,0.600000,0.100951
-0.631131,1.000000,0.600000,0.100951
-0.630430,1.000000,0.600000,0.100951
-0.629730,1.000000,0.600000,0.100951
-0.629029,1.000000,0.600000,0.100951
-0.628328,1.000000,0.600000,0.100951
-0.627628,1.000000,0.600000,0.100951
-0.626927,1.000000,0.600000,0.100951
-0.626226,1.000000,0.600000,0.100951
-0.625526,1.000000,0.600000,0.100951
-0.624825,1.000000,0.600000,0.100951
-0.624124,1.000000,0.600000,0.100951
-0.623423,1.000000,0.600000,0.100951
-0.622723,1.000000,0.600000,0.100951
-0.622022,1.000000,0.600000,0.100951
-0.621321,1.000000,0.600000,0.100951
-0.620621,1.000000,0.600000,0.100951
-0.619920,1.000000,0.600000,0.100952
-0.619219,1.000000,0.600000,0.100952
-0.618519,1.000000,0.600000,0.100952
-0.617818,1.000000,0.600000,0.100952
-0.617117,1.000000,0.600000,0.100952
-0.616416,1.000000,0.600000,0.100952
-0.615716,1.000000,0.600000,0.100952
-0.615015,1.000000,0.600000,0.100952
-0.614314,1.000000,0.600000,0.100952
-0.613614,1.000000,0.600000,0.100952
-0.612913,1.000000,0.600000,0.100952
-0.612212,1.000000,0.600000,0.100952
-0.611512,1.000000,0.600000,0.100952
-0.610811,1.000000,0.600000,0.100952
-0.610110,1.000000,0.600000,0.100952
-0.609409,1.000000,0.600000,0.100952
-0.608709,1.000000,0.600000,0.100952
-0.608008,1.000000,0.600000,0.100952
-0.607307,1.000000,0.600000,0.100952
-0.606607,1.000000,0.600000,0.100952
-0.605906,1.000000,0.600000,0.100952
-0.605205,1.000000,0.600000,0.100952
-0.604505,1.000000,0.600000,0.100952
-0.603804,1.000000,0.600000,0.100952
-0.603103,1.000000,0.600000,0.100952
-0.602402,1.000000,0.600000,0.100952
-0.601702,1.000000,0.600000,0.100952
-0.601001,1.000000,0.600000,0.100952
-0.600300,1.000000,0.600000,0.100952
-0.599600,1.000000,0.600000,0.100952
-0.598899,1.000000,0.600000,0.100952
-0.598198,1.000000,0.600000,0.100952
-0.597497,1.000000,0.600000,0.100952
-0.596797,1.000000,0.600000,0.100952
-0.596096,1.000000,0.600000,0.100952
-0.595395,1.000000,0.600000,0.100952
-0.594695,1.000000,0.600000,0.100952
-0.593994,1.000000,0.600000,0.100952
-0.593293,1.000000,0.600000,0.100952
-0.592593,1.000000,0.600000,0.100952
-0.591892,1.000000,0.600000,0.100952
-0.591191,1.000000,0.600000,0.100952
-0.590490,1.000000,0.600000,0.100952
-0.589790,1.000000,0.600000,0.100952
-0.589089,1.000000,0.600000,0.100952
-0.588388,1.000000,0.600000,0.100952
-0.587688,1.000000,0.600000,0.100952
-0.586987,1.000000,0.600000,0.100952
-0.586286,1.000000,0.600000,0.100952
-0.585586,1.000000,0.600000,0.100952
-0.584885,1.000000,0.600000,0.100952
-0.584184,1.000000,0.600000,0.100952
-0.583483,1.000000,0.600000,0.100952
-0.582783,1.000000,0.600000,0.100952
-0.582082,1.000000,0.600000,0.100952
-0.581381,1.000000,0.600000,0.100952
-0.580681,1.000000,0.600000,0.100952
-0.579980,1.000000,0.600000,0.100952
-0.579279,1.000000,0.600000,0.100952
-0.578579,1.000000,0.600000,0.100952
-0.577878,1.000000,0.600000,0.100952
-0.577177,1.000000,0.600000,0.100953
-0.576476,1.000000,0.600000,0.100953
-0.575776,1.000000,0.600000,0.100953
-0.575075,1.000000,0.600000,0.100953
-0.574374,1.000000,0.600000,0.100953
-0.573674,1.000000,0.600000,0.100953
-0.572973,1.000000,0.600000,0.100953
-0.572272,1.000000,0.600000,0.100953
-0.571572,1.000000,0.600000,0.100953
-0.570871,1.000000,0.600000,0.100953
-0.570170,1.000000,0.600000,0.100953
-0.569469,1.000000,0.600000,0.100953
-0.568769,1.000000,0.600000,0.100953
-0.568068,1.000000,0.600000,0.100953
-0.567367,1.000000,0.600000,0.100953
-0.566667,1.000000,0.600000,0.100953
-0.565966,1.000000,0.600000,0.100953
-0.565265,1.000000,0.600000,0.100953
-0.564565,1.000000,0.600000,0.100953
-0.563864,1.000000,0.600000,0.100953
-0.563163,1.000000,0.600000,0.100953
-0.562462,1.000000,0.600000,0.100953
-0.561762,1.000000,0.600000,0.100953
-0.561061,1.000000,0.600000,0.100953
-0.560360,1.000000,0.600000,0.100953
-0.559660,1.000000,0.600000,0.100953
-0.558959,1.000000,0.600000,0.100953
-0.558258,1.000000,0.600000,0.100953
-0.557558,1.000000,0.600000,0.100953
-0.556857,1.000000,0.600000,0.100953
-0.556156,1.000000,0.600000,0.100953
-0.555455,1.000000,0.600000,0.100953
-0.554755,1.000000,0.600000,0.100953
-0.554054,1.000000,0.600000,0.100953
-0.553353,1.000000,0.600000,0.100954
-0.552653,1.000000,0.600000,0.100954
-0.551952,1.000000,0.600000,0.100954
-0.551251,1.000000,0.600000,0.100954
-0.550551,1.000000,0.600000,0.100954
-0.549850,1.000000,0.600000,0.100954
-0.549149,1.000000,0.600000,0.100954
-0.548448,1.000000,0.600000,0.100954
-0.547748,1.000000,0.600000,0.100954
-0.547047,1.000000,0.600000,0.100954
-0.546346,1.000000,0.600000,0.100954
-0.545646,1.000000,0.600000,0.100954
-0.544945,1.000000,0.600000,0.100954
-0.544244,1.000000,0.600000,0.100954
-0.543544,1.000000,0.600000,0.100954
-0.542843,1.000000,0.600000,0.100954
-0.542142,1.000000,0.600000,0.100954
-0.541441,1.000000,0.600000,0.100954
-0.540741,1.000000,0.600000,0.100954
-0.540040,1.000000,0.600000,0.100954
-0.539339,1.000000,0.600000,0.100954
-0.538639,1.000000,0.600000,0.100954
-0.537938,1.000000,0.600000,0.100954
-0.537237,1.000000,0.600000,0.100954
-0.536537,1.000000,0.600000,0.100954
-0.535836,1.000000,0.600000,0.100955
-0.535135,1.000000,0.600000,0.100955
-0.534434,1.000000,0.600000,0.100955
-0.533734,1.000000,0.600000,0.100955
-0.533033,1.000000,0.600000,0.100955
-0.532332,1.000000,0.600000,0.100955
-0.531632,1.000000,0.600000,0.100955
-0.530931,1.000000,0.600000,0.100955
-0.530230,1.000000,0.600000,0.100955
-0.529530,1.000000,0.600000,0.100955
-0.528829,1.000000,0.600000,0.100955
-0.528128,1.000000,0.600000,0.100955
-0.527427,1.000000,0.600000,0.100955
-0.526727,1.000000,0.600000,0.100955
-0.526026,1.000000,0.600000,0.100955
-0.525325,1.000000,0.600000,0.100955
-0.524625,1.000000,0.600000,0.100955
-0.523924,1.000000,0.600000,0.100955
-0.523223,1.000000,0.600000,0.100955
-0.522523,1.000000,0.600000,0.100956
-0.521822,1.000000,0.600000,0.100956
-0.521121,1.000000,0.600000,0.100956
-0.520420,1.000000,0.600000,0.100956
-0.519720,1.000000,0.600000,0.100956
-0.519019,1.000000,0.600000,0.100956
-0.518318,1.000000,0.600000,0.100956
-0.517618,1.000000,0.600000,0.100956
-0.516917,1.000000,0.600000,0.100956
-0.516216,1.000000,0.600000,0.100956
-0.515516,1.000000,0.600000,0.100956
-0.514815,1.000000,0.600000,0.100956
-0.514114,1.000000,0.600000,0.100956
-0.513413,1.000000,0.600000,0.100956
-0.512713,1.000000,0.600000,0.100956
-0.512012,1.000000,0.600000,0.100956
-0.511311,1.000000,0.600000,0.100957
-0.510611,1.000000,0.600000,0.100957
-0.509910,1.000000,0.600000,0.100957
-0.509209,1.000000,0.600000,0.100957
-0.508509,1.000000,0.600000,0.100957
-0.507808,1.000000,0.600000,0.100957
-0.507107,1.000000,0.600000,0.100957
-0.506406,1.000000,0.600000,0.100957
-0.505706,1.000000,0.600000,0.100957
-0.505005,1.000000,0.600000,0.100957
-0.504304,1.000000,0.600000,0.100957
-0.503604,1.000000,0.600000,0.100957
-0.502903,1.000000,0.600000,0.100957
-0.502202,1.000000,0.600000,0.100958
-0.501502,1.000000,0.600000,0.100958
-0.500801,1.000000,0.600000,0.100958
-0.500100,1.000000,0.600000,0.100958
-0.499399,1.000000,0.600000,0.100958
-0.498699,1.000000,0.600000,0.100958
-0.497998,1.000000,0.600000,0.100958
-0.497297,1.000000,0.600000,0.100958
-0.496597,1.000000,0.600000,0.100958
-0.495896,1.000000,0.600000,0.100958
-0.495195,1.000000,0.600000,0.100958
-0.494494,1.000000,0.600000,0.100959
-0.493794,1.000000,0.600000,0.100959
-0.493093,1.000000,0.600000,0.100959
-0.492392,1.000000,0.600000,0.100959
-0.491692,1.000000,0.600000,0.100959
-0.490991,1.000000,0.600000,0.100959
-0.490290,1.000000,0.600000,0.100959
-0.489590,1.000000,0.600000,0.100959
-0.488889,1.000000,0.600000,0.100959
-0.488188,1.000000,0.600000,0.100959
-0.487487,1.000000,0.600000,0.100959
-0.486787,1.000000,0.600000,0.100960
-0.486086,1.000000,0.600000,0.100960
-0.485385,1.000000,0.600000,0.100960
-0.484685,1.000000,0.600000,0.100960
-0.483984,1.000000,0.600000,0.100960
-0.483283,1.000000,0.600000,0.100960
-0.482583,1.000000,0.600000,0.100960
-0.481882,1.000000,0.600000,0.100960
-0.481181,1.000000,0.600000,0.100960
-0.480480,1.000000,0.600000,0.100961
-0.479780,1.000000,0.600000,0.100961
-0.479079,1.000000,0.600000,0.100961
-0.478378,1.000000,0.600000,0.100961
-0.477678,1.000000,0.600000,0.100961
-0.476977,1.000000,0.600000,0.100961
-0.476276,1.000000,0.600000,0.100961
-0.475576,1.000000,0.600000,0.100961
-0.474875,1.000000,0.600000,0.100961
-0.474174,1.000000,0.600000,0.100962
-0.473473,1.000000,0.600000,0.100962
-0.472773,1.000000,0.600000,0.100962
-0.472072,1.000000,0.600000,0.100962
-0.471371,1.000000,0.600000,0.100962
-0.470671,1.000000,0.600000,0.100962
-0.469970,1.000000,0.600000,0.100962
-0.469269,1.000000,0.600000,0.100962
-0.468569,1.000000,0.600000,0.100963
-0.467868,1.000000,0.600000,0.100963
-0.467167,1.000000,0.600000,0.100963
-0.466466,1.000000,0.600000,0.100963
-0.465766,1.000000,0.600000,0.100963
-0.465065,1.000000,0.600000,0.100963
-0.464364,1.000000,0.600000,0.100963
-0.463664,1.000000,0.600000,0.100964
-0.462963,1.000000,0.600000,0.100964
-0.462262,1.000000,0.600000,0.100964
-0.461562,1.000000,0.600000,0.100964
-0.460861,1.000000,0.600000,0.100964
-0.460160,1.000000,0.600000,0.100964
-0.459459,1.000000,0.600000,0.100964
-0.458759,1.000000,0.600000,0.100965
-0.458058,1.000000,0.600000,0.100965
-0.457357,1.000000,0.600000,0.100965
-0.456657,1.000000,0.600000,0.100965
-0.455956,1.000000,0.600000,0.100965
-0.455255,1.000000,0.600000,0.100965
-0.454555,1.000000,0.600000,0.100966
-0.453854,1.000000,0.600000,0.100966
-0.453153,1.000000,0.600000,0.100966
-0.452452,1.000000,0.600000,0.100966
-0.451752,1.000000,0.600000,0.100966
-0.451051,1.000000,0.600000,0.100966
-0.450350,1.000000,0.600000,0.100967
-0.449650,1.000000,0.600000,0.100967
-0.448949,1.000000,0.600000,0.100967
-0.448248,1.000000,0.600000,0.100967
-0.447548,1.000000,0.600000,0.100967
-0.446847,1.000000,0.600000,0.100967
-0.446146,1.000000,0.600000,0.100968
-0.445445,1.000000,0.600000,0.100968
-0.444745,1.000000,0.600000,0.100968
-0.444044,1.000000,0.600000,0.100968
-0.443343,1.000000,0.600000,0.100968
-0.442643,1.000000,0.600000,0.100969
-0.441942,1.000000,0.600000,0.100969
-0.441241,1.000000,0.600000,0.100969
-0.440541,1.000000,0.600000,0.100969
-0.439840,1.000000,0.600000,0.100969
-0.439139,1.000000,0.600000,0.100970
-0.438438,1.000000,0.600000,0.100970
-0.437738,1.000000,0.600000,0.100970
-0.437037,1.000000,0.600000,0.100970
-0.436336,1.000000,0.600000,0.100970
-0.435636,1.000000,0.600000,0.100971
-0.434935,1.000000,0.600000,0.100971
-0.434234,1.000000,0.600000,0.100971
-0.433534,1.000000,0.600000,0.100971
-0.432833,1.000000,0.600000,0.100972
-0.432132,1.000000,0.600000,0.100972
-0.431431,1.000000,0.600000,0.100972
-0.430731,1.000000,0.600000,0.100972
-0.430030,1.000000,0.600000,0.100973
-0.429329,1.000000,0.600000,0.100973
-0.428629,1.000000,0.600000,0.100973
-0.427928,1.000000,0.600000,0.100973
-0.427227,1.000000,0.600000,0.100973
-0.426527,1.000000,0.600000,0.100974
-0.425826,1.000000,0.600000,0.100974
-0.425125,1.000000,0.600000,0.100974
-0.424424,1.000000,0.600000,0.100974
-0.423724,1.000000,0.600000,0.100975
-0.423023,1.000000,0.600000,0.100975
-0.422322,1.000000,0.600000,0.100975
-0.421622,1.000000,0.600000,0.100976
-0.420921,1.000000,0.600000,0.100976
-0.420220,1.000000,0.600000,0.100976
-0.419520,1.000000,0.600000,0.100976
-0.418819,1.000000,0.600000,0.100977
-0.418118,1.000000,0.600000,0.100977
-0.417417,1.000000,0.600000,0.100977
-0.416717,1.000000,0.600000,0.100977
-0.416016,1.000000,0.600000,0.100978
-0.415315,1.000000,0.600000,0.100978
-0.414615,1.000000,0.600000,0.100978
-0.413914,1.000000,0.600000,0.100979
-0.413213,1.000000,0.600000,0.100979
-0.412513,1.000000,0.600000,0.100979
-0.411812,1.000000,0.600000,0.100980
-0.411111,1.000000,0.600000,0.100980
-0.410410,1.000000,0.600000,0.100980
-0.409710,1.000000,0.600000,0.100981
-0.409009,1.000000,0.600000,0.100981
-0.408308,1.000000,0.600000,0.100981
-0.407608,1.000000,0.600000,0.100982
-0.406907,1.000000,0.600000,0.100982
-0.406206,1.000000,0.600000,0.100982
-0.405506,1.000000,0.600000,0.100983
-0.404805,1.000000,0.600000,0.100983
-0.404104,1.000000,0.600000,0.100983
-0.403403,1.000000,0.600000,0.100984
-0.402703,1.000000,0.600000,0.100984
-0.402002,1.000000,0.600000,0.100984
-0.401301,1.000000,0.600000,0.100985
-0.400601,1.000000,0.600000,0.100985
-0.399900,1.000000,0.600000,0.100985
-0.399199,1.000000,0.600000,0.100986
-0.398498,1.000000,0.600000,0.100986
-0.397798,1.000000,0.600000,0.100986
-0.397097,1.000000,0.600000,0.100987
-0.396396,1.000000,0.600000,0.100987
-0.395696,1.000000,0.600000,0.100988
-0.394995,1.000000,0.600000,0.100988
-0.394294,1.000000,0.600000,0.100988
-0.393594,1.000000,0.600000,0.100989
-0.392893,1.000000,0.600000,0.100989
-0.392192,1.000000,0.600000,0.100990
-0.391491,1.000000,0.600000,0.100990
-0.390791,1.000000,0.600000,0.100991
-0.390090,1.000000,0.600000,0.100991
-0.389389,1.000000,0.600000,0.100991
-0.388689,1.000000,0.600000,0.100992
-0.387988,1.000000,0.600000,0.100992
-0.387287,1.000000,0.600000,0.100993
-0.386587,1.000000,0.600000,0.100993
-0.385886,1.000000,0.600000,0.100994
-0.385185,1.000000,0.600000,0.100994
-0.384484,1.000000,0.600000,0.100995
-0.383784,1.000000,0.600000,0.100995
-0.383083,1.000000,0.600000,0.100995
-0.382382,1.000000,0.600000,0.100996
-0.381682,1.000000,0.600000,0.100996
-0.380981,1.000000,0.600000,0.100997
-0.380280,1.000000,0.600000,0.100997
-0.379580,1.000000,0.600000,0.100998
-0.378879,1.000000,0.600000,0.100998
-0.378178,1.000000,0.600000,0.100999
-0.377477,1.000000,0.600000,0.101000
-0.376777,1.000000,0.600000,0.101000
-0.376076,1.000000,0.600000,0.101001
-0.375375,1.000000,0.600000,0.101001
-0.374675,1.000000,0.600000,0.101002
-0.373974,1.000000,0.600000,0.101002
-0.373273,1.000000,0.600000,0.101003
-0.372573,1.000000,0.600000,0.101003
-0.371872,1.000000,0.600000,0.101004
-0.371171,1.000000,0.600000,0.101004
-0.370470,1.000000,0.600000,0.101005
-0.369770,1.000000,0.600000,0.101006
-0.369069,1.000000,0.600000,0.101006
-0.368368,1.000000,0.600000,0.101007
-0.367668,1.000000,0.600000,0.101007
-0.366967,1.000000,0.600000,0.101008
-0.366266,1.000000,0.600000,0.101009
-0.365566,1.000000,0.600000,0.101009
-0.364865,1.000000,0.600000,0.101010
-0.364164,1.000000,0.600000,0.101011
-0.363463,1.000000,0.600000,0.101011
-0.362763,1.000000,0.600000,0.101012
-0.362062,1.000000,0.600000,0.101012
-0.361361,1.000000,0.600000,0.101013
-0.360661,1.000000,0.600000,0.101014
-0.359960,1.000000,0.600000,0.101014
-0.359259,1.000000,0.600000,0.101015
-0.358559,1.000000,0.600000,0.101016
-0.357858,1.000000,0.600000,0.101017
-0.357157,1.000000,0.600000,0.101017
-0.356456,1.000000,0.600000,0.101018
-0.355756,1.000000,0.600000,0.101019
-0.355055,1.000000,0.600000,0.101019
-0.354354,1.000000,0.600000,0.101020
-0.353654,1.000000,0.600000,0.101021
-0.352953,1.000000,0.600000,0.101022
-0.352252,1.000000,0.600000,0.101022
-0.351552,1.000000,0.600000,0.101023
-0.350851,1.000000,0.600000,0.101024
-0.350150,1.000000,0.600000,0.101025
-0.349449,1.000000,0.600000,0.101026
-0.348749,1.000000,0.600000,0.101026
-0.348048,1.000000,0.600000,0.101027
-0.347347,1.000000,0.600000,0.101028
-0.346647,1.000000,0.600000,0.101029
-0.345946,1.000000,0.600000,0.101030
-0.345245,1.000000,0.600000,0.101031
-0.344545,1.000000,0.600000,0.101032
-0.343844,1.000000,0.600000,0.101032
-0.343143,1.000000,0.600000,0.101033
-0.342442,1.000000,0.600000,0.101034
-0.341742,1.000000,0.600000,0.101035
-0.341041,1.000000,0.600000,0.101036
-0.340340,1.000000,0.600000,0.101037
-0.339640,1.000000,0.600000,0.101038
-0.338939,1.000000,0.600000,0.101039
-0.338238,1.000000,0.600000,0.101040
-0.337538,1.000000,0.600000,0.101041
-0.336837,1.000000,0.600000,0.101042
-0.336136,1.000000,0.600000,0.101043
-0.335435,1.000000,0.600000,0.101044
-0.334735,1.000000,0.600000,0.101045
-0.334034,1.000000,0.600000,0.101046
-0.333333,1.000000,0.600000,0.101047
-0.332633,1.000000,0.600000,0.101048
-0.331932,1.000000,0.600000,0.101049
-0.331231,1.000000,0.600000,0.101050
-0.330531,1.000000,0.600000,0.101051
-0.329830,1.000000,0.600000,0.101052
-0.329129,1.000000,0.600000,0.101053
-0.328428,1.000000,0.600000,0.101055
-0.327728,1.000000,0.600000,0.101056
-0.327027,1.000000,0.600000,0.101057
-0.326326,1.000000,0.600000,0.101058
-0.325626,1.000000,0.600000,0.101059
-0.324925,1.000000,0.600000,0.101060
-0.324224,1.000000,0.600000,0.101062
-0.323524,1.000000,0.600000,0.101063
-0.322823,1.000000,0.600000,0.101064
-0.322122,1.000000,0.600000,0.101065
-0.321421,1.000000,0.600000,0.101067
-0.320721,1.000000,0.600000,0.101068
-0.320020,1.000000,0.600000,0.101069
-0.319319,1.000000,0.600000,0.101071
-0.318619,1.000000,0.600000,0.101072
-0.317918,1.000000,0.600000,0.101073
-0.317217,1.000000,0.600000,0.101075
-0.316517,1.000000,0.600000,0.101076
-0.315816,1.000000,0.600000,0.101077
-0.315115,1.000000,0.600000,0.101079
-0.314414,1.000000,0.600000,0.101080
-0.313714,1.000000,0.600000,0.101082
-0.313013,1.000000,0.600000,0.101083
-0.312312,1.000000,0.600000,0.101085
-0.311612,1.000000,0.600000,0.101086
-0.310911,1.000000,0.600000,0.101088
-0.310210,1.000000,0.600000,0.101089
-0.309510,1.000000,0.600000,0.101091
-0.308809,1.000000,0.600000,0.101093
-0.308108,1.000000,0.600000,0.101094
-0.307407,1.000000,0.600000,0.101096
-0.306707,1.000000,0.600000,0.101097
-0.306006,1.000000,0.600000,0.101099
-0.305305,1.000000,0.600000,0.101101
-0.304605,1.000000,0.600000,0.101102
-0.303904,1.000000,0.600000,0.101104
-0.303203,1.000000,0.600000,0.101106
-0.302503,1.000000,0.600000,0.101108
-0.301802,1.000000,0.600000,0.101110
-0.301101,1.000000,0.600000,0.101111
-0.300400,1.000000,0.600000,0.101113
-0.299700,1.000000,0.600000,0.101115
-0.298999,1.000000,0.600000,0.101117
-0.298298,1.000000,0.600000,0.101119
-0.297598,1.000000,0.600000,0.101121
-0.296897,1.000000,0.600000,0.101123
-0.296196,1.000000,0.600000,0.101125
-0.295495,1.000000,0.600000,0.101127
-0.294795,1.000000,0.600000,0.101129
-0.294094,1.000000,0.600000,0.101131
-0.293393,1.000000,0.600000,0.101133
-0.292693,1.000000,0.600000,0.101135
-0.291992,1.000000,0.600000,0.101137
-0.291291,1.000000,0.600000,0.101139
-0.290591,1.000000,0.600000,0.101142
-0.289890,1.000000,0.600000,0.101144
-0.289189,1.000000,0.600000,0.101146
-0.288488,1.000000,0.600000,0.101148
-0.287788,1.000000,0.600000,0.101151
-0.287087,1.000000,0.600000,0.101153
-0.286386,1.000000,0.600000,0.101156
-0.285686,1.000000,0.600000,0.101158
-0.284985,1.000000,0.600000,0.101160
-0.284284,1.000000,0.600000,0.101163
-0.283584,1.000000,0.600000,0.101165
-0.282883,1.000000,0.600000,0.101168
-0.282182,1.000000,0.600000,0.101171
-0.281481,1.000000,0.600000,0.101173
-0.280781,1.000000,0.600000,0.101176
-0.280080,1.000000,0.600000,0.101179
-0.279379,1.000000,0.600000,0.101181
-0.278679,1.000000,0.600000,0.101184
-0.277978,1.000000,0.600000,0.101187
-0.277277,1.000000,0.600000,0.101190
-0.276577,1.000000,0.600000,0.101193
-0.275876,1.000000,0.600000,0.101196
-0.275175,1.000000,0.600000,0.101199
-0.274474,1.000000,0.600000,0.101202
-0.273774,1.000000,0.600000,0.101205
-0.273073,1.000000,0.600000,0.101208
-0.272372,1.000000,0.600000,0.101211
-0.271672,1.000000,0.600000,0.101214
-0.270971,1.000000,0.600000,0.101217
-0.270270,1.000000,0.600000,0.101221
-0.269570,1.000000,0.600000,0.101224
-0.268869,1.000000,0.600000,0.101227
-0.268168,1.000000,0.600000,0.101231
-0.267467,1.000000,0.600000,0.101234
-0.266767,1.000000,0.600000,0.101238
-0.266066,1.000000,0.600000,0.101241
-0.265365,1.000000,0.600000,0.101245
-0.264665,1.000000,0.600000,0.101249
-0.263964,1.000000,0.600000,0.101252
-0.263263,1.000000,0.600000,0.101256
-0.262563,1.000000,0.600000,0.101260
-0.261862,1.000000,0.600000,0.101264
-0.261161,1.000000,0.600000,0.101268
-0.260460,1.000000,0.600000,0.101272
-0.259760,1.000000,0.600000,0.101276
-0.259059,1.000000,0.600000,0.101280
-0.258358,1.000000,0.600000,0.101284
-0.257658,1.000000,0.600000,0.101289
-0.256957,1.000000,0.600000,0.101293
-0.256256,1.000000,0.600000,0.101297
-0.255556,1.000000,0.600000,0.101302
-0.254855,1.000000,0.600000,0.101306
-0.254154,1.000000,0.600000,0.101311
-0.253453,1.000000,0.600000,0.101316
-0.252753,1.000000,0.600000,0.101320
-0.252052,1.000000,0.600000,0.101325
-0.251351,1.000000,0.600000,0.101330
-0.250651,1.000000,0.600000,0.101335
-0.249950,1.000000,0.600000,0.101340
-0.249249,1.000000,0.600000,0.101345
-0.248549,1.000000,0.600000,0.101350
-0.247848,1.000000,0.600000,0.101356
-0.247147,1.000000,0.600000,0.101361
-0.246446,1.000000,0.600000,0.101367
-0.245746,1.000000,0.600000,0.101372
-0.245045,1.000000,0.600000,0.101378
-0.244344,1.000000,0.600000,0.101384
-0.243644,1.000000,0.600000,0.101389
-0.242943,1.000000,0.600000,0.101395
-0.242242,1.000000,0.600000,0.101401
-0.241542,1.000000,0.600000,0.101408
-0.240841,1.000000,0.600000,0.101414
-0.240140,1.000000,0.600000,0.101420
-0.239439,1.000000,0.600000,0.101427
-0.238739,1.000000,0.600000,0.101433
-0.238038,1.000000,0.600000,0.101440
-0.237337,1.000000,0.600000,0.101447
-0.236637,1.000000,0.600000,0.101453
-0.235936,1.000000,0.600000,0.101460
-0.235235,1.000000,0.600000,0.101468
-0.234535,1.000000,0.600000,0.101475
-0.233834,1.000000,0.600000,0.101482
-0.233133,1.000000,0.600000,0.101490
-0.232432,1.000000,0.600000,0.101497
-0.231732,1.000000,0.600000,0.101505
-0.231031,1.000000,0.600000,0.101513
-0.230330,1.000000,0.600000,0.101521
-0.229630,1.000000,0.600000,0.101529
-0.228929,1.000000,0.600000,0.101538
-0.228228,1.000000,0.600000,0.101546
-0.227528,1.000000,0.600000,0.101555
-0.226827,1.000000,0.600000,0.101563
-0.226126,1.000000,0.600000,0.101572
-0.225425,1.000000,0.600000,0.101581
-0.224725,1.000000,0.600000,0.101591
-0.224024,1.000000,0.600000,0.101600
-0.223323,1.000000,0.600000,0.101610
-0.222623,1.000000,0.600000,0.101620
-0.221922,1.000000,0.600000,0.101630
-0.221221,1.000000,0.600000,0.101640
-0.220521,1.000000,0.600000,0.101650
-0.219820,1.000000,0.600000,0.101661
-0.219119,1.000000,0.600000,0.101671
-0.218418,1.000000,0.600000,0.101682
-0.217718,1.000000,0.600000,0.101693
-0.217017,1.000000,0.600000,0.101705
-0.216316,1.000000,0.600000,0.101716
-0.215616,1.000000,0.600000,0.101728
-0.214915,1.000000,0.600000,0.101740
-0.214214,1.000000,0.600000,0.101752
-0.213514,1.000000,0.600000,0.101765
-0.212813,1.000000,0.600000,0.101778
-0.212112,1.000000,0.600000,0.101791
-0.211411,1.000000,0.600000,0.101804
-0.210711,1.000000,0.600000,0.101817
-0.210010,1.000000,0.600000,0.101831
-0.209309,1.000000,0.600000,0.101845
-0.208609,1.000000,0.600000,0.101859
-0.207908,1.000000,0.600000,0.101874
-0.207207,1.000000,0.600000,0.101889
-0.206507,1.000000,0.600000,0.101904
-0.205806,1.000000,0.600000,0.101920
-0.205105,1.000000,0.600000,0.101936
-0.204404,1.000000,0.600000,0.101952
-0.203704,1.000000,0.600000,0.101968
-0.203003,1.000000,0.600000,0.101985
-0.202302,1.000000,0.600000,0.102002
-0.201602,1.000000,0.600000,0.102020
-0.200901,1.000000,0.600000,0.102038
-0.200200,1.000000,0.600000,0.102056
-0.199499,1.000000,0.600000,0.102075
-0.198799,1.000000,0.600000,0.102094
-0.198098,1.000000,0.600000,0.102113
-0.197397,1.000000,0.600000,0.102133
-0.196697,1.000000,0.600000,0.102154
-0.195996,1.000000,0.600000,0.102175
-0.195295,1.000000,0.600000,0.102196
-0.194595,1.000000,0.600000,0.102218
-0.193894,1.000000,0.600000,0.102240
-0.193193,1.000000,0.600000,0.102262
-0.192492,1.000000,0.600000,0.102286
-0.191792,1.000000,0.600000,0.102309
-0.191091,1.000000,0.600000,0.102334
-0.190390,1.000000,0.600000,0.102358
-0.189690,1.000000,0.600000,0.102384
-0.188989,1.000000,0.600000,0.102410
-0.188288,1.000000,0.600000,0.102436
-0.187588,1.000000,0.600000,0.102463
-0.186887,1.000000,0.600000,0.102491
-0.186186,1.000000,0.600000,0.102519
-0.185485,1.000000,0.600000,0.102548
-0.184785,1.000000,0.600000,0.102578
-0.184084,1.000000,0.600000,0.102609
-0.183383,1.000000,0.600000,0.102640
-0.182683,1.000000,0.600000,0.102671
-0.181982,1.000000,0.600000,0.102704
-0.181281,1.000000,0.600000,0.102737
-0.180581,1.000000,0.600000,0.102772
-0.179880,1.000000,0.600000,0.102807
-0.179179,1.000000,0.600000,0.102842
-0.178478,1.000000,0.600000,0.102879
-0.177778,1.000000,0.600000,0.102917
-0.177077,1.000000,0.600000,0.102955
-0.176376,1.000000,0.600000,0.102994
-0.175676,1.000000,0.600000,0.103035
-0.174975,1.000000,0.600000,0.103076
-0.174274,1.000000,0.600000,0.103118
-0.173574,1.000000,0.600000,0.103162
-0.172873,1.000000,0.600000,0.103206
-0.172172,1.000000,0.600000,0.103252
-0.171471,1.000000,0.600000,0.103299
-0.170771,1.000000,0.600000,0.103346
-0.170070,1.000000,0.600000,0.103396
-0.169369,1.000000,0.600000,0.103446
-0.168669,1.000000,0.600000,0.103497
-0.167968,1.000000,0.600000,0.103550
-0.167267,1.000000,0.600000,0.103604
-0.166567,1.000000,0.600000,0.103660
-0.165866,1.000000,0.600000,0.103717
-0.165165,1.000000,0.600000,0.103776
-0.164464,1.000000,0.600000,0.103835
-0.163764,1.000000,0.600000,0.103897
-0.163063,1.000000,0.600000,0.103960
-0.162362,1.000000,0.600000,0.104025
-0.161662,1.000000,0.600000,0.104091
-0.160961,1.000000,0.600000,0.104159
-0.160260,1.000000,0.600000,0.104229
-0.159560,1.000000,0.600000,0.104301
-0.158859,1.000000,0.600000,0.104374
-0.158158,1.000000,0.600000,0.104450
-0.157457,1.000000,0.600000,0.104528
-0.156757,1.000000,0.600000,0.104607
-0.156056,1.000000,0.600000,0.104689
-0.155355,1.000000,0.600000,0.104772
-0.154655,1.000000,0.600000,0.104858
-0.153954,1.000000,0.600000,0.104947
-0.153253,1.000000,0.600000,0.105037
-0.152553,1.000000,0.600000,0.105130
-0.151852,1.000000,0.600000,0.105226
-0.151151,1.000000,0.600000,0.105324
-0.150450,1.000000,0.600000,0.105424
-0.149750,1.000000,0.600000,0.105528
-0.149049,1.000000,0.600000,0.105634
-0.148348,1.000000,0.600000,0.105743
-0.147648,1.000000,0.600000,0.105855
-0.146947,1.000000,0.600000,0.105969
-0.146246,1.000000,0.600000,0.106087
-0.145546,1.000000,0.600000,0.106208
-0.144845,1.000000,0.600000,0.106332
-0.144144,1.000000,0.600000,0.106460
-0.143443,1.000000,0.600000,0.106591
-0.142743,1.000000,0.600000,0.106725
-0.142042,1.000000,0.600000,0.106864
-0.141341,1.000000,0.600000,0.107005
-0.140641,1.000000,0.600000,0.107151
-0.139940,1.000000,0.600000,0.107300
-0.139239,1.000000,0.600000,0.107454
-0.138539,1.000000,0.600000,0.107611
-0.137838,1.000000,0.600000,0.107773
-0.137137,1.000000,0.600000,0.107938
-0.136436,1.000000,0.600000,0.108109
-0.135736,1.000000,0.600000,0.108284
-0.135035,1.000000,0.600000,0.108463
-0.134334,1.000000,0.600000,0.108647
-0.133634,1.000000,0.600000,0.108836
-0.132933,1.000000,0.600000,0.109030
-0.132232,1.000000,0.600000,0.109229
-0.131532,1.000000,0.600000,0.109433
-0.130831,1.000000,0.600000,0.109642
-0.130130,1.000000,0.600000,0.109857
-0.129429,1.000000,0.600000,0.110077
-0.128729,1.000000,0.600000,0.110303
-0.128028,1.000000,0.600000,0.110535
-0.127327,1.000000,0.600000,0.110773
-0.126627,1.000000,0.600000,0.111016
-0.125926,1.000000,0.600000,0.111266
-0.125225,1.000000,0.600000,0.111522
-0.124525,1.000000,0.600000,0.111785
-0.123824,1.000000,0.600000,0.112054
-0.123123,1.000000,0.600000,0.112329
-0.122422,1.000000,0.600000,0.112612
-0.121722,1.000000,0.600000,0.112901
-0.121021,1.000000,0.600000,0.113197
-0.120320,1.000000,0.600000,0.113501
-0.119620,1.000000,0.600000,0.113812
-0.118919,1.000000,0.600000,0.114130
-0.118218,1.000000,0.600000,0.114455
-0.117518,1.000000,0.600000,0.114789
-0.116817,1.000000,0.600000,0.115130
-0.116116,1.000000,0.600000,0.115479
-0.115415,1.000000,0.600000,0.115836
-0.114715,1.000000,0.600000,0.116200
-0.114014,1.000000,0.600000,0.116574
-0.113313,1.000000,0.600000,0.116955
-0.112613,1.000000,0.600000,0.117345
-0.111912,1.000000,0.600000,0.117743
-0.111211,1.000000,0.600000,0.118150
-0.110511,1.000000,0.600000,0.118566
-0.109810,1.000000,0.600000,0.118991
-0.109109,1.000000,0.600000,0.119424
-0.108408,1.000000,0.600000,0.119866
-0.107708,1.000000,0.600000,0.120318
-0.107007,1.000000,0.600000,0.120778
-0.106306,1.000000,0.600000,0.121248
-0.105606,1.000000,0.600000,0.121727
-0.104905,1.000000,0.600000,0.122215
-0.104204,1.000000,0.600000,0.122713
-0.103504,1.000000,0.600000,0.123220
-0.102803,1.000000,0.600000,0.123737
-0.102102,1.000000,0.600000,0.124263
-0.101401,1.000000,0.600000,0.124799
-0.100701,1.000000,0.600000,0.125344
-0.100000,1.000000,0.600000,0.125899
-0.800000,1.000000,0.800000,0.100954
-0.799299,1.000000,0.800000,0.100954
-0.798599,1.000000,0.800000,0.100954
-0.797898,1.000000,0.800000,0.100954
-0.797197,1.000000,0.800000,0.100954
-0.796496,1.000000,0.800000,0.100954
-0.795796,1.000000,0.800000,0.100954
-0.795095,1.000000,0.800000,0.100954
-0.794394,1.000000,0.800000,0.100954
-0.793694,1.000000,0.800000,0.100954
-0.792993,1.000000,0.800000,0.100954
-0.792292,1.000000,0.800000,0.100954
-0.791592,1.000000,0.800000,0.100954
-0.790891,1.000000,0.800000,0.100953
-0.790190,1.000000,0.800000,0.100954
-0.789489,1.000000,0.800000,0.100953
-0.788789,1.000000,0.800000,0.100954
-0.788088,1.000000,0.800000,0.100953
-0.787387,1.000000,0.800000,0.100953
-0.786687,1.000000,0.800000,0.100954
-0.785986,1.000000,0.800000,0.100954
-0.785285,1.000000,0.800000,0.100953
-0.784585,1.000000,0.800000,0.100953
-0.783884,1.000000,0.800000,0.100953
-0.783183,1.000000,0.800000,0.100953
-0.782482,1.000000,0.800000,0.100953
-0.781782,1.000000,0.800000,0.100953
-0.781081,1.000000,0.800000,0.100953
-0.780380,1.000000,0.800000,0.100953
-0.779680,1.000000,0.800000,0.100953
-0.778979,1.000000,0.800000,0.100953
-0.778278,1.000000,0.800000,0.100953
-0.777578,1.000000,0.800000,0.100953
-0.776877,1.000000,0.800000,0.100953
-0.776176,1.000000,0.800000,0.100953
-0.775475,1.000000,0.800000,0.100953
-0.774775,1.000000,0.800000,0.100953
-0.774074,1.000000,0.800000,0.100953
-0.773373,1.000000,0.800000,0.100953
-0.772673,1.000000,0.800000,0.100953
-0.771972,1.000000,0.800000,0.100953
-0.771271,1.000000,0.800000,0.100953
-0.770571,1.000000,0.800000,0.100953
-0.769870,1.000000,0.800000,0.100953
-0.769169,1.000000,0.800000,0.100953
-0.768468,1.000000,0.800000,0.100953
-0.767768,1.000000,0.800000,0.100953
-0.767067,1.000000,0.800000,0.100953
-0.766366,1.000000,0.800000,0.100953
-0.765666,1.000000,0.800000,0.100953
-0.764965,1.000000,0.800000,0.100953
-0.764264,1.000000,0.800000,0.100953
-0.763564,1.000000,0.800000,0.100953
-0.762863,1.000000,0.800000,0.100953
-0.762162,1.000000,0.800000,0.100953
-0.761461,1.000000,0.800000,0.100953
-0.760761,1.000000,0.800000,0.100953
-0.760060,1.000000,0.800000,0.100953
-0.759359,1.000000,0.800000,0.100953
-0.758659,1.000000,0.800000,0.100953
-0.757958,1.000000,0.800000,0.100953
-0.757257,1.000000,0.800000,0.100953
-0.756557,1.000000,0.800000,0.100953
-0.755856,1.000000,0.800000,0.100953
-0.755155,1.000000,0.800000,0.100953
-0.754454,1.000000,0.800000,0.100953
-0.753754,1.000000,0.800000,0.100953
-0.753053,1.000000,0.800000,0.100953
-0.752352,1.000000,0.800000,0.100953
-0.751652,1.000000,0.800000,0.100953
-0.750951,1.000000,0.800000,0.100953
-0.750250,1.000000,0.800000,0.100953
-0.749550,1.000000,0.800000,0.100953
-0.748849,1.000000,0.800000,0.100953
-0.748148,1.000000,0.800000,0.100953
-0.747447,1.000000,0.800000,0.100953
-0.746747,1.000000,0.800000,0.100953
-0.746046,1.000000,0.800000,0.100953
-0.745345,1.000000,0.800000,0.100953
-0.744645,1.000000,0.800000,0.100953
-0.743944,1.000000,0.800000,0.100953
-0.743243,1.000000,0.800000,0.100953
-0.742543,1.000000,0.800000,0.100953
-0.741842,1.000000,0.800000,0.100953
-0.741141,1.000000,0.800000,0.100953
-0.740440,1.000000,0.800000,0.100953
-0.739740,1.000000,0.800000,0.100953
-0.739039,1.000000,0.800000,0.100953
-0.738338,1.000000,0.800000,0.100953
-0.737638,1.000000,0.800000,0.100953
-0.736937,1.000000,0.800000,0.100953
-0.736236,1.000000,0.800000,0.100953
-0.735536,1.000000,0.800000,0.100953
-0.734835,1.000000,0.800000,0.100953
-0.734134,1.000000,0.800000,0.100953
-0.733433,1.000000,0.800000,0.100953
-0.732733,1.000000,0.800000,0.100953
-0.732032,1.000000,0.800000,0.100953
-0.731331,1.000000,0.800000,0.100953
-0.730631,1.000000,0.800000,0.100953
-0.729930,1.000000,0.800000,0.100953
-0.729229,1.000000,0.800000,0.100953
-0.728529,1.000000,0.800000,0.100953
-0.727828,1.000000,0.800000,0.100953
-0.727127,1.000000,0.800000,0.100953
-0.726426,1.000000,0.800000,0.100953
-0.725726,1.000000,0.800000,0.100953
-0.725025,1.000000,0.800000,0.100953
-0.724324,1.000000,0.800000,0.100953
-0.723624,1.000000,0.800000,0.100953
-0.722923,1.000000,0.800000,0.100953
-0.722222,1.000000,0.800000,0.100953
-0.721522,1.000000,0.800000,0.100953
-0.720821,1.000000,0.800000,0.100953
-0.720120,1.000000,0.800000,0.100953
-0.719419,1.000000,0.800000,0.100953
-0.718719,1.000000,0.800000,0.100953
-0.718018,1.000000,0.800000,0.100953
-0.717317,1.000000,0.800000,0.100953
-0.716617,1.000000,0.800000,0.100953
-0.715916,1.000000,0.800000,0.100953
-0.715215,1.000000,0.800000,0.100953
-0.714515,1.000000,0.800000,0.100953
-0.713814,1.000000,0.800000,0.100953
-0.713113,1.000000,0.800000,0.100953
-0.712412,1.000000,0.800000,0.100953
-0.711712,1.000000,0.800000,0.100953
-0.711011,1.000000,0.800000,0.100953
-0.710310,1.000000,0.800000,0.100953
-0.709610,1.000000,0.800000,0.100953
-0.708909,1.000000,0.800000,0.100953
-0.708208,1.000000,0.800000,0.100953
-0.707508,1.000000,0.800000,0.100953
-0.706807,1.000000,0.800000,0.100953
-0.706106,1.000000,0.800000,0.100953
-0.705405,1.000000,0.800000,0.100953
-0.704705,1.000000,0.800000,0.100953
-0.704004,1.000000,0.800000,0.100953
-0.703303,1.000000,0.800000,0.100953
-0.702603,1.000000,0.800000,0.100953
-0.701902,1.000000,0.800000,0.100953
-0.701201,1.000000,0.800000,0.100953
-0.700501,1.000000,0.800000,0.100953
-0.699800,1.000000,0.800000,0.100953
-0.699099,1.000000,0.800000,0.100953
-0.698398,1.000000,0.800000,0.100953
-0.697698,1.000000,0.800000,0.100953
-0.696997,1.000000,0.800000,0.100953
-0.696296,1.000000,0.800000,0.100953
-0.695596,1.000000,0.800000,0.100953
-0.694895,1.000000,0.800000,0.100953
-0.694194,1.000000,0.800000,0.100953
-0.693493,1.000000,0.800000,0.100953
-0.692793,1.000000,0.800000,0.100953
-0.692092,1.000000,0.800000,0.100953
-0.691391,1.000000,0.800000,0.100953
-0.690691,1.000000,0.800000,0.100953
-0.689990,1.000000,0.800000,0.100953
-0.689289,1.000000,0.800000,0.100953
-0.688589,1.000000,0.800000,0.100953
-0.687888,1.000000,0.800000,0.100953
-0.687187,1.000000,0.800000,0.100953
-0.686486,1.000000,0.800000,0.100953
-0.685786,1.000000,0.800000,0.100954
-0.685085,1.000000,0.800000,0.100954
-0.684384,1.000000,0.800000,0.100954
-0.683684,1.000000,0.800000,0.100954
-0.682983,1.000000,0.800000,0.100954
-0.682282,1.000000,0.800000,0.100954
-0.681582,1.000000,0.800000,0.100954
-0.680881,1.000000,0.800000,0.100954
-0.680180,1.000000,0.800000,0.100954
-0.679479,1.000000,0.800000,0.100954
-0.678779,1.000000,0.800000,0.100954
-0.678078,1.000000,0.800000,0.100954
-0.677377,1.000000,0.800000,0.100954
-0.676677,1.000000,0.800000,0.100954
-0.675976,1.000000,0.800000,0.100954
-0.675275,1.000000,0.800000,0.100954
-0.674575,1.000000,0.800000,0.100954
-0.673874,1.000000,0.800000,0.100954
-0.673173,1.000000,0.800000,0.100954
-0.672472,1.000000,0.800000,0.100954
-0.671772,1.000000,0.800000,0.100954
-0.671071,1.000000,0.800000,0.100954
-0.670370,1.000000,0.800000,0.100954
-0.669670,1.000000,0.800000,0.100954
-0.668969,1.000000,0.800000,0.100954
-0.668268,1.000000,0.800000,0.100954
-0.667568,1.000000,0.800000,0.100954
-0.666867,1.000000,0.800000,0.100954
-0.666166,1.000000,0.800000,0.100954
-0.665465,1.000000,0.800000,0.100954
-0.664765,1.000000,0.800000,0.100954
-0.664064,1.000000,0.800000,0.100954
-0.663363,1.000000,0.800000,0.100954
-0.662663,1.000000,0.800000,0.100954
-0.661962,1.000000,0.800000,0.100954
-0.661261,1.000000,0.800000,0.100954
-0.660561,1.000000,0.800000,0.100954
-0.659860,1.000000,0.800000,0.100954
-0.659159,1.000000,0.800000,0.100954
-0.658458,1.000000,0.800000,0.100954
-0.657758,1.000000,0.800000,0.100954
-0.657057,1.000000,0.800000,0.100954
-0.656356,1.000000,0.800000,0.100954
-0.655656,1.000000,0.800000,0.100954
-0.654955,1.000000,0.800000,0.100954
-0.654254,1.000000,0.800000,0.100954
-0.653554,1.000000,0.800000,0.100954
-0.652853,1.000000,0.800000,0.100954
-0.652152,1.000000,0.800000,0.100954
-0.651451,1.000000,0.800000,0.100954
-0.650751,1.000000,0.800000,0.100954
-0.650050,1.000000,0.800000,0.100954
-0.649349,1.000000,0.800000,0.100954
-0.648649,1.000000,0.800000,0.100954
-0.647948,1.000000,0.800000,0.100954
-0.647247,1.000000,0.800000,0.100954
-0.646547,1.000000,0.800000,0.100954
-0.645846,1.000000,0.800000,0.100954
-0.645145,1.000000,0.800000,0.100954
-0.644444,1.000000,0.800000,0.100954
-0.643744,1.000000,0.800000,0.100954
-0.643043,1.000000,0.800000,0.100954
-0.642342,1.000000,0.800000,0.100954
-0.641642,1.000000,0.800000,0.100954
-0.640941,1.000000,0.800000,0.100954
-0.640240,1.000000,0.800000,0.100954
-0.639540,1.000000,0.800000,0.100954
-0.638839,1.000000,0.800000,0.100954
-0.638138,1.000000,0.800000,0.100954
-0.637437,1.000000,0.800000,0.100954
-0.636737,1.000000,0.800000,0.100954
-0.636036,1.000000,0.800000,0.100954
-0.635335,1.000000,0.800000,0.100954
-0.634635,1.000000,0.800000,0.100954
-0.633934,1.000000,0.800000,0.100954
-0.633233,1.000000,0.800000,0.100954
-0.632533,1.000000,0.800000,0.100954
-0.631832,1.000000,0.800000,0.100954
-0.631131,1.000000,0.800000,0.100954
-0.630430,1.000000,0.800000,0.100954
-0.629730,1.000000,0.800000,0.100954
-0.629029,1.000000,0.800000,0.100954
-0.628328,1.000000,0.800000,0.100954
-0.627628,1.000000,0.800000,0.100954
-0.626927,1.000000,0.800000,0.100954
-0.626226,1.000000,0.800000,0.100954
-0.625526,1.000000,0.800000,0.100954
-0.624825,1.000000,0.800000,0.100954
-0.624124,1.000000,0.800000,0.100954
-0.623423,1.000000,0.800000,0.100954
-0.622723,1.000000,0.800000,0.100954
-0.622022,1.000000,0.800000,0.100954
-0.621321,1.000000,0.800000,0.100954
-0.620621,1.000000,0.800000,0.100954
-0.619920,1.000000,0.800000,0.100954
-0.619219,1.000000,0.800000,0.100954
-0.618519,1.000000,0.800000,0.100954
-0.617818,1.000000,0.800000,0.100954
-0.617117,1.000000,0.800000,0.100954
-0.616416,1.000000,0.800000,0.100954
-0.615716,1.000000,0.800000,0.100954
-0.615015,1.000000,0.800000,0.100954
-0.614314,1.000000,0.800000,0.100954
-0.613614,1.000000,0.800000,0.100954
-0.612913,1.000000,0.800000,0.100954
-0.612212,1.000000,0.800000,0.100954
-0.611512,1.000000,0.800000,0.100954
-0.610811,1.000000,0.800000,0.100954
-0.610110,1.000000,0.800000,0.100954
-0.609409,1.000000,0.800000,0.100954
-0.608709,1.000000,0.800000,0.100954
-0.608008,1.000000,0.800000,0.100954
-0.607307,1.000000,0.800000,0.100954
-0.606607,1.000000,0.800000,0.100954
-0.605906,1.000000,0.800000,0.100954
-0.605205,1.000000,0.800000,0.100955
-0.604505,1.000000,0.800000,0.100955
-0.603804,1.000000,0.800000,0.100955
-0.603103,1.000000,0.800000,0.100955
-0.602402,1.000000,0.800000,0.100955
-0.601702,1.000000,0.800000,0.100955
-0.601001,1.000000,0.800000,0.100955
-0.600300,1.000000,0.800000,0.100955
-0.599600,1.000000,0.800000,0.100955
-0.598899,1.000000,0.800000,0.100955
-0.598198,1.000000,0.800000,0.100955
-0.597497,1.000000,0.800000,0.100955
-0.596797,1.000000,0.800000,0.100955
-0.596096,1.000000,0.800000,0.100955
-0.595395,1.000000,0.800000,0.100955
-0.594695,1.000000,0.800000,0.100955
-0.593994,1.000000,0.800000,0.100955
-0.593293,1.000000,0.800000,0.100955
-0.592593,1.000000,0.800000,0.100955
-0.591892,1.000000,0.800000,0.100955
-0.591191,1.000000,0.800000,0.100955
-0.590490,1.000000,0.800000,0.100955
-0.589790,1.000000,0.800000,0.100955
-0.589089,1.000000,0.800000,0.100955
-0.588388,1.000000,0.800000,0.100955
-0.587688,1.000000,0.800000,0.100955
-0.586987,1.000000,0.800000,0.100955
-0.586286,1.000000,0.800000,0.100955
-0.585586,1.000000,0.800000,0.100955
-0.584885,1.000000,0.800000,0.100955
-0.584184,1.000000,0.800000,0.100955
-0.583483,1.000000,0.800000,0.100955
-0.582783,1.000000,0.800000,0.100955
-0.582082,1.000000,0.800000,0.100955
-0.581381,1.000000,0.800000,0.100955
-0.580681,1.000000,0.800000,0.100955
-0.579980,1.000000,0.800000,0.100955
-0.579279,1.000000,0.800000,0.100955
-0.578579,1.000000,0.800000,0.100955
-0.577878,1.000000,0.800000,0.100955
-0.577177,1.000000,0.800000,0.100955
-0.576476,1.000000,0.800000,0.100955
-0.575776,1.000000,0.800000,0.100955
-0.575075,1.000000,0.800000,0.100955
-0.574374,1.000000,0.800000,0.100956
-0.573674,1.000000,0.800000,0.100956
-0.572973,1.000000,0.800000,0.100956
-0.572272,1.000000,0.800000,0.100956
-0.571572,1.000000,0.800000,0.100956
-0.570871,1.000000,0.800000,0.100956
-0.570170,1.000000,0.800000,0.100956
-0.569469,1.000000,0.800000,0.100956
-0.568769,1.000000,0.800000,0.100956
-0.568068,1.000000,0.800000,0.100956
-0.567367,1.000000,0.800000,0.100956
-0.566667,1.000000,0.800000,0.100956
-0.565966,1.000000,0.800000,0.100956
-0.565265,1.000000,0.800000,0.100956
-0.564565,1.000000,0.800000,0.100956
-0.563864,1.000000,0.800000,0.100956
-0.563163,1.000000,0.800000,0.100956
-0.562462,1.000000,0.800000,0.100956
-0.561762,1.000000,0.800000,0.100956
-0.561061,1.000000,0.800000,0.100956
-0.560360,1.000000,0.800000,0.100956
-0.559660,1.000000,0.800000,0.100956
-0.558959,1.000000,0.800000,0.100956
-0.558258,1.000000,0.800000,0.100956
-0.557558,1.000000,0.800000,0.100956
-0.556857,1.000000,0.800000,0.100956
-0.556156,1.000000,0.800000,0.100956
-0.555455,1.000000,0.800000,0.100956
-0.554755,1.000000,0.800000,0.100956
-0.554054,1.000000,0.800000,0.100956
-0.553353,1.000000,0.800000,0.100957
-0.552653,1.000000,0.800000,0.100957
-0.551952,1.000000,0.800000,0.100957
-0.551251,1.000000,0.800000,0.100957
-0.550551,1.000000,0.800000,0.100957
-0.549850,1.000000,0.800000,0.100957
-0.549149,1.000000,0.800000,0.100957
-0.548448,1.000000,0.800000,0.100957
-0.547748,1.000000,0.800000,0.100957
-0.547047,1.000000,0.800000,0.100957
-0.546346,1.000000,0.800000,0.100957
-0.545646,1.000000,0.800000,0.100957
-0.544945,1.000000,0.800000,0.100957
-0.544244,1.000000,0.800000,0.100957
-0.543544,1.000000,0.800000,0.100957
-0.542843,1.000000,0.800000,0.100957
-0.542142,1.000000,0.800000,0.100957
-0.541441,1.000000,0.800000,0.100957
-0.540741,1.000000,0.800000,0.100957
-0.540040,1.000000,0.800000,0.100957
-0.539339,1.000000,0.800000,0.100957
-0.538639,1.000000,0.800000,0.100957
-0.537938,1.000000,0.800000,0.100957
-0.537237,1.000000,0.800000,0.100958
-0.536537,1.000000,0.800000,0.100958
-0.535836,1.000000,0.800000,0.100958
-0.535135,1.000000,0.800000,0.100958
-0.534434,1.000000,0.800000,0.100958
-0.533734,1.000000,0.800000,0.100958
-0.533033,1.000000,0.800000,0.100958
-0.532332,1.000000,0.800000,0.100958
-0.531632,1.000000,0.800000,0.100958
-0.530931,1.000000,0.800000,0.100958
-0.530230,1.000000,0.800000,0.100958
-0.529530,1.000000,0.800000,0.100958
-0.528829,1.000000,0.800000,0.100958
-0.528128,1.000000,0.800000,0.100958
-0.527427,1.000000,0.800000,0.100958
-0.526727,1.000000,0.800000,0.100958
-0.526026,1.000000,0.800000,0.100958
-0.525325,1.000000,0.800000,0.100958
-0.524625,1.000000,0.800000,0.100959
-0.523924,1.000000,0.800000,0.100959
-0.523223,1.000000,0.800000,0.100959
-0.522523,1.000000,0.800000,0.100959
-0.521822,1.000000,0.800000,0.100959
-0.521121,1.000000,0.800000,0.100959
-0.520420,1.000000,0.800000,0.100959
-0.519720,1.000000,0.800000,0.100959
-0.519019,1.000000,0.800000,0.100959
-0.518318,1.000000,0.800000,0.100959
-0.517618,1.000000,0.800000,0.100959
-0.516917,1.000000,0.800000,0.100959
-0.516216,1.000000,0.800000,0.100959
-0.515516,1.000000,0.800000,0.100959
-0.514815,1.000000,0.800000,0.100959
-0.514114,1.000000,0.800000,0.100960
-0.513413,1.000000,0.800000,0.100960
-0.512713,1.000000,0.800000,0.100960
-0.512012,1.000000,0.800000,0.100960
-0.511311,1.000000,0.800000,0.100960
-0.510611,1.000000,0.800000,0.100960
-0.509910,1.000000,0.800000,0.100960
-0.509209,1.000000,0.800000,0.100960
-0.508509,1.000000,0.800000,0.100960
-0.507808,1.000000,0.800000,0.100960
-0.507107,1.000000,0.800000,0.100960
-0.506406,1.000000,0.800000,0.100960
-0.505706,1.000000,0.800000,0.100960
-0.505005,1.000000,0.800000,0.100961
-0.504304,1.000000,0.800000,0.100961
-0.503604,1.000000,0.800000,0.100961
-0.502903,1.000000,0.800000,0.100961
-0.502202,1.000000,0.800000,0.100961
-0.501502,1.000000,0.800000,0.100961
-0.500801,1.000000,0.800000,0.100961
-0.500100,1.000000,0.800000,0.100961
-0.499399,1.000000,0.800000,0.100961
-0.498699,1.000000,0.800000,0.100961
-0.497998,1.000000,0.800000,0.100961
-0.497297,1.000000,0.800000,0.100961
-0.496597,1.000000,0.800000,0.100962
-0.495896,1.000000,0.800000,0.100962
-0.495195,1.000000,0.800000,0.100962
-0.494494,1.000000,0.800000,0.100962
-0.493794,1.000000,0.800000,0.100962
-0.493093,1.000000,0.800000,0.100962
-0.492392,1.000000,0.800000,0.100962
-0.491692,1.000000,0.800000,0.100962
-0.490991,1.000000,0.800000,0.100962
-0.490290,1.000000,0.800000,0.100962
-0.489590,1.000000,0.800000,0.100963
-0.488889,1.000000,0.800000,0.100963
-0.488188,1.000000,0.800000,0.100963
-0.487487,1.000000,0.800000,0.100963
-0.486787,1.000000,0.800000,0.100963
-0.486086,1.000000,0.800000,0.100963
-0.485385,1.000000,0.800000,0.100963
-0.484685,1.000000,0.800000,0.100963
-0.483984,1.000000,0.800000,0.100963
-0.483283,1.000000,0.800000,0.100963
-0.482583,1.000000,0.800000,0.100964
-0.481882,1.000000,0.800000,0.100964
-0.481181,1.000000,0.800000,0.100964
-0.480480,1.000000,0.800000,0.100964
-0.479780,1.000000,0.800000,0.100964
-0.479079,1.000000,0.800000,0.100964
-0.478378,1.000000,0.800000,0.100964
-0.477678,1.000000,0.800000,0.100964
-0.476977,1.000000,0.800000,0.100965
-0.476276,1.000000,0.800000,0.100965
-0.475576,1.000000,0.800000,0.100965
-0.474875,1.000000,0.800000,0.100965
-0.474174,1.000000,0.800000,0.100965
-0.473473,1.000000,0.800000,0.100965
-0.472773,1.000000,0.800000,0.100965
-0.472072,1.000000,0.800000,0.100965
-0.471371,1.000000,0.800000,0.100966
-0.470671,1.000000,0.800000,0.100966
-0.469970,1.000000,0.800000,0.100966
-0.469269,1.000000,0.800000,0.100966
-0.468569,1.000000,0.800000,0.100966
-0.467868,1.000000,0.800000,0.100966
-0.467167,1.000000,0.800000,0.100966
-0.466466,1.000000,0.800000,0.100966
-0.465766,1.000000,0.800000,0.100967
-0.465065,1.000000,0.800000,0.100967
-0.464364,1.000000,0.800000,0.100967
-0.463664,1.000000,0.800000,0.100967
-0.462963,1.000000,0.800000,0.100967
-0.462262,1.000000,0.800000,0.100967
-0.461562,1.000000,0.800000,0.100968
-0.460861,1.000000,0.800000,0.100968
-0.460160,1.000000,0.800000,0.100968
-0.459459,1.000000,0.800000,0.100968
-0.458759,1.000000,0.800000,0.100968
-0.458058,1.000000,0.800000,0.100968
-0.457357,1.000000,0.800000,0.100968
-0.456657,1.000000,0.800000,0.100969
-0.455956,1.000000,0.800000,0.100969
-0.455255,1.000000,0.800000,0.100969
-0.454555,1.000000,0.800000,0.100969
-0.453854,1.000000,0.800000,0.100969
-0.453153,1.000000,0.800000,0.100970
-0.452452,1.000000,0.800000,0.100970
-0.451752,1.000000,0.800000,0.100970
-0.451051,1.000000,0.800000,0.100970
-0.450350,1.000000,0.800000,0.100970
-0.449650,1.000000,0.800000,0.100970
-0.448949,1.000000,0.800000,0.100971
-0.448248,1.000000,0.800000,0.100971
-0.447548,1.000000,0.800000,0.100971
-0.446847,1.000000,0.800000,0.100971
-0.446146,1.000000,0.800000,0.100971
-0.445445,1.000000,0.800000,0.100971
-0.444745,1.000000,0.800000,0.100972
-0.444044,1.000000,0.800000,0.100972
-0.443343,1.000000,0.800000,0.100972
-0.442643,1.000000,0.800000,0.100972
-0.441942,1.000000,0.800000,0.100972
-0.441241,1.000000,0.800000,0.100973
-0.440541,1.000000,0.800000,0.100973
-0.439840,1.000000,0.800000,0.100973
-0.439139,1.000000,0.800000,0.100973
-0.438438,1.000000,0.800000,0.100974
-0.437738,1.000000,0.800000,0.100974
-0.437037,1.000000,0.800000,0.100974
-0.436336,1.000000,0.800000,0.100974
-0.435636,1.000000,0.800000,0.100974
-0.434935,1.000000,0.800000,0.100975
-0.434234,1.000000,0.800000,0.100975
-0.433534,1.000000,0.800000,0.100975
-0.432833,1.000000,0.800000,0.100975
-0.432132,1.000000,0.800000,0.100976
-0.431431,1.000000,0.800000,0.100976
-0.430731,1.000000,0.800000,0.100976
-0.430030,1.000000,0.800000,0.100976
-0.429329,1.000000,0.800000,0.100976
-0.428629,1.000000,0.800000,0.100977
-0.427928,1.000000,0.800000,0.100977
-0.427227,1.000000,0.800000,0.100977
-0.426527,1.000000,0.800000,0.100977
-0.425826,1.000000,0.800000,0.100978
-0.425125,1.000000,0.800000,0.100978
-0.424424,1.000000,0.800000,0.100978
-0.423724,1.000000,0.800000,0.100978
-0.423023,1.000000,0.800000,0.100979
-0.422322,1.000000,0.800000,0.100979
-0.421622,1.000000,0.800000,0.100979
-0.420921,1.000000,0.800000,0.100980
-0.420220,1.000000,0.800000,0.100980
-0.419520,1.000000,0.800000,0.100980
-0.418819,1.000000,0.800000,0.100980
-0.418118,1.000000,0.800000,0.100981
-0.417417,1.000000,0.800000,0.100981
-0.416717,1.000000,0.800000,0.100981
-0.416016,1.000000,0.800000,0.100982
-0.415315,1.000000,0.800000,0.100982
-0.414615,1.000000,0.800000,0.100982
-0.413914,1.000000,0.800000,0.100982
-0.413213,1.000000,0.800000,0.100983
-0.412513,1.000000,0.800000,0.100983
-0.411812,1.000000,0.800000,0.100983
-0.411111,1.000000,0.800000,0.100984
-0.410410,1.000000,0.800000,0.100984
-0.409710,1.000000,0.800000,0.100984
-0.409009,1.000000,0.800000,0.100985
-0.408308,1.000000,0.800000,0.100985
-0.407608,1.000000,0.800000,0.100985
-0.406907,1.000000,0.800000,0.100986
-0.406206,1.000000,0.800000,0.100986
-0.405506,1.000000,0.800000,0.100986
-0.404805,1.000000,0.800000,0.100987
-0.404104,1.000000,0.800000,0.100987
-0.403403,1.000000,0.800000,0.100987
-0.402703,1.000000,0.800000,0.100988
-0.402002,1.000000,0.800000,0.100988
-0.401301,1.000000,0.800000,0.100989
-0.400601,1.000000,0.800000,0.100989
-0.399900,1.000000,0.800000,0.100989
-0.399199,1.000000,0.800000,0.100990
-0.398498,1.000000,0.800000,0.100990
-0.397798,1.000000,0.800000,0.100990
-0.397097,1.000000,0.800000,0.100991
-0.396396,1.000000,0.800000,0.100991
-0.395696,1.000000,0.800000,0.100992
-0.394995,1.000000,0.800000,0.100992
-0.394294,1.000000,0.800000,0.100992
-0.393594,1.000000,0.800000,0.100993
-0.392893,1.000000,0.800000,0.100993
-0.392192,1.000000,0.800000,0.100994
-0.391491,1.000000,0.800000,0.100994
-0.390791,1.000000,0.800000,0.100994
-0.390090,1.000000,0.800000,0.100995
-0.389389,1.000000,0.800000,0.100995
-0.388689,1.000000,0.800000,0.100996
-0.387988,1.000000,0.800000,0.100996
-0.387287,1.000000,0.800000,0.100997
-0.386587,1.000000,0.800000,0.100997
-0.385886,1.000000,0.800000,0.100998
-0.385185,1.000000,0.800000,0.100998
-0.384484,1.000000,0.800000,0.100999
-0.383784,1.000000,0.800000,0.100999
-0.383083,1.000000,0.800000,0.100999
-0.382382,1.000000,0.800000,0.101000
-0.381682,1.000000,0.800000,0.101000
-0.380981,1.000000,0.800000,0.101001
-0.380280,1.000000,0.800000,0.101001
-0.379580,1.000000,0.800000,0.101002
-0.378879,1.000000,0.800000,0.101002
-0.378178,1.000000,0.800000,0.101003
-0.377477,1.000000,0.800000,0.101004
-0.376777,1.000000,0.800000,0.101004
-0.376076,1.000000,0.800000,0.101005
-0.375375,1.000000,0.800000,0.101005
-0.374675,1.000000,0.800000,0.101006
-0.373974,1.000000,0.800000,0.101006
-0.373273,1.000000,0.800000,0.101007
-0.372573,1.000000,0.800000,0.101007
-0.371872,1.000000,0.800000,0.101008
-0.371171,1.000000,0.800000,0.101008
-0.370470,1.000000,0.800000,0.101009
-0.369770,1.000000,0.800000,0.101010
-0.369069,1.000000,0.800000,0.101010
-0.368368,1.000000,0.800000,0.101011
-0.367668,1.000000,0.800000,0.101011
-0.366967,1.000000,0.800000,0.101012
-0.366266,1.000000,0.800000,0.101013
-0.365566,1.000000,0.800000,0.101013
-0.364865,1.000000,0.800000,0.101014
-0.364164,1.000000,0.800000,0.101015
-0.363463,1.000000,0.800000,0.101015
-0.362763,1.000000,0.800000,0.101016
-0.362062,1.000000,0.800000,0.101017
-0.361361,1.000000,0.800000,0.101017
-0.360661,1.000000,0.800000,0.101018
-0.359960,1.000000,0.800000,0.101019
-0.359259,1.000000,0.800000,0.101019
-0.358559,1.000000,0.800000,0.101020
-0.357858,1.000000,0.800000,0.101021
-0.357157,1.000000,0.800000,0.101021
-0.356456,1.000000,0.800000,0.101022
-0.355756,1.000000,0.800000,0.101023
-0.355055,1.000000,0.800000,0.101024
-0.354354,1.000000,0.800000,0.101024
-0.353654,1.000000,0.800000,0.101025
-0.352953,1.000000,0.800000,0.101026
-0.352252,1.000000,0.800000,0.101027
-0.351552,1.000000,0.800000,0.101027
-0.350851,1.000000,0.800000,0.101028
-0.350150,1.000000,0.800000,0.101029
-0.349449,1.000000,0.800000,0.101030
-0.348749,1.000000,0.800000,0.101031
-0.348048,1.000000,0.800000,0.101031
-0.347347,1.000000,0.800000,0.101032
-0.346647,1.000000,0.800000,0.101033
-0.345946,1.000000,0.800000,0.101034
-0.345245,1.000000,0.800000,0.101035
-0.344545,1.000000,0.800000,0.101036
-0.343844,1.000000,0.800000,0.101037
-0.343143,1.000000,0.800000,0.101038
-0.342442,1.000000,0.800000,0.101038
-0.341742,1.000000,0.800000,0.101039
-0.341041,1.000000,0.800000,0.101040
-0.340340,1.000000,0.800000,0.101041
-0.339640,1.000000,0.800000,0.101042
-0.338939,1.000000,0.800000,0.101043
-0.338238,1.000000,0.800000,0.101044
-0.337538,1.000000,0.800000,0.101045
-0.336837,1.000000,0.800000,0.101046
-0.336136,1.000000,0.800000,0.101047
-0.335435,1.000000,0.800000,0.101048
-0.334735,1.000000,0.800000,0.101049
-0.334034,1.000000,0.800000,0.101050
-0.333333,1.000000,0.800000,0.101051
-0.332633,1.000000,0.800000,0.101052
-0.331932,1.000000,0.800000,0.101053
-0.331231,1.000000,0.800000,0.101054
-0.330531,1.000000,0.800000,0.101056
-0.329830,1.000000,0.800000,0.101057
-0.329129,1.000000,0.800000,0.101058
-0.328428,1.000000,0.800000,0.101059
-0.327728,1.000000,0.800000,0.101060
-0.327027,1.000000,0.800000,0.101061
-0.326326,1.000000,0.800000,0.101062
-0.325626,1.000000,0.800000,0.101064
-0.324925,1.000000,0.800000,0.101065
-0.324224,1.000000,0.800000,0.101066
-0.323524,1.000000,0.800000,0.101067
-0.322823,1.000000,0.800000,0.101068
-0.322122,1.000000,0.800000,0.101070
-0.321421,1.000000,0.800000,0.101071
-0.320721,1.000000,0.800000,0.101072
-0.320020,1.000000,0.800000,0.101074
-0.319319,1.000000,0.800000,0.101075
-0.318619,1.000000,0.800000,0.101076
-0.317918,1.000000,0.800000,0.101078
-0.317217,1.000000,0.800000,0.101079
-0.316517,1.000000,0.800000,0.101080
-0.315816,1.000000,0.800000,0.101082
-0.315115,1.000000,0.800000,0.101083
-0.314414,1.000000,0.800000,0.101085
-0.313714,1.000000,0.800000,0.101086
-0.313013,1.000000,0.800000,0.101088
-0.312312,1.000000,0.800000,0.101089
-0.311612,1.000000,0.800000,0.101091
-0.310911,1.000000,0.800000,0.101092
-0.310210,1.000000,0.800000,0.101094
-0.309510,1.000000,0.800000,0.101095
-0.308809,1.000000,0.800000,0.101097
-0.308108,1.000000,0.800000,0.101098
-0.307407,1.000000,0.800000,0.101100
-0.306707,1.000000,0.800000,0.101102
-0.306006,1.000000,0.800000,0.101103
-0.305305,1.000000,0.800000,0.101105
-0.304605,1.000000,0.800000,0.101107
-0.303904,1.000000,0.800000,0.101109
-0.303203,1.000000,0.800000,0.101110
-0.302503,1.000000,0.800000,0.101112
-0.301802,1.000000,0.800000,0.101114
-0.301101,1.000000,0.800000,0.101116
-0.300400,1.000000,0.800000,0.101118
-0.299700,1.000000,0.800000,0.101119
-0.298999,1.000000,0.800000,0.101121
-0.298298,1.000000,0.800000,0.101123
-0.297598,1.000000,0.800000,0.101125
-0.296897,1.000000,0.800000,0.101127
-0.296196,1.000000,0.800000,0.101129
-0.295495,1.000000,0.800000,0.101131
-0.294795,1.000000,0.800000,0.101133
-0.294094,1.000000,0.800000,0.101135
-0.293393,1.000000,0.800000,0.101137
-0.292693,1.000000,0.800000,0.101140
-0.291992,1.000000,0.800000,0.101142
-0.291291,1.000000,0.800000,0.101144
-0.290591,1.000000,0.800000,0.101146
-0.289890,1.000000,0.800000,0.101148
-0.289189,1.000000,0.800000,0.101151
-0.288488,1.000000,0.800000,0.101153
-0.287788,1.000000,0.800000,0.101155
-0.287087,1.000000,0.800000,0.101158
-0.286386,1.000000,0.800000,0.101160
-0.285686,1.000000,0.800000,0.101162
-0.284985,1.000000,0.800000,0.101165
-0.284284,1.000000,0.800000,0.101167
-0.283584,1.000000,0.800000,0.101170
-0.282883,1.000000,0.800000,0.101172
-0.282182,1.000000,0.800000,0.101175
-0.281481,1.000000,0.800000,0.101178
-0.280781,1.000000,0.800000,0.101180
-0.280080,1.000000,0.800000,0.101183
-0.279379,1.000000,0.800000,0.101186
-0.278679,1.000000,0.800000,0.101188
-0.277978,1.000000,0.800000,0.101191
-0.277277,1.000000,0.800000,0.101194
-0.276577,1.000000,0.800000,0.101197
-0.275876,1.000000,0.800000,0.101200
-0.275175,1.000000,0.800000,0.101203
-0.274474,1.000000,0.800000,0.101206
-0.273774,1.000000,0.800000,0.101209
-0.273073,1.000000,0.800000,0.101212
-0.272372,1.000000,0.800000,0.101215
-0.271672,1.000000,0.800000,0.101218
-0.270971,1.000000,0.800000,0.101222
-0.270270,1.000000,0.800000,0.101225
-0.269570,1.000000,0.800000,0.101228
-0.268869,1.000000,0.800000,0.101232
-0.268168,1.000000,0.800000,0.101235
-0.267467,1.000000,0.800000,0.101239
-0.266767,1.000000,0.800000,0.101242
-0.266066,1.000000,0.800000,0.101246
-0.265365,1.000000,0.800000,0.101249
-0.264665,1.000000,0.800000,0.101253
-0.263964,1.000000,0.800000,0.101257
-0.263263,1.000000,0.800000,0.101260
-0.262563,1.000000,0.800000,0.101264
-0.261862,1.000000,0.800000,0.101268
-0.261161,1.000000,0.800000,0.101272
-0.260460,1.000000,0.800000,0.101276
-0.259760,1.000000,0.800000,0.101280
-0.259059,1.000000,0.800000,0.101284
-0.258358,1.000000,0.800000,0.101289
-0.257658,1.000000,0.800000,0.101293
-0.256957,1.000000,0.800000,0.101297
-0.256256,1.000000,0.800000,0.101302
-0.255556,1.000000,0.800000,0.101306
-0.254855,1.000000,0.800000,0.101311
-0.254154,1.000000,0.800000,0.101315
-0.253453,1.000000,0.800000,0.101320
-0.252753,1.000000,0.800000,0.101325
-0.252052,1.000000,0.800000,0.101329
-0.251351,1.000000,0.800000,0.101334
-0.250651,1.000000,0.800000,0.101339
-0.249950,1.000000,0.800000,0.101344
-0.249249,1.000000,0.800000,0.101350
-0.248549,1.000000,0.800000,0.101355
-0.247848,1.000000,0.800000,0.101360
-0.247147,1.000000,0.800000,0.101365
-0.246446,1.000000,0.800000,0.101371
-0.245746,1.000000,0.800000,0.101376
-0.245045,1.000000,0.800000,0.101382
-0.244344,1.000000,0.800000,0.101388
-0.243644,1.000000,0.800000,0.101394
-0.242943,1.000000,0.800000,0.101400
-0.242242,1.000000,0.800000,0.101406
-0.241542,1.000000,0.800000,0.101412
-0.240841,1.000000,0.800000,0.101418
-0.240140,1.000000,0.800000,0.101424
-0.239439,1.000000,0.800000,0.101431
-0.238739,1.000000,0.800000,0.101437
-0.238038,1.000000,0.800000,0.101444
-0.237337,1.000000,0.800000,0.101451
-0.236637,1.000000,0.800000,0.101457
-0.235936,1.000000,0.800000,0.101464
-0.235235,1.000000,0.800000,0.101472
-0.234535,1.000000,0.800000,0.101479
-0.233834,1.000000,0.800000,0.101486
-0.233133,1.000000,0.800000,0.101494
-0.232432,1.000000,0.800000,0.101501
-0.231732,1.000000,0.800000,0.101509
-0.231031,1.000000,0.800000,0.101517
-0.230330,1.000000,0.800000,0.101525
-0.229630,1.000000,0.800000,0.101533
-0.228929,1.000000,0.800000,0.101541
-0.228228,1.000000,0.800000,0.101550
-0.227528,1.000000,0.800000,0.101558
-0.226827,1.000000,0.800000,0.101567
-0.226126,1.000000,0.800000,0.101576
-0.225425,1.000000,0.800000,0.101585
-0.224725,1.000000,0.800000,0.101594
-0.224024,1.000000,0.800000,0.101604
-0.223323,1.000000,0.800000,0.101613
-0.222623,1.000000,0.800000,0.101623
-0.221922,1.000000,0.800000,0.101633
-0.221221,1.000000,0.800000,0.101643
-0.220521,1.000000,0.800000,0.101654
-0.219820,1.000000,0.800000,0.101664
-0.219119,1.000000,0.800000,0.101675
-0.218418,1.000000,0.800000,0.101686
-0.217718,1.000000,0.800000,0.101697
-0.217017,1.000000,0.800000,0.101708
-0.216316,1.000000,0.800000,0.101720
-0.215616,1.000000,0.800000,0.101731
-0.214915,1.000000,0.800000,0.101743
-0.214214,1.000000,0.800000,0.101756
-0.213514,1.000000,0.800000,0.101768
-0.212813,1.000000,0.800000,0.101781
-0.212112,1.000000,0.800000,0.101794
-0.211411,1.000000,0.800000,0.101807
-0.210711,1.000000,0.800000,0.101820
-0.210010,1.000000,0.800000,0.101834
-0.209309,1.000000,0.800000,0.101848
-0.208609,1.000000,0.800000,0.101862
-0.207908,1.000000,0.800000,0.101877
-0.207207,1.000000,0.800000,0.101892
-0.206507,1.000000,0.800000,0.101907
-0.205806,1.000000,0.800000,0.101923
-0.205105,1.000000,0.800000,0.101938
-0.204404,1.000000,0.800000,0.101954
-0.203704,1.000000,0.800000,0.101971
-0.203003,1.000000,0.800000,0.101988
-0.202302,1.000000,0.800000,0.102005
-0.201602,1.000000,0.800000,0.102022
-0.200901,1.000000,0.800000,0.102040
-0.200200,1.000000,0.800000,0.102059
-0.199499,1.000000,0.800000,0.102077
-0.198799,1.000000,0.800000,0.102096
-0.198098,1.000000,0.800000,0.102116
-0.197397,1.000000,0.800000,0.102136
-0.196697,1.000000,0.800000,0.102156
-0.195996,1.000000,0.800000,0.102177
-0.195295,1.000000,0.800000,0.102198
-0.194595,1.000000,0.800000,0.102220
-0.193894,1.000000,0.800000,0.102242
-0.193193,1.000000,0.800000,0.102264
-0.192492,1.000000,0.800000,0.102287
-0.191792,1.000000,0.800000,0.102311
-0.191091,1.000000,0.800000,0.102335
-0.190390,1.000000,0.800000,0.102360
-0.189690,1.000000,0.800000,0.102385
-0.188989,1.000000,0.800000,0.102411
-0.188288,1.000000,0.800000,0.102438
-0.187588,1.000000,0.800000,0.102465
-0.186887,1.000000,0.800000,0.102492
-0.186186,1.000000,0.800000,0.102521
-0.185485,1.000000,0.800000,0.102549
-0.184785,1.000000,0.800000,0.102579
-0.184084,1.000000,0.800000,0.102609
-0.183383,1.000000,0.800000,0.102640
-0.182683,1.000000,0.800000,0.102672
-0.181982,1.000000,0.800000,0.102705
-0.181281,1.000000,0.800000,0.102738
-0.180581,1.000000,0.800000,0.102772
-0.179880,1.000000,0.800000,0.102807
-0.179179,1.000000,0.800000,0.102843
-0.178478,1.000000,0.800000,0.102879
-0.177778,1.000000,0.800000,0.102917
-0.177077,1.000000,0.800000,0.102955
-0.176376,1.000000,0.800000,0.102994
-0.175676,1.000000,0.800000,0.103035
-0.174975,1.000000,0.800000,0.103076
-0.174274,1.000000,0.800000,0.103118
-0.173574,1.000000,0.800000,0.103161
-0.172873,1.000000,0.800000,0.103206
-0.172172,1.000000,0.800000,0.103251
-0.171471,1.000000,0.800000,0.103298
-0.170771,1.000000,0.800000,0.103346
-0.170070,1.000000,0.800000,0.103395
-0.169369,1.000000,0.800000,0.103445
-0.168669,1.000000,0.800000,0.103496
-0.167968,1.000000,0.800000,0.103549
-0.167267,1.000000,0.800000,0.103603
-0.166567,1.000000,0.800000,0.103659
-0.165866,1.000000,0.800000,0.103716
-0.165165,1.000000,0.800000,0.103774
-0.164464,1.000000,0.800000,0.103834
-0.163764,1.000000,0.800000,0.103895
-0.163063,1.000000,0.800000,0.103958
-0.162362,1.000000,0.800000,0.104023
-0.161662,1.000000,0.800000,0.104090
-0.160961,1.000000,0.800000,0.104158
-0.160260,1.000000,0.800000,0.104227
-0.159560,1.000000,0.800000,0.104299
-0.158859,1.000000,0.800000,0.104373
-0.158158,1.000000,0.800000,0.104448
-0.157457,1.000000,0.800000,0.104526
-0.156757,1.000000,0.800000,0.104605
-0.156056,1.000000,0.800000,0.104687
-0.155355,1.000000,0.800000,0.104771
-0.154655,1.000000,0.800000,0.104857
-0.153954,1.000000,0.800000,0.104945
-0.153253,1.000000,0.800000,0.105036
-0.152553,1.000000,0.800000,0.105129
-0.151852,1.000000,0.800000,0.105224
-0.151151,1.000000,0.800000,0.105323
-0.150450,1.000000,0.800000,0.105423
-0.149750,1.000000,0.800000,0.105527
-0.149049,1.000000,0.800000,0.105633
-0.148348,1.000000,0.800000,0.105742
-0.147648,1.000000,0.800000,0.105854
-0.146947,1.000000,0.800000,0.105969
-0.146246,1.000000,0.800000,0.106087
-0.145546,1.000000,0.800000,0.106209
-0.144845,1.000000,0.800000,0.106333
-0.144144,1.000000,0.800000,0.106461
-0.143443,1.000000,0.800000,0.106592
-0.142743,1.000000,0.800000,0.106727
-0.142042,1.000000,0.800000,0.106866
-0.141341,1.000000,0.800000,0.107008
-0.140641,1.000000,0.800000,0.107154
-0.139940,1.000000,0.800000,0.107304
-0.139239,1.000000,0.800000,0.107458
-0.138539,1.000000,0.800000,0.107616
-0.137838,1.000000,0.800000,0.107779
-0.137137,1.000000,0.800000,0.107945
-0.136436,1.000000,0.800000,0.108117
-0.135736,1.000000,0.800000,0.108292
-0.135035,1.000000,0.800000,0.108473
-0.134334,1.000000,0.800000,0.108658
-0.133634,1.000000,0.800000,0.108848
-0.132933,1.000000,0.800000,0.109043
-0.132232,1.000000,0.800000,0.109243
-0.131532,1.000000,0.800000,0.109449
-0.130831,1.000000,0.800000,0.109659
-0.130130,1.000000,0.800000,0.109876
-0.129429,1.000000,0.800000,0.110098
-0.128729,1.000000,0.800000,0.110326
-0.128028,1.000000,0.800000,0.110559
-0.127327,1.000000,0.800000,0.110799
-0.126627,1.000000,0.800000,0.111045
-0.125926,1.000000,0.800000,0.111297
-0.125225,1.000000,0.800000,0.111555
-0.124525,1.000000,0.800000,0.111820
-0.123824,1.000000,0.800000,0.112092
-0.123123,1.000000,0.800000,0.112370
-0.122422,1.000000,0.800000,0.112655
-0.121722,1.000000,0.800000,0.112948
-0.121021,1.000000,0.800000,0.113247
-0.120320,1.000000,0.800000,0.113554
-0.119620,1.000000,0.800000,0.113868
-0.118919,1.000000,0.800000,0.114190
-0.118218,1.000000,0.800000,0.114520
-0.117518,1.000000,0.800000,0.114857
-0.116817,1.000000,0.800000,0.115203
-0.116116,1.000000,0.800000,0.115556
-0.115415,1.000000,0.800000,0.115917
-0.114715,1.000000,0.800000,0.116287
-0.114014,1.000000,0.800000,0.116666
-0.113313,1.000000,0.800000,0.117052
-0.112613,1.000000,0.800000,0.117448
-0.111912,1.000000,0.800000,0.117852
-0.111211,1.000000,0.800000,0.118265
-0.110511,1.000000,0.800000,0.118687
-0.109810,1.000000,0.800000,0.119118
-0.109109,1.000000,0.800000,0.119559
-0.108408,1.000000,0.800000,0.120008
-0.107708,1.000000,0.800000,0.120467
-0.107007,1.000000,0.800000,0.120935
-0.106306,1.000000,0.800000,0.121413
-0.105606,1.000000,0.800000,0.121900
-0.104905,1.000000,0.800000,0.122397
-0.104204,1.000000,0.800000,0.122903
-0.103504,1.000000,0.800000,0.123419
-0.102803,1.000000,0.800000,0.123945
-0.102102,1.000000,0.800000,0.124481
-0.101401,1.000000,0.800000,0.125027
-0.100701,1.000000,0.800000,0.125582
-0.100000,1.000000,0.800000,0.126147
-0.800000,1.000000,1.200000,0.100954
-0.799299,1.000000,1.200000,0.100954
-0.798599,1.000000,1.200000,0.100954
-0.797898,1.000000,1.200000,0.100954
-0.797197,1.000000,1.200000,0.100954
-0.796496,1.000000,1.200000,0.100954
-0.795796,1.000000,1.200000,0.100954
-0.795095,1.000000,1.200000,0.100954
-0.794394,1.000000,1.200000,0.100954
-0.793694,1.000000,1.200000,0.100954
-0.792993,1.000000,1.200000,0.100954
-0.792292,1.000000,1.200000,0.100954
-0.791592,1.000000,1.200000,0.100954
-0.790891,1.000000,1.200000,0.100954
-0.790190,1.000000,1.200000,0.100954
-0.789489,1.000000,1.200000,0.100954
-0.788789,1.000000,1.200000,0.100954
-0.788088,1.000000,1.200000,0.100954
-0.787387,1.000000,1.200000,0.100954
-0.786687,1.000000,1.200000,0.100954
-0.785986,1.000000,1.200000,0.100954
-0.785285,1.000000,1.200000,0.100954
-0.784585,1.000000,1.200000,0.100954
-0.783884,1.000000,1.200000,0.100954
-0.783183,1.000000,1.200000,0.100954
-0.782482,1.000000,1.200000,0.100954
-0.781782,1.000000,1.200000,0.100954
-0.781081,1.000000,1.200000,0.100954
-0.780380,1.000000,1.200000,0.100954
-0.779680,1.000000,1.200000,0.100954
-0.778979,1.000000,1.200000,0.100954
-0.778278,1.000000,1.200000,0.100954
-0.777578,1.000000,1.200000,0.100954
-0.776877,1.000000,1.200000,0.100954
-0.776176,1.000000,1.200000,0.100954
-0.775475,1.000000,1.200000,0.100954
-0.774775,1.000000,1.200000,0.100954
-0.774074,1.000000,1.200000,0.100954
-0.773373,1.000000,1.200000,0.100954
-0.772673,1.000000,1.200000,0.100954
-0.771972,1.000000,1.200000,0.100954
-0.771271,1.000000,1.200000,0.100954
-0.770571,1.000000,1.200000,0.100954
-0.769870,1.000000,1.200000,0.100954
-0.769169,1.000000,1.200000,0.100954
-0.768468,1.000000,1.200000,0.100954
-0.767768,1.000000,1.200000,0.100954
-0.767067,1.000000,1.200000,0.100954
-0.766366,1.000000,1.200000,0.100954
-0.765666,1.000000,1.200000,0.100954
-0.764965,1.000000,1.200000,0.100954
-0.764264,1.000000,1.200000,0.100954
-0.763564,1.000000,1.200000,0.100954
-0.762863,1.000000,1.200000,0.100954
-0.762162,1.000000,1.200000,0.100954
-0.761461,1.000000,1.200000,0.100954
-0.760761,1.000000,1.200000,0.100954
-0.760060,1.000000,1.200000,0.100954
-0.759359,1.000000,1.200000,0.100954
-0.758659,1.000000,1.200000,0.100954
-0.757958,1.000000,1.200000,0.100954
-0.757257,1.000000,1.200000,0.100954
-0.756557,1.000000,1.200000,0.100954
-0.755856,1.000000,1.200000,0.100954
-0.755155,1.000000,1.200000,0.100954
-0.754454,1.000000,1.200000,0.100954
-0.753754,1.000000,1.200000,0.100954
-0.753053,1.000000,1.200000,0.100954
-0.752352,1.000000,1.200000,0.100954
-0.751652,1.000000,1.200000,0.100954
-0.750951,1.000000,1.200000,0.100954
-0.750250,1.000000,1.200000,0.100954
-0.749550,1.000000,1.200000,0.100954
-0.748849,1.000000,1.200000,0.100954
-0.748148,1.000000,1.200000,0.100954
-0.747447,1.000000,1.200000,0.100954
-0.746747,1.000000,1.200000,0.100954
-0.746046,1.000000,1.200000,0.100954
-0.745345,1.000000,1.200000,0.100954
-0.744645,1.000000,1.200000,0.100954
-0.743944,1.000000,1.200000,0.100954
-0.743243,1.000000,1.200000,0.100954
-0.742543,1.000000,1.200000,0.100954
-0.741842,1.000000,1.200000,0.100954
-0.741141,1.000000,1.200000,0.100954
-0.740440,1.000000,1.200000,0.100954
-0.739740,1.000000,1.200000,0.100954
-0.739039,1.000000,1.200000,0.100954
-0.738338,1.000000,1.200000,0.100954
-0.737638,1.000000,1.200000,0.100954
-0.736937,1.000000,1.200000,0.100954
-0.736236,1.000000,1.200000,0.100954
-0.735536,1.000000,1.200000,0.100954
-0.734835,1.000000,1.200000,0.100954
-0.734134,1.000000,1.200000,0.100954
-0.733433,1.000000,1.200000,0.100954
-0.732733,1.000000,1.200000,0.100954
-0.732032,1.000000,1.200000,0.100954
-0.731331,1.000000,1.200000,0.100954
-0.730631,1.000000,1.200000,0.100954
-0.729930,1.000000,1.200000,0.100954
-0.729229,1.000000,1.200000,0.100954
-0.728529,1.000000,1.200000,0.100954
-0.727828,1.000000,1.200000,0.100954
-0.727127,1.000000,1.200000,0.100954
-0.726426,1.000000,1.200000,0.100954
-0.725726,1.000000,1.200000,0.100954
-0.725025,1.000000,1.200000,0.100954
-0.724324,1.000000,1.200000,0.100954
-0.723624,1.000000,1.200000,0.100954
-0.722923,1.000000,1.200000,0.100954
-0.722222,1.000000,1.200000,0.100954
-0.721522,1.000000,1.200000,0.100954
-0.720821,1.000000,1.200000,0.100954
-0.720120,1.000000,1.200000,0.100954
-0.719419,1.000000,1.200000,0.100954
-0.718719,1.000000,1.200000,0.100954
-0.718018,1.000000,1.200000,0.100954
-0.717317,1.000000,1.200000,0.100954
-0.716617,1.000000,1.200000,0.100954
-0.715916,1.000000,1.200000,0.100954
-0.715215,1.000000,1.200000,0.100954
-0.714515,1.000000,1.200000,0.100954
-0.713814,1.000000,1.200000,0.100954
-0.713113,1.000000,1.200000,0.100954
-0.712412,1.000000,1.200000,0.100954
-0.711712,1.000000,1.200000,0.100954
-0.711011,1.000000,1.200000,0.100954
-0.710310,1.000000,1.200000,0.100954
-0.709610,1.000000,1.200000,0.100954
-0.708909,1.000000,1.200000,0.100954
-0.708208,1.000000,1.200000,0.100954
-0.707508,1.000000,1.200000,0.100954
-0.706807,1.000000,1.200000,0.100954
-0.706106,1.000000,1.200000,0.100954
-0.705405,1.000000,1.200000,0.100954
-0.704705,1.000000,1.200000,0.100954
-0.704004,1.000000,1.200000,0.100954
-0.703303,1.000000,1.200000,0.100954
-0.702603,1.000000,1.200000,0.100954
-0.701902,1.000000,1.200000,0.100954
-0.701201,1.000000,1.200000,0.100954
-0.700501,1.000000,1.200000,0.100954
-0.699800,1.000000,1.200000,0.100954
-0.699099,1.000000,1.200000,0.100954
-0.698398,1.000000,1.200000,0.100954
-0.697698,1.000000,1.200000,0.100954
-0.696997,1.000000,1.200000,0.100954
-0.696296,1.000000,1.200000,0.100954
-0.695596,1.000000,1.200000,0.100954
-0.694895,1.000000,1.200000,0.100954
-0.694194,1.000000,1.200000,0.100954
-0.693493,1.000000,1.200000,0.100954
-0.692793,1.000000,1.200000,0.100954
-0.692092,1.000000,1.200000,0.100954
-0.691391,1.000000,1.200000,0.100954
-0.690691,1.000000,1.200000,0.100954
-0.689990,1.000000,1.200000,0.100954
-0.689289,1.000000,1.200000,0.100954
-0.688589,1.000000,1.200000,0.100954
-0.687888,1.000000,1.200000,0.100954
-0.687187,1.000000,1.200000,0.100954
-0.686486,1.000000,1.200000,0.100954
-0.685786,1.000000,1.200000,0.100954
-0.685085,1.000000,1.200000,0.100954
-0.684384,1.000000,1.200000,0.100954
-0.683684,1.000000,1.200000,0.100954
-0.682983,1.000000,1.200000,0.100954
-0.682282,1.000000,1.200000,0.100954
-0.681582,1.000000,1.200000,0.100954
-0.680881,1.000000,1.200000,0.100954
-0.680180,1.000000,1.200000,0.100954
-0.679479,1.000000,1.200000,0.100954
-0.678779,1.000000,1.200000,0.100954
-0.678078,1.000000,1.200000,0.100954
-0.677377,1.000000,1.200000,0.100954
-0.676677,1.000000,1.200000,0.100954
-0.675976,1.000000,1.200000,0.100954
-0.675275,1.000000,1.200000,0.100954
-0.674575,1.000000,1.200000,0.100954
-0.673874,1.000000,1.200000,0.100954
-0.673173,1.000000,1.200000,0.100954
-0.672472,1.000000,1.200000,0.100954
-0.671772,1.000000,1.200000,0.100954
-0.671071,1.000000,1.200000,0.100954
-0.670370,1.000000,1.200000,0.100954
-0.669670,1.000000,1.200000,0.100954
-0.668969,1.000000,1.200000,0.100954
-0.668268,1.000000,1.200000,0.100954
-0.667568,1.000000,1.200000,0.100954
-0.666867,1.000000,1.200000,0.100954
-0.666166,1.000000,1.200000,0.100954
-0.665465,1.000000,1.200000,0.100954
-0.664765,1.000000,1.200000,0.100954
-0.664064,1.000000,1.200000,0.100954
-0.663363,1.000000,1.200000,0.100954
-0.662663,1.000000,1.200000,0.100954
-0.661962,1.000000,1.200000,0.100954
-0.661261,1.000000,1.200000,0.100954
-0.660561,1.000000,1.200000,0.100954
-0.659860,1.000000,1.200000,0.100954
-0.659159,1.000000,1.200000,0.100954
-0.658458,1.000000,1.200000,0.100954
-0.657758,1.000000,1.200000,0.100954
-0.657057,1.000000,1.200000,0.100954
-0.656356,1.000000,1.200000,0.100954
-0.655656,1.000000,1.200000,0.100955
-0.654955,1.000000,1.200000,0.100954
-0.654254,1.000000,1.200000,0.100954
-0.653554,1.000000,1.200000,0.100954
-0.652853,1.000000,1.200000,0.100955
-0.652152,1.000000,1.200000,0.100954
-0.651451,1.000000,1.200000,0.100955
-0.650751,1.000000,1.200000,0.100955
-0.650050,1.000000,1.200000,0.100955
-0.649349,1.000000,1.200000,0.100955
-0.648649,1.000000,1.200000,0.100955
-0.647948,1.000000,1.200000,0.100955
-0.647247,1.000000,1.200000,0.100955
-0.646547,1.000000,1.200000,0.100955
-0.645846,1.000000,1.200000,0.100955
-0.645145,1.000000,1.200000,0.100955
-0.644444,1.000000,1.200000,0.100955
-0.643744,1.000000,1.200000,0.100955
-0.643043,1.000000,1.200000,0.100955
-0.642342,1.000000,1.200000,0.100955
-0.641642,1.000000,1.200000,0.100955
-0.640941,1.000000,1.200000,0.100955
-0.640240,1.000000,1.200000,0.100955
-0.639540,1.000000,1.200000,0.100955
-0.638839,1.000000,1.200000,0.100955
-0.638138,1.000000,1.200000,0.100955
-0.637437,1.000000,1.200000,0.100955
-0.636737,1.000000,1.200000,0.100955
-0.636036,1.000000,1.200000,0.100955
-0.635335,1.000000,1.200000,0.100955
-0.634635,1.000000,1.200000,0.100955
-0.633934,1.000000,1.200000,0.100955
-0.633233,1.000000,1.200000,0.100955
-0.632533,1.000000,1.200000,0.100955
-0.631832,1.000000,1.200000,0.100955
-0.631131,1.000000,1.200000,0.100955
-0.630430,1.000000,1.200000,0.100955
-0.629730,1.000000,1.200000,0.100955
-0.629029,1.000000,1.200000,0.100955
-0.628328,1.000000,1.200000,0.100955
-0.627628,1.000000,1.200000,0.100955
-0.626927,1.000000,1.200000,0.100955
-0.626226,1.000000,1.200000,0.100955
-0.625526,1.000000,1.200000,0.100955
-0.624825,1.000000,1.200000,0.100955
-0.624124,1.000000,1.200000,0.100955
-0.623423,1.000000,1.200000,0.100955
-0.622723,1.000000,1.200000,0.100955
-0.622022,1.000000,1.200000,0.100955
-0.621321,1.000000,1.200000,0.100955
-0.620621,1.000000,1.200000,0.100955
-0.619920,1.000000,1.200000,0.100955
-0.619219,1.000000,1.200000,0.100955
-0.618519,1.000000,1.200000,0.100955
-0.617818,1.000000,1.200000,0.100955
-0.617117,1.000000,1.200000,0.100955
-0.616416,1.000000,1.200000,0.100955
-0.615716,1.000000,1.200000,0.100955
-0.615015,1.000000,1.200000,0.100955
-0.614314,1.000000,1.200000,0.100955
-0.613614,1.000000,1.200000,0.100955
-0.612913,1.000000,1.200000,0.100955
-0.612212,1.000000,1.200000,0.100955
-0.611512,1.000000,1.200000,0.100955
-0.610811,1.000000,1.200000,0.100955
-0.610110,1.000000,1.200000,0.100955
-0.609409,1.000000,1.200000,0.100955
-0.608709,1.000000,1.200000,0.100955
-0.608008,1.000000,1.200000,0.100955
-0.607307,1.000000,1.200000,0.100955
-0.606607,1.000000,1.200000,0.100955
-0.605906,1.000000,1.200000,0.100955
-0.605205,1.000000,1.200000,0.100955
-0.604505,1.000000,1.200000,0.100955
-0.603804,1.000000,1.200000,0.100955
-0.603103,1.000000,1.200000,0.100955
-0.602402,1.000000,1.200000,0.100955
-0.601702,1.000000,1.200000,0.100955
-0.601001,1.000000,1.200000,0.100955
-0.600300,1.000000,1.200000,0.100955
-0.599600,1.000000,1.200000,0.100955
-0.598899,1.000000,1.200000,0.100955
-0.598198,1.000000,1.200000,0.100955
-0.597497,1.000000,1.200000,0.100955
-0.596797,1.000000,1.200000,0.100955
-0.596096,1.000000,1.200000,0.100955
-0.595395,1.000000,1.200000,0.100955
-0.594695,1.000000,1.200000,0.100955
-0.593994,1.000000,1.200000,0.100955
-0.593293,1.000000,1.200000,0.100955
-0.592593,1.000000,1.200000,0.100955
-0.591892,1.000000,1.200000,0.100956
-0.591191,1.000000,1.200000,0.100956
-0.590490,1.000000,1.200000,0.100956
-0.589790,1.000000,1.200000,0.100956
-0.589089,1.000000,1.200000,0.100956
-0.588388,1.000000,1.200000,0.100956
-0.587688,1.000000,1.200000,0.100956
-0.586987,1.000000,1.200000,0.100956
-0.586286,1.000000,1.200000,0.100956
-0.585586,1.000000,1.200000,0.100956
-0.584885,1.000000,1.200000,0.100956
-0.584184,1.000000,1.200000,0.100956
-0.583483,1.000000,1.200000,0.100956
-0.582783,1.000000,1.200000,0.100956
-0.582082,1.000000,1.200000,0.100956
-0.581381,1.000000,1.200000,0.100956
-0.580681,1.000000,1.200000,0.100956
-0.579980,1.000000,1.200000,0.100956
-0.579279,1.000000,1.200000,0.100956
-0.578579,1.000000,1.200000,0.100956
-0.577878,1.000000,1.200000,0.100956
-0.577177,1.000000,1.200000,0.100956
-0.576476,1.000000,1.200000,0.100956
-0.575776,1.000000,1.200000,0.100956
-0.575075,1.000000,1.200000,0.100956
-0.574374,1.000000,1.200000,0.100956
-0.573674,1.000000,1.200000,0.100956
-0.572973,1.000000,1.200000,0.100956
-0.572272,1.000000,1.200000,0.100956
-0.571572,1.000000,1.200000,0.100956
-0.570871,1.000000,1.200000,0.100956
-0.570170,1.000000,1.200000,0.100956
-0.569469,1.000000,1.200000,0.100956
-0.568769,1.000000,1.200000,0.100956
-0.568068,1.000000,1.200000,0.100956
-0.567367,1.000000,1.200000,0.100956
-0.566667,1.000000,1.200000,0.100956
-0.565966,1.000000,1.200000,0.100956
-0.565265,1.000000,1.200000,0.100956
-0.564565,1.000000,1.200000,0.100956
-0.563864,1.000000,1.200000,0.100957
-0.563163,1.000000,1.200000,0.100957
-0.562462,1.000000,1.200000,0.100957
-0.561762,1.000000,1.200000,0.100957
-0.561061,1.000000,1.200000,0.100957
-0.560360,1.000000,1.200000,0.100957
-0.559660,1.000000,1.200000,0.100957
-0.558959,1.000000,1.200000,0.100957
-0.558258,1.000000,1.200000,0.100957
-0.557558,1.000000,1.200000,0.100957
-0.556857,1.000000,1.200000,0.100957
-0.556156,1.000000,1.200000,0.100957
-0.555455,1.000000,1.200000,0.100957
-0.554755,1.000000,1.200000,0.100957
-0.554054,1.000000,1.200000,0.100957
-0.553353,1.000000,1.200000,0.100957
-0.552653,1.000000,1.200000,0.100957
-0.551952,1.000000,1.200000,0.100957
-0.551251,1.000000,1.200000,0.100957
-0.550551,1.000000,1.200000,0.100957
-0.549850,1.000000,1.200000,0.100957
-0.549149,1.000000,1.200000,0.100957
-0.548448,1.000000,1.200000,0.100957
-0.547748,1.000000,1.200000,0.100957
-0.547047,1.000000,1.200000,0.100957
-0.546346,1.000000,1.200000,0.100957
-0.545646,1.000000,1.200000,0.100957
-0.544945,1.000000,1.200000,0.100957
-0.544244,1.000000,1.200000,0.100958
-0.543544,1.000000,1.200000,0.100958
-0.542843,1.000000,1.200000,0.100958
-0.542142,1.000000,1.200000,0.100958
-0.541441,1.000000,1.200000,0.100958
-0.540741,1.000000,1.200000,0.100958
-0.540040,1.000000,1.200000,0.100958
-0.539339,1.000000,1.200000,0.100958
-0.538639,1.000000,1.200000,0.100958
-0.537938,1.000000,1.200000,0.100958
-0.537237,1.000000,1.200000,0.100958
-0.536537,1.000000,1.200000,0.100958
-0.535836,1.000000,1.200000,0.100958
-0.535135,1.000000,1.200000,0.100958
-0.534434,1.000000,1.200000,0.100958
-0.533734,1.000000,1.200000,0.100958
-0.533033,1.000000,1.200000,0.100958
-0.532332,1.000000,1.200000,0.100958
-0.531632,1.000000,1.200000,0.100958
-0.530931,1.000000,1.200000,0.100958
-0.530230,1.000000,1.200000,0.100958
-0.529530,1.000000,1.200000,0.100958
-0.528829,1.000000,1.200000,0.100959
-0.528128,1.000000,1.200000,0.100959
-0.527427,1.000000,1.200000,0.100959
-0.526727,1.000000,1.200000,0.100959
-0.526026,1.000000,1.200000,0.100959
-0.525325,1.000000,1.200000,0.100959
-0.524625,1.000000,1.200000,0.100959
-0.523924,1.000000,1.200000,0.100959
-0.523223,1.000000,1.200000,0.100959
-0.522523,1.000000,1.200000,0.100959
-0.521822,1.000000,1.200000,0.100959
-0.521121,1.000000,1.200000,0.100959
-0.520420,1.000000,1.200000,0.100959
-0.519720,1.000000,1.200000,0.100959
-0.519019,1.000000,1.200000,0.100959
-0.518318,1.000000,1.200000,0.100959
-0.517618,1.000000,1.200000,0.100959
-0.516917,1.000000,1.200000,0.100960
-0.516216,1.000000,1.200000,0.100960
-0.515516,1.000000,1.200000,0.100960
-0.514815,1.000000,1.200000,0.100960
-0.514114,1.000000,1.200000,0.100960
-0.513413,1.000000,1.200000,0.100960
-0.512713,1.000000,1.200000,0.100960
-0.512012,1.000000,1.200000,0.100960
-0.511311,1.000000,1.200000,0.100960
-0.510611,1.000000,1.200000,0.100960
-0.509910,1.000000,1.200000,0.100960
-0.509209,1.000000,1.200000,0.100960
-0.508509,1.000000,1.200000,0.100960
-0.507808,1.000000,1.200000,0.100960
-0.507107,1.000000,1.200000,0.100961
-0.506406,1.000000,1.200000,0.100961
-0.505706,1.000000,1.200000,0.100961
-0.505005,1.000000,1.200000,0.100961
-0.504304,1.000000,1.200000,0.100961
-0.503604,1.000000,1.200000,0.100961
-0.502903,1.000000,1.200000,0.100961
-0.502202,1.000000,1.200000,0.100961
-0.501502,1.000000,1.200000,0.100961
-0.500801,1.000000,1.200000,0.100961
-0.500100,1.000000,1.200000,0.100961
-0.499399,1.000000,1.200000,0.100961
-0.498699,1.000000,1.200000,0.100961
-0.497998,1.000000,1.200000,0.100962
-0.497297,1.000000,1.200000,0.100962
-0.496597,1.000000,1.200000,0.100962
-0.495896,1.000000,1.200000,0.100962
-0.495195,1.000000,1.200000,0.100962
-0.494494,1.000000,1.200000,0.100962
-0.493794,1.000000,1.200000,0.100962
-0.493093,1.000000,1.200000,0.100962
-0.492392,1.000000,1.200000,0.100962
-0.491692,1.000000,1.200000,0.100962
-0.490991,1.000000,1.200000,0.100962
-0.490290,1.000000,1.200000,0.100963
-0.489590,1.000000,1.200000,0.100963
-0.488889,1.000000,1.200000,0.100963
-0.488188,1.000000,1.200000,0.100963
-0.487487,1.000000,1.200000,0.100963
-0.486787,1.000000,1.200000,0.100963
-0.486086,1.000000,1.200000,0.100963
-0.485385,1.000000,1.200000,0.100963
-0.484685,1.000000,1.200000,0.100963
-0.483984,1.000000,1.200000,0.100963
-0.483283,1.000000,1.200000,0.100964
-0.482583,1.000000,1.200000,0.100964
-0.481882,1.000000,1.200000,0.100964
-0.481181,1.000000,1.200000,0.100964
-0.480480,1.000000,1.200000,0.100964
-0.479780,1.000000,1.200000,0.100964
-0.479079,1.000000,1.200000,0.100964
-0.478378,1.000000,1.200000,0.100964
-0.477678,1.000000,1.200000,0.100964
-0.476977,1.000000,1.200000,0.100965
-0.476276,1.000000,1.200000,0.100965
-0.475576,1.000000,1.200000,0.100965
-0.474875,1.000000,1.200000,0.100965
-0.474174,1.000000,1.200000,0.100965
-0.473473,1.000000,1.200000,0.100965
-0.472773,1.000000,1.200000,0.100965
-0.472072,1.000000,1.200000,0.100965
-0.471371,1.000000,1.200000,0.100965
-0.470671,1.000000,1.200000,0.100966
-0.469970,1.000000,1.200000,0.100966
-0.469269,1.000000,1.200000,0.100966
-0.468569,1.000000,1.200000,0.100966
-0.467868,1.000000,1.200000,0.100966
-0.467167,1.000000,1.200000,0.100966
-0.466466,1.000000,1.200000,0.100966
-0.465766,1.000000,1.200000,0.100967
-0.465065,1.000000,1.200000,0.100967
-0.464364,1.000000,1.200000,0.100967
-0.463664,1.000000,1.200000,0.100967
-0.462963,1.000000,1.200000,0.100967
-0.462262,1.000000,1.200000,0.100967
-0.461562,1.000000,1.200000,0.100967
-0.460861,1.000000,1.200000,0.100968
-0.460160,1.000000,1.200000,0.100968
-0.459459,1.000000,1.200000,0.100968
-0.458759,1.000000,1.200000,0.100968
-0.458058,1.000000,1.200000,0.100968
-0.457357,1.000000,1.200000,0.100968
-0.456657,1.000000,1.200000,0.100968
-0.455956,1.000000,1.200000,0.100969
-0.455255,1.000000,1.200000,0.100969
-0.454555,1.000000,1.200000,0.100969
-0.453854,1.000000,1.200000,0.100969
-0.453153,1.000000,1.200000,0.100969
-0.452452,1.000000,1.200000,0.100969
-0.451752,1.000000,1.200000,0.100970
-0.451051,1.000000,1.200000,0.100970
-0.450350,1.000000,1.200000,0.100970
-0.449650,1.000000,1.200000,0.100970
-0.448949,1.000000,1.200000,0.100970
-0.448248,1.000000,1.200000,0.100970
-0.447548,1.000000,1.200000,0.100971
-0.446847,1.000000,1.200000,0.100971
-0.446146,1.000000,1.200000,0.100971
-0.445445,1.000000,1.200000,0.100971
-0.444745,1.000000,1.200000,0.100971
-0.444044,1.000000,1.200000,0.100972
-0.443343,1.000000,1.200000,0.100972
-0.442643,1.000000,1.200000,0.100972
-0.441942,1.000000,1.200000,0.100972
-0.441241,1.000000,1.200000,0.100972
-0.440541,1.000000,1.200000,0.100972
-0.439840,1.000000,1.200000,0.100973
-0.439139,1.000000,1.200000,0.100973
-0.438438,1.000000,1.200000,0.100973
-0.437738,1.000000,1.200000,0.100973
-0.437037,1.000000,1.200000,0.100973
-0.436336,1.000000,1.200000,0.100974
-0.435636,1.000000,1.200000,0.100974
-0.434935,1.000000,1.200000,0.100974
-0.434234,1.000000,1.200000,0.100974
-0.433534,1.000000,1.200000,0.100975
-0.432833,1.000000,1.200000,0.100975
-0.432132,1.000000,1.200000,0.100975
-0.431431,1.000000,1.200000,0.100975
-0.430731,1.000000,1.200000,0.100975
-0.430030,1.000000,1.200000,0.100976
-0.429329,1.000000,1.200000,0.100976
-0.428629,1.000000,1.200000,0.100976
-0.427928,1.000000,1.200000,0.100976
-0.427227,1.000000,1.200000,0.100977
-0.426527,1.000000,1.200000,0.100977
-0.425826,1.000000,1.200000,0.100977
-0.425125,1.000000,1.200000,0.100977
-0.424424,1.000000,1.200000,0.100978
-0.423724,1.000000,1.200000,0.100978
-0.423023,1.000000,1.200000,0.100978
-0.422322,1.000000,1.200000,0.100978
-0.421622,1.000000,1.200000,0.100979
-0.420921,1.000000,1.200000,0.100979
-0.420220,1.000000,1.200000,0.100979
-0.419520,1.000000,1.200000,0.100979
-0.418819,1.000000,1.200000,0.100980
-0.418118,1.000000,1.200000,0.100980
-0.417417,1.000000,1.200000,0.100980
-0.416717,1.000000,1.200000,0.100980
-0.416016,1.000000,1.200000,0.100981
-0.415315,1.000000,1.200000,0.100981
-0.414615,1.000000,1.200000,0.100981
-0.413914,1.000000,1.200000,0.100982
-0.413213,1.000000,1.200000,0.100982
-0.412513,1.000000,1.200000,0.100982
-0.411812,1.000000,1.200000,0.100983
-0.411111,1.000000,1.200000,0.100983
-0.410410,1.000000,1.200000,0.100983
-0.409710,1.000000,1.200000,0.100983
-0.409009,1.000000,1.200000,0.100984
-0.408308,1.000000,1.200000,0.100984
-0.407608,1.000000,1.200000,0.100984
-0.406907,1.000000,1.200000,0.100985
-0.406206,1.000000,1.200000,0.100985
-0.405506,1.000000,1.200000,0.100985
-0.404805,1.000000,1.200000,0.100986
-0.404104,1.000000,1.200000,0.100986
-0.403403,1.000000,1.200000,0.100986
-0.402703,1.000000,1.200000,0.100987
-0.402002,1.000000,1.200000,0.100987
-0.401301,1.000000,1.200000,0.100987
-0.400601,1.000000,1.200000,0.100988
-0.399900,1.000000,1.200000,0.100988
-0.399199,1.000000,1.200000,0.100988
-0.398498,1.000000,1.200000,0.100989
-0.397798,1.000000,1.200000,0.100989
-0.397097,1.000000,1.200000,0.100990
-0.396396,1.000000,1.200000,0.100990
-0.395696,1.000000,1.200000,0.100990
-0.394995,1.000000,1.200000,0.100991
-0.394294,1.000000,1.200000,0.100991
-0.393594,1.000000,1.200000,0.100991
-0.392893,1.000000,1.200000,0.100992
-0.392192,1.000000,1.200000,0.100992
-0.391491,1.000000,1.200000,0.100993
-0.390791,1.000000,1.200000,0.100993
-0.390090,1.000000,1.200000,0.100993
-0.389389,1.000000,1.200000,0.100994
-0.388689,1.000000,1.200000,0.100994
-0.387988,1.000000,1.200000,0.100995
-0.387287,1.000000,1.200000,0.100995
-0.386587,1.000000,1.200000,0.100996
-0.385886,1.000000,1.200000,0.100996
-0.385185,1.000000,1.200000,0.100996
-0.384484,1.000000,1.200000,0.100997
-0.383784,1.000000,1.200000,0.100997
-0.383083,1.000000,1.200000,0.100998
-0.382382,1.000000,1.200000,0.100998
-0.381682,1.000000,1.200000,0.100999
-0.380981,1.000000,1.200000,0.100999
-0.380280,1.000000,1.200000,0.101000
-0.379580,1.000000,1.200000,0.101000
-0.378879,1.000000,1.200000,0.101001
-0.378178,1.000000,1.200000,0.101001
-0.377477,1.000000,1.200000,0.101002
-0.376777,1.000000,1.200000,0.101002
-0.376076,1.000000,1.200000,0.101003
-0.375375,1.000000,1.200000,0.101003
-0.374675,1.000000,1.200000,0.101004
-0.373974,1.000000,1.200000,0.101004
-0.373273,1.000000,1.200000,0.101005
-0.372573,1.000000,1.200000,0.101005
-0.371872,1.000000,1.200000,0.101006
-0.371171,1.000000,1.200000,0.101006
-0.370470,1.000000,1.200000,0.101007
-0.369770,1.000000,1.200000,0.101008
-0.369069,1.000000,1.200000,0.101008
-0.368368,1.000000,1.200000,0.101009
-0.367668,1.000000,1.200000,0.101009
-0.366967,1.000000,1.200000,0.101010
-0.366266,1.000000,1.200000,0.101010
-0.365566,1.000000,1.200000,0.101011
-0.364865,1.000000,1.200000,0.101012
-0.364164,1.000000,1.200000,0.101012
-0.363463,1.000000,1.200000,0.101013
-0.362763,1.000000,1.200000,0.101014
-0.362062,1.000000,1.200000,0.101014
-0.361361,1.000000,1.200000,0.101015
-0.360661,1.000000,1.200000,0.101015
-0.359960,1.000000,1.200000,0.101016
-0.359259,1.000000,1.200000,0.101017
-0.358559,1.000000,1.200000,0.101017
-0.357858,1.000000,1.200000,0.101018
-0.357157,1.000000,1.200000,0.101019
-0.356456,1.000000,1.200000,0.101020
-0.355756,1.000000,1.200000,0.101020
-0.355055,1.000000,1.200000,0.101021
-0.354354,1.000000,1.200000,0.101022
-0.353654,1.000000,1.200000,0.101022
-0.352953,1.000000,1.200000,0.101023
-0.352252,1.000000,1.200000,0.101024
-0.351552,1.000000,1.200000,0.101025
-0.350851,1.000000,1.200000,0.101025
-0.350150,1.000000,1.200000,0.101026
-0.349449,1.000000,1.200000,0.101027
-0.348749,1.000000,1.200000,0.101028
-0.348048,1.000000,1.200000,0.101028
-0.347347,1.000000,1.200000,0.101029
-0.346647,1.000000,1.200000,0.101030
-0.345946,1.000000,1.200000,0.101031
-0.345245,1.000000,1.200000,0.101032
-0.344545,1.000000,1.200000,0.101033
-0.343844,1.000000,1.200000,0.101033
-0.343143,1.000000,1.200000,0.101034
-0.342442,1.000000,1.200000,0.101035
-0.341742,1.000000,1.200000,0.101036
-0.341041,1.000000,1.200000,0.101037
-0.340340,1.000000,1.200000,0.101038
-0.339640,1.000000,1.200000,0.101039
-0.338939,1.000000,1.200000,0.101040
-0.338238,1.000000,1.200000,0.101040
-0.337538,1.000000,1.200000,0.101041
-0.336837,1.000000,1.200000,0.101042
-0.336136,1.000000,1.200000,0.101043
-0.335435,1.000000,1.200000,0.101044
-0.334735,1.000000,1.200000,0.101045
-0.334034,1.000000,1.200000,0.101046
-0.333333,1.000000,1.200000,0.101047
-0.332633,1.000000,1.200000,0.101048
-0.331932,1.000000,1.200000,0.101049
-0.331231,1.000000,1.200000,0.101050
-0.330531,1.000000,1.200000,0.101051
-0.329830,1.000000,1.200000,0.101052
-0.329129,1.000000,1.200000,0.101054
-0.328428,1.000000,1.200000,0.101055
-0.327728,1.000000,1.200000,0.101056
-0.327027,1.000000,1.200000,0.101057
-0.326326,1.000000,1.200000,0.101058
-0.325626,1.000000,1.200000,0.101059
-0.324925,1.000000,1.200000,0.101060
-0.324224,1.000000,1.200000,0.101061
-0.323524,1.000000,1.200000,0.101063
-0.322823,1.000000,1.200000,0.101064
-0.322122,1.000000,1.200000,0.101065
-0.321421,1.000000,1.200000,0.101066
-0.320721,1.000000,1.200000,0.101067
-0.320020,1.000000,1.200000,0.101069
-0.319319,1.000000,1.200000,0.101070
-0.318619,1.000000,1.200000,0.101071
-0.317918,1.000000,1.200000,0.101073
-0.317217,1.000000,1.200000,0.101074
-0.316517,1.000000,1.200000,0.101075
-0.315816,1.000000,1.200000,0.101077
-0.315115,1.000000,1.200000,0.101078
-0.314414,1.000000,1.200000,0.101079
-0.313714,1.000000,1.200000,0.101081
-0.313013,1.000000,1.200000,0.101082
-0.312312,1.000000,1.200000,0.101083
-0.311612,1.000000,1.200000,0.101085
-0.310911,1.000000,1.200000,0.101086
-0.310210,1.000000,1.200000,0.101088
-0.309510,1.000000,1.200000,0.101089
-0.308809,1.000000,1.200000,0.101091
-0.308108,1.000000,1.200000,0.101092
-0.307407,1.000000,1.200000,0.101094
-0.306707,1.000000,1.200000,0.101096
-0.306006,1.000000,1.200000,0.101097
-0.305305,1.000000,1.200000,0.101099
-0.304605,1.000000,1.200000,0.101100
-0.303904,1.000000,1.200000,0.101102
-0.303203,1.000000,1.200000,0.101104
-0.302503,1.000000,1.200000,0.101105
-0.301802,1.000000,1.200000,0.101107
-0.301101,1.000000,1.200000,0.101109
-0.300400,1.000000,1.200000,0.101111
-0.299700,1.000000,1.200000,0.101112
-0.298999,1.000000,1.200000,0.101114
-0.298298,1.000000,1.200000,0.101116
-0.297598,1.000000,1.200000,0.101118
-0.296897,1.000000,1.200000,0.101120
-0.296196,1.000000,1.200000,0.101122
-0.295495,1.000000,1.200000,0.101124
-0.294795,1.000000,1.200000,0.101126
-0.294094,1.000000,1.200000,0.101128
-0.293393,1.000000,1.200000,0.101130
-0.292693,1.000000,1.200000,0.101132
-0.291992,1.000000,1.200000,0.101134
-0.291291,1.000000,1.200000,0.101136
-0.290591,1.000000,1.200000,0.101138
-0.289890,1.000000,1.200000,0.101140
-0.289189,1.000000,1.200000,0.101142
-0.288488,1.000000,1.200000,0.101144
-0.287788,1.000000,1.200000,0.101146
-0.287087,1.000000,1.200000,0.101149
-0.286386,1.000000,1.200000,0.101151
-0.285686,1.000000,1.200000,0.101153
-0.284985,1.000000,1.200000,0.101156
-0.284284,1.000000,1.200000,0.101158
-0.283584,1.000000,1.200000,0.101160
-0.282883,1.000000,1.200000,0.101163
-0.282182,1.000000,1.200000,0.101165
-0.281481,1.000000,1.200000,0.101168
-0.280781,1.000000,1.200000,0.101170
-0.280080,1.000000,1.200000,0.101173
-0.279379,1.000000,1.200000,0.101176
-0.278679,1.000000,1.200000,0.101178
-0.277978,1.000000,1.200000,0.101181
-0.277277,1.000000,1.200000,0.101184
-0.276577,1.000000,1.200000,0.101186
-0.275876,1.000000,1.200000,0.101189
-0.275175,1.000000,1.200000,0.101192
-0.274474,1.000000,1.200000,0.101195
-0.273774,1.000000,1.200000,0.101198
-0.273073,1.000000,1.200000,0.101201
-0.272372,1.000000,1.200000,0.101204
-0.271672,1.000000,1.200000,0.101207
-0.270971,1.000000,1.200000,0.101210
-0.270270,1.000000,1.200000,0.101213
-0.269570,1.000000,1.200000,0.101216
-0.268869,1.000000,1.200000,0.101219
-0.268168,1.000000,1.200000,0.101223
-0.267467,1.000000,1.200000,0.101226
-0.266767,1.000000,1.200000,0.101229
-0.266066,1.000000,1.200000,0.101233
-0.265365,1.000000,1.200000,0.101236
-0.264665,1.000000,1.200000,0.101239
-0.263964,1.000000,1.200000,0.101243
-0.263263,1.000000,1.200000,0.101247
-0.262563,1.000000,1.200000,0.101250
-0.261862,1.000000,1.200000,0.101254
-0.261161,1.000000,1.200000,0.101258
-0.260460,1.000000,1.200000,0.101262
-0.259760,1.000000,1.200000,0.101265
-0.259059,1.000000,1.200000,0.101269
-0.258358,1.000000,1.200000,0.101273
-0.257658,1.000000,1.200000,0.101277
-0.256957,1.000000,1.200000,0.101281
-0.256256,1.000000,1.200000,0.101286
-0.255556,1.000000,1.200000,0.101290
-0.254855,1.000000,1.200000,0.101294
-0.254154,1.000000,1.200000,0.101299
-0.253453,1.000000,1.200000,0.101303
-0.252753,1.000000,1.200000,0.101307
-0.252052,1.000000,1.200000,0.101312
-0.251351,1.000000,1.200000,0.101317
-0.250651,1.000000,1.200000,0.101321
-0.249950,1.000000,1.200000,0.101326
-0.249249,1.000000,1.200000,0.101331
-0.248549,1.000000,1.200000,0.101336
-0.247848,1.000000,1.200000,0.101341
-0.247147,1.000000,1.200000,0.101346
-0.246446,1.000000,1.200000,0.101351
-0.245746,1.000000,1.200000,0.101356
-0.245045,1.000000,1.200000,0.101362
-0.244344,1.000000,1.200000,0.101367
-0.243644,1.000000,1.200000,0.101373
-0.242943,1.000000,1.200000,0.101378
-0.242242,1.000000,1.200000,0.101384
-0.241542,1.000000,1.200000,0.101390
-0.240841,1.000000,1.200000,0.101396
-0.240140,1.000000,1.200000,0.101402
-0.239439,1.000000,1.200000,0.101408
-0.238739,1.000000,1.200000,0.101414
-0.238038,1.000000,1.200000,0.101420
-0.237337,1.000000,1.200000,0.101427
-0.236637,1.000000,1.200000,0.101433
-0.235936,1.000000,1.200000,0.101440
-0.235235,1.000000,1.200000,0.101446
-0.234535,1.000000,1.200000,0.101453
-0.233834,1.000000,1.200000,0.101460
-0.233133,1.000000,1.200000,0.101467
-0.232432,1.000000,1.200000,0.101474
-0.231732,1.000000,1.200000,0.101482
-0.231031,1.000000,1.200000,0.101489
-0.230330,1.000000,1.200000,0.101497
-0.229630,1.000000,1.200000,0.101504
-0.228929,1.000000,1.200000,0.101512
-0.228228,1.000000,1.200000,0.101520
-0.227528,1.000000,1.200000,0.101528
-0.226827,1.000000,1.200000,0.101537
-0.226126,1.000000,1.200000,0.101545
-0.225425,1.000000,1.200000,0.101554
-0.224725,1.000000,1.200000,0.101562
-0.224024,1.000000,1.200000,0.101571
-0.223323,1.000000,1.200000,0.101580
-0.222623,1.000000,1.200000,0.101589
-0.221922,1.000000,1.200000,0.101599
-0.221221,1.000000,1.200000,0.101608
-0.220521,1.000000,1.200000,0.101618
-0.219820,1.000000,1.200000,0.101628
-0.219119,1.000000,1.200000,0.101638
-0.218418,1.000000,1.200000,0.101648
-0.217718,1.000000,1.200000,0.101659
-0.217017,1.000000,1.200000,0.101669
-0.216316,1.000000,1.200000,0.101680
-0.215616,1.000000,1.200000,0.101691
-0.214915,1.000000,1.200000,0.101702
-0.214214,1.000000,1.200000,0.101714
-0.213514,1.000000,1.200000,0.101726
-0.212813,1.000000,1.200000,0.101738
-0.212112,1.000000,1.200000,0.101750
-0.211411,1.000000,1.200000,0.101762
-0.210711,1.000000,1.200000,0.101775
-0.210010,1.000000,1.200000,0.101788
-0.209309,1.000000,1.200000,0.101801
-0.208609,1.000000,1.200000,0.101814
-0.207908,1.000000,1.200000,0.101828
-0.207207,1.000000,1.200000,0.101842
-0.206507,1.000000,1.200000,0.101856
-0.205806,1.000000,1.200000,0.101871
-0.205105,1.000000,1.200000,0.101886
-0.204404,1.000000,1.200000,0.101901
-0.203704,1.000000,1.200000,0.101916
-0.203003,1.000000,1.200000,0.101932
-0.202302,1.000000,1.200000,0.101948
-0.201602,1.000000,1.200000,0.101964
-0.200901,1.000000,1.200000,0.101981
-0.200200,1.000000,1.200000,0.101998
-0.199499,1.000000,1.200000,0.102016
-0.198799,1.000000,1.200000,0.102033
-0.198098,1.000000,1.200000,0.102052
-0.197397,1.000000,1.200000,0.102070
-0.196697,1.000000,1.200000,0.102089
-0.195996,1.000000,1.200000,0.102109
-0.195295,1.000000,1.200000,0.102129
-0.194595,1.000000,1.200000,0.102149
-0.193894,1.000000,1.200000,0.102170
-0.193193,1.000000,1.200000,0.102191
-0.192492,1.000000,1.200000,0.102212
-0.191792,1.000000,1.200000,0.102234
-0.191091,1.000000,1.200000,0.102257
-0.190390,1.000000,1.200000,0.102280
-0.189690,1.000000,1.200000,0.102304
-0.188989,1.000000,1.200000,0.102328
-0.188288,1.000000,1.200000,0.102353
-0.187588,1.000000,1.200000,0.102378
-0.186887,1.000000,1.200000,0.102404
-0.186186,1.000000,1.200000,0.102430
-0.185485,1.000000,1.200000,0.102457
-0.184785,1.000000,1.200000,0.102485
-0.184084,1.000000,1.200000,0.102513
-0.183383,1.000000,1.200000,0.102542
-0.182683,1.000000,1.200000,0.102572
-0.181982,1.000000,1.200000,0.102602
-0.181281,1.000000,1.200000,0.102633
-0.180581,1.000000,1.200000,0.102665
-0.179880,1.000000,1.200000,0.102697
-0.179179,1.000000,1.200000,0.102731
-0.178478,1.000000,1.200000,0.102765
-0.177778,1.000000,1.200000,0.102800
-0.177077,1.000000,1.200000,0.102836
-0.176376,1.000000,1.200000,0.102872
-0.175676,1.000000,1.200000,0.102910
-0.174975,1.000000,1.200000,0.102948
-0.174274,1.000000,1.200000,0.102988
-0.173574,1.000000,1.200000,0.103028
-0.172873,1.000000,1.200000,0.103069
-0.172172,1.000000,1.200000,0.103112
-0.171471,1.000000,1.200000,0.103155
-0.170771,1.000000,1.200000,0.103200
-0.170070,1.000000,1.200000,0.103245
-0.169369,1.000000,1.200000,0.103292
-0.168669,1.000000,1.200000,0.103340
-0.167968,1.000000,1.200000,0.103389
-0.167267,1.000000,1.200000,0.103440
-0.166567,1.000000,1.200000,0.103492
-0.165866,1.000000,1.200000,0.103545
-0.165165,1.000000,1.200000,0.103599
-0.164464,1.000000,1.200000,0.103655
-0.163764,1.000000,1.200000,0.103712
-0.163063,1.000000,1.200000,0.103771
-0.162362,1.000000,1.200000,0.103831
-0.161662,1.000000,1.200000,0.103893
-0.160961,1.000000,1.200000,0.103957
-0.160260,1.000000,1.200000,0.104022
-0.159560,1.000000,1.200000,0.104089
-0.158859,1.000000,1.200000,0.104157
-0.158158,1.000000,1.200000,0.104228
-0.157457,1.000000,1.200000,0.104300
-0.156757,1.000000,1.200000,0.104374
-0.156056,1.000000,1.200000,0.104451
-0.155355,1.000000,1.200000,0.104529
-0.154655,1.000000,1.200000,0.104609
-0.153954,1.000000,1.200000,0.104692
-0.153253,1.000000,1.200000,0.104776
-0.152553,1.000000,1.200000,0.104863
-0.151852,1.000000,1.200000,0.104952
-0.151151,1.000000,1.200000,0.105044
-0.150450,1.000000,1.200000,0.105138
-0.149750,1.000000,1.200000,0.105235
-0.149049,1.000000,1.200000,0.105334
-0.148348,1.000000,1.200000,0.105437
-0.147648,1.000000,1.200000,0.105541
-0.146947,1.000000,1.200000,0.105649
-0.146246,1.000000,1.200000,0.105760
-0.145546,1.000000,1.200000,0.105873
-0.144845,1.000000,1.200000,0.105990
-0.144144,1.000000,1.200000,0.106110
-0.143443,1.000000,1.200000,0.106233
-0.142743,1.000000,1.200000,0.106360
-0.142042,1.000000,1.200000,0.106490
-0.141341,1.000000,1.200000,0.106623
-0.140641,1.000000,1.200000,0.106760
-0.139940,1.000000,1.200000,0.106901
-0.139239,1.000000,1.200000,0.107046
-0.138539,1.000000,1.200000,0.107195
-0.137838,1.000000,1.200000,0.107348
-0.137137,1.000000,1.200000,0.107505
-0.136436,1.000000,1.200000,0.107666
-0.135736,1.000000,1.200000,0.107831
-0.135035,1.000000,1.200000,0.108001
-0.134334,1.000000,1.200000,0.108176
-0.133634,1.000000,1.200000,0.108356
-0.132933,1.000000,1.200000,0.108540
-0.132232,1.000000,1.200000,0.108729
-0.131532,1.000000,1.200000,0.108923
-0.130831,1.000000,1.200000,0.109123
-0.130130,1.000000,1.200000,0.109328
-0.129429,1.000000,1.200000,0.109538
-0.128729,1.000000,1.200000,0.109754
-0.128028,1.000000,1.200000,0.109976
-0.127327,1.000000,1.200000,0.110204
-0.126627,1.000000,1.200000,0.110437
-0.125926,1.000000,1.200000,0.110677
-0.125225,1.000000,1.200000,0.110923
-0.124525,1.000000,1.200000,0.111175
-0.123824,1.000000,1.200000,0.111435
-0.123123,1.000000,1.200000,0.111700
-0.122422,1.000000,1.200000,0.111973
-0.121722,1.000000,1.200000,0.112252
-0.121021,1.000000,1.200000,0.112539
-0.120320,1.000000,1.200000,0.112833
-0.119620,1.000000,1.200000,0.113134
-0.118919,1.000000,1.200000,0.113443
-0.118218,1.000000,1.200000,0.113760
-0.117518,1.000000,1.200000,0.114084
-0.116817,1.000000,1.200000,0.114417
-0.116116,1.000000,1.200000,0.114757
-0.115415,1.000000,1.200000,0.115106
-0.114715,1.000000,1.200000,0.115464
-0.114014,1.000000,1.200000,0.115830
-0.113313,1.000000,1.200000,0.116204
-0.112613,1.000000,1.200000,0.116587
-0.111912,1.000000,1.200000,0.116980
-0.111211,1.000000,1.200000,0.117381
-0.110511,1.000000,1.200000,0.117791
-0.109810,1.000000,1.200000,0.118211
-0.109109,1.000000,1.200000,0.118641
-0.108408,1.000000,1.200000,0.119079
-0.107708,1.000000,1.200000,0.119528
-0.107007,1.000000,1.200000,0.119986
-0.106306,1.000000,1.200000,0.120454
-0.105606,1.000000,1.200000,0.120933
-0.104905,1.000000,1.200000,0.121421
-0.104204,1.000000,1.200000,0.121919
-0.103504,1.000000,1.200000,0.122428
-0.102803,1.000000,1.200000,0.122947
-0.102102,1.000000,1.200000,0.123477
-0.101401,1.000000,1.200000,0.124017
-0.100701,1.000000,1.200000,0.124568
-0.100000,1.000000,1.200000,0.125129
-0.800000,1.000000,1.800000,0.100944
-0.799299,1.000000,1.800000,0.100944
-0.798599,1.000000,1.800000,0.100944
-0.797898,1.000000,1.800000,0.100944
-0.797197,1.000000,1.800000,0.100944
-0.796496,1.000000,1.800000,0.100944
-0.795796,1.000000,1.800000,0.100944
-0.795095,1.000000,1.800000,0.100944
-0.794394,1.000000,1.800000,0.100944
-0.793694,1.000000,1.800000,0.100944
-0.792993,1.000000,1.800000,0.100944
-0.792292,1.000000,1.800000,0.100944
-0.791592,1.000000,1.800000,0.100944
-0.790891,1.000000,1.800000,0.100944
-0.790190,1.000000,1.800000,0.100944
-0.789489,1.000000,1.800000,0.100944
-0.788789,1.000000,1.800000,0.100944
-0.788088,1.000000,1.800000,0.100944
-0.787387,1.000000,1.800000,0.100944
-0.786687,1.000000,1.800000,0.100944
-0.785986,1.000000,1.800000,0.100944
-0.785285,1.000000,1.800000,0.100944
-0.784585,1.000000,1.800000,0.100944
-0.783884,1.000000,1.800000,0.100943
-0.783183,1.000000,1.800000,0.100943
-0.782482,1.000000,1.800000,0.100943
-0.781782,1.000000,1.800000,0.100943
-0.781081,1.000000,1.800000,0.100943
-0.780380,1.000000,1.800000,0.100943
-0.779680,1.000000,1.800000,0.100943
-0.778979,1.000000,1.800000,0.100943
-0.778278,1.000000,1.800000,0.100943
-0.777578,1.000000,1.800000,0.100943
-0.776877,1.000000,1.800000,0.100943
-0.776176,1.000000,1.800000,0.100943
-0.775475,1.000000,1.800000,0.100943
-0.774775,1.000000,1.800000,0.100943
-0.774074,1.000000,1.800000,0.100943
-0.773373,1.000000,1.800000,0.100943
-0.772673,1.000000,1.800000,0.100943
-0.771972,1.000000,1.800000,0.100943
-0.771271,1.000000,1.800000,0.100943
-0.770571,1.000000,1.800000,0.100943
-0.769870,1.000000,1.800000,0.100943
-0.769169,1.000000,1.800000,0.100943
-0.768468,1.000000,1.800000,0.100943
-0.767768,1.000000,1.800000,0.100943
-0.767067,1.000000,1.800000,0.100943
-0.766366,1.000000,1.800000,0.100943
-0.765666,1.000000,1.800000,0.100943
-0.764965,1.000000,1.800000,0.100943
-0.764264,1.000000,1.800000,0.100943
-0.763564,1.000000,1.800000,0.100943
-0.762863,1.000000,1.800000,0.100943
-0.762162,1.000000,1.800000,0.100943
-0.761461,1.000000,1.800000,0.100943
-0.760761,1.000000,1.800000,0.100943
-0.760060,1.000000,1.800000,0.100943
-0.759359,1.000000,1.800000,0.100943
-0.758659,1.000000,1.800000,0.100943
-0.757958,1.000000,1.800000,0.100943
-0.757257,1.000000,1.800000,0.100942
-0.756557,1.000000,1.800000,0.100942
-0.755856,1.000000,1.800000,0.100942
-0.755155,1.000000,1.800000,0.100942
-0.754454,1.000000,1.800000,0.100942
-0.753754,1.000000,1.800000,0.100942
-0.753053,1.000000,1.800000,0.100942
-0.752352,1.000000,1.800000,0.100942
-0.751652,1.000000,1.800000,0.100942
-0.750951,1.000000,1.800000,0.100942
-0.750250,1.000000,1.800000,0.100942
-0.749550,1.000000,1.800000,0.100942
-0.748849,1.000000,1.800000,0.100942
-0.748148,1.000000,1.800000,0.100942
-0.747447,1.000000,1.800000,0.100942
-0.746747,1.000000,1.800000,0.100942
-0.746046,1.000000,1.800000,0.100942
-0.745345,1.000000,1.800000,0.100942
-0.744645,1.000000,1.800000,0.100942
-0.743944,1.000000,1.800000,0.100942
-0.743243,1.000000,1.800000,0.100942
-0.742543,1.000000,1.800000,0.100942
-0.741842,1.000000,1.800000,0.100942
-0.741141,1.000000,1.800000,0.100942
-0.740440,1.000000,1.800000,0.100942
-0.739740,1.000000,1.800000,0.100942
-0.739039,1.000000,1.800000,0.100942
-0.738338,1.000000,1.800000,0.100942
-0.737638,1.000000,1.800000,0.100942
-0.736937,1.000000,1.800000,0.100942
-0.736236,1.000000,1.800000,0.100942
-0.735536,1.000000,1.800000,0.100942
-0.734835,1.000000,1.800000,0.100942
-0.734134,1.000000,1.800000,0.100942
-0.733433,1.000000,1.800000,0.100942
-0.732733,1.000000,1.800000,0.100942
-0.732032,1.000000,1.800000,0.100942
-0.731331,1.000000,1.800000,0.100941
-0.730631,1.000000,1.800000,0.100941
-0.729930,1.000000,1.800000,0.100941
-0.729229,1.000000,1.800000,0.100941
-0.728529,1.000000,1.800000,0.100941
-0.727828,1.000000,1.800000,0.100941
-0.727127,1.000000,1.800000,0.100941
-0.726426,1.000000,1.800000,0.100941
-0.725726,1.000000,1.800000,0.100941
-0.725025,1.000000,1.800000,0.100941
-0.724324,1.000000,1.800000,0.100941
-0.723624,1.000000,1.800000,0.100941
-0.722923,1.000000,1.800000,0.100941
-0.722222,1.000000,1.800000,0.100941
-0.721522,1.000000,1.800000,0.100941
-0.720821,1.000000,1.800000,0.100941
-0.720120,1.000000,1.800000,0.100941
-0.719419,1.000000,1.800000,0.100941
-0.718719,1.000000,1.800000,0.100941
-0.718018,1.000000,1.800000,0.100941
-0.717317,1.000000,1.800000,0.100941
-0.716617,1.000000,1.800000,0.100941
-0.715916,1.000000,1.800000,0.100941
-0.715215,1.000000,1.800000,0.100941
-0.714515,1.000000,1.800000,0.100941
-0.713814,1.000000,1.800000,0.100941
-0.713113,1.000000,1.800000,0.100941
-0.712412,1.000000,1.800000,0.100941
-0.711712,1.000000,1.800000,0.100941
-0.711011,1.000000,1.800000,0.100941
-0.710310,1.000000,1.800000,0.100941
-0.709610,1.000000,1.800000,0.100941
-0.708909,1.000000,1.800000,0.100941
-0.708208,1.000000,1.800000,0.100941
-0.707508,1.000000,1.800000,0.100941
-0.706807,1.000000,1.800000,0.100941
-0.706106,1.000000,1.800000,0.100940
-0.705405,1.000000,1.800000,0.100940
-0.704705,1.000000,1.800000,0.100940
-0.704004,1.000000,1.800000,0.100940
-0.703303,1.000000,1.800000,0.100940
-0.702603,1.000000,1.800000,0.100940
-0.701902,1.000000,1.800000,0.100940
-0.701201,1.000000,1.800000,0.100940
-0.700501,1.000000,1.800000,0.100940
-0.699800,1.000000,1.800000,0.100940
-0.699099,1.000000,1.800000,0.100940
-0.698398,1.000000,1.800000,0.100940
-0.697698,1.000000,1.800000,0.100940
-0.696997,1.000000,1.800000,0.100940
-0.696296,1.000000,1.800000,0.100940
-0.695596,1.000000,1.800000,0.100940
-0.694895,1.000000,1.800000,0.100940
-0.694194,1.000000,1.800000,0.100940
-0.693493,1.000000,1.800000,0.100940
-0.692793,1.000000,1.800000,0.100940
-0.692092,1.000000,1.800000,0.100940
-0.691391,1.000000,1.800000,0.100940
-0.690691,1.000000,1.800000,0.100940
-0.689990,1.000000,1.800000,0.100940
-0.689289,1.000000,1.800000,0.100940
-0.688589,1.000000,1.800000,0.100940
-0.687888,1.000000,1.800000,0.100940
-0.687187,1.000000,1.800000,0.100940
-0.686486,1.000000,1.800000,0.100940
-0.685786,1.000000,1.800000,0.100940
-0.685085,1.000000,1.800000,0.100940
-0.684384,1.000000,1.800000,0.100940
-0.683684,1.000000,1.800000,0.100940
-0.682983,1.000000,1.800000,0.100940
-0.682282,1.000000,1.800000,0.100940
-0.681582,1.000000,1.800000,0.100940
-0.680881,1.000000,1.800000,0.100939
-0.680180,1.000000,1.800000,0.100939
-0.679479,1.000000,1.800000,0.100939
-0.678779,1.000000,1.800000,0.100939
-0.678078,1.000000,1.800000,0.100939
-0.677377,1.000000,1.800000,0.100939
-0.676677,1.000000,1.800000,0.100939
-0.675976,1.000000,1.800000,0.100939
-0.675275,1.000000,1.800000,0.100939
-0.674575,1.000000,1.800000,0.100939
-0.673874,1.000000,1.800000,0.100939
-0.673173,1.000000,1.800000,0.100939
-0.672472,1.000000,1.800000,0.100939
-0.671772,1.000000,1.800000,0.100939
-0.671071,1.000000,1.800000,0.100939
-0.670370,1.000000,1.800000,0.100939
-0.669670,1.000000,1.800000,0.100939
-0.668969,1.000000,1.800000,0.100939
-0.668268,1.000000,1.800000,0.100939
-0.667568,1.000000,1.800000,0.100939
-0.666867,1.000000,1.800000,0.100939
-0.666166,1.000000,1.800000,0.100939
-0.665465,1.000000,1.800000,0.100939
-0.664765,1.000000,1.800000,0.100939
-0.664064,1.000000,1.800000,0.100939
-0.663363,1.000000,1.800000,0.100939
-0.662663,1.000000,1.800000,0.100939
-0.661962,1.000000,1.800000,0.100939
-0.661261,1.000000,1.800000,0.100939
-0.660561,1.000000,1.800000,0.100939
-0.659860,1.000000,1.800000,0.100939
-0.659159,1.000000,1.800000,0.100939
-0.658458,1.000000,1.800000,0.100939
-0.657758,1.000000,1.800000,0.100939
-0.657057,1.000000,1.800000,0.100939
-0.656356,1.000000,1.800000,0.100939
-0.655656,1.000000,1.800000,0.100938
-0.654955,1.000000,1.800000,0.100938
-0.654254,1.000000,1.800000,0.100938
-0.653554,1.000000,1.800000,0.100938
-0.652853,1.000000,1.800000,0.100938
-0.652152,1.000000,1.800000,0.100938
-0.651451,1.000000,1.800000,0.100938
-0.650751,1.000000,1.800000,0.100938
-0.650050,1.000000,1.800000,0.100938
-0.649349,1.000000,1.800000,0.100938
-0.648649,1.000000,1.800000,0.100938
-0.647948,1.000000,1.800000,0.100938
-0.647247,1.000000,1.800000,0.100938
-0.646547,1.000000,1.800000,0.100938
-0.645846,1.000000,1.800000,0.100938
-0.645145,1.000000,1.800000,0.100938
-0.644444,1.000000,1.800000,0.100938
-0.643744,1.000000,1.800000,0.100938
-0.643043,1.000000,1.800000,0.100938
-0.642342,1.000000,1.800000,0.100938
-0.641642,1.000000,1.800000,0.100938
-0.640941,1.000000,1.800000,0.100938
-0.640240,1.000000,1.800000,0.100938
-0.639540,1.000000,1.800000,0.100938
-0.638839,1.000000,1.800000,0.100938
-0.638138,1.000000,1.800000,0.100938
-0.637437,1.000000,1.800000,0.100938
-0.636737,1.000000,1.800000,0.100938
-0.636036,1.000000,1.800000,0.100938
-0.635335,1.000000,1.800000,0.100938
-0.634635,1.000000,1.800000,0.100938
-0.633934,1.000000,1.800000,0.100938
-0.633233,1.000000,1.800000,0.100938
-0.632533,1.000000,1.800000,0.100938
-0.631832,1.000000,1.800000,0.100938
-0.631131,1.000000,1.800000,0.100938
-0.630430,1.000000,1.800000,0.100938
-0.629730,1.000000,1.800000,0.100938
-0.629029,1.000000,1.800000,0.100938
-0.628328,1.000000,1.800000,0.100937
-0.627628,1.000000,1.800000,0.100937
-0.626927,1.000000,1.800000,0.100937
-0.626226,1.000000,1.800000,0.100937
-0.625526,1.000000,1.800000,0.100937
-0.624825,1.000000,1.800000,0.100937
-0.624124,1.000000,1.800000,0.100937
-0.623423,1.000000,1.800000,0.100937
-0.622723,1.000000,1.800000,0.100937
-0.622022,1.000000,1.800000,0.100937
-0.621321,1.000000,1.800000,0.100937
-0.620621,1.000000,1.800000,0.100937
-0.619920,1.000000,1.800000,0.100937
-0.619219,1.000000,1.800000,0.100937
-0.618519,1.000000,1.800000,0.100937
-0.617818,1.000000,1.800000,0.100937
-0.617117,1.000000,1.800000,0.100937
-0.616416,1.000000,1.800000,0.100937
-0.615716,1.000000,1.800000,0.100937
-0.615015,1.000000,1.800000,0.100937
-0.614314,1.000000,1.800000,0.100937
-0.613614,1.000000,1.800000,0.100937
-0.612913,1.000000,1.800000,0.100937
-0.612212,1.000000,1.800000,0.100937
-0.611512,1.000000,1.800000,0.100937
-0.610811,1.000000,1.800000,0.100937
-0.610110,1.000000,1.800000,0.100937
-0.609409,1.000000,1.800000,0.100937
-0.608709,1.000000,1.800000,0.100937
-0.608008,1.000000,1.800000,0.100937
-0.607307,1.000000,1.800000,0.100937
-0.606607,1.000000,1.800000,0.100937
-0.605906,1.000000,1.800000,0.100937
-0.605205,1.000000,1.800000,0.100937
-0.604505,1.000000,1.800000,0.100937
-0.603804,1.000000,1.800000,0.100937
-0.603103,1.000000,1.800000,0.100937
-0.602402,1.000000,1.800000,0.100937
-0.601702,1.000000,1.800000,0.100937
-0.601001,1.000000,1.800000,0.100937
-0.600300,1.000000,1.800000,0.100937
-0.599600,1.000000,1.800000,0.100937
-0.598899,1.000000,1.800000,0.100937
-0.598198,1.000000,1.800000,0.100937
-0.597497,1.000000,1.800000,0.100937
-0.596797,1.000000,1.800000,0.100936
-0.596096,1.000000,1.800000,0.100936
-0.595395,1.000000,1.800000,0.100936
-0.594695,1.000000,1.800000,0.100936
-0.593994,1.000000,1.800000,0.100936
-0.593293,1.000000,1.800000,0.100936
-0.592593,1.000000,1.800000,0.100936
-0.591892,1.000000,1.800000,0.100936
-0.591191,1.000000,1.800000,0.100936
-0.590490,1.000000,1.800000,0.100936
-0.589790,1.000000,1.800000,0.100936
-0.589089,1.000000,1.800000,0.100936
-0.588388,1.000000,1.800000,0.100936
-0.587688,1.000000,1.800000,0.100936
-0.586987,1.000000,1.800000,0.100936
-0.586286,1.000000,1.800000,0.100936
-0.585586,1.000000,1.800000,0.100936
-0.584885,1.000000,1.800000,0.100936
-0.584184,1.000000,1.800000,0.100936
-0.583483,1.000000,1.800000,0.100936
-0.582783,1.000000,1.800000,0.100936
-0.582082,1.000000,1.800000,0.100936
-0.581381,1.000000,1.800000,0.100936
-0.580681,1.000000,1.800000,0.100936
-0.579980,1.000000,1.800000,0.100936
-0.579279,1.000000,1.800000,0.100936
-0.578579,1.000000,1.800000,0.100936
-0.577878,1.000000,1.800000,0.100936
-0.577177,1.000000,1.800000,0.100936
-0.576476,1.000000,1.800000,0.100936
-0.575776,1.000000,1.800000,0.100936
-0.575075,1.000000,1.800000,0.100936
-0.574374,1.000000,1.800000,0.100936
-0.573674,1.000000,1.800000,0.100936
-0.572973,1.000000,1.800000,0.100936
-0.572272,1.000000,1.800000,0.100936
-0.571572,1.000000,1.800000,0.100936
-0.570871,1.000000,1.800000,0.100936
-0.570170,1.000000,1.800000,0.100936
-0.569469,1.000000,1.800000,0.100936
-0.568769,1.000000,1.800000,0.100936
-0.568068,1.000000,1.800000,0.100936
-0.567367,1.000000,1.800000,0.100936
-0.566667,1.000000,1.800000,0.100936
-0.565966,1.000000,1.800000,0.100936
-0.565265,1.000000,1.800000,0.100936
-0.564565,1.000000,1.800000,0.100936
-0.563864,1.000000,1.800000,0.100936
-0.563163,1.000000,1.800000,0.100936
-0.562462,1.000000,1.800000,0.100936
-0.561762,1.000000,1.800000,0.100936
-0.561061,1.000000,1.800000,0.100936
-0.560360,1.000000,1.800000,0.100936
-0.559660,1.000000,1.800000,0.100936
-0.558959,1.000000,1.800000,0.100936
-0.558258,1.000000,1.800000,0.100936
-0.557558,1.000000,1.800000,0.100936
-0.556857,1.000000,1.800000,0.100936
-0.556156,1.000000,1.800000,0.100936
-0.555455,1.000000,1.800000,0.100936
-0.554755,1.000000,1.800000,0.100936
-0.554054,1.000000,1.800000,0.100936
-0.553353,1.000000,1.800000,0.100936
-0.552653,1.000000,1.800000,0.100936
-0.551952,1.000000,1.800000,0.100936
-0.551251,1.000000,1.800000,0.100936
-0.550551,1.000000,1.800000,0.100936
-0.549850,1.000000,1.800000,0.100936
-0.549149,1.000000,1.800000,0.100936
-0.548448,1.000000,1.800000,0.100936
-0.547748,1.000000,1.800000,0.100936
-0.547047,1.000000,1.800000,0.100936
-0.546346,1.000000,1.800000,0.100936
-0.545646,1.000000,1.800000,0.100936
-0.544945,1.000000,1.800000,0.100936
-0.544244,1.000000,1.800000,0.100936
-0.543544,1.000000,1.800000,0.100936
-0.542843,1.000000,1.800000,0.100936
-0.542142,1.000000,1.800000,0.100936
-0.541441,1.000000,1.800000,0.100936
-0.540741,1.000000,1.800000,0.100936
-0.540040,1.000000,1.800000,0.100936
-0.539339,1.000000,1.800000,0.100936
-0.538639,1.000000,1.800000,0.100936
-0.537938,1.000000,1.800000,0.100936
-0.537237,1.000000,1.800000,0.100936
-0.536537,1.000000,1.800000,0.100936
-0.535836,1.000000,1.800000,0.100936
-0.535135,1.000000,1.800000,0.100936
-0.534434,1.000000,1.800000,0.100936
-0.533734,1.000000,1.800000,0.100936
-0.533033,1.000000,1.800000,0.100936
-0.532332,1.000000,1.800000,0.100936
-0.531632,1.000000,1.800000,0.100936
-0.530931,1.000000,1.800000,0.100936
-0.530230,1.000000,1.800000,0.100936
-0.529530,1.000000,1.800000,0.100936
-0.528829,1.000000,1.800000,0.100936
-0.528128,1.000000,1.800000,0.100936
-0.527427,1.000000,1.800000,0.100936
-0.526727,1.000000,1.800000,0.100936
-0.526026,1.000000,1.800000,0.100936
-0.525325,1.000000,1.800000,0.100936
-0.524625,1.000000,1.800000,0.100936
-0.523924,1.000000,1.800000,0.100936
-0.523223,1.000000,1.800000,0.100936
-0.522523,1.000000,1.800000,0.100936
-0.521822,1.000000,1.800000,0.100936
-0.521121,1.000000,1.800000,0.100936
-0.520420,1.000000,1.800000,0.100936
-0.519720,1.000000,1.800000,0.100936
-0.519019,1.000000,1.800000,0.100936
-0.518318,1.000000,1.800000,0.100936
-0.517618,1.000000,1.800000,0.100936
-0.516917,1.000000,1.800000,0.100936
-0.516216,1.000000,1.800000,0.100936
-0.515516,1.000000,1.800000,0.100936
-0.514815,1.000000,1.800000,0.100936
-0.514114,1.000000,1.800000,0.100936
-0.513413,1.000000,1.800000,0.100936
-0.512713,1.000000,1.800000,0.100936
-0.512012,1.000000,1.800000,0.100936
-0.511311,1.000000,1.800000,0.100936
-0.510611,1.000000,1.800000,0.100936
-0.509910,1.000000,1.800000,0.100936
-0.509209,1.000000,1.800000,0.100936
-0.508509,1.000000,1.800000,0.100936
-0.507808,1.000000,1.800000,0.100936
-0.507107,1.000000,1.800000,0.100936
-0.506406,1.000000,1.800000,0.100936
-0.505706,1.000000,1.800000,0.100936
-0.505005,1.000000,1.800000,0.100936
-0.504304,1.000000,1.800000,0.100936
-0.503604,1.000000,1.800000,0.100936
-0.502903,1.000000,1.800000,0.100936
-0.502202,1.000000,1.800000,0.100936
-0.501502,1.000000,1.800000,0.100936
-0.500801,1.000000,1.800000,0.100936
-0.500100,1.000000,1.800000,0.100936
-0.499399,1.000000,1.800000,0.100936
-0.498699,1.000000,1.800000,0.100936
-0.497998,1.000000,1.800000,0.100936
-0.497297,1.000000,1.800000,0.100936
-0.496597,1.000000,1.800000,0.100937
-0.495896,1.000000,1.800000,0.100937
-0.495195,1.000000,1.800000,0.100937
-0.494494,1.000000,1.800000,0.100937
-0.493794,1.000000,1.800000,0.100937
-0.493093,1.000000,1.800000,0.100937
-0.492392,1.000000,1.800000,0.100937
-0.491692,1.000000,1.800000,0.100937
-0.490991,1.000000,1.800000,0.100937
-0.490290,1.000000,1.800000,0.100937
-0.489590,1.000000,1.800000,0.100937
-0.488889,1.000000,1.800000,0.100937
-0.488188,1.000000,1.800000,0.100937
-0.487487,1.000000,1.800000,0.100937
-0.486787,1.000000,1.800000,0.100937
-0.486086,1.000000,1.800000,0.100937
-0.485385,1.000000,1.800000,0.100937
-0.484685,1.000000,1.800000,0.100937
-0.483984,1.000000,1.800000,0.100937
-0.483283,1.000000,1.800000,0.100937
-0.482583,1.000000,1.800000,0.100937
-0.481882,1.000000,1.800000,0.100937
-0.481181,1.000000,1.800000,0.100937
-0.480480,1.000000,1.800000,0.100937
-0.479780,1.000000,1.800000,0.100938
-0.479079,1.000000,1.800000,0.100938
-0.478378,1.000000,1.800000,0.100938
-0.477678,1.000000,1.800000,0.100938
-0.476977,1.000000,1.800000,0.100938
-0.476276,1.000000,1.800000,0.100938
-0.475576,1.000000,1.800000,0.100938
-0.474875,1.000000,1.800000,0.100938
-0.474174,1.000000,1.800000,0.100938
-0.473473,1.000000,1.800000,0.100938
-0.472773,1.000000,1.800000,0.100938
-0.472072,1.000000,1.800000,0.100938
-0.471371,1.000000,1.800000,0.100938
-0.470671,1.000000,1.800000,0.100938
-0.469970,1.000000,1.800000,0.100938
-0.469269,1.000000,1.800000,0.100938
-0.468569,1.000000,1.800000,0.100938
-0.467868,1.000000,1.800000,0.100939
-0.467167,1.000000,1.800000,0.100939
-0.466466,1.000000,1.800000,0.100939
-0.465766,1.000000,1.800000,0.100939
-0.465065,1.000000,1.800000,0.100939
-0.464364,1.000000,1.800000,0.100939
-0.463664,1.000000,1.800000,0.100939
-0.462963,1.000000,1.800000,0.100939
-0.462262,1.000000,1.800000,0.100939
-0.461562,1.000000,1.800000,0.100939
-0.460861,1.000000,1.800000,0.100939
-0.460160,1.000000,1.800000,0.100939
-0.459459,1.000000,1.800000,0.100939
-0.458759,1.000000,1.800000,0.100940
-0.458058,1.000000,1.800000,0.100940
-0.457357,1.000000,1.800000,0.100940
-0.456657,1.000000,1.800000,0.100940
-0.455956,1.000000,1.800000,0.100940
-0.455255,1.000000,1.800000,0.100940
-0.454555,1.000000,1.800000,0.100940
-0.453854,1.000000,1.800000,0.100940
-0.453153,1.000000,1.800000,0.100940
-0.452452,1.000000,1.800000,0.100940
-0.451752,1.000000,1.800000,0.100940
-0.451051,1.000000,1.800000,0.100941
-0.450350,1.000000,1.800000,0.100941
-0.449650,1.000000,1.800000,0.100941
-0.448949,1.000000,1.800000,0.100941
-0.448248,1.000000,1.800000,0.100941
-0.447548,1.000000,1.800000,0.100941
-0.446847,1.000000,1.800000,0.100941
-0.446146,1.000000,1.800000,0.100941
-0.445445,1.000000,1.800000,0.100941
-0.444745,1.000000,1.800000,0.100942
-0.444044,1.000000,1.800000,0.100942
-0.443343,1.000000,1.800000,0.100942
-0.442643,1.000000,1.800000,0.100942
-0.441942,1.000000,1.800000,0.100942
-0.441241,1.000000,1.800000,0.100942
-0.440541,1.000000,1.800000,0.100942
-0.439840,1.000000,1.800000,0.100942
-0.439139,1.000000,1.800000,0.100942
-0.438438,1.000000,1.800000,0.100943
-0.437738,1.000000,1.800000,0.100943
-0.437037,1.000000,1.800000,0.100943
-0.436336,1.000000,1.800000,0.100943
-0.435636,1.000000,1.800000,0.100943
-0.434935,1.000000,1.800000,0.100943
-0.434234,1.000000,1.800000,0.100943
-0.433534,1.000000,1.800000,0.100944
-0.432833,1.000000,1.800000,0.100944
-0.432132,1.000000,1.800000,0.100944
-0.431431,1.000000,1.800000,0.100944
-0.430731,1.000000,1.800000,0.100944
-0.430030,1.000000,1.800000,0.100944
-0.429329,1.000000,1.800000,0.100944
-0.428629,1.000000,1.800000,0.100945
-0.427928,1.000000,1.800000,0.100945
-0.427227,1.000000,1.800000,0.100945
-0.426527,1.000000,1.800000,0.100945
-0.425826,1.000000,1.800000,0.100945
-0.425125,1.000000,1.800000,0.100945
-0.424424,1.000000,1.800000,0.100945
-0.423724,1.000000,1.800000,0.100946
-0.423023,1.000000,1.800000,0.100946
-0.422322,1.000000,1.800000,0.100946
-0.421622,1.000000,1.800000,0.100946
-0.420921,1.000000,1.800000,0.100946
-0.420220,1.000000,1.800000,0.100947
-0.419520,1.000000,1.800000,0.100947
-0.418819,1.000000,1.800000,0.100947
-0.418118,1.000000,1.800000,0.100947
-0.417417,1.000000,1.800000,0.100947
-0.416717,1.000000,1.800000,0.100947
-0.416016,1.000000,1.800000,0.100948
-0.415315,1.000000,1.800000,0.100948
-0.414615,1.000000,1.800000,0.100948
-0.413914,1.000000,1.800000,0.100948
-0.413213,1.000000,1.800000,0.100948
-0.412513,1.000000,1.800000,0.100949
-0.411812,1.000000,1.800000,0.100949
-0.411111,1.000000,1.800000,0.100949
-0.410410,1.000000,1.800000,0.100949
-0.409710,1.000000,1.800000,0.100949
-0.409009,1.000000,1.800000,0.100950
-0.408308,1.000000,1.800000,0.100950
-0.407608,1.000000,1.800000,0.100950
-0.406907,1.000000,1.800000,0.100950
-0.406206,1.000000,1.800000,0.100951
-0.405506,1.000000,1.800000,0.100951
-0.404805,1.000000,1.800000,0.100951
-0.404104,1.000000,1.800000,0.100951
-0.403403,1.000000,1.800000,0.100951
-0.402703,1.000000,1.800000,0.100952
-0.402002,1.000000,1.800000,0.100952
-0.401301,1.000000,1.800000,0.100952
-0.400601,1.000000,1.800000,0.100952
-0.399900,1.000000,1.800000,0.100953
-0.399199,1.000000,1.800000,0.100953
-0.398498,1.000000,1.800000,0.100953
-0.397798,1.000000,1.800000,0.100953
-0.397097,1.000000,1.800000,0.100954
-0.396396,1.000000,1.800000,0.100954
-0.395696,1.000000,1.800000,0.100954
-0.394995,1.000000,1.800000,0.100954
-0.394294,1.000000,1.800000,0.100955
-0.393594,1.000000,1.800000,0.100955
-0.392893,1.000000,1.800000,0.100955
-0.392192,1.000000,1.800000,0.100956
-0.391491,1.000000,1.800000,0.100956
-0.390791,1.000000,1.800000,0.100956
-0.390090,1.000000,1.800000,0.100956
-0.389389,1.000000,1.800000,0.100957
-0.388689,1.000000,1.800000,0.100957
-0.387988,1.000000,1.800000,0.100957
-0.387287,1.000000,1.800000,0.100958
-0.386587,1.000000,1.800000,0.100958
-0.385886,1.000000,1.800000,0.100958
-0.385185,1.000000,1.800000,0.100959
-0.384484,1.000000,1.800000,0.100959
-0.383784,1.000000,1.800000,0.100959
-0.383083,1.000000,1.800000,0.100960
-0.382382,1.000000,1.800000,0.100960
-0.381682,1.000000,1.800000,0.100960
-0.380981,1.000000,1.800000,0.100961
-0.380280,1.000000,1.800000,0.100961
-0.379580,1.000000,1.800000,0.100961
-0.378879,1.000000,1.800000,0.100962
-0.378178,1.000000,1.800000,0.100962
-0.377477,1.000000,1.800000,0.100962
-0.376777,1.000000,1.800000,0.100963
-0.376076,1.000000,1.800000,0.100963
-0.375375,1.000000,1.800000,0.100963
-0.374675,1.000000,1.800000,0.100964
-0.373974,1.000000,1.800000,0.100964
-0.373273,1.000000,1.800000,0.100965
-0.372573,1.000000,1.800000,0.100965
-0.371872,1.000000,1.800000,0.100965
-0.371171,1.000000,1.800000,0.100966
-0.370470,1.000000,1.800000,0.100966
-0.369770,1.000000,1.800000,0.100967
-0.369069,1.000000,1.800000,0.100967
-0.368368,1.000000,1.800000,0.100967
-0.367668,1.000000,1.800000,0.100968
-0.366967,1.000000,1.800000,0.100968
-0.366266,1.000000,1.800000,0.100969
-0.365566,1.000000,1.800000,0.100969
-0.364865,1.000000,1.800000,0.100970
-0.364164,1.000000,1.800000,0.100970
-0.363463,1.000000,1.800000,0.100971
-0.362763,1.000000,1.800000,0.100971
-0.362062,1.000000,1.800000,0.100971
-0.361361,1.000000,1.800000,0.100972
-0.360661,1.000000,1.800000,0.100972
-0.359960,1.000000,1.800000,0.100973
-0.359259,1.000000,1.800000,0.100973
-0.358559,1.000000,1.800000,0.100974
-0.357858,1.000000,1.800000,0.100974
-0.357157,1.000000,1.800000,0.100975
-0.356456,1.000000,1.800000,0.100975
-0.355756,1.000000,1.800000,0.100976
-0.355055,1.000000,1.800000,0.100976
-0.354354,1.000000,1.800000,0.100977
-0.353654,1.000000,1.800000,0.100978
-0.352953,1.000000,1.800000,0.100978
-0.352252,1.000000,1.800000,0.100979
-0.351552,1.000000,1.800000,0.100979
-0.350851,1.000000,1.800000,0.100980
-0.350150,1.000000,1.800000,0.100980
-0.349449,1.000000,1.800000,0.100981
-0.348749,1.000000,1.800000,0.100981
-0.348048,1.000000,1.800000,0.100982
-0.347347,1.000000,1.800000,0.100983
-0.346647,1.000000,1.800000,0.100983
-0.345946,1.000000,1.800000,0.100984
-0.345245,1.000000,1.800000,0.100984
-0.344545,1.000000,1.800000,0.100985
-0.343844,1.000000,1.800000,0.100986
-0.343143,1.000000,1.800000,0.100986
-0.342442,1.000000,1.800000,0.100987
-0.341742,1.000000,1.800000,0.100988
-0.341041,1.000000,1.800000,0.100988
-0.340340,1.000000,1.800000,0.100989
-0.339640,1.000000,1.800000,0.100990
-0.338939,1.000000,1.800000,0.100990
-0.338238,1.000000,1.800000,0.100991
-0.337538,1.000000,1.800000,0.100992
-0.336837,1.000000,1.800000,0.100992
-0.336136,1.000000,1.800000,0.100993
-0.335435,1.000000,1.800000,0.100994
-0.334735,1.000000,1.800000,0.100995
-0.334034,1.000000,1.800000,0.100995
-0.333333,1.000000,1.800000,0.100996
-0.332633,1.000000,1.800000,0.100997
-0.331932,1.000000,1.800000,0.100998
-0.331231,1.000000,1.800000,0.100998
-0.330531,1.000000,1.800000,0.100999
-0.329830,1.000000,1.800000,0.101000
-0.329129,1.000000,1.800000,0.101001
-0.328428,1.000000,1.800000,0.101002
-0.327728,1.000000,1.800000,0.101002
-0.327027,1.000000,1.800000,0.101003
-0.326326,1.000000,1.800000,0.101004
-0.325626,1.000000,1.800000,0.101005
-0.324925,1.000000,1.800000,0.101006
-0.324224,1.000000,1.800000,0.101007
-0.323524,1.000000,1.800000,0.101008
-0.322823,1.000000,1.800000,0.101008
-0.322122,1.000000,1.800000,0.101009
-0.321421,1.000000,1.800000,0.101010
-0.320721,1.000000,1.800000,0.101011
-0.320020,1.000000,1.800000,0.101012
-0.319319,1.000000,1.800000,0.101013
-0.318619,1.000000,1.800000,0.101014
-0.317918,1.000000,1.800000,0.101015
-0.317217,1.000000,1.800000,0.101016
-0.316517,1.000000,1.800000,0.101017
-0.315816,1.000000,1.800000,0.101018
-0.315115,1.000000,1.800000,0.101019
-0.314414,1.000000,1.800000,0.101020
-0.313714,1.000000,1.800000,0.101021
-0.313013,1.000000,1.800000,0.101022
-0.312312,1.000000,1.800000,0.101023
-0.311612,1.000000,1.800000,0.101024
-0.310911,1.000000,1.800000,0.101025
-0.310210,1.000000,1.800000,0.101026
-0.309510,1.000000,1.800000,0.101028
-0.308809,1.000000,1.800000,0.101029
-0.308108,1.000000,1.800000,0.101030
-0.307407,1.000000,1.800000,0.101031
-0.306707,1.000000,1.800000,0.101032
-0.306006,1.000000,1.800000,0.101033
-0.305305,1.000000,1.800000,0.101035
-0.304605,1.000000,1.800000,0.101036
-0.303904,1.000000,1.800000,0.101037
-0.303203,1.000000,1.800000,0.101038
-0.302503,1.000000,1.800000,0.101040
-0.301802,1.000000,1.800000,0.101041
-0.301101,1.000000,1.800000,0.101042
-0.300400,1.000000,1.800000,0.101043
-0.299700,1.000000,1.800000,0.101045
-0.298999,1.000000,1.800000,0.101046
-0.298298,1.000000,1.800000,0.101047
-0.297598,1.000000,1.800000,0.101049
-0.296897,1.000000,1.800000,0.101050
-0.296196,1.000000,1.800000,0.101052
-0.295495,1.000000,1.800000,0.101053
-0.294795,1.000000,1.800000,0.101055
-0.294094,1.000000,1.800000,0.101056
-0.293393,1.000000,1.800000,0.101057
-0.292693,1.000000,1.800000,0.101059
-0.291992,1.000000,1.800000,0.101061
-0.291291,1.000000,1.800000,0.101062
-0.290591,1.000000,1.800000,0.101064
-0.289890,1.000000,1.800000,0.101065
-0.289189,1.000000,1.800000,0.101067
-0.288488,1.000000,1.800000,0.101068
-0.287788,1.000000,1.800000,0.101070
-0.287087,1.000000,1.800000,0.101072
-0.286386,1.000000,1.800000,0.101073
-0.285686,1.000000,1.800000,0.101075
-0.284985,1.000000,1.800000,0.101077
-0.284284,1.000000,1.800000,0.101079
-0.283584,1.000000,1.800000,0.101080
-0.282883,1.000000,1.800000,0.101082
-0.282182,1.000000,1.800000,0.101084
-0.281481,1.000000,1.800000,0.101086
-0.280781,1.000000,1.800000,0.101088
-0.280080,1.000000,1.800000,0.101090
-0.279379,1.000000,1.800000,0.101092
-0.278679,1.000000,1.800000,0.101094
-0.277978,1.000000,1.800000,0.101096
-0.277277,1.000000,1.800000,0.101098
-0.276577,1.000000,1.800000,0.101100
-0.275876,1.000000,1.800000,0.101102
-0.275175,1.000000,1.800000,0.101104
-0.274474,1.000000,1.800000,0.101106
-0.273774,1.000000,1.800000,0.101108
-0.273073,1.000000,1.800000,0.101110
-0.272372,1.000000,1.800000,0.101112
-0.271672,1.000000,1.800000,0.101115
-0.270971,1.000000,1.800000,0.101117
-0.270270,1.000000,1.800000,0.101119
-0.269570,1.000000,1.800000,0.101121
-0.268869,1.000000,1.800000,0.101124
-0.268168,1.000000,1.800000,0.101126
-0.267467,1.000000,1.800000,0.101129
-0.266767,1.000000,1.800000,0.101131
-0.266066,1.000000,1.800000,0.101133
-0.265365,1.000000,1.800000,0.101136
-0.264665,1.000000,1.800000,0.101139
-0.263964,1.000000,1.800000,0.101141
-0.263263,1.000000,1.800000,0.101144
-0.262563,1.000000,1.800000,0.101146
-0.261862,1.000000,1.800000,0.101149
-0.261161,1.000000,1.800000,0.101152
-0.260460,1.000000,1.800000,0.101155
-0.259760,1.000000,1.800000,0.101157
-0.259059,1.000000,1.800000,0.101160
-0.258358,1.000000,1.800000,0.101163
-0.257658,1.000000,1.800000,0.101166
-0.256957,1.000000,1.800000,0.101169
-0.256256,1.000000,1.800000,0.101172
-0.255556,1.000000,1.800000,0.101175
-0.254855,1.000000,1.800000,0.101178
-0.254154,1.000000,1.800000,0.101181
-0.253453,1.000000,1.800000,0.101185
-0.252753,1.000000,1.800000,0.101188
-0.252052,1.000000,1.800000,0.101191
-0.251351,1.000000,1.800000,0.101195
-0.250651,1.000000,1.800000,0.101198
-0.249950,1.000000,1.800000,0.101201
-0.249249,1.000000,1.800000,0.101205
-0.248549,1.000000,1.800000,0.101208
-0.247848,1.000000,1.800000,0.101212
-0.247147,1.000000,1.800000,0.101216
-0.246446,1.000000,1.800000,0.101219
-0.245746,1.000000,1.800000,0.101223
-0.245045,1.000000,1.800000,0.101227
-0.244344,1.000000,1.800000,0.101231
-0.243644,1.000000,1.800000,0.101235
-0.242943,1.000000,1.800000,0.101239
-0.242242,1.000000,1.800000,0.101243
-0.241542,1.000000,1.800000,0.101247
-0.240841,1.000000,1.800000,0.101251
-0.240140,1.000000,1.800000,0.101255
-0.239439,1.000000,1.800000,0.101260
-0.238739,1.000000,1.800000,0.101264
-0.238038,1.000000,1.800000,0.101269
-0.237337,1.000000,1.800000,0.101273
-0.236637,1.000000,1.800000,0.101278
-0.235936,1.000000,1.800000,0.101282
-0.235235,1.000000,1.800000,0.101287
-0.234535,1.000000,1.800000,0.101292
-0.233834,1.000000,1.800000,0.101297
-0.233133,1.000000,1.800000,0.101302
-0.232432,1.000000,1.800000,0.101307
-0.231732,1.000000,1.800000,0.101312
-0.231031,1.000000,1.800000,0.101317
-0.230330,1.000000,1.800000,0.101323
-0.229630,1.000000,1.800000,0.101328
-0.228929,1.000000,1.800000,0.101333
-0.228228,1.000000,1.800000,0.101339
-0.227528,1.000000,1.800000,0.101345
-0.226827,1.000000,1.800000,0.101350
-0.226126,1.000000,1.800000,0.101356
-0.225425,1.000000,1.800000,0.101362
-0.224725,1.000000,1.800000,0.101368
-0.224024,1.000000,1.800000,0.101374
-0.223323,1.000000,1.800000,0.101381
-0.222623,1.000000,1.800000,0.101387
-0.221922,1.000000,1.800000,0.101394
-0.221221,1.000000,1.800000,0.101400
-0.220521,1.000000,1.800000,0.101407
-0.219820,1.000000,1.800000,0.101414
-0.219119,1.000000,1.800000,0.101421
-0.218418,1.000000,1.800000,0.101428
-0.217718,1.000000,1.800000,0.101435
-0.217017,1.000000,1.800000,0.101442
-0.216316,1.000000,1.800000,0.101450
-0.215616,1.000000,1.800000,0.101457
-0.214915,1.000000,1.800000,0.101465
-0.214214,1.000000,1.800000,0.101473
-0.213514,1.000000,1.800000,0.101481
-0.212813,1.000000,1.800000,0.101489
-0.212112,1.000000,1.800000,0.101497
-0.211411,1.000000,1.800000,0.101506
-0.210711,1.000000,1.800000,0.101514
-0.210010,1.000000,1.800000,0.101523
-0.209309,1.000000,1.800000,0.101532
-0.208609,1.000000,1.800000,0.101541
-0.207908,1.000000,1.800000,0.101550
-0.207207,1.000000,1.800000,0.101560
-0.206507,1.000000,1.800000,0.101569
-0.205806,1.000000,1.800000,0.101579
-0.205105,1.000000,1.800000,0.101589
-0.204404,1.000000,1.800000,0.101599
-0.203704,1.000000,1.800000,0.101610
-0.203003,1.000000,1.800000,0.101620
-0.202302,1.000000,1.800000,0.101631
-0.201602,1.000000,1.800000,0.101642
-0.200901,1.000000,1.800000,0.101653
-0.200200,1.000000,1.800000,0.101665
-0.199499,1.000000,1.800000,0.101676
-0.198799,1.000000,1.800000,0.101688
-0.198098,1.000000,1.800000,0.101700
-0.197397,1.000000,1.800000,0.101713
-0.196697,1.000000,1.800000,0.101725
-0.195996,1.000000,1.800000,0.101738
-0.195295,1.000000,1.800000,0.101751
-0.194595,1.000000,1.800000,0.101764
-0.193894,1.000000,1.800000,0.101778
-0.193193,1.000000,1.800000,0.101792
-0.192492,1.000000,1.800000,0.101806
-0.191792,1.000000,1.800000,0.101821
-0.191091,1.000000,1.800000,0.101836
-0.190390,1.000000,1.800000,0.101851
-0.189690,1.000000,1.800000,0.101866
-0.188989,1.000000,1.800000,0.101882
-0.188288,1.000000,1.800000,0.101898
-0.187588,1.000000,1.800000,0.101914
-0.186887,1.000000,1.800000,0.101931
-0.186186,1.000000,1.800000,0.101948
-0.185485,1.000000,1.800000,0.101966
-0.184785,1.000000,1.800000,0.101984
-0.184084,1.000000,1.800000,0.102002
-0.183383,1.000000,1.800000,0.102021
-0.182683,1.000000,1.800000,0.102040
-0.181982,1.000000,1.800000,0.102059
-0.181281,1.000000,1.800000,0.102079
-0.180581,1.000000,1.800000,0.102100
-0.179880,1.000000,1.800000,0.102121
-0.179179,1.000000,1.800000,0.102142
-0.178478,1.000000,1.800000,0.102164
-0.177778,1.000000,1.800000,0.102186
-0.177077,1.000000,1.800000,0.102209
-0.176376,1.000000,1.800000,0.102232
-0.175676,1.000000,1.800000,0.102256
-0.174975,1.000000,1.800000,0.102281
-0.174274,1.000000,1.800000,0.102306
-0.173574,1.000000,1.800000,0.102331
-0.172873,1.000000,1.800000,0.102357
-0.172172,1.000000,1.800000,0.102384
-0.171471,1.000000,1.800000,0.102412
-0.170771,1.000000,1.800000,0.102440
-0.170070,1.000000,1.800000,0.102468
-0.169369,1.000000,1.800000,0.102498
-0.168669,1.000000,1.800000,0.102528
-0.167968,1.000000,1.800000,0.102559
-0.167267,1.000000,1.800000,0.102590
-0.166567,1.000000,1.800000,0.102623
-0.165866,1.000000,1.800000,0.102656
-0.165165,1.000000,1.800000,0.102690
-0.164464,1.000000,1.800000,0.102725
-0.163764,1.000000,1.800000,0.102761
-0.163063,1.000000,1.800000,0.102797
-0.162362,1.000000,1.800000,0.102835
-0.161662,1.000000,1.800000,0.102873
-0.160961,1.000000,1.800000,0.102913
-0.160260,1.000000,1.800000,0.102953
-0.159560,1.000000,1.800000,0.102995
-0.158859,1.000000,1.800000,0.103037
-0.158158,1.000000,1.800000,0.103081
-0.157457,1.000000,1.800000,0.103125
-0.156757,1.000000,1.800000,0.103171
-0.156056,1.000000,1.800000,0.103218
-0.155355,1.000000,1.800000,0.103267
-0.154655,1.000000,1.800000,0.103316
-0.153954,1.000000,1.800000,0.103367
-0.153253,1.000000,1.800000,0.103419
-0.152553,1.000000,1.800000,0.103473
-0.151852,1.000000,1.800000,0.103528
-0.151151,1.000000,1.800000,0.103584
-0.150450,1.000000,1.800000,0.103642
-0.149750,1.000000,1.800000,0.103702
-0.149049,1.000000,1.800000,0.103763
-0.148348,1.000000,1.800000,0.103826
-0.147648,1.000000,1.800000,0.103890
-0.146947,1.000000,1.800000,0.103956
-0.146246,1.000000,1.800000,0.104024
-0.145546,1.000000,1.800000,0.104094
-0.144845,1.000000,1.800000,0.104166
-0.144144,1.000000,1.800000,0.104239
-0.143443,1.000000,1.800000,0.104315
-0.142743,1.000000,1.800000,0.104393
-0.142042,1.000000,1.800000,0.104473
-0.141341,1.000000,1.800000,0.104555
-0.140641,1.000000,1.800000,0.104640
-0.139940,1.000000,1.800000,0.104726
-0.139239,1.000000,1.800000,0.104816
-0.138539,1.000000,1.800000,0.104907
-0.137838,1.000000,1.800000,0.105002
-0.137137,1.000000,1.800000,0.105098
-0.136436,1.000000,1.800000,0.105198
-0.135736,1.000000,1.800000,0.105301
-0.135035,1.000000,1.800000,0.105406
-0.134334,1.000000,1.800000,0.105514
-0.133634,1.000000,1.800000,0.105626
-0.132933,1.000000,1.800000,0.105740
-0.132232,1.000000,1.800000,0.105858
-0.131532,1.000000,1.800000,0.105979
-0.130831,1.000000,1.800000,0.106103
-0.130130,1.000000,1.800000,0.106231
-0.129429,1.000000,1.800000,0.106363
-0.128729,1.000000,1.800000,0.106499
-0.128028,1.000000,1.800000,0.106638
-0.127327,1.000000,1.800000,0.106781
-0.126627,1.000000,1.800000,0.106928
-0.125926,1.000000,1.800000,0.107080
-0.125225,1.000000,1.800000,0.107236
-0.124525,1.000000,1.800000,0.107396
-0.123824,1.000000,1.800000,0.107561
-0.123123,1.000000,1.800000,0.107731
-0.122422,1.000000,1.800000,0.107905
-0.121722,1.000000,1.800000,0.108084
-0.121021,1.000000,1.800000,0.108269
-0.120320,1.000000,1.800000,0.108458
-0.119620,1.000000,1.800000,0.108653
-0.118919,1.000000,1.800000,0.108854
-0.118218,1.000000,1.800000,0.109060
-0.117518,1.000000,1.800000,0.109272
-0.116817,1.000000,1.800000,0.109490
-0.116116,1.000000,1.800000,0.109714
-0.115415,1.000000,1.800000,0.109944
-0.114715,1.000000,1.800000,0.110181
-0.114014,1.000000,1.800000,0.110424
-0.113313,1.000000,1.800000,0.110674
-0.112613,1.000000,1.800000,0.110932
-0.111912,1.000000,1.800000,0.111196
-0.111211,1.000000,1.800000,0.111467
-0.110511,1.000000,1.800000,0.111746
-0.109810,1.000000,1.800000,0.112033
-0.109109,1.000000,1.800000,0.112327
-0.108408,1.000000,1.800000,0.112630
-0.107708,1.000000,1.800000,0.112940
-0.107007,1.000000,1.800000,0.113259
-0.106306,1.000000,1.800000,0.113587
-0.105606,1.000000,1.800000,0.113923
-0.104905,1.000000,1.800000,0.114269
-0.104204,1.000000,1.800000,0.114623
-0.103504,1.000000,1.800000,0.114987
-0.102803,1.000000,1.800000,0.115361
-0.102102,1.000000,1.800000,0.115744
-0.101401,1.000000,1.800000,0.116137
-0.100701,1.000000,1.800000,0.116541
-0.100000,1.000000,1.800000,0.116955
-0.800000,1.000000,2.000000,0.100933
-0.799299,1.000000,2.000000,0.100933
-0.798599,1.000000,2.000000,0.100932
-0.797898,1.000000,2.000000,0.100932
-0.797197,1.000000,2.000000,0.100932
-0.796496,1.000000,2.000000,0.100932
-0.795796,1.000000,2.000000,0.100932
-0.795095,1.000000,2.000000,0.100932
-0.794394,1.000000,2.000000,0.100932
-0.793694,1.000000,2.000000,0.100932
-0.792993,1.000000,2.000000,0.100932
-0.792292,1.000000,2.000000,0.100932
-0.791592,1.000000,2.000000,0.100932
-0.790891,1.000000,2.000000,0.100932
-0.790190,1.000000,2.000000,0.100932
-0.789489,1.000000,2.000000,0.100932
-0.788789,1.000000,2.000000,0.100932
-0.788088,1.000000,2.000000,0.100932
-0.787387,1.000000,2.000000,0.100932
-0.786687,1.000000,2.000000,0.100932
-0.785986,1.000000,2.000000,0.100932
-0.785285,1.000000,2.000000,0.100932
-0.784585,1.000000,2.000000,0.100932
-0.783884,1.000000,2.000000,0.100932
-0.783183,1.000000,2.000000,0.100932
-0.782482,1.000000,2.000000,0.100931
-0.781782,1.000000,2.000000,0.100931
-0.781081,1.000000,2.000000,0.100931
-0.780380,1.000000,2.000000,0.100931
-0.779680,1.000000,2.000000,0.100931
-0.778979,1.000000,2.000000,0.100931
-0.778278,1.000000,2.000000,0.100931
-0.777578,1.000000,2.000000,0.100931
-0.776877,1.000000,2.000000,0.100931
-0.776176,1.000000,2.000000,0.100931
-0.775475,1.000000,2.000000,0.100931
-0.774775,1.000000,2.000000,0.100931
-0.774074,1.000000,2.000000,0.100931
-0.773373,1.000000,2.000000,0.100931
-0.772673,1.000000,2.000000,0.100931
-0.771972,1.000000,2.000000,0.100931
-0.771271,1.000000,2.000000,0.100931
-0.770571,1.000000,2.000000,0.100931
-0.769870,1.000000,2.000000,0.100931
-0.769169,1.000000,2.000000,0.100931
-0.768468,1.000000,2.000000,0.100931
-0.767768,1.000000,2.000000,0.100931
-0.767067,1.000000,2.000000,0.100930
-0.766366,1.000000,2.000000,0.100930
-0.765666,1.000000,2.000000,0.100930
-0.764965,1.000000,2.000000,0.100930
-0.764264,1.000000,2.000000,0.100930
-0.763564,1.000000,2.000000,0.100930
-0.762863,1.000000,2.000000,0.100930
-0.762162,1.000000,2.000000,0.100930
-0.761461,1.000000,2.000000,0.100930
-0.760761,1.000000,2.000000,0.100930
-0.760060,1.000000,2.000000,0.100930
-0.759359,1.000000,2.000000,0.100930
-0.758659,1.000000,2.000000,0.100930
-0.757958,1.000000,2.000000,0.100930
-0.757257,1.000000,2.000000,0.100930
-0.756557,1.000000,2.000000,0.100930
-0.755856,1.000000,2.000000,0.100930
-0.755155,1.000000,2.000000,0.100930
-0.754454,1.000000,2.000000,0.100930
-0.753754,1.000000,2.000000,0.100930
-0.753053,1.000000,2.000000,0.100930
-0.752352,1.000000,2.000000,0.100930
-0.751652,1.000000,2.000000,0.100930
-0.750951,1.000000,2.000000,0.100929
-0.750250,1.000000,2.000000,0.100929
-0.749550,1.000000,2.000000,0.100929
-0.748849,1.000000,2.000000,0.100929
-0.748148,1.000000,2.000000,0.100929
-0.747447,1.000000,2.000000,0.100929
-0.746747,1.000000,2.000000,0.100929
-0.746046,1.000000,2.000000,0.100929
-0.745345,1.000000,2.000000,0.100929
-0.744645,1.000000,2.000000,0.100929
-0.743944,1.000000,2.000000,0.100929
-0.743243,1.000000,2.000000,0.100929
-0.742543,1.000000,2.000000,0.100929
-0.741842,1.000000,2.000000,0.100929
-0.741141,1.000000,2.000000,0.100929
-0.740440,1.000000,2.000000,0.100929
-0.739740,1.000000,2.000000,0.100929
-0.739039,1.000000,2.000000,0.100929
-0.738338,1.000000,2.000000,0.100929
-0.737638,1.000000,2.000000,0.100929
-0.736937,1.000000,2.000000,0.100929
-0.736236,1.000000,2.000000,0.100929
-0.735536,1.000000,2.000000,0.100928
-0.734835,1.000000,2.000000,0.100928
-0.734134,1.000000,2.000000,0.100928
-0.733433,1.000000,2.000000,0.100928
-0.732733,1.000000,2.000000,0.100928
-0.732032,1.000000,2.000000,0.100928
-0.731331,1.000000,2.000000,0.100928
-0.730631,1.000000,2.000000,0.100928
-0.729930,1.000000,2.000000,0.100928
-0.729229,1.000000,2.000000,0.100928
-0.728529,1.000000,2.000000,0.100928
-0.727828,1.000000,2.000000,0.100928
-0.727127,1.000000,2.000000,0.100928
-0.726426,1.000000,2.000000,0.100928
-0.725726,1.000000,2.000000,0.100928
-0.725025,1.000000,2.000000,0.100928
-0.724324,1.000000,2.000000,0.100928
-0.723624,1.000000,2.000000,0.100928
-0.722923,1.000000,2.000000,0.100928
-0.722222,1.000000,2.000000,0.100928
-0.721522,1.000000,2.000000,0.100928
-0.720821,1.000000,2.000000,0.100928
-0.720120,1.000000,2.000000,0.100927
-0.719419,1.000000,2.000000,0.100927
-0.718719,1.000000,2.000000,0.100927
-0.718018,1.000000,2.000000,0.100927
-0.717317,1.000000,2.000000,0.100927
-0.716617,1.000000,2.000000,0.100927
-0.715916,1.000000,2.000000,0.100927
-0.715215,1.000000,2.000000,0.100927
-0.714515,1.000000,2.000000,0.100927
-0.713814,1.000000,2.000000,0.100927
-0.713113,1.000000,2.000000,0.100927
-0.712412,1.000000,2.000000,0.100927
-0.711712,1.000000,2.000000,0.100927
-0.711011,1.000000,2.000000,0.100927
-0.710310,1.000000,2.000000,0.100927
-0.709610,1.000000,2.000000,0.100927
-0.708909,1.000000,2.000000,0.100927
-0.708208,1.000000,2.000000,0.100927
-0.707508,1.000000,2.000000,0.100927
-0.706807,1.000000,2.000000,0.100927
-0.706106,1.000000,2.000000,0.100927
-0.705405,1.000000,2.000000,0.100927
-0.704705,1.000000,2.000000,0.100926
-0.704004,1.000000,2.000000,0.100926
-0.703303,1.000000,2.000000,0.100926
-0.702603,1.000000,2.000000,0.100926
-0.701902,1.000000,2.000000,0.100926
-0.701201,1.000000,2.000000,0.100926
-0.700501,1.000000,2.000000,0.100926
-0.699800,1.000000,2.000000,0.100926
-0.699099,1.000000,2.000000,0.100926
-0.698398,1.000000,2.000000,0.100926
-0.697698,1.000000,2.000000,0.100926
-0.696997,1.000000,2.000000,0.100926
-0.696296,1.000000,2.000000,0.100926
-0.695596,1.000000,2.000000,0.100926
-0.694895,1.000000,2.000000,0.100926
-0.694194,1.000000,2.000000,0.100926
-0.693493,1.000000,2.000000,0.100926
-0.692793,1.000000,2.000000,0.100926
-0.692092,1.000000,2.000000,0.100926
-0.691391,1.000000,2.000000,0.100926
-0.690691,1.000000,2.000000,0.100926
-0.689990,1.000000,2.000000,0.100926
-0.689289,1.000000,2.000000,0.100925
-0.688589,1.000000,2.000000,0.100925
-0.687888,1.000000,2.000000,0.100925
-0.687187,1.000000,2.000000,0.100925
-0.686486,1.000000,2.000000,0.100925
-0.685786,1.000000,2.000000,0.100925
-0.685085,1.000000,2.000000,0.100925
-0.684384,1.000000,2.000000,0.100925
-0.683684,1.000000,2.000000,0.100925
-0.682983,1.000000,2.000000,0.100925
-0.682282,1.000000,2.000000,0.100925
-0.681582,1.000000,2.000000,0.100925
-0.680881,1.000000,2.000000,0.100925
-0.680180,1.000000,2.000000,0.100925
-0.679479,1.000000,2.000000,0.100925
-0.678779,1.000000,2.000000,0.100925
-0.678078,1.000000,2.000000,0.100925
-0.677377,1.000000,2.000000,0.100925
-0.676677,1.000000,2.000000,0.100925
-0.675976,1.000000,2.000000,0.100925
-0.675275,1.000000,2.000000,0.100925
-0.674575,1.000000,2.000000,0.100925
-0.673874,1.000000,2.000000,0.100925
-0.673173,1.000000,2.000000,0.100924
-0.672472,1.000000,2.000000,0.100924
-0.671772,1.000000,2.000000,0.100924
-0.671071,1.000000,2.000000,0.100924
-0.670370,1.000000,2.000000,0.100924
-0.669670,1.000000,2.000000,0.100924
-0.668969,1.000000,2.000000,0.100924
-0.668268,1.000000,2.000000,0.100924
-0.667568,1.000000,2.000000,0.100924
-0.666867,1.000000,2.000000,0.100924
-0.666166,1.000000,2.000000,0.100924
-0.665465,1.000000,2.000000,0.100924
-0.664765,1.000000,2.000000,0.100924
-0.664064,1.000000,2.000000,0.100924
-0.663363,1.000000,2.000000,0.100924
-0.662663,1.000000,2.000000,0.100924
-0.661962,1.000000,2.000000,0.100924
-0.661261,1.000000,2.000000,0.100924
-0.660561,1.000000,2.000000,0.100924
-0.659860,1.000000,2.000000,0.100924
-0.659159,1.000000,2.000000,0.100924
-0.658458,1.000000,2.000000,0.100924
-0.657758,1.000000,2.000000,0.100923
-0.657057,1.000000,2.000000,0.100923
-0.656356,1.000000,2.000000,0.100923
-0.655656,1.000000,2.000000,0.100923
-0.654955,1.000000,2.000000,0.100923
-0.654254,1.000000,2.000000,0.100923
-0.653554,1.000000,2.000000,0.100923
-0.652853,1.000000,2.000000,0.100923
-0.652152,1.000000,2.000000,0.100923
-0.651451,1.000000,2.000000,0.100923
-0.650751,1.000000,2.000000,0.100923
-0.650050,1.000000,2.000000,0.100923
-0.649349,1.000000,2.000000,0.100923
-0.648649,1.000000,2.000000,0.100923
-0.647948,1.000000,2.000000,0.100923
-0.647247,1.000000,2.000000,0.100923
-0.646547,1.000000,2.000000,0.100923
-0.645846,1.000000,2.000000,0.100923
-0.645145,1.000000,2.000000,0.100923
-0.644444,1.000000,2.000000,0.100923
-0.643744,1.000000,2.000000,0.100923
-0.643043,1.000000,2.000000,0.100923
-0.642342,1.000000,2.000000,0.100923
-0.641642,1.000000,2.000000,0.100922
-0.640941,1.000000,2.000000,0.100922
-0.640240,1.000000,2.000000,0.100922
-0.639540,1.000000,2.000000,0.100922
-0.638839,1.000000,2.000000,0.100922
-0.638138,1.000000,2.000000,0.100922
-0.637437,1.000000,2.000000,0.100922
-0.636737,1.000000,2.000000,0.100922
-0.636036,1.000000,2.000000,0.100922
-0.635335,1.000000,2.000000,0.100922
-0.634635,1.000000,2.000000,0.100922
-0.633934,1.000000,2.000000,0.100922
-0.633233,1.000000,2.000000,0.100922
-0.632533,1.000000,2.000000,0.100922
-0.631832,1.000000,2.000000,0.100922
-0.631131,1.000000,2.000000,0.100922
-0.630430,1.000000,2.000000,0.100922
-0.629730,1.000000,2.000000,0.100922
-0.629029,1.000000,2.000000,0.100922
-0.628328,1.000000,2.000000,0.100922
-0.627628,1.000000,2.000000,0.100922
-0.626927,1.000000,2.000000,0.100922
-0.626226,1.000000,2.000000,0.100922
-0.625526,1.000000,2.000000,0.100922
-0.624825,1.000000,2.000000,0.100922
-0.624124,1.000000,2.000000,0.100921
-0.623423,1.000000,2.000000,0.100921
-0.622723,1.000000,2.000000,0.100921
-0.622022,1.000000,2.000000,0.100921
-0.621321,1.000000,2.000000,0.100921
-0.620621,1.000000,2.000000,0.100921
-0.619920,1.000000,2.000000,0.100921
-0.619219,1.000000,2.000000,0.100921
-0.618519,1.000000,2.000000,0.100921
-0.617818,1.000000,2.000000,0.100921
-0.617117,1.000000,2.000000,0.100921
-0.616416,1.000000,2.000000,0.100921
-0.615716,1.000000,2.000000,0.100921
-0.615015,1.000000,2.000000,0.100921
-0.614314,1.000000,2.000000,0.100921
-0.613614,1.000000,2.000000,0.100921
-0.612913,1.000000,2.000000,0.100921
-0.612212,1.000000,2.000000,0.100921
-0.611512,1.000000,2.000000,0.100921
-0.610811,1.000000,2.000000,0.100921
-0.610110,1.000000,2.000000,0.100921
-0.609409,1.000000,2.000000,0.100921
-0.608709,1.000000,2.000000,0.100921
-0.608008,1.000000,2.000000,0.100921
-0.607307,1.000000,2.000000,0.100921
-0.606607,1.000000,2.000000,0.100920
-0.605906,1.000000,2.000000,0.100920
-0.605205,1.000000,2.000000,0.100920
-0.604505,1.000000,2.000000,0.100920
-0.603804,1.000000,2.000000,0.100920
-0.603103,1.000000,2.000000,0.100920
-0.602402,1.000000,2.000000,0.100920
-0.601702,1.000000,2.000000,0.100920
-0.601001,1.000000,2.000000,0.100920
-0.600300,1.000000,2.000000,0.100920
-0.599600,1.000000,2.000000,0.100920
-0.598899,1.000000,2.000000,0.100920
-0.598198,1.000000,2.000000,0.100920
-0.597497,1.000000,2.000000,0.100920
-0.596797,1.000000,2.000000,0.100920
-0.596096,1.000000,2.000000,0.100920
-0.595395,1.000000,2.000000,0.100920
-0.594695,1.000000,2.000000,0.100920
-0.593994,1.000000,2.000000,0.100920
-0.593293,1.000000,2.000000,0.100920
-0.592593,1.000000,2.000000,0.100920
-0.591892,1.000000,2.000000,0.100920
-0.591191,1.000000,2.000000,0.100920
-0.590490,1.000000,2.000000,0.100920
-0.589790,1.000000,2.000000,0.100920
-0.589089,1.000000,2.000000,0.100920
-0.588388,1.000000,2.000000,0.100920
-0.587688,1.000000,2.000000,0.100920
-0.586987,1.000000,2.000000,0.100920
-0.586286,1.000000,2.000000,0.100920
-0.585586,1.000000,2.000000,0.100919
-0.584885,1.000000,2.000000,0.100919
-0.584184,1.000000,2.000000,0.100919
-0.583483,1.000000,2.000000,0.100919
-0.582783,1.000000,2.000000,0.100919
-0.582082,1.000000,2.000000,0.100919
-0.581381,1.000000,2.000000,0.100919
-0.580681,1.000000,2.000000,0.100919
-0.579980,1.000000,2.000000,0.100919
-0.579279,1.000000,2.000000,0.100919
-0.578579,1.000000,2.000000,0.100919
-0.577878,1.000000,2.000000,0.100919
-0.577177,1.000000,2.000000,0.100919
-0.576476,1.000000,2.000000,0.100919
-0.575776,1.000000,2.000000,0.100919
-0.575075,1.000000,2.000000,0.100919
-0.574374,1.000000,2.000000,0.100919
-0.573674,1.000000,2.000000,0.100919
-0.572973,1.000000,2.000000,0.100919
-0.572272,1.000000,2.000000,0.100919
-0.571572,1.000000,2.000000,0.100919
-0.570871,1.000000,2.000000,0.100919
-0.570170,1.000000,2.000000,0.100919
-0.569469,1.000000,2.000000,0.100919
-0.568769,1.000000,2.000000,0.100919
-0.568068,1.000000,2.000000,0.100919
-0.567367,1.000000,2.000000,0.100919
-0.566667,1.000000,2.000000,0.100919
-0.565966,1.000000,2.000000,0.100919
-0.565265,1.000000,2.000000,0.100919
-0.564565,1.000000,2.000000,0.100919
-0.563864,1.000000,2.000000,0.100919
-0.563163,1.000000,2.000000,0.100919
-0.562462,1.000000,2.000000,0.100919
-0.561762,1.000000,2.000000,0.100919
-0.561061,1.000000,2.000000,0.100918
-0.560360,1.000000,2.000000,0.100918
-0.559660,1.000000,2.000000,0.100918
-0.558959,1.000000,2.000000,0.100918
-0.558258,1.000000,2.000000,0.100918
-0.557558,1.000000,2.000000,0.100918
-0.556857,1.000000,2.000000,0.100918
-0.556156,1.000000,2.000000,0.100918
-0.555455,1.000000,2.000000,0.100918
-0.554755,1.000000,2.000000,0.100918
-0.554054,1.000000,2.000000,0.100918
-0.553353,1.000000,2.000000,0.100918
-0.552653,1.000000,2.000000,0.100918
-0.551952,1.000000,2.000000,0.100918
-0.551251,1.000000,2.000000,0.100918
-0.550551,1.000000,2.000000,0.100918
-0.549850,1.000000,2.000000,0.100918
-0.549149,1.000000,2.000000,0.100918
-0.548448,1.000000,2.000000,0.100918
-0.547748,1.000000,2.000000,0.100918
-0.547047,1.000000,2.000000,0.100918
-0.546346,1.000000,2.000000,0.100918
-0.545646,1.000000,2.000000,0.100918
-0.544945,1.000000,2.000000,0.100918
-0.544244,1.000000,2.000000,0.100918
-0.543544,1.000000,2.000000,0.100918
-0.542843,1.000000,2.000000,0.100918
-0.542142,1.000000,2.000000,0.100918
-0.541441,1.000000,2.000000,0.100918
-0.540741,1.000000,2.000000,0.100918
-0.540040,1.000000,2.000000,0.100918
-0.539339,1.000000,2.000000,0.100918
-0.538639,1.000000,2.000000,0.100918
-0.537938,1.000000,2.000000,0.100918
-0.537237,1.000000,2.000000,0.100918
-0.536537,1.000000,2.000000,0.100918
-0.535836,1.000000,2.000000,0.100918
-0.535135,1.000000,2.000000,0.100918
-0.534434,1.000000,2.000000,0.100918
-0.533734,1.000000,2.000000,0.100918
-0.533033,1.000000,2.000000,0.100918
-0.532332,1.000000,2.000000,0.100918
-0.531632,1.000000,2.000000,0.100918
-0.530931,1.000000,2.000000,0.100918
-0.530230,1.000000,2.000000,0.100918
-0.529530,1.000000,2.000000,0.100918
-0.528829,1.000000,2.000000,0.100918
-0.528128,1.000000,2.000000,0.100918
-0.527427,1.000000,2.000000,0.100918
-0.526727,1.000000,2.000000,0.100918
-0.526026,1.000000,2.000000,0.100918
-0.525325,1.000000,2.000000,0.100918
-0.524625,1.000000,2.000000,0.100918
-0.523924,1.000000,2.000000,0.100918
-0.523223,1.000000,2.000000,0.100918
-0.522523,1.000000,2.000000,0.100918
-0.521822,1.000000,2.000000,0.100918
-0.521121,1.000000,2.000000,0.100918
-0.520420,1.000000,2.000000,0.100918
-0.519720,1.000000,2.000000,0.100918
-0.519019,1.000000,2.000000,0.100918
-0.518318,1.000000,2.000000,0.100918
-0.517618,1.000000,2.000000,0.100918
-0.516917,1.000000,2.000000,0.100918
-0.516216,1.000000,2.000000,0.100918
-0.515516,1.000000,2.000000,0.100918
-0.514815,1.000000,2.000000,0.100918
-0.514114,1.000000,2.000000,0.100918
-0.513413,1.000000,2.000000,0.100918
-0.512713,1.000000,2.000000,0.100918
-0.512012,1.000000,2.000000,0.100918
-0.511311,1.000000,2.000000,0.100918
-0.510611,1.000000,2.000000,0.100918
-0.509910,1.000000,2.000000,0.100918
-0.509209,1.000000,2.000000,0.100918
-0.508509,1.000000,2.000000,0.100918
-0.507808,1.000000,2.000000,0.100918
-0.507107,1.000000,2.000000,0.100918
-0.506406,1.000000,2.000000,0.100918
-0.505706,1.000000,2.000000,0.100918
-0.505005,1.000000,2.000000,0.100918
-0.504304,1.000000,2.000000,0.100918
-0.503604,1.000000,2.000000,0.100918
-0.502903,1.000000,2.000000,0.100918
-0.502202,1.000000,2.000000,0.100918
-0.501502,1.000000,2.000000,0.100918
-0.500801,1.000000,2.000000,0.100918
-0.500100,1.000000,2.000000,0.100918
-0.499399,1.000000,2.000000,0.100918
-0.498699,1.000000,2.000000,0.100918
-0.497998,1.000000,2.000000,0.100918
-0.497297,1.000000,2.000000,0.100918
-0.496597,1.000000,2.000000,0.100918
-0.495896,1.000000,2.000000,0.100918
-0.495195,1.000000,2.000000,0.100918
-0.494494,1.000000,2.000000,0.100918
-0.493794,1.000000,2.000000,0.100918
-0.493093,1.000000,2.000000,0.100918
-0.492392,1.000000,2.000000,0.100918
-0.491692,1.000000,2.000000,0.100918
-0.490991,1.000000,2.000000,0.100918
-0.490290,1.000000,2.000000,0.100918
-0.489590,1.000000,2.000000,0.100918
-0.488889,1.000000,2.000000,0.100918
-0.488188,1.000000,2.000000,0.100918
-0.487487,1.000000,2.000000,0.100918
-0.486787,1.000000,2.000000,0.100918
-0.486086,1.000000,2.000000,0.100918
-0.485385,1.000000,2.000000,0.100918
-0.484685,1.000000,2.000000,0.100918
-0.483984,1.000000,2.000000,0.100918
-0.483283,1.000000,2.000000,0.100919
-0.482583,1.000000,2.000000,0.100919
-0.481882,1.000000,2.000000,0.100919
-0.481181,1.000000,2.000000,0.100919
-0.480480,1.000000,2.000000,0.100919
-0.479780,1.000000,2.000000,0.100919
-0.479079,1.000000,2.000000,0.100919
-0.478378,1.000000,2.000000,0.100919
-0.477678,1.000000,2.000000,0.100919
-0.476977,1.000000,2.000000,0.100919
-0.476276,1.000000,2.000000,0.100919
-0.475576,1.000000,2.000000,0.100919
-0.474875,1.000000,2.000000,0.100919
-0.474174,1.000000,2.000000,0.100919
-0.473473,1.000000,2.000000,0.100919
-0.472773,1.000000,2.000000,0.100919
-0.472072,1.000000,2.000000,0.100919
-0.471371,1.000000,2.000000,0.100919
-0.470671,1.000000,2.000000,0.100919
-0.469970,1.000000,2.000000,0.100919
-0.469269,1.000000,2.000000,0.100919
-0.468569,1.000000,2.000000,0.100919
-0.467868,1.000000,2.000000,0.100919
-0.467167,1.000000,2.000000,0.100920
-0.466466,1.000000,2.000000,0.100920
-0.465766,1.000000,2.000000,0.100920
-0.465065,1.000000,2.000000,0.100920
-0.464364,1.000000,2.000000,0.100920
-0.463664,1.000000,2.000000,0.100920
-0.462963,1.000000,2.000000,0.100920
-0.462262,1.000000,2.000000,0.100920
-0.461562,1.000000,2.000000,0.100920
-0.460861,1.000000,2.000000,0.100920
-0.460160,1.000000,2.000000,0.100920
-0.459459,1.000000,2.000000,0.100920
-0.458759,1.000000,2.000000,0.100920
-0.458058,1.000000,2.000000,0.100920
-0.457357,1.000000,2.000000,0.100920
-0.456657,1.000000,2.000000,0.100920
-0.455956,1.000000,2.000000,0.100921
-0.455255,1.000000,2.000000,0.100921
-0.454555,1.000000,2.000000,0.100921
-0.453854,1.000000,2.000000,0.100921
-0.453153,1.000000,2.000000,0.100921
-0.452452,1.000000,2.000000,0.100921
-0.451752,1.000000,2.000000,0.100921
-0.451051,1.000000,2.000000,0.100921
-0.450350,1.000000,2.000000,0.100921
-0.449650,1.000000,2.000000,0.100921
-0.448949,1.000000,2.000000,0.100921
-0.448248,1.000000,2.000000,0.100921
-0.447548,1.000000,2.000000,0.100922
-0.446847,1.000000,2.000000,0.100922
-0.446146,1.000000,2.000000,0.100922
-0.445445,1.000000,2.000000,0.100922
-0.444745,1.000000,2.000000,0.100922
-0.444044,1.000000,2.000000,0.100922
-0.443343,1.000000,2.000000,0.100922
-0.442643,1.000000,2.000000,0.100922
-0.441942,1.000000,2.000000,0.100922
-0.441241,1.000000,2.000000,0.100922
-0.440541,1.000000,2.000000,0.100922
-0.439840,1.000000,2.000000,0.100923
-0.439139,1.000000,2.000000,0.100923
-0.438438,1.000000,2.000000,0.100923
-0.437738,1.000000,2.000000,0.100923
-0.437037,1.000000,2.000000,0.100923
-0.436336,1.000000,2.000000,0.100923
-0.435636,1.000000,2.000000,0.100923
-0.434935,1.000000,2.000000,0.100923
-0.434234,1.000000,2.000000,0.100923
-0.433534,1.000000,2.000000,0.100924
-0.432833,1.000000,2.000000,0.100924
-0.432132,1.000000,2.000000,0.100924
-0.431431,1.000000,2.000000,0.100924
-0.430731,1.000000,2.000000,0.100924
-0.430030,1.000000,2.000000,0.100924
-0.429329,1.000000,2.000000,0.100924
-0.428629,1.000000,2.000000,0.100924
-0.427928,1.000000,2.000000,0.100925
-0.427227,1.000000,2.000000,0.100925
-0.426527,1.000000,2.000000,0.100925
-0.425826,1.000000,2.000000,0.100925
-0.425125,1.000000,2.000000,0.100925
-0.424424,1.000000,2.000000,0.100925
-0.423724,1.000000,2.000000,0.100925
-0.423023,1.000000,2.000000,0.100926
-0.422322,1.000000,2.000000,0.100926
-0.421622,1.000000,2.000000,0.100926
-0.420921,1.000000,2.000000,0.100926
-0.420220,1.000000,2.000000,0.100926
-0.419520,1.000000,2.000000,0.100926
-0.418819,1.000000,2.000000,0.100926
-0.418118,1.000000,2.000000,0.100927
-0.417417,1.000000,2.000000,0.100927
-0.416717,1.000000,2.000000,0.100927
-0.416016,1.000000,2.000000,0.100927
-0.415315,1.000000,2.000000,0.100927
-0.414615,1.000000,2.000000,0.100927
-0.413914,1.000000,2.000000,0.100928
-0.413213,1.000000,2.000000,0.100928
-0.412513,1.000000,2.000000,0.100928
-0.411812,1.000000,2.000000,0.100928
-0.411111,1.000000,2.000000,0.100928
-0.410410,1.000000,2.000000,0.100928
-0.409710,1.000000,2.000000,0.100929
-0.409009,1.000000,2.000000,0.100929
-0.408308,1.000000,2.000000,0.100929
-0.407608,1.000000,2.000000,0.100929
-0.406907,1.000000,2.000000,0.100929
-0.406206,1.000000,2.000000,0.100930
-0.405506,1.000000,2.000000,0.100930
-0.404805,1.000000,2.000000,0.100930
-0.404104,1.000000,2.000000,0.100930
-0.403403,1.000000,2.000000,0.100930
-0.402703,1.000000,2.000000,0.100931
-0.402002,1.000000,2.000000,0.100931
-0.401301,1.000000,2.000000,0.100931
-0.400601,1.000000,2.000000,0.100931
-0.399900,1.000000,2.000000,0.100931
-0.399199,1.000000,2.000000,0.100932
-0.398498,1.000000,2.000000,0.100932
-0.397798,1.000000,2.000000,0.100932
-0.397097,1.000000,2.000000,0.100932
-0.396396,1.000000,2.000000,0.100933
-0.395696,1.000000,2.000000,0.100933
-0.394995,1.000000,2.000000,0.100933
-0.394294,1.000000,2.000000,0.100933
-0.393594,1.000000,2.000000,0.100934
-0.392893,1.000000,2.000000,0.100934
-0.392192,1.000000,2.000000,0.100934
-0.391491,1.000000,2.000000,0.100934
-0.390791,1.000000,2.000000,0.100935
-0.390090,1.000000,2.000000,0.100935
-0.389389,1.000000,2.000000,0.100935
-0.388689,1.000000,2.000000,0.100935
-0.387988,1.000000,2.000000,0.100936
-0.387287,1.000000,2.000000,0.100936
-0.386587,1.000000,2.000000,0.100936
-0.385886,1.000000,2.000000,0.100936
-0.385185,1.000000,2.000000,0.100937
-0.384484,1.000000,2.000000,0.100937
-0.383784,1.000000,2.000000,0.100937
-0.383083,1.000000,2.000000,0.100938
-0.382382,1.000000,2.000000,0.100938
-0.381682,1.000000,2.000000,0.100938
-0.380981,1.000000,2.000000,0.100938
-0.380280,1.000000,2.000000,0.100939
-0.379580,1.000000,2.000000,0.100939
-0.378879,1.000000,2.000000,0.100939
-0.378178,1.000000,2.000000,0.100940
-0.377477,1.000000,2.000000,0.100940
-0.376777,1.000000,2.000000,0.100940
-0.376076,1.000000,2.000000,0.100941
-0.375375,1.000000,2.000000,0.100941
-0.374675,1.000000,2.000000,0.100941
-0.373974,1.000000,2.000000,0.100942
-0.373273,1.000000,2.000000,0.100942
-0.372573,1.000000,2.000000,0.100942
-0.371872,1.000000,2.000000,0.100943
-0.371171,1.000000,2.000000,0.100943
-0.370470,1.000000,2.000000,0.100943
-0.369770,1.000000,2.000000,0.100944
-0.369069,1.000000,2.000000,0.100944
-0.368368,1.000000,2.000000,0.100945
-0.367668,1.000000,2.000000,0.100945
-0.366967,1.000000,2.000000,0.100945
-0.366266,1.000000,2.000000,0.100946
-0.365566,1.000000,2.000000,0.100946
-0.364865,1.000000,2.000000,0.100946
-0.364164,1.000000,2.000000,0.100947
-0.363463,1.000000,2.000000,0.100947
-0.362763,1.000000,2.000000,0.100948
-0.362062,1.000000,2.000000,0.100948
-0.361361,1.000000,2.000000,0.100948
-0.360661,1.000000,2.000000,0.100949
-0.359960,1.000000,2.000000,0.100949
-0.359259,1.000000,2.000000,0.100950
-0.358559,1.000000,2.000000,0.100950
-0.357858,1.000000,2.000000,0.100951
-0.357157,1.000000,2.000000,0.100951
-0.356456,1.000000,2.000000,0.100952
-0.355756,1.000000,2.000000,0.100952
-0.355055,1.000000,2.000000,0.100952
-0.354354,1.000000,2.000000,0.100953
-0.353654,1.000000,2.000000,0.100953
-0.352953,1.000000,2.000000,0.100954
-0.352252,1.000000,2.000000,0.100954
-0.351552,1.000000,2.000000,0.100955
-0.350851,1.000000,2.000000,0.100955
-0.350150,1.000000,2.000000,0.100956
-0.349449,1.000000,2.000000,0.100956
-0.348749,1.000000,2.000000,0.100957
-0.348048,1.000000,2.000000,0.100957
-0.347347,1.000000,2.000000,0.100958
-0.346647,1.000000,2.000000,0.100958
-0.345946,1.000000,2.000000,0.100959
-0.345245,1.000000,2.000000,0.100959
-0.344545,1.000000,2.000000,0.100960
-0.343844,1.000000,2.000000,0.100961
-0.343143,1.000000,2.000000,0.100961
-0.342442,1.000000,2.000000,0.100962
-0.341742,1.000000,2.000000,0.100962
-0.341041,1.000000,2.000000,0.100963
-0.340340,1.000000,2.000000,0.100963
-0.339640,1.000000,2.000000,0.100964
-0.338939,1.000000,2.000000,0.100965
-0.338238,1.000000,2.000000,0.100965
-0.337538,1.000000,2.000000,0.100966
-0.336837,1.000000,2.000000,0.100966
-0.336136,1.000000,2.000000,0.100967
-0.335435,1.000000,2.000000,0.100968
-0.334735,1.000000,2.000000,0.100968
-0.334034,1.000000,2.000000,0.100969
-0.333333,1.000000,2.000000,0.100970
-0.332633,1.000000,2.000000,0.100970
-0.331932,1.000000,2.000000,0.100971
-0.331231,1.000000,2.000000,0.100972
-0.330531,1.000000,2.000000,0.100972
-0.329830,1.000000,2.000000,0.100973
-0.329129,1.000000,2.000000,0.100974
-0.328428,1.000000,2.000000,0.100975
-0.327728,1.000000,2.000000,0.100975
-0.327027,1.000000,2.000000,0.100976
-0.326326,1.000000,2.000000,0.100977
-0.325626,1.000000,2.000000,0.100977
-0.324925,1.000000,2.000000,0.100978
-0.324224,1.000000,2.000000,0.100979
-0.323524,1.000000,2.000000,0.100980
-0.322823,1.000000,2.000000,0.100981
-0.322122,1.000000,2.000000,0.100981
-0.321421,1.000000,2.000000,0.100982
-0.320721,1.000000,2.000000,0.100983
-0.320020,1.000000,2.000000,0.100984
-0.319319,1.000000,2.000000,0.100985
-0.318619,1.000000,2.000000,0.100985
-0.317918,1.000000,2.000000,0.100986
-0.317217,1.000000,2.000000,0.100987
-0.316517,1.000000,2.000000,0.100988
-0.315816,1.000000,2.000000,0.100989
-0.315115,1.000000,2.000000,0.100990
-0.314414,1.000000,2.000000,0.100991
-0.313714,1.000000,2.000000,0.100992
-0.313013,1.000000,2.000000,0.100992
-0.312312,1.000000,2.000000,0.100993
-0.311612,1.000000,2.000000,0.100994
-0.310911,1.000000,2.000000,0.100995
-0.310210,1.000000,2.000000,0.100996
-0.309510,1.000000,2.000000,0.100997
-0.308809,1.000000,2.000000,0.100998
-0.308108,1.000000,2.000000,0.100999
-0.307407,1.000000,2.000000,0.101000
-0.306707,1.000000,2.000000,0.101001
-0.306006,1.000000,2.000000,0.101002
-0.305305,1.000000,2.000000,0.101003
-0.304605,1.000000,2.000000,0.101004
-0.303904,1.000000,2.000000,0.101005
-0.303203,1.000000,2.000000,0.101007
-0.302503,1.000000,2.000000,0.101008
-0.301802,1.000000,2.000000,0.101009
-0.301101,1.000000,2.000000,0.101010
-0.300400,1.000000,2.000000,0.101011
-0.299700,1.000000,2.000000,0.101012
-0.298999,1.000000,2.000000,0.101013
-0.298298,1.000000,2.000000,0.101015
-0.297598,1.000000,2.000000,0.101016
-0.296897,1.000000,2.000000,0.101017
-0.296196,1.000000,2.000000,0.101018
-0.295495,1.000000,2.000000,0.101019
-0.294795,1.000000,2.000000,0.101021
-0.294094,1.000000,2.000000,0.101022
-0.293393,1.000000,2.000000,0.101023
-0.292693,1.000000,2.000000,0.101025
-0.291992,1.000000,2.000000,0.101026
-0.291291,1.000000,2.000000,0.101027
-0.290591,1.000000,2.000000,0.101029
-0.289890,1.000000,2.000000,0.101030
-0.289189,1.000000,2.000000,0.101031
-0.288488,1.000000,2.000000,0.101033
-0.287788,1.000000,2.000000,0.101034
-0.287087,1.000000,2.000000,0.101036
-0.286386,1.000000,2.000000,0.101037
-0.285686,1.000000,2.000000,0.101039
-0.284985,1.000000,2.000000,0.101040
-0.284284,1.000000,2.000000,0.101042
-0.283584,1.000000,2.000000,0.101043
-0.282883,1.000000,2.000000,0.101045
-0.282182,1.000000,2.000000,0.101046
-0.281481,1.000000,2.000000,0.101048
-0.280781,1.000000,2.000000,0.101049
-0.280080,1.000000,2.000000,0.101051
-0.279379,1.000000,2.000000,0.101053
-0.278679,1.000000,2.000000,0.101054
-0.277978,1.000000,2.000000,0.101056
-0.277277,1.000000,2.000000,0.101058
-0.276577,1.000000,2.000000,0.101060
-0.275876,1.000000,2.000000,0.101061
-0.275175,1.000000,2.000000,0.101063
-0.274474,1.000000,2.000000,0.101065
-0.273774,1.000000,2.000000,0.101067
-0.273073,1.000000,2.000000,0.101069
-0.272372,1.000000,2.000000,0.101071
-0.271672,1.000000,2.000000,0.101072
-0.270971,1.000000,2.000000,0.101074
-0.270270,1.000000,2.000000,0.101076
-0.269570,1.000000,2.000000,0.101078
-0.268869,1.000000,2.000000,0.101080
-0.268168,1.000000,2.000000,0.101082
-0.267467,1.000000,2.000000,0.101084
-0.266767,1.000000,2.000000,0.101087
-0.266066,1.000000,2.000000,0.101089
-0.265365,1.000000,2.000000,0.101091
-0.264665,1.000000,2.000000,0.101093
-0.263964,1.000000,2.000000,0.101095
-0.263263,1.000000,2.000000,0.101097
-0.262563,1.000000,2.000000,0.101100
-0.261862,1.000000,2.000000,0.101102
-0.261161,1.000000,2.000000,0.101104
-0.260460,1.000000,2.000000,0.101107
-0.259760,1.000000,2.000000,0.101109
-0.259059,1.000000,2.000000,0.101112
-0.258358,1.000000,2.000000,0.101114
-0.257658,1.000000,2.000000,0.101117
-0.256957,1.000000,2.000000,0.101119
-0.256256,1.000000,2.000000,0.101122
-0.255556,1.000000,2.000000,0.101124
-0.254855,1.000000,2.000000,0.101127
-0.254154,1.000000,2.000000,0.101130
-0.253453,1.000000,2.000000,0.101132
-0.252753,1.000000,2.000000,0.101135
-0.252052,1.000000,2.000000,0.101138
-0.251351,1.000000,2.000000,0.101141
-0.250651,1.000000,2.000000,0.101144
-0.249950,1.000000,2.000000,0.101146
-0.249249,1.000000,2.000000,0.101149
-0.248549,1.000000,2.000000,0.101152
-0.247848,1.000000,2.000000,0.101155
-0.247147,1.000000,2.000000,0.101158
-0.246446,1.000000,2.000000,0.101162
-0.245746,1.000000,2.000000,0.101165
-0.245045,1.000000,2.000000,0.101168
-0.244344,1.000000,2.000000,0.101171
-0.243644,1.000000,2.000000,0.101175
-0.242943,1.000000,2.000000,0.101178
-0.242242,1.000000,2.000000,0.101181
-0.241542,1.000000,2.000000,0.101185
-0.240841,1.000000,2.000000,0.101188
-0.240140,1.000000,2.000000,0.101192
-0.239439,1.000000,2.000000,0.101196
-0.238739,1.000000,2.000000,0.101199
-0.238038,1.000000,2.000000,0.101203
-0.237337,1.000000,2.000000,0.101207
-0.236637,1.000000,2.000000,0.101211
-0.235936,1.000000,2.000000,0.101215
-0.235235,1.000000,2.000000,0.101219
-0.234535,1.000000,2.000000,0.101223
-0.233834,1.000000,2.000000,0.101227
-0.233133,1.000000,2.000000,0.101231
-0.232432,1.000000,2.000000,0.101235
-0.231732,1.000000,2.000000,0.101239
-0.231031,1.000000,2.000000,0.101244
-0.230330,1.000000,2.000000,0.101248
-0.229630,1.000000,2.000000,0.101253
-0.228929,1.000000,2.000000,0.101257
-0.228228,1.000000,2.000000,0.101262
-0.227528,1.000000,2.000000,0.101267
-0.226827,1.000000,2.000000,0.101271
-0.226126,1.000000,2.000000,0.101276
-0.225425,1.000000,2.000000,0.101281
-0.224725,1.000000,2.000000,0.101286
-0.224024,1.000000,2.000000,0.101291
-0.223323,1.000000,2.000000,0.101297
-0.222623,1.000000,2.000000,0.101302
-0.221922,1.000000,2.000000,0.101307
-0.221221,1.000000,2.000000,0.101313
-0.220521,1.000000,2.000000,0.101318
-0.219820,1.000000,2.000000,0.101324
-0.219119,1.000000,2.000000,0.101330
-0.218418,1.000000,2.000000,0.101335
-0.217718,1.000000,2.000000,0.101341
-0.217017,1.000000,2.000000,0.101347
-0.216316,1.000000,2.000000,0.101353
-0.215616,1.000000,2.000000,0.101360
-0.214915,1.000000,2.000000,0.101366
-0.214214,1.000000,2.000000,0.101372
-0.213514,1.000000,2.000000,0.101379
-0.212813,1.000000,2.000000,0.101386
-0.212112,1.000000,2.000000,0.101393
-0.211411,1.000000,2.000000,0.101399
-0.210711,1.000000,2.000000,0.101406
-0.210010,1.000000,2.000000,0.101414
-0.209309,1.000000,2.000000,0.101421
-0.208609,1.000000,2.000000,0.101428
-0.207908,1.000000,2.000000,0.101436
-0.207207,1.000000,2.000000,0.101444
-0.206507,1.000000,2.000000,0.101451
-0.205806,1.000000,2.000000,0.101459
-0.205105,1.000000,2.000000,0.101467
-0.204404,1.000000,2.000000,0.101476
-0.203704,1.000000,2.000000,0.101484
-0.203003,1.000000,2.000000,0.101493
-0.202302,1.000000,2.000000,0.101501
-0.201602,1.000000,2.000000,0.101510
-0.200901,1.000000,2.000000,0.101519
-0.200200,1.000000,2.000000,0.101529
-0.199499,1.000000,2.000000,0.101538
-0.198799,1.000000,2.000000,0.101547
-0.198098,1.000000,2.000000,0.101557
-0.197397,1.000000,2.000000,0.101567
-0.196697,1.000000,2.000000,0.101577
-0.195996,1.000000,2.000000,0.101588
-0.195295,1.000000,2.000000,0.101598
-0.194595,1.000000,2.000000,0.101609
-0.193894,1.000000,2.000000,0.101620
-0.193193,1.000000,2.000000,0.101631
-0.192492,1.000000,2.000000,0.101642
-0.191792,1.000000,2.000000,0.101654
-0.191091,1.000000,2.000000,0.101666
-0.190390,1.000000,2.000000,0.101678
-0.189690,1.000000,2.000000,0.101690
-0.188989,1.000000,2.000000,0.101703
-0.188288,1.000000,2.000000,0.101715
-0.187588,1.000000,2.000000,0.101729
-0.186887,1.000000,2.000000,0.101742
-0.186186,1.000000,2.000000,0.101756
-0.185485,1.000000,2.000000,0.101769
-0.184785,1.000000,2.000000,0.101784
-0.184084,1.000000,2.000000,0.101798
-0.183383,1.000000,2.000000,0.101813
-0.182683,1.000000,2.000000,0.101828
-0.181982,1.000000,2.000000,0.101843
-0.181281,1.000000,2.000000,0.101859
-0.180581,1.000000,2.000000,0.101875
-0.179880,1.000000,2.000000,0.101892
-0.179179,1.000000,2.000000,0.101908
-0.178478,1.000000,2.000000,0.101925
-0.177778,1.000000,2.000000,0.101943
-0.177077,1.000000,2.000000,0.101961
-0.176376,1.000000,2.000000,0.101979
-0.175676,1.000000,2.000000,0.101998
-0.174975,1.000000,2.000000,0.102017
-0.174274,1.000000,2.000000,0.102036
-0.173574,1.000000,2.000000,0.102056
-0.172873,1.000000,2.000000,0.102077
-0.172172,1.000000,2.000000,0.102098
-0.171471,1.000000,2.000000,0.102119
-0.170771,1.000000,2.000000,0.102141
-0.170070,1.000000,2.000000,0.102163
-0.169369,1.000000,2.000000,0.102186
-0.168669,1.000000,2.000000,0.102209
-0.167968,1.000000,2.000000,0.102233
-0.167267,1.000000,2.000000,0.102258
-0.166567,1.000000,2.000000,0.102283
-0.165866,1.000000,2.000000,0.102309
-0.165165,1.000000,2.000000,0.102335
-0.164464,1.000000,2.000000,0.102362
-0.163764,1.000000,2.000000,0.102389
-0.163063,1.000000,2.000000,0.102417
-0.162362,1.000000,2.000000,0.102446
-0.161662,1.000000,2.000000,0.102476
-0.160961,1.000000,2.000000,0.102506
-0.160260,1.000000,2.000000,0.102537
-0.159560,1.000000,2.000000,0.102569
-0.158859,1.000000,2.000000,0.102601
-0.158158,1.000000,2.000000,0.102634
-0.157457,1.000000,2.000000,0.102669
-0.156757,1.000000,2.000000,0.102704
-0.156056,1.000000,2.000000,0.102739
-0.155355,1.000000,2.000000,0.102776
-0.154655,1.000000,2.000000,0.102814
-0.153954,1.000000,2.000000,0.102853
-0.153253,1.000000,2.000000,0.102892
-0.152553,1.000000,2.000000,0.102933
-0.151852,1.000000,2.000000,0.102975
-0.151151,1.000000,2.000000,0.103017
-0.150450,1.000000,2.000000,0.103061
-0.149750,1.000000,2.000000,0.103106
-0.149049,1.000000,2.000000,0.103152
-0.148348,1.000000,2.000000,0.103200
-0.147648,1.000000,2.000000,0.103248
-0.146947,1.000000,2.000000,0.103298
-0.146246,1.000000,2.000000,0.103350
-0.145546,1.000000,2.000000,0.103402
-0.144845,1.000000,2.000000,0.103456
-0.144144,1.000000,2.000000,0.103512
-0.143443,1.000000,2.000000,0.103569
-0.142743,1.000000,2.000000,0.103627
-0.142042,1.000000,2.000000,0.103687
-0.141341,1.000000,2.000000,0.103749
-0.140641,1.000000,2.000000,0.103812
-0.139940,1.000000,2.000000,0.103877
-0.139239,1.000000,2.000000,0.103944
-0.138539,1.000000,2.000000,0.104013
-0.137838,1.000000,2.000000,0.104083
-0.137137,1.000000,2.000000,0.104156
-0.136436,1.000000,2.000000,0.104230
-0.135736,1.000000,2.000000,0.104307
-0.135035,1.000000,2.000000,0.104385
-0.134334,1.000000,2.000000,0.104466
-0.133634,1.000000,2.000000,0.104549
-0.132933,1.000000,2.000000,0.104635
-0.132232,1.000000,2.000000,0.104723
-0.131532,1.000000,2.000000,0.104813
-0.130831,1.000000,2.000000,0.104906
-0.130130,1.000000,2.000000,0.105002
-0.129429,1.000000,2.000000,0.105100
-0.128729,1.000000,2.000000,0.105201
-0.128028,1.000000,2.000000,0.105305
-0.127327,1.000000,2.000000,0.105412
-0.126627,1.000000,2.000000,0.105522
-0.125926,1.000000,2.000000,0.105635
-0.125225,1.000000,2.000000,0.105751
-0.124525,1.000000,2.000000,0.105871
-0.123824,1.000000,2.000000,0.105994
-0.123123,1.000000,2.000000,0.106120
-0.122422,1.000000,2.000000,0.106251
-0.121722,1.000000,2.000000,0.106385
-0.121021,1.000000,2.000000,0.106522
-0.120320,1.000000,2.000000,0.106664
-0.119620,1.000000,2.000000,0.106810
-0.118919,1.000000,2.000000,0.106960
-0.118218,1.000000,2.000000,0.107115
-0.117518,1.000000,2.000000,0.107273
-0.116817,1.000000,2.000000,0.107437
-0.116116,1.000000,2.000000,0.107605
-0.115415,1.000000,2.000000,0.107778
-0.114715,1.000000,2.000000,0.107956
-0.114014,1.000000,2.000000,0.108139
-0.113313,1.000000,2.000000,0.108328
-0.112613,1.000000,2.000000,0.108522
-0.111912,1.000000,2.000000,0.108721
-0.111211,1.000000,2.000000,0.108926
-0.110511,1.000000,2.000000,0.109137
-0.109810,1.000000,2.000000,0.109354
-0.109109,1.000000,2.000000,0.109577
-0.108408,1.000000,2.000000,0.109807
-0.107708,1.000000,2.000000,0.110043
-0.107007,1.000000,2.000000,0.110286
-0.106306,1.000000,2.000000,0.110536
-0.105606,1.000000,2.000000,0.110793
-0.104905,1.000000,2.000000,0.111057
-0.104204,1.000000,2.000000,0.111328
-0.103504,1.000000,2.000000,0.111607
-0.102803,1.000000,2.000000,0.111894
-0.102102,1.000000,2.000000,0.112190
-0.101401,1.000000,2.000000,0.112493
-0.100701,1.000000,2.000000,0.112805
-0.100000,1.000000,2.000000,0.113125
-0.800000,1.000000,2.200000,0.100916
-0.799299,1.000000,2.200000,0.100916
-0.798599,1.000000,2.200000,0.100916
-0.797898,1.000000,2.200000,0.100915
-0.797197,1.000000,2.200000,0.100915
-0.796496,1.000000,2.200000,0.100915
-0.795796,1.000000,2.200000,0.100915
-0.795095,1.000000,2.200000,0.100915
-0.794394,1.000000,2.200000,0.100915
-0.793694,1.000000,2.200000,0.100915
-0.792993,1.000000,2.200000,0.100915
-0.792292,1.000000,2.200000,0.100915
-0.791592,1.000000,2.200000,0.100915
-0.790891,1.000000,2.200000,0.100915
-0.790190,1.000000,2.200000,0.100915
-0.789489,1.000000,2.200000,0.100915
-0.788789,1.000000,2.200000,0.100915
-0.788088,1.000000,2.200000,0.100915
-0.787387,1.000000,2.200000,0.100915
-0.786687,1.000000,2.200000,0.100915
-0.785986,1.000000,2.200000,0.100915
-0.785285,1.000000,2.200000,0.100914
-0.784585,1.000000,2.200000,0.100914
-0.783884,1.000000,2.200000,0.100914
-0.783183,1.000000,2.200000,0.100914
-0.782482,1.000000,2.200000,0.100914
-0.781782,1.000000,2.200000,0.100914
-0.781081,1.000000,2.200000,0.100914
-0.780380,1.000000,2.200000,0.100914
-0.779680,1.000000,2.200000,0.100914
-0.778979,1.000000,2.200000,0.100914
-0.778278,1.000000,2.200000,0.100914
-0.777578,1.000000,2.200000,0.100914
-0.776877,1.000000,2.200000,0.100914
-0.776176,1.000000,2.200000,0.100914
-0.775475,1.000000,2.200000,0.100914
-0.774775,1.000000,2.200000,0.100914
-0.774074,1.000000,2.200000,0.100914
-0.773373,1.000000,2.200000,0.100914
-0.772673,1.000000,2.200000,0.100914
-0.771972,1.000000,2.200000,0.100913
-0.771271,1.000000,2.200000,0.100913
-0.770571,1.000000,2.200000,0.100913
-0.769870,1.000000,2.200000,0.100913
-0.769169,1.000000,2.200000,0.100913
-0.768468,1.000000,2.200000,0.100913
-0.767768,1.000000,2.200000,0.100913
-0.767067,1.000000,2.200000,0.100913
-0.766366,1.000000,2.200000,0.100913
-0.765666,1.000000,2.200000,0.100913
-0.764965,1.000000,2.200000,0.100913
-0.764264,1.000000,2.200000,0.100913
-0.763564,1.000000,2.200000,0.100913
-0.762863,1.000000,2.200000,0.100913
-0.762162,1.000000,2.200000,0.100913
-0.761461,1.000000,2.200000,0.100913
-0.760761,1.000000,2.200000,0.100913
-0.760060,1.000000,2.200000,0.100913
-0.759359,1.000000,2.200000,0.100913
-0.758659,1.000000,2.200000,0.100912
-0.757958,1.000000,2.200000,0.100912
-0.757257,1.000000,2.200000,0.100912
-0.756557,1.000000,2.200000,0.100912
-0.755856,1.000000,2.200000,0.100912
-0.755155,1.000000,2.200000,0.100912
-0.754454,1.000000,2.200000,0.100912
-0.753754,1.000000,2.200000,0.100912
-0.753053,1.000000,2.200000,0.100912
-0.752352,1.000000,2.200000,0.100912
-0.751652,1.000000,2.200000,0.100912
-0.750951,1.000000,2.200000,0.100912
-0.750250,1.000000,2.200000,0.100912
-0.749550,1.000000,2.200000,0.100912
-0.748849,1.000000,2.200000,0.100912
-0.748148,1.000000,2.200000,0.100912
-0.747447,1.000000,2.200000,0.100912
-0.746747,1.000000,2.200000,0.100912
-0.746046,1.000000,2.200000,0.100911
-0.745345,1.000000,2.200000,0.100911
-0.744645,1.000000,2.200000,0.100911
-0.743944,1.000000,2.200000,0.100911
-0.743243,1.000000,2.200000,0.100911
-0.742543,1.000000,2.200000,0.100911
-0.741842,1.000000,2.200000,0.100911
-0.741141,1.000000,2.200000,0.100911
-0.740440,1.000000,2.200000,0.100911
-0.739740,1.000000,2.200000,0.100911
-0.739039,1.000000,2.200000,0.100911
-0.738338,1.000000,2.200000,0.100911
-0.737638,1.000000,2.200000,0.100911
-0.736937,1.000000,2.200000,0.100911
-0.736236,1.000000,2.200000,0.100911
-0.735536,1.000000,2.200000,0.100911
-0.734835,1.000000,2.200000,0.100911
-0.734134,1.000000,2.200000,0.100911
-0.733433,1.000000,2.200000,0.100911
-0.732733,1.000000,2.200000,0.100910
-0.732032,1.000000,2.200000,0.100910
-0.731331,1.000000,2.200000,0.100910
-0.730631,1.000000,2.200000,0.100910
-0.729930,1.000000,2.200000,0.100910
-0.729229,1.000000,2.200000,0.100910
-0.728529,1.000000,2.200000,0.100910
-0.727828,1.000000,2.200000,0.100910
-0.727127,1.000000,2.200000,0.100910
-0.726426,1.000000,2.200000,0.100910
-0.725726,1.000000,2.200000,0.100910
-0.725025,1.000000,2.200000,0.100910
-0.724324,1.000000,2.200000,0.100910
-0.723624,1.000000,2.200000,0.100910
-0.722923,1.000000,2.200000,0.100910
-0.722222,1.000000,2.200000,0.100910
-0.721522,1.000000,2.200000,0.100910
-0.720821,1.000000,2.200000,0.100910
-0.720120,1.000000,2.200000,0.100910
-0.719419,1.000000,2.200000,0.100910
-0.718719,1.000000,2.200000,0.100909
-0.718018,1.000000,2.200000,0.100909
-0.717317,1.000000,2.200000,0.100909
-0.716617,1.000000,2.200000,0.100909
-0.715916,1.000000,2.200000,0.100909
-0.715215,1.000000,2.200000,0.100909
-0.714515,1.000000,2.200000,0.100909
-0.713814,1.000000,2.200000,0.100909
-0.713113,1.000000,2.200000,0.100909
-0.712412,1.000000,2.200000,0.100909
-0.711712,1.000000,2.200000,0.100909
-0.711011,1.000000,2.200000,0.100909
-0.710310,1.000000,2.200000,0.100909
-0.709610,1.000000,2.200000,0.100909
-0.708909,1.000000,2.200000,0.100909
-0.708208,1.000000,2.200000,0.100909
-0.707508,1.000000,2.200000,0.100909
-0.706807,1.000000,2.200000,0.100909
-0.706106,1.000000,2.200000,0.100909
-0.705405,1.000000,2.200000,0.100909
-0.704705,1.000000,2.200000,0.100908
-0.704004,1.000000,2.200000,0.100908
-0.703303,1.000000,2.200000,0.100908
-0.702603,1.000000,2.200000,0.100908
-0.701902,1.000000,2.200000,0.100908
-0.701201,1.000000,2.200000,0.100908
-0.700501,1.000000,2.200000,0.100908
-0.699800,1.000000,2.200000,0.100908
-0.699099,1.000000,2.200000,0.100908
-0.698398,1.000000,2.200000,0.100908
-0.697698,1.000000,2.200000,0.100908
-0.696997,1.000000,2.200000,0.100908
-0.696296,1.000000,2.200000,0.100908
-0.695596,1.000000,2.200000,0.100908
-0.694895,1.000000,2.200000,0.100908
-0.694194,1.000000,2.200000,0.100908
-0.693493,1.000000,2.200000,0.100908
-0.692793,1.000000,2.200000,0.100908
-0.692092,1.000000,2.200000,0.100908
-0.691391,1.000000,2.200000,0.100908
-0.690691,1.000000,2.200000,0.100907
-0.689990,1.000000,2.200000,0.100907
-0.689289,1.000000,2.200000,0.100907
-0.688589,1.000000,2.200000,0.100907
-0.687888,1.000000,2.200000,0.100907
-0.687187,1.000000,2.200000,0.100907
-0.686486,1.000000,2.200000,0.100907
-0.685786,1.000000,2.200000,0.100907
-0.685085,1.000000,2.200000,0.100907
-0.684384,1.000000,2.200000,0.100907
-0.683684,1.000000,2.200000,0.100907
-0.682983,1.000000,2.200000,0.100907
-0.682282,1.000000,2.200000,0.100907
-0.681582,1.000000,2.200000,0.100907
-0.680881,1.000000,2.200000,0.100907
-0.680180,1.000000,2.200000,0.100907
-0.679479,1.000000,2.200000,0.100907
-0.678779,1.000000,2.200000,0.100907
-0.678078,1.000000,2.200000,0.100907
-0.677377,1.000000,2.200000,0.100907
-0.676677,1.000000,2.200000,0.100907
-0.675976,1.000000,2.200000,0.100907
-0.675275,1.000000,2.200000,0.100906
-0.674575,1.000000,2.200000,0.100906
-0.673874,1.000000,2.200000,0.100906
-0.673173,1.000000,2.200000,0.100906
-0.672472,1.000000,2.200000,0.100906
-0.671772,1.000000,2.200000,0.100906
-0.671071,1.000000,2.200000,0.100906
-0.670370,1.000000,2.200000,0.100906
-0.669670,1.000000,2.200000,0.100906
-0.668969,1.000000,2.200000,0.100906
-0.668268,1.000000,2.200000,0.100906
-0.667568,1.000000,2.200000,0.100906
-0.666867,1.000000,2.200000,0.100906
-0.666166,1.000000,2.200000,0.100906
-0.665465,1.000000,2.200000,0.100906
-0.664765,1.000000,2.200000,0.100906
-0.664064,1.000000,2.200000,0.100906
-0.663363,1.000000,2.200000,0.100906
-0.662663,1.000000,2.200000,0.100906
-0.661962,1.000000,2.200000,0.100906
-0.661261,1.000000,2.200000,0.100906
-0.660561,1.000000,2.200000,0.100906
-0.659860,1.000000,2.200000,0.100905
-0.659159,1.000000,2.200000,0.100905
-0.658458,1.000000,2.200000,0.100905
-0.657758,1.000000,2.200000,0.100905
-0.657057,1.000000,2.200000,0.100905
-0.656356,1.000000,2.200000,0.100905
-0.655656,1.000000,2.200000,0.100905
-0.654955,1.000000,2.200000,0.100905
-0.654254,1.000000,2.200000,0.100905
-0.653554,1.000000,2.200000,0.100905
-0.652853,1.000000,2.200000,0.100905
-0.652152,1.000000,2.200000,0.100905
-0.651451,1.000000,2.200000,0.100905
-0.650751,1.000000,2.200000,0.100905
-0.650050,1.000000,2.200000,0.100905
-0.649349,1.000000,2.200000,0.100905
-0.648649,1.000000,2.200000,0.100905
-0.647948,1.000000,2.200000,0.100905
-0.647247,1.000000,2.200000,0.100905
-0.646547,1.000000,2.200000,0.100905
-0.645846,1.000000,2.200000,0.100905
-0.645145,1.000000,2.200000,0.100905
-0.644444,1.000000,2.200000,0.100905
-0.643744,1.000000,2.200000,0.100905
-0.643043,1.000000,2.200000,0.100904
-0.642342,1.000000,2.200000,0.100904
-0.641642,1.000000,2.200000,0.100904
-0.640941,1.000000,2.200000,0.100904
-0.640240,1.000000,2.200000,0.100904
-0.639540,1.000000,2.200000,0.100904
-0.638839,1.000000,2.200000,0.100904
-0.638138,1.000000,2.200000,0.100904
-0.637437,1.000000,2.200000,0.100904
-0.636737,1.000000,2.200000,0.100904
-0.636036,1.000000,2.200000,0.100904
-0.635335,1.000000,2.200000,0.100904
-0.634635,1.000000,2.200000,0.100904
-0.633934,1.000000,2.200000,0.100904
-0.633233,1.000000,2.200000,0.100904
-0.632533,1.000000,2.200000,0.100904
-0.631832,1.000000,2.200000,0.100904
-0.631131,1.000000,2.200000,0.100904
-0.630430,1.000000,2.200000,0.100904
-0.629730,1.000000,2.200000,0.100904
-0.629029,1.000000,2.200000,0.100904
-0.628328,1.000000,2.200000,0.100904
-0.627628,1.000000,2.200000,0.100904
-0.626927,1.000000,2.200000,0.100904
-0.626226,1.000000,2.200000,0.100904
-0.625526,1.000000,2.200000,0.100904
-0.624825,1.000000,2.200000,0.100903
-0.624124,1.000000,2.200000,0.100903
-0.623423,1.000000,2.200000,0.100903
-0.622723,1.000000,2.200000,0.100903
-0.622022,1.000000,2.200000,0.100903
-0.621321,1.000000,2.200000,0.100903
-0.620621,1.000000,2.200000,0.100903
-0.619920,1.000000,2.200000,0.100903
-0.619219,1.000000,2.200000,0.100903
-0.618519,1.000000,2.200000,0.100903
-0.617818,1.000000,2.200000,0.100903
-0.617117,1.000000,2.200000,0.100903
-0.616416,1.000000,2.200000,0.100903
-0.615716,1.000000,2.200000,0.100903
-0.615015,1.000000,2.200000,0.100903
-0.614314,1.000000,2.200000,0.100903
-0.613614,1.000000,2.200000,0.100903
-0.612913,1.000000,2.200000,0.100903
-0.612212,1.000000,2.200000,0.100903
-0.611512,1.000000,2.200000,0.100903
-0.610811,1.000000,2.200000,0.100903
-0.610110,1.000000,2.200000,0.100903
-0.609409,1.000000,2.200000,0.100903
-0.608709,1.000000,2.200000,0.100903
-0.608008,1.000000,2.200000,0.100903
-0.607307,1.000000,2.200000,0.100903
-0.606607,1.000000,2.200000,0.100903
-0.605906,1.000000,2.200000,0.100903
-0.605205,1.000000,2.200000,0.100903
-0.604505,1.000000,2.200000,0.100903
-0.603804,1.000000,2.200000,0.100902
-0.603103,1.000000,2.200000,0.100902
-0.602402,1.000000,2.200000,0.100902
-0.601702,1.000000,2.200000,0.100902
-0.601001,1.000000,2.200000,0.100902
-0.600300,1.000000,2.200000,0.100902
-0.599600,1.000000,2.200000,0.100902
-0.598899,1.000000,2.200000,0.100902
-0.598198,1.000000,2.200000,0.100902
-0.597497,1.000000,2.200000,0.100902
-0.596797,1.000000,2.200000,0.100902
-0.596096,1.000000,2.200000,0.100902
-0.595395,1.000000,2.200000,0.100902
-0.594695,1.000000,2.200000,0.100902
-0.593994,1.000000,2.200000,0.100902
-0.593293,1.000000,2.200000,0.100902
-0.592593,1.000000,2.200000,0.100902
-0.591892,1.000000,2.200000,0.100902
-0.591191,1.000000,2.200000,0.100902
-0.590490,1.000000,2.200000,0.100902
-0.589790,1.000000,2.200000,0.100902
-0.589089,1.000000,2.200000,0.100902
-0.588388,1.000000,2.200000,0.100902
-0.587688,1.000000,2.200000,0.100902
-0.586987,1.000000,2.200000,0.100902
-0.586286,1.000000,2.200000,0.100902
-0.585586,1.000000,2.200000,0.100902
-0.584885,1.000000,2.200000,0.100902
-0.584184,1.000000,2.200000,0.100902
-0.583483,1.000000,2.200000,0.100902
-0.582783,1.000000,2.200000,0.100902
-0.582082,1.000000,2.200000,0.100902
-0.581381,1.000000,2.200000,0.100902
-0.580681,1.000000,2.200000,0.100902
-0.579980,1.000000,2.200000,0.100902
-0.579279,1.000000,2.200000,0.100902
-0.578579,1.000000,2.200000,0.100901
-0.577878,1.000000,2.200000,0.100901
-0.577177,1.000000,2.200000,0.100901
-0.576476,1.000000,2.200000,0.100901
-0.575776,1.000000,2.200000,0.100901
-0.575075,1.000000,2.200000,0.100901
-0.574374,1.000000,2.200000,0.100901
-0.573674,1.000000,2.200000,0.100901
-0.572973,1.000000,2.200000,0.100901
-0.572272,1.000000,2.200000,0.100901
-0.571572,1.000000,2.200000,0.100901
-0.570871,1.000000,2.200000,0.100901
-0.570170,1.000000,2.200000,0.100901
-0.569469,1.000000,2.200000,0.100901
-0.568769,1.000000,2.200000,0.100901
-0.568068,1.000000,2.200000,0.100901
-0.567367,1.000000,2.200000,0.100901
-0.566667,1.000000,2.200000,0.100901
-0.565966,1.000000,2.200000,0.100901
-0.565265,1.000000,2.200000,0.100901
-0.564565,1.000000,2.200000,0.100901
-0.563864,1.000000,2.200000,0.100901
-0.563163,1.000000,2.200000,0.100901
-0.562462,1.000000,2.200000,0.100901
-0.561762,1.000000,2.200000,0.100901
-0.561061,1.000000,2.200000,0.100901
-0.560360,1.000000,2.200000,0.100901
-0.559660,1.000000,2.200000,0.100901
-0.558959,1.000000,2.200000,0.100901
-0.558258,1.000000,2.200000,0.100901
-0.557558,1.000000,2.200000,0.100901
-0.556857,1.000000,2.200000,0.100901
-0.556156,1.000000,2.200000,0.100901
-0.555455,1.000000,2.200000,0.100901
-0.554755,1.000000,2.200000,0.100901
-0.554054,1.000000,2.200000,0.100901
-0.553353,1.000000,2.200000,0.100901
-0.552653,1.000000,2.200000,0.100901
-0.551952,1.000000,2.200000,0.100901
-0.551251,1.000000,2.200000,0.100901
-0.550551,1.000000,2.200000,0.100901
-0.549850,1.000000,2.200000,0.100901
-0.549149,1.000000,2.200000,0.100901
-0.548448,1.000000,2.200000,0.100901
-0.547748,1.000000,2.200000,0.100901
-0.547047,1.000000,2.200000,0.100901
-0.546346,1.000000,2.200000,0.100901
-0.545646,1.000000,2.200000,0.100901
-0.544945,1.000000,2.200000,0.100901
-0.544244,1.000000,2.200000,0.100901
-0.543544,1.000000,2.200000,0.100901
-0.542843,1.000000,2.200000,0.100901
-0.542142,1.000000,2.200000,0.100901
-0.541441,1.000000,2.200000,0.100901
-0.540741,1.000000,2.200000,0.100901
-0.540040,1.000000,2.200000,0.100901
-0.539339,1.000000,2.200000,0.100901
-0.538639,1.000000,2.200000,0.100901
-0.537938,1.000000,2.200000,0.100901
-0.537237,1.000000,2.200000,0.100901
-0.536537,1.000000,2.200000,0.100901
-0.535836,1.000000,2.200000,0.100901
-0.535135,1.000000,2.200000,0.100901
-0.534434,1.000000,2.200000,0.100901
-0.533734,1.000000,2.200000,0.100901
-0.533033,1.000000,2.200000,0.100901
-0.532332,1.000000,2.200000,0.100901
-0.531632,1.000000,2.200000,0.100901
-0.530931,1.000000,2.200000,0.100901
-0.530230,1.000000,2.200000,0.100901
-0.529530,1.000000,2.200000,0.100901
-0.528829,1.000000,2.200000,0.100901
-0.528128,1.000000,2.200000,0.100901
-0.527427,1.000000,2.200000,0.100901
-0.526727,1.000000,2.200000,0.100901
-0.526026,1.000000,2.200000,0.100901
-0.525325,1.000000,2.200000,0.100901
-0.524625,1.000000,2.200000,0.100901
-0.523924,1.000000,2.200000,0.100901
-0.523223,1.000000,2.200000,0.100901
-0.522523,1.000000,2.200000,0.100901
-0.521822,1.000000,2.200000,0.100901
-0.521121,1.000000,2.200000,0.100901
-0.520420,1.000000,2.200000,0.100901
-0.519720,1.000000,2.200000,0.100901
-0.519019,1.000000,2.200000,0.100901
-0.518318,1.000000,2.200000,0.100901
-0.517618,1.000000,2.200000,0.100901
-0.516917,1.000000,2.200000,0.100901
-0.516216,1.000000,2.200000,0.100901
-0.515516,1.000000,2.200000,0.100901
-0.514815,1.000000,2.200000,0.100901
-0.514114,1.000000,2.200000,0.100901
-0.513413,1.000000,2.200000,0.100901
-0.512713,1.000000,2.200000,0.100901
-0.512012,1.000000,2.200000,0.100901
-0.511311,1.000000,2.200000,0.100901
-0.510611,1.000000,2.200000,0.100901
-0.509910,1.000000,2.200000,0.100901
-0.509209,1.000000,2.200000,0.100901
-0.508509,1.000000,2.200000,0.100901
-0.507808,1.000000,2.200000,0.100901
-0.507107,1.000000,2.200000,0.100901
-0.506406,1.000000,2.200000,0.100901
-0.505706,1.000000,2.200000,0.100901
-0.505005,1.000000,2.200000,0.100901
-0.504304,1.000000,2.200000,0.100901
-0.503604,1.000000,2.200000,0.100901
-0.502903,1.000000,2.200000,0.100901
-0.502202,1.000000,2.200000,0.100901
-0.501502,1.000000,2.200000,0.100901
-0.500801,1.000000,2.200000,0.100901
-0.500100,1.000000,2.200000,0.100901
-0.499399,1.000000,2.200000,0.100901
-0.498699,1.000000,2.200000,0.100901
-0.497998,1.000000,2.200000,0.100901
-0.497297,1.000000,2.200000,0.100901
-0.496597,1.000000,2.200000,0.100901
-0.495896,1.000000,2.200000,0.100902
-0.495195,1.000000,2.200000,0.100902
-0.494494,1.000000,2.200000,0.100902
-0.493794,1.000000,2.200000,0.100902
-0.493093,1.000000,2.200000,0.100902
-0.492392,1.000000,2.200000,0.100902
-0.491692,1.000000,2.200000,0.100902
-0.490991,1.000000,2.200000,0.100902
-0.490290,1.000000,2.200000,0.100902
-0.489590,1.000000,2.200000,0.100902
-0.488889,1.000000,2.200000,0.100902
-0.488188,1.000000,2.200000,0.100902
-0.487487,1.000000,2.200000,0.100902
-0.486787,1.000000,2.200000,0.100902
-0.486086,1.000000,2.200000,0.100902
-0.485385,1.000000,2.200000,0.100902
-0.484685,1.000000,2.200000,0.100902
-0.483984,1.000000,2.200000,0.100902
-0.483283,1.000000,2.200000,0.100902
-0.482583,1.000000,2.200000,0.100902
-0.481882,1.000000,2.200000,0.100902
-0.481181,1.000000,2.200000,0.100902
-0.480480,1.000000,2.200000,0.100902
-0.479780,1.000000,2.200000,0.100902
-0.479079,1.000000,2.200000,0.100902
-0.478378,1.000000,2.200000,0.100903
-0.477678,1.000000,2.200000,0.100903
-0.476977,1.000000,2.200000,0.100903
-0.476276,1.000000,2.200000,0.100903
-0.475576,1.000000,2.200000,0.100903
-0.474875,1.000000,2.200000,0.100903
-0.474174,1.000000,2.200000,0.100903
-0.473473,1.000000,2.200000,0.100903
-0.472773,1.000000,2.200000,0.100903
-0.472072,1.000000,2.200000,0.100903
-0.471371,1.000000,2.200000,0.100903
-0.470671,1.000000,2.200000,0.100903
-0.469970,1.000000,2.200000,0.100903
-0.469269,1.000000,2.200000,0.100903
-0.468569,1.000000,2.200000,0.100903
-0.467868,1.000000,2.200000,0.100903
-0.467167,1.000000,2.200000,0.100903
-0.466466,1.000000,2.200000,0.100904
-0.465766,1.000000,2.200000,0.100904
-0.465065,1.000000,2.200000,0.100904
-0.464364,1.000000,2.200000,0.100904
-0.463664,1.000000,2.200000,0.100904
-0.462963,1.000000,2.200000,0.100904
-0.462262,1.000000,2.200000,0.100904
-0.461562,1.000000,2.200000,0.100904
-0.460861,1.000000,2.200000,0.100904
-0.460160,1.000000,2.200000,0.100904
-0.459459,1.000000,2.200000,0.100904
-0.458759,1.000000,2.200000,0.100904
-0.458058,1.000000,2.200000,0.100904
-0.457357,1.000000,2.200000,0.100904
-0.456657,1.000000,2.200000,0.100905
-0.455956,1.000000,2.200000,0.100905
-0.455255,1.000000,2.200000,0.100905
-0.454555,1.000000,2.200000,0.100905
-0.453854,1.000000,2.200000,0.100905
-0.453153,1.000000,2.200000,0.100905
-0.452452,1.000000,2.200000,0.100905
-0.451752,1.000000,2.200000,0.100905
-0.451051,1.000000,2.200000,0.100905
-0.450350,1.000000,2.200000,0.100905
-0.449650,1.000000,2.200000,0.100905
-0.448949,1.000000,2.200000,0.100905
-0.448248,1.000000,2.200000,0.100906
-0.447548,1.000000,2.200000,0.100906
-0.446847,1.000000,2.200000,0.100906
-0.446146,1.000000,2.200000,0.100906
-0.445445,1.000000,2.200000,0.100906
-0.444745,1.000000,2.200000,0.100906
-0.444044,1.000000,2.200000,0.100906
-0.443343,1.000000,2.200000,0.100906
-0.442643,1.000000,2.200000,0.100906
-0.441942,1.000000,2.200000,0.100906
-0.441241,1.000000,2.200000,0.100907
-0.440541,1.000000,2.200000,0.100907
-0.439840,1.000000,2.200000,0.100907
-0.439139,1.000000,2.200000,0.100907
-0.438438,1.000000,2.200000,0.100907
-0.437738,1.000000,2.200000,0.100907
-0.437037,1.000000,2.200000,0.100907
-0.436336,1.000000,2.200000,0.100907
-0.435636,1.000000,2.200000,0.100908
-0.434935,1.000000,2.200000,0.100908
-0.434234,1.000000,2.200000,0.100908
-0.433534,1.000000,2.200000,0.100908
-0.432833,1.000000,2.200000,0.100908
-0.432132,1.000000,2.200000,0.100908
-0.431431,1.000000,2.200000,0.100908
-0.430731,1.000000,2.200000,0.100908
-0.430030,1.000000,2.200000,0.100908
-0.429329,1.000000,2.200000,0.100909
-0.428629,1.000000,2.200000,0.100909
-0.427928,1.000000,2.200000,0.100909
-0.427227,1.000000,2.200000,0.100909
-0.426527,1.000000,2.200000,0.100909
-0.425826,1.000000,2.200000,0.100909
-0.425125,1.000000,2.200000,0.100909
-0.424424,1.000000,2.200000,0.100910
-0.423724,1.000000,2.200000,0.100910
-0.423023,1.000000,2.200000,0.100910
-0.422322,1.000000,2.200000,0.100910
-0.421622,1.000000,2.200000,0.100910
-0.420921,1.000000,2.200000,0.100910
-0.420220,1.000000,2.200000,0.100910
-0.419520,1.000000,2.200000,0.100911
-0.418819,1.000000,2.200000,0.100911
-0.418118,1.000000,2.200000,0.100911
-0.417417,1.000000,2.200000,0.100911
-0.416717,1.000000,2.200000,0.100911
-0.416016,1.000000,2.200000,0.100911
-0.415315,1.000000,2.200000,0.100912
-0.414615,1.000000,2.200000,0.100912
-0.413914,1.000000,2.200000,0.100912
-0.413213,1.000000,2.200000,0.100912
-0.412513,1.000000,2.200000,0.100912
-0.411812,1.000000,2.200000,0.100912
-0.411111,1.000000,2.200000,0.100913
-0.410410,1.000000,2.200000,0.100913
-0.409710,1.000000,2.200000,0.100913
-0.409009,1.000000,2.200000,0.100913
-0.408308,1.000000,2.200000,0.100913
-0.407608,1.000000,2.200000,0.100914
-0.406907,1.000000,2.200000,0.100914
-0.406206,1.000000,2.200000,0.100914
-0.405506,1.000000,2.200000,0.100914
-0.404805,1.000000,2.200000,0.100914
-0.404104,1.000000,2.200000,0.100915
-0.403403,1.000000,2.200000,0.100915
-0.402703,1.000000,2.200000,0.100915
-0.402002,1.000000,2.200000,0.100915
-0.401301,1.000000,2.200000,0.100915
-0.400601,1.000000,2.200000,0.100916
-0.399900,1.000000,2.200000,0.100916
-0.399199,1.000000,2.200000,0.100916
-0.398498,1.000000,2.200000,0.100916
-0.397798,1.000000,2.200000,0.100916
-0.397097,1.000000,2.200000,0.100917
-0.396396,1.000000,2.200000,0.100917
-0.395696,1.000000,2.200000,0.100917
-0.394995,1.000000,2.200000,0.100917
-0.394294,1.000000,2.200000,0.100918
-0.393594,1.000000,2.200000,0.100918
-0.392893,1.000000,2.200000,0.100918
-0.392192,1.000000,2.200000,0.100918
-0.391491,1.000000,2.200000,0.100919
-0.390791,1.000000,2.200000,0.100919
-0.390090,1.000000,2.200000,0.100919
-0.389389,1.000000,2.200000,0.100919
-0.388689,1.000000,2.200000,0.100920
-0.387988,1.000000,2.200000,0.100920
-0.387287,1.000000,2.200000,0.100920
-0.386587,1.000000,2.200000,0.100920
-0.385886,1.000000,2.200000,0.100921
-0.385185,1.000000,2.200000,0.100921
-0.384484,1.000000,2.200000,0.100921
-0.383784,1.000000,2.200000,0.100921
-0.383083,1.000000,2.200000,0.100922
-0.382382,1.000000,2.200000,0.100922
-0.381682,1.000000,2.200000,0.100922
-0.380981,1.000000,2.200000,0.100923
-0.380280,1.000000,2.200000,0.100923
-0.379580,1.000000,2.200000,0.100923
-0.378879,1.000000,2.200000,0.100923
-0.378178,1.000000,2.200000,0.100924
-0.377477,1.000000,2.200000,0.100924
-0.376777,1.000000,2.200000,0.100924
-0.376076,1.000000,2.200000,0.100925
-0.375375,1.000000,2.200000,0.100925
-0.374675,1.000000,2.200000,0.100925
-0.373974,1.000000,2.200000,0.100926
-0.373273,1.000000,2.200000,0.100926
-0.372573,1.000000,2.200000,0.100926
-0.371872,1.000000,2.200000,0.100927
-0.371171,1.000000,2.200000,0.100927
-0.370470,1.000000,2.200000,0.100927
-0.369770,1.000000,2.200000,0.100928
-0.369069,1.000000,2.200000,0.100928
-0.368368,1.000000,2.200000,0.100928
-0.367668,1.000000,2.200000,0.100929
-0.366967,1.000000,2.200000,0.100929
-0.366266,1.000000,2.200000,0.100929
-0.365566,1.000000,2.200000,0.100930
-0.364865,1.000000,2.200000,0.100930
-0.364164,1.000000,2.200000,0.100931
-0.363463,1.000000,2.200000,0.100931
-0.362763,1.000000,2.200000,0.100931
-0.362062,1.000000,2.200000,0.100932
-0.361361,1.000000,2.200000,0.100932
-0.360661,1.000000,2.200000,0.100932
-0.359960,1.000000,2.200000,0.100933
-0.359259,1.000000,2.200000,0.100933
-0.358559,1.000000,2.200000,0.100934
-0.357858,1.000000,2.200000,0.100934
-0.357157,1.000000,2.200000,0.100935
-0.356456,1.000000,2.200000,0.100935
-0.355756,1.000000,2.200000,0.100935
-0.355055,1.000000,2.200000,0.100936
-0.354354,1.000000,2.200000,0.100936
-0.353654,1.000000,2.200000,0.100937
-0.352953,1.000000,2.200000,0.100937
-0.352252,1.000000,2.200000,0.100938
-0.351552,1.000000,2.200000,0.100938
-0.350851,1.000000,2.200000,0.100938
-0.350150,1.000000,2.200000,0.100939
-0.349449,1.000000,2.200000,0.100939
-0.348749,1.000000,2.200000,0.100940
-0.348048,1.000000,2.200000,0.100940
-0.347347,1.000000,2.200000,0.100941
-0.346647,1.000000,2.200000,0.100941
-0.345946,1.000000,2.200000,0.100942
-0.345245,1.000000,2.200000,0.100942
-0.344545,1.000000,2.200000,0.100943
-0.343844,1.000000,2.200000,0.100943
-0.343143,1.000000,2.200000,0.100944
-0.342442,1.000000,2.200000,0.100944
-0.341742,1.000000,2.200000,0.100945
-0.341041,1.000000,2.200000,0.100945
-0.340340,1.000000,2.200000,0.100946
-0.339640,1.000000,2.200000,0.100947
-0.338939,1.000000,2.200000,0.100947
-0.338238,1.000000,2.200000,0.100948
-0.337538,1.000000,2.200000,0.100948
-0.336837,1.000000,2.200000,0.100949
-0.336136,1.000000,2.200000,0.100949
-0.335435,1.000000,2.200000,0.100950
-0.334735,1.000000,2.200000,0.100951
-0.334034,1.000000,2.200000,0.100951
-0.333333,1.000000,2.200000,0.100952
-0.332633,1.000000,2.200000,0.100952
-0.331932,1.000000,2.200000,0.100953
-0.331231,1.000000,2.200000,0.100954
-0.330531,1.000000,2.200000,0.100954
-0.329830,1.000000,2.200000,0.100955
-0.329129,1.000000,2.200000,0.100956
-0.328428,1.000000,2.200000,0.100956
-0.327728,1.000000,2.200000,0.100957
-0.327027,1.000000,2.200000,0.100957
-0.326326,1.000000,2.200000,0.100958
-0.325626,1.000000,2.200000,0.100959
-0.324925,1.000000,2.200000,0.100960
-0.324224,1.000000,2.200000,0.100960
-0.323524,1.000000,2.200000,0.100961
-0.322823,1.000000,2.200000,0.100962
-0.322122,1.000000,2.200000,0.100962
-0.321421,1.000000,2.200000,0.100963
-0.320721,1.000000,2.200000,0.100964
-0.320020,1.000000,2.200000,0.100965
-0.319319,1.000000,2.200000,0.100965
-0.318619,1.000000,2.200000,0.100966
-0.317918,1.000000,2.200000,0.100967
-0.317217,1.000000,2.200000,0.100968
-0.316517,1.000000,2.200000,0.100968
-0.315816,1.000000,2.200000,0.100969
-0.315115,1.000000,2.200000,0.100970
-0.314414,1.000000,2.200000,0.100971
-0.313714,1.000000,2.200000,0.100972
-0.313013,1.000000,2.200000,0.100973
-0.312312,1.000000,2.200000,0.100973
-0.311612,1.000000,2.200000,0.100974
-0.310911,1.000000,2.200000,0.100975
-0.310210,1.000000,2.200000,0.100976
-0.309510,1.000000,2.200000,0.100977
-0.308809,1.000000,2.200000,0.100978
-0.308108,1.000000,2.200000,0.100979
-0.307407,1.000000,2.200000,0.100980
-0.306707,1.000000,2.200000,0.100981
-0.306006,1.000000,2.200000,0.100981
-0.305305,1.000000,2.200000,0.100982
-0.304605,1.000000,2.200000,0.100983
-0.303904,1.000000,2.200000,0.100984
-0.303203,1.000000,2.200000,0.100985
-0.302503,1.000000,2.200000,0.100986
-0.301802,1.000000,2.200000,0.100987
-0.301101,1.000000,2.200000,0.100988
-0.300400,1.000000,2.200000,0.100989
-0.299700,1.000000,2.200000,0.100990
-0.298999,1.000000,2.200000,0.100991
-0.298298,1.000000,2.200000,0.100993
-0.297598,1.000000,2.200000,0.100994
-0.296897,1.000000,2.200000,0.100995
-0.296196,1.000000,2.200000,0.100996
-0.295495,1.000000,2.200000,0.100997
-0.294795,1.000000,2.200000,0.100998
-0.294094,1.000000,2.200000,0.100999
-0.293393,1.000000,2.200000,0.101000
-0.292693,1.000000,2.200000,0.101001
-0.291992,1.000000,2.200000,0.101003
-0.291291,1.000000,2.200000,0.101004
-0.290591,1.000000,2.200000,0.101005
-0.289890,1.000000,2.200000,0.101006
-0.289189,1.000000,2.200000,0.101008
-0.288488,1.000000,2.200000,0.101009
-0.287788,1.000000,2.200000,0.101010
-0.287087,1.000000,2.200000,0.101011
-0.286386,1.000000,2.200000,0.101013
-0.285686,1.000000,2.200000,0.101014
-0.284985,1.000000,2.200000,0.101015
-0.284284,1.000000,2.200000,0.101017
-0.283584,1.000000,2.200000,0.101018
-0.282883,1.000000,2.200000,0.101019
-0.282182,1.000000,2.200000,0.101021
-0.281481,1.000000,2.200000,0.101022
-0.280781,1.000000,2.200000,0.101024
-0.280080,1.000000,2.200000,0.101025
-0.279379,1.000000,2.200000,0.101027
-0.278679,1.000000,2.200000,0.101028
-0.277978,1.000000,2.200000,0.101030
-0.277277,1.000000,2.200000,0.101031
-0.276577,1.000000,2.200000,0.101033
-0.275876,1.000000,2.200000,0.101034
-0.275175,1.000000,2.200000,0.101036
-0.274474,1.000000,2.200000,0.101037
-0.273774,1.000000,2.200000,0.101039
-0.273073,1.000000,2.200000,0.101041
-0.272372,1.000000,2.200000,0.101042
-0.271672,1.000000,2.200000,0.101044
-0.270971,1.000000,2.200000,0.101046
-0.270270,1.000000,2.200000,0.101048
-0.269570,1.000000,2.200000,0.101049
-0.268869,1.000000,2.200000,0.101051
-0.268168,1.000000,2.200000,0.101053
-0.267467,1.000000,2.200000,0.101055
-0.266767,1.000000,2.200000,0.101057
-0.266066,1.000000,2.200000,0.101058
-0.265365,1.000000,2.200000,0.101060
-0.264665,1.000000,2.200000,0.101062
-0.263964,1.000000,2.200000,0.101064
-0.263263,1.000000,2.200000,0.101066
-0.262563,1.000000,2.200000,0.101068
-0.261862,1.000000,2.200000,0.101070
-0.261161,1.000000,2.200000,0.101072
-0.260460,1.000000,2.200000,0.101074
-0.259760,1.000000,2.200000,0.101076
-0.259059,1.000000,2.200000,0.101079
-0.258358,1.000000,2.200000,0.101081
-0.257658,1.000000,2.200000,0.101083
-0.256957,1.000000,2.200000,0.101085
-0.256256,1.000000,2.200000,0.101087
-0.255556,1.000000,2.200000,0.101090
-0.254855,1.000000,2.200000,0.101092
-0.254154,1.000000,2.200000,0.101094
-0.253453,1.000000,2.200000,0.101097
-0.252753,1.000000,2.200000,0.101099
-0.252052,1.000000,2.200000,0.101102
-0.251351,1.000000,2.200000,0.101104
-0.250651,1.000000,2.200000,0.101107
-0.249950,1.000000,2.200000,0.101109
-0.249249,1.000000,2.200000,0.101112
-0.248549,1.000000,2.200000,0.101114
-0.247848,1.000000,2.200000,0.101117
-0.247147,1.000000,2.200000,0.101120
-0.246446,1.000000,2.200000,0.101122
-0.245746,1.000000,2.200000,0.101125
-0.245045,1.000000,2.200000,0.101128
-0.244344,1.000000,2.200000,0.101131
-0.243644,1.000000,2.200000,0.101134
-0.242943,1.000000,2.200000,0.101137
-0.242242,1.000000,2.200000,0.101140
-0.241542,1.000000,2.200000,0.101143
-0.240841,1.000000,2.200000,0.101146
-0.240140,1.000000,2.200000,0.101149
-0.239439,1.000000,2.200000,0.101152
-0.238739,1.000000,2.200000,0.101155
-0.238038,1.000000,2.200000,0.101158
-0.237337,1.000000,2.200000,0.101162
-0.236637,1.000000,2.200000,0.101165
-0.235936,1.000000,2.200000,0.101168
-0.235235,1.000000,2.200000,0.101172
-0.234535,1.000000,2.200000,0.101175
-0.233834,1.000000,2.200000,0.101179
-0.233133,1.000000,2.200000,0.101182
-0.232432,1.000000,2.200000,0.101186
-0.231732,1.000000,2.200000,0.101190
-0.231031,1.000000,2.200000,0.101193
-0.230330,1.000000,2.200000,0.101197
-0.229630,1.000000,2.200000,0.101201
-0.228929,1.000000,2.200000,0.101205
-0.228228,1.000000,2.200000,0.101209
-0.227528,1.000000,2.200000,0.101213
-0.226827,1.000000,2.200000,0.101217
-0.226126,1.000000,2.200000,0.101221
-0.225425,1.000000,2.200000,0.101226
-0.224725,1.000000,2.200000,0.101230
-0.224024,1.000000,2.200000,0.101234
-0.223323,1.000000,2.200000,0.101239
-0.222623,1.000000,2.200000,0.101243
-0.221922,1.000000,2.200000,0.101248
-0.221221,1.000000,2.200000,0.101253
-0.220521,1.000000,2.200000,0.101257
-0.219820,1.000000,2.200000,0.101262
-0.219119,1.000000,2.200000,0.101267
-0.218418,1.000000,2.200000,0.101272
-0.217718,1.000000,2.200000,0.101277
-0.217017,1.000000,2.200000,0.101282
-0.216316,1.000000,2.200000,0.101287
-0.215616,1.000000,2.200000,0.101293
-0.214915,1.000000,2.200000,0.101298
-0.214214,1.000000,2.200000,0.101303
-0.213514,1.000000,2.200000,0.101309
-0.212813,1.000000,2.200000,0.101315
-0.212112,1.000000,2.200000,0.101320
-0.211411,1.000000,2.200000,0.101326
-0.210711,1.000000,2.200000,0.101332
-0.210010,1.000000,2.200000,0.101338
-0.209309,1.000000,2.200000,0.101344
-0.208609,1.000000,2.200000,0.101351
-0.207908,1.000000,2.200000,0.101357
-0.207207,1.000000,2.200000,0.101364
-0.206507,1.000000,2.200000,0.101370
-0.205806,1.000000,2.200000,0.101377
-0.205105,1.000000,2.200000,0.101384
-0.204404,1.000000,2.200000,0.101391
-0.203704,1.000000,2.200000,0.101398
-0.203003,1.000000,2.200000,0.101405
-0.202302,1.000000,2.200000,0.101412
-0.201602,1.000000,2.200000,0.101420
-0.200901,1.000000,2.200000,0.101427
-0.200200,1.000000,2.200000,0.101435
-0.199499,1.000000,2.200000,0.101443
-0.198799,1.000000,2.200000,0.101451
-0.198098,1.000000,2.200000,0.101459
-0.197397,1.000000,2.200000,0.101467
-0.196697,1.000000,2.200000,0.101476
-0.195996,1.000000,2.200000,0.101484
-0.195295,1.000000,2.200000,0.101493
-0.194595,1.000000,2.200000,0.101502
-0.193894,1.000000,2.200000,0.101511
-0.193193,1.000000,2.200000,0.101520
-0.192492,1.000000,2.200000,0.101530
-0.191792,1.000000,2.200000,0.101539
-0.191091,1.000000,2.200000,0.101549
-0.190390,1.000000,2.200000,0.101559
-0.189690,1.000000,2.200000,0.101569
-0.188989,1.000000,2.200000,0.101580
-0.188288,1.000000,2.200000,0.101590
-0.187588,1.000000,2.200000,0.101601
-0.186887,1.000000,2.200000,0.101612
-0.186186,1.000000,2.200000,0.101623
-0.185485,1.000000,2.200000,0.101635
-0.184785,1.000000,2.200000,0.101646
-0.184084,1.000000,2.200000,0.101658
-0.183383,1.000000,2.200000,0.101670
-0.182683,1.000000,2.200000,0.101683
-0.181982,1.000000,2.200000,0.101695
-0.181281,1.000000,2.200000,0.101708
-0.180581,1.000000,2.200000,0.101722
-0.179880,1.000000,2.200000,0.101735
-0.179179,1.000000,2.200000,0.101749
-0.178478,1.000000,2.200000,0.101763
-0.177778,1.000000,2.200000,0.101777
-0.177077,1.000000,2.200000,0.101792
-0.176376,1.000000,2.200000,0.101806
-0.175676,1.000000,2.200000,0.101822
-0.174975,1.000000,2.200000,0.101837
-0.174274,1.000000,2.200000,0.101853
-0.173574,1.000000,2.200000,0.101869
-0.172873,1.000000,2.200000,0.101886
-0.172172,1.000000,2.200000,0.101903
-0.171471,1.000000,2.200000,0.101920
-0.170771,1.000000,2.200000,0.101937
-0.170070,1.000000,2.200000,0.101955
-0.169369,1.000000,2.200000,0.101974
-0.168669,1.000000,2.200000,0.101993
-0.167968,1.000000,2.200000,0.102012
-0.167267,1.000000,2.200000,0.102032
-0.166567,1.000000,2.200000,0.102052
-0.165866,1.000000,2.200000,0.102072
-0.165165,1.000000,2.200000,0.102093
-0.164464,1.000000,2.200000,0.102115
-0.163764,1.000000,2.200000,0.102137
-0.163063,1.000000,2.200000,0.102160
-0.162362,1.000000,2.200000,0.102183
-0.161662,1.000000,2.200000,0.102206
-0.160961,1.000000,2.200000,0.102230
-0.160260,1.000000,2.200000,0.102255
-0.159560,1.000000,2.200000,0.102280
-0.158859,1.000000,2.200000,0.102306
-0.158158,1.000000,2.200000,0.102333
-0.157457,1.000000,2.200000,0.102360
-0.156757,1.000000,2.200000,0.102387
-0.156056,1.000000,2.200000,0.102416
-0.155355,1.000000,2.200000,0.102445
-0.154655,1.000000,2.200000,0.102475
-0.153954,1.000000,2.200000,0.102505
-0.153253,1.000000,2.200000,0.102537
-0.152553,1.000000,2.200000,0.102569
-0.151852,1.000000,2.200000,0.102602
-0.151151,1.000000,2.200000,0.102635
-0.150450,1.000000,2.200000,0.102670
-0.149750,1.000000,2.200000,0.102705
-0.149049,1.000000,2.200000,0.102742
-0.148348,1.000000,2.200000,0.102779
-0.147648,1.000000,2.200000,0.102817
-0.146947,1.000000,2.200000,0.102856
-0.146246,1.000000,2.200000,0.102896
-0.145546,1.000000,2.200000,0.102937
-0.144845,1.000000,2.200000,0.102979
-0.144144,1.000000,2.200000,0.103023
-0.143443,1.000000,2.200000,0.103067
-0.142743,1.000000,2.200000,0.103113
-0.142042,1.000000,2.200000,0.103160
-0.141341,1.000000,2.200000,0.103207
-0.140641,1.000000,2.200000,0.103257
-0.139940,1.000000,2.200000,0.103307
-0.139239,1.000000,2.200000,0.103359
-0.138539,1.000000,2.200000,0.103413
-0.137838,1.000000,2.200000,0.103467
-0.137137,1.000000,2.200000,0.103523
-0.136436,1.000000,2.200000,0.103581
-0.135736,1.000000,2.200000,0.103640
-0.135035,1.000000,2.200000,0.103701
-0.134334,1.000000,2.200000,0.103764
-0.133634,1.000000,2.200000,0.103828
-0.132933,1.000000,2.200000,0.103894
-0.132232,1.000000,2.200000,0.103962
-0.131532,1.000000,2.200000,0.104032
-0.130831,1.000000,2.200000,0.104103
-0.130130,1.000000,2.200000,0.104177
-0.129429,1.000000,2.200000,0.104253
-0.128729,1.000000,2.200000,0.104331
-0.128028,1.000000,2.200000,0.104411
-0.127327,1.000000,2.200000,0.104493
-0.126627,1.000000,2.200000,0.104577
-0.125926,1.000000,2.200000,0.104664
-0.125225,1.000000,2.200000,0.104754
-0.124525,1.000000,2.200000,0.104846
-0.123824,1.000000,2.200000,0.104940
-0.123123,1.000000,2.200000,0.105037
-0.122422,1.000000,2.200000,0.105137
-0.121722,1.000000,2.200000,0.105240
-0.121021,1.000000,2.200000,0.105346
-0.120320,1.000000,2.200000,0.105455
-0.119620,1.000000,2.200000,0.105567
-0.118919,1.000000,2.200000,0.105682
-0.118218,1.000000,2.200000,0.105801
-0.117518,1.000000,2.200000,0.105923
-0.116817,1.000000,2.200000,0.106048
-0.116116,1.000000,2.200000,0.106177
-0.115415,1.000000,2.200000,0.106310
-0.114715,1.000000,2.200000,0.106447
-0.114014,1.000000,2.200000,0.106587
-0.113313,1.000000,2.200000,0.106732
-0.112613,1.000000,2.200000,0.106881
-0.111912,1.000000,2.200000,0.107035
-0.111211,1.000000,2.200000,0.107192
-0.110511,1.000000,2.200000,0.107355
-0.109810,1.000000,2.200000,0.107522
-0.109109,1.000000,2.200000,0.107694
-0.108408,1.000000,2.200000,0.107871
-0.107708,1.000000,2.200000,0.108053
-0.107007,1.000000,2.200000,0.108240
-0.106306,1.000000,2.200000,0.108433
-0.105606,1.000000,2.200000,0.108632
-0.104905,1.000000,2.200000,0.108836
-0.104204,1.000000,2.200000,0.109046
-0.103504,1.000000,2.200000,0.109262
-0.102803,1.000000,2.200000,0.109485
-0.102102,1.000000,2.200000,0.109714
-0.101401,1.000000,2.200000,0.109949
-0.100701,1.000000,2.200000,0.110192
-0.100000,1.000000,2.200000,0.110441
-0.800000,1.000000,2.500000,0.100892
-0.799299,1.000000,2.500000,0.100892
-0.798599,1.000000,2.500000,0.100892
-0.797898,1.000000,2.500000,0.100892
-0.797197,1.000000,2.500000,0.100892
-0.796496,1.000000,2.500000,0.100892
-0.795796,1.000000,2.500000,0.100892
-0.795095,1.000000,2.500000,0.100892
-0.794394,1.000000,2.500000,0.100892
-0.793694,1.000000,2.500000,0.100892
-0.792993,1.000000,2.500000,0.100892
-0.792292,1.000000,2.500000,0.100892
-0.791592,1.000000,2.500000,0.100892
-0.790891,1.000000,2.500000,0.100892
-0.790190,1.000000,2.500000,0.100892
-0.789489,1.000000,2.500000,0.100892
-0.788789,1.000000,2.500000,0.100892
-0.788088,1.000000,2.500000,0.100892
-0.787387,1.000000,2.500000,0.100891
-0.786687,1.000000,2.500000,0.100891
-0.785986,1.000000,2.500000,0.100891
-0.785285,1.000000,2.500000,0.100891
-0.784585,1.000000,2.500000,0.100891
-0.783884,1.000000,2.500000,0.100891
-0.783183,1.000000,2.500000,0.100891
-0.782482,1.000000,2.500000,0.100891
-0.781782,1.000000,2.500000,0.100891
-0.781081,1.000000,2.500000,0.100891
-0.780380,1.000000,2.500000,0.100891
-0.779680,1.000000,2.500000,0.100891
-0.778979,1.000000,2.500000,0.100891
-0.778278,1.000000,2.500000,0.100891
-0.777578,1.000000,2.500000,0.100891
-0.776877,1.000000,2.500000,0.100891
-0.776176,1.000000,2.500000,0.100891
-0.775475,1.000000,2.500000,0.100891
-0.774775,1.000000,2.500000,0.100891
-0.774074,1.000000,2.500000,0.100891
-0.773373,1.000000,2.500000,0.100891
-0.772673,1.000000,2.500000,0.100891
-0.771972,1.000000,2.500000,0.100891
-0.771271,1.000000,2.500000,0.100891
-0.770571,1.000000,2.500000,0.100891
-0.769870,1.000000,2.500000,0.100891
-0.769169,1.000000,2.500000,0.100891
-0.768468,1.000000,2.500000,0.100891
-0.767768,1.000000,2.500000,0.100891
-0.767067,1.000000,2.500000,0.100891
-0.766366,1.000000,2.500000,0.100891
-0.765666,1.000000,2.500000,0.100891
-0.764965,1.000000,2.500000,0.100891
-0.764264,1.000000,2.500000,0.100891
-0.763564,1.000000,2.500000,0.100891
-0.762863,1.000000,2.500000,0.100891
-0.762162,1.000000,2.500000,0.100891
-0.761461,1.000000,2.500000,0.100890
-0.760761,1.000000,2.500000,0.100890
-0.760060,1.000000,2.500000,0.100890
-0.759359,1.000000,2.500000,0.100890
-0.758659,1.000000,2.500000,0.100890
-0.757958,1.000000,2.500000,0.100890
-0.757257,1.000000,2.500000,0.100890
-0.756557,1.000000,2.500000,0.100890
-0.755856,1.000000,2.500000,0.100890
-0.755155,1.000000,2.500000,0.100890
-0.754454,1.000000,2.500000,0.100890
-0.753754,1.000000,2.500000,0.100890
-0.753053,1.000000,2.500000,0.100890
-0.752352,1.000000,2.500000,0.100890
-0.751652,1.000000,2.500000,0.100890
-0.750951,1.000000,2.500000,0.100890
-0.750250,1.000000,2.500000,0.100890
-0.749550,1.000000,2.500000,0.100890
-0.748849,1.000000,2.500000,0.100890
-0.748148,1.000000,2.500000,0.100890
-0.747447,1.000000,2.500000,0.100890
-0.746747,1.000000,2.500000,0.100890
-0.746046,1.000000,2.500000,0.100890
-0.745345,1.000000,2.500000,0.100890
-0.744645,1.000000,2.500000,0.100890
-0.743944,1.000000,2.500000,0.100890
-0.743243,1.000000,2.500000,0.100890
-0.742543,1.000000,2.500000,0.100890
-0.741842,1.000000,2.500000,0.100890
-0.741141,1.000000,2.500000,0.100890
-0.740440,1.000000,2.500000,0.100890
-0.739740,1.000000,2.500000,0.100890
-0.739039,1.000000,2.500000,0.100890
-0.738338,1.000000,2.500000,0.100890
-0.737638,1.000000,2.500000,0.100890
-0.736937,1.000000,2.500000,0.100890
-0.736236,1.000000,2.500000,0.100890
-0.735536,1.000000,2.500000,0.100890
-0.734835,1.000000,2.500000,0.100890
-0.734134,1.000000,2.500000,0.100890
-0.733433,1.000000,2.500000,0.100890
-0.732733,1.000000,2.500000,0.100890
-0.732032,1.000000,2.500000,0.100890
-0.731331,1.000000,2.500000,0.100890
-0.730631,1.000000,2.500000,0.100890
-0.729930,1.000000,2.500000,0.100889
-0.729229,1.000000,2.500000,0.100889
-0.728529,1.000000,2.500000,0.100889
-0.727828,1.000000,2.500000,0.100889
-0.727127,1.000000,2.500000,0.100889
-0.726426,1.000000,2.500000,0.100889
-0.725726,1.000000,2.500000,0.100889
-0.725025,1.000000,2.500000,0.100889
-0.724324,1.000000,2.500000,0.100889
-0.723624,1.000000,2.500000,0.100889
-0.722923,1.000000,2.500000,0.100889
-0.722222,1.000000,2.500000,0.100889
-0.721522,1.000000,2.500000,0.100889
-0.720821,1.000000,2.500000,0.100889
-0.720120,1.000000,2.500000,0.100889
-0.719419,1.000000,2.500000,0.100889
-0.718719,1.000000,2.500000,0.100889
-0.718018,1.000000,2.500000,0.100889
-0.717317,1.000000,2.500000,0.100889
-0.716617,1.000000,2.500000,0.100889
-0.715916,1.000000,2.500000,0.100889
-0.715215,1.000000,2.500000,0.100889
-0.714515,1.000000,2.500000,0.100889
-0.713814,1.000000,2.500000,0.100889
-0.713113,1.000000,2.500000,0.100889
-0.712412,1.000000,2.500000,0.100889
-0.711712,1.000000,2.500000,0.100889
-0.711011,1.000000,2.500000,0.100889
-0.710310,1.000000,2.500000,0.100889
-0.709610,1.000000,2.500000,0.100889
-0.708909,1.000000,2.500000,0.100889
-0.708208,1.000000,2.500000,0.100889
-0.707508,1.000000,2.500000,0.100889
-0.706807,1.000000,2.500000,0.100889
-0.706106,1.000000,2.500000,0.100889
-0.705405,1.000000,2.500000,0.100889
-0.704705,1.000000,2.500000,0.100889
-0.704004,1.000000,2.500000,0.100889
-0.703303,1.000000,2.500000,0.100889
-0.702603,1.000000,2.500000,0.100889
-0.701902,1.000000,2.500000,0.100889
-0.701201,1.000000,2.500000,0.100889
-0.700501,1.000000,2.500000,0.100889
-0.699800,1.000000,2.500000,0.100889
-0.699099,1.000000,2.500000,0.100889
-0.698398,1.000000,2.500000,0.100889
-0.697698,1.000000,2.500000,0.100889
-0.696997,1.000000,2.500000,0.100889
-0.696296,1.000000,2.500000,0.100889
-0.695596,1.000000,2.500000,0.100889
-0.694895,1.000000,2.500000,0.100889
-0.694194,1.000000,2.500000,0.100889
-0.693493,1.000000,2.500000,0.100889
-0.692793,1.000000,2.500000,0.100889
-0.692092,1.000000,2.500000,0.100889
-0.691391,1.000000,2.500000,0.100889
-0.690691,1.000000,2.500000,0.100889
-0.689990,1.000000,2.500000,0.100889
-0.689289,1.000000,2.500000,0.100889
-0.688589,1.000000,2.500000,0.100889
-0.687888,1.000000,2.500000,0.100889
-0.687187,1.000000,2.500000,0.100889
-0.686486,1.000000,2.500000,0.100889
-0.685786,1.000000,2.500000,0.100889
-0.685085,1.000000,2.500000,0.100888
-0.684384,1.000000,2.500000,0.100888
-0.683684,1.000000,2.500000,0.100888
-0.682983,1.000000,2.500000,0.100888
-0.682282,1.000000,2.500000,0.100888
-0.681582,1.000000,2.500000,0.100888
-0.680881,1.000000,2.500000,0.100888
-0.680180,1.000000,2.500000,0.100888
-0.679479,1.000000,2.500000,0.100888
-0.678779,1.000000,2.500000,0.100888
-0.678078,1.000000,2.500000,0.100888
-0.677377,1.000000,2.500000,0.100888
-0.676677,1.000000,2.500000,0.100888
-0.675976,1.000000,2.500000,0.100888
-0.675275,1.000000,2.500000,0.100888
-0.674575,1.000000,2.500000,0.100888
-0.673874,1.000000,2.500000,0.100888
-0.673173,1.000000,2.500000,0.100888
-0.672472,1.000000,2.500000,0.100888
-0.671772,1.000000,2.500000,0.100888
-0.671071,1.000000,2.500000,0.100888
-0.670370,1.000000,2.500000,0.100888
-0.669670,1.000000,2.500000,0.100888
-0.668969,1.000000,2.500000,0.100888
-0.668268,1.000000,2.500000,0.100888
-0.667568,1.000000,2.500000,0.100888
-0.666867,1.000000,2.500000,0.100888
-0.666166,1.000000,2.500000,0.100888
-0.665465,1.000000,2.500000,0.100888
-0.664765,1.000000,2.500000,0.100888
-0.664064,1.000000,2.500000,0.100888
-0.663363,1.000000,2.500000,0.100888
-0.662663,1.000000,2.500000,0.100888
-0.661962,1.000000,2.500000,0.100888
-0.661261,1.000000,2.500000,0.100888
-0.660561,1.000000,2.500000,0.100888
-0.659860,1.000000,2.500000,0.100888
-0.659159,1.000000,2.500000,0.100888
-0.658458,1.000000,2.500000,0.100888
-0.657758,1.000000,2.500000,0.100888
-0.657057,1.000000,2.500000,0.100888
-0.656356,1.000000,2.500000,0.100888
-0.655656,1.000000,2.500000,0.100888
-0.654955,1.000000,2.500000,0.100888
-0.654254,1.000000,2.500000,0.100888
-0.653554,1.000000,2.500000,0.100888
-0.652853,1.000000,2.500000,0.100888
-0.652152,1.000000,2.500000,0.100888
-0.651451,1.000000,2.500000,0.100888
-0.650751,1.000000,2.500000,0.100888
-0.650050,1.000000,2.500000,0.100888
-0.649349,1.000000,2.500000,0.100888
-0.648649,1.000000,2.500000,0.100888
-0.647948,1.000000,2.500000,0.100888
-0.647247,1.000000,2.500000,0.100888
-0.646547,1.000000,2.500000,0.100888
-0.645846,1.000000,2.500000,0.100888
-0.645145,1.000000,2.500000,0.100888
-0.644444,1.000000,2.500000,0.100888
-0.643744,1.000000,2.500000,0.100888
-0.643043,1.000000,2.500000,0.100888
-0.642342,1.000000,2.500000,0.100888
-0.641642,1.000000,2.500000,0.100888
-0.640941,1.000000,2.500000,0.100888
-0.640240,1.000000,2.500000,0.100888
-0.639540,1.000000,2.500000,0.100888
-0.638839,1.000000,2.500000,0.100888
-0.638138,1.000000,2.500000,0.100888
-0.637437,1.000000,2.500000,0.100888
-0.636737,1.000000,2.500000,0.100888
-0.636036,1.000000,2.500000,0.100888
-0.635335,1.000000,2.500000,0.100888
-0.634635,1.000000,2.500000,0.100888
-0.633934,1.000000,2.500000,0.100888
-0.633233,1.000000,2.500000,0.100888
-0.632533,1.000000,2.500000,0.100888
-0.631832,1.000000,2.500000,0.100888
-0.631131,1.000000,2.500000,0.100888
-0.630430,1.000000,2.500000,0.100888
-0.629730,1.000000,2.500000,0.100888
-0.629029,1.000000,2.500000,0.100888
-0.628328,1.000000,2.500000,0.100888
-0.627628,1.000000,2.500000,0.100888
-0.626927,1.000000,2.500000,0.100888
-0.626226,1.000000,2.500000,0.100888
-0.625526,1.000000,2.500000,0.100888
-0.624825,1.000000,2.500000,0.100888
-0.624124,1.000000,2.500000,0.100888
-0.623423,1.000000,2.500000,0.100888
-0.622723,1.000000,2.500000,0.100888
-0.622022,1.000000,2.500000,0.100888
-0.621321,1.000000,2.500000,0.100888
-0.620621,1.000000,2.500000,0.100888
-0.619920,1.000000,2.500000,0.100888
-0.619219,1.000000,2.500000,0.100888
-0.618519,1.000000,2.500000,0.100888
-0.617818,1.000000,2.500000,0.100888
-0.617117,1.000000,2.500000,0.100888
-0.616416,1.000000,2.500000,0.100888
-0.615716,1.000000,2.500000,0.100888
-0.615015,1.000000,2.500000,0.100888
-0.614314,1.000000,2.500000,0.100888
-0.613614,1.000000,2.500000,0.100888
-0.612913,1.000000,2.500000,0.100888
-0.612212,1.000000,2.500000,0.100888
-0.611512,1.000000,2.500000,0.100888
-0.610811,1.000000,2.500000,0.100888
-0.610110,1.000000,2.500000,0.100888
-0.609409,1.000000,2.500000,0.100888
-0.608709,1.000000,2.500000,0.100888
-0.608008,1.000000,2.500000,0.100888
-0.607307,1.000000,2.500000,0.100888
-0.606607,1.000000,2.500000,0.100888
-0.605906,1.000000,2.500000,0.100888
-0.605205,1.000000,2.500000,0.100888
-0.604505,1.000000,2.500000,0.100888
-0.603804,1.000000,2.500000,0.100888
-0.603103,1.000000,2.500000,0.100888
-0.602402,1.000000,2.500000,0.100888
-0.601702,1.000000,2.500000,0.100888
-0.601001,1.000000,2.500000,0.100888
-0.600300,1.000000,2.500000,0.100888
-0.599600,1.000000,2.500000,0.100888
-0.598899,1.000000,2.500000,0.100888
-0.598198,1.000000,2.500000,0.100888
-0.597497,1.000000,2.500000,0.100888
-0.596797,1.000000,2.500000,0.100888
-0.596096,1.000000,2.500000,0.100888
-0.595395,1.000000,2.500000,0.100888
-0.594695,1.000000,2.500000,0.100888
-0.593994,1.000000,2.500000,0.100888
-0.593293,1.000000,2.500000,0.100888
-0.592593,1.000000,2.500000,0.100888
-0.591892,1.000000,2.500000,0.100888
-0.591191,1.000000,2.500000,0.100888
-0.590490,1.000000,2.500000,0.100888
-0.589790,1.000000,2.500000,0.100888
-0.589089,1.000000,2.500000,0.100888
-0.588388,1.000000,2.500000,0.100888
-0.587688,1.000000,2.500000,0.100888
-0.586987,1.000000,2.500000,0.100888
-0.586286,1.000000,2.500000,0.100888
-0.585586,1.000000,2.500000,0.100888
-0.584885,1.000000,2.500000,0.100888
-0.584184,1.000000,2.500000,0.100888
-0.583483,1.000000,2.500000,0.100888
-0.582783,1.000000,2.500000,0.100888
-0.582082,1.000000,2.500000,0.100888
-0.581381,1.000000,2.500000,0.100888
-0.580681,1.000000,2.500000,0.100888
-0.579980,1.000000,2.500000,0.100888
-0.579279,1.000000,2.500000,0.100888
-0.578579,1.000000,2.500000,0.100888
-0.577878,1.000000,2.500000,0.100888
-0.577177,1.000000,2.500000,0.100888
-0.576476,1.000000,2.500000,0.100888
-0.575776,1.000000,2.500000,0.100888
-0.575075,1.000000,2.500000,0.100888
-0.574374,1.000000,2.500000,0.100888
-0.573674,1.000000,2.500000,0.100888
-0.572973,1.000000,2.500000,0.100889
-0.572272,1.000000,2.500000,0.100889
-0.571572,1.000000,2.500000,0.100889
-0.570871,1.000000,2.500000,0.100889
-0.570170,1.000000,2.500000,0.100889
-0.569469,1.000000,2.500000,0.100889
-0.568769,1.000000,2.500000,0.100889
-0.568068,1.000000,2.500000,0.100889
-0.567367,1.000000,2.500000,0.100889
-0.566667,1.000000,2.500000,0.100889
-0.565966,1.000000,2.500000,0.100889
-0.565265,1.000000,2.500000,0.100889
-0.564565,1.000000,2.500000,0.100889
-0.563864,1.000000,2.500000,0.100889
-0.563163,1.000000,2.500000,0.100889
-0.562462,1.000000,2.500000,0.100889
-0.561762,1.000000,2.500000,0.100889
-0.561061,1.000000,2.500000,0.100889
-0.560360,1.000000,2.500000,0.100889
-0.559660,1.000000,2.500000,0.100889
-0.558959,1.000000,2.500000,0.100889
-0.558258,1.000000,2.500000,0.100889
-0.557558,1.000000,2.500000,0.100889
-0.556857,1.000000,2.500000,0.100889
-0.556156,1.000000,2.500000,0.100889
-0.555455,1.000000,2.500000,0.100889
-0.554755,1.000000,2.500000,0.100889
-0.554054,1.000000,2.500000,0.100889
-0.553353,1.000000,2.500000,0.100889
-0.552653,1.000000,2.500000,0.100889
-0.551952,1.000000,2.500000,0.100889
-0.551251,1.000000,2.500000,0.100889
-0.550551,1.000000,2.500000,0.100889
-0.549850,1.000000,2.500000,0.100889
-0.549149,1.000000,2.500000,0.100889
-0.548448,1.000000,2.500000,0.100889
-0.547748,1.000000,2.500000,0.100889
-0.547047,1.000000,2.500000,0.100889
-0.546346,1.000000,2.500000,0.100889
-0.545646,1.000000,2.500000,0.100889
-0.544945,1.000000,2.500000,0.100889
-0.544244,1.000000,2.500000,0.100889
-0.543544,1.000000,2.500000,0.100889
-0.542843,1.000000,2.500000,0.100889
-0.542142,1.000000,2.500000,0.100889
-0.541441,1.000000,2.500000,0.100889
-0.540741,1.000000,2.500000,0.100890
-0.540040,1.000000,2.500000,0.100890
-0.539339,1.000000,2.500000,0.100890
-0.538639,1.000000,2.500000,0.100890
-0.537938,1.000000,2.500000,0.100890
-0.537237,1.000000,2.500000,0.100890
-0.536537,1.000000,2.500000,0.100890
-0.535836,1.000000,2.500000,0.100890
-0.535135,1.000000,2.500000,0.100890
-0.534434,1.000000,2.500000,0.100890
-0.533734,1.000000,2.500000,0.100890
-0.533033,1.000000,2.500000,0.100890
-0.532332,1.000000,2.500000,0.100890
-0.531632,1.000000,2.500000,0.100890
-0.530931,1.000000,2.500000,0.100890
-0.530230,1.000000,2.500000,0.100890
-0.529530,1.000000,2.500000,0.100890
-0.528829,1.000000,2.500000,0.100890
-0.528128,1.000000,2.500000,0.100890
-0.527427,1.000000,2.500000,0.100890
-0.526727,1.000000,2.500000,0.100890
-0.526026,1.000000,2.500000,0.100890
-0.525325,1.000000,2.500000,0.100890
-0.524625,1.000000,2.500000,0.100890
-0.523924,1.000000,2.500000,0.100890
-0.523223,1.000000,2.500000,0.100890
-0.522523,1.000000,2.500000,0.100890
-0.521822,1.000000,2.500000,0.100890
-0.521121,1.000000,2.500000,0.100890
-0.520420,1.000000,2.500000,0.100891
-0.519720,1.000000,2.500000,0.100891
-0.519019,1.000000,2.500000,0.100891
-0.518318,1.000000,2.500000,0.100891
-0.517618,1.000000,2.500000,0.100891
-0.516917,1.000000,2.500000,0.100891
-0.516216,1.000000,2.500000,0.100891
-0.515516,1.000000,2.500000,0.100891
-0.514815,1.000000,2.500000,0.100891
-0.514114,1.000000,2.500000,0.100891
-0.513413,1.000000,2.500000,0.100891
-0.512713,1.000000,2.500000,0.100891
-0.512012,1.000000,2.500000,0.100891
-0.511311,1.000000,2.500000,0.100891
-0.510611,1.000000,2.500000,0.100891
-0.509910,1.000000,2.500000,0.100891
-0.509209,1.000000,2.500000,0.100891
-0.508509,1.000000,2.500000,0.100891
-0.507808,1.000000,2.500000,0.100891
-0.507107,1.000000,2.500000,0.100891
-0.506406,1.000000,2.500000,0.100891
-0.505706,1.000000,2.500000,0.100891
-0.505005,1.000000,2.500000,0.100892
-0.504304,1.000000,2.500000,0.100892
-0.503604,1.000000,2.500000,0.100892
-0.502903,1.000000,2.500000,0.100892
-0.502202,1.000000,2.500000,0.100892
-0.501502,1.000000,2.500000,0.100892
-0.500801,1.000000,2.500000,0.100892
-0.500100,1.000000,2.500000,0.100892
-0.499399,1.000000,2.500000,0.100892
-0.498699,1.000000,2.500000,0.100892
-0.497998,1.000000,2.500000,0.100892
-0.497297,1.000000,2.500000,0.100892
-0.496597,1.000000,2.500000,0.100892
-0.495896,1.000000,2.500000,0.100892
-0.495195,1.000000,2.500000,0.100892
-0.494494,1.000000,2.500000,0.100892
-0.493794,1.000000,2.500000,0.100892
-0.493093,1.000000,2.500000,0.100892
-0.492392,1.000000,2.500000,0.100893
-0.491692,1.000000,2.500000,0.100893
-0.490991,1.000000,2.500000,0.100893
-0.490290,1.000000,2.500000,0.100893
-0.489590,1.000000,2.500000,0.100893
-0.488889,1.000000,2.500000,0.100893
-0.488188,1.000000,2.500000,0.100893
-0.487487,1.000000,2.500000,0.100893
-0.486787,1.000000,2.500000,0.100893
-0.486086,1.000000,2.500000,0.100893
-0.485385,1.000000,2.500000,0.100893
-0.484685,1.000000,2.500000,0.100893
-0.483984,1.000000,2.500000,0.100893
-0.483283,1.000000,2.500000,0.100893
-0.482583,1.000000,2.500000,0.100893
-0.481882,1.000000,2.500000,0.100894
-0.481181,1.000000,2.500000,0.100894
-0.480480,1.000000,2.500000,0.100894
-0.479780,1.000000,2.500000,0.100894
-0.479079,1.000000,2.500000,0.100894
-0.478378,1.000000,2.500000,0.100894
-0.477678,1.000000,2.500000,0.100894
-0.476977,1.000000,2.500000,0.100894
-0.476276,1.000000,2.500000,0.100894
-0.475576,1.000000,2.500000,0.100894
-0.474875,1.000000,2.500000,0.100894
-0.474174,1.000000,2.500000,0.100894
-0.473473,1.000000,2.500000,0.100894
-0.472773,1.000000,2.500000,0.100894
-0.472072,1.000000,2.500000,0.100895
-0.471371,1.000000,2.500000,0.100895
-0.470671,1.000000,2.500000,0.100895
-0.469970,1.000000,2.500000,0.100895
-0.469269,1.000000,2.500000,0.100895
-0.468569,1.000000,2.500000,0.100895
-0.467868,1.000000,2.500000,0.100895
-0.467167,1.000000,2.500000,0.100895
-0.466466,1.000000,2.500000,0.100895
-0.465766,1.000000,2.500000,0.100895
-0.465065,1.000000,2.500000,0.100895
-0.464364,1.000000,2.500000,0.100896
-0.463664,1.000000,2.500000,0.100896
-0.462963,1.000000,2.500000,0.100896
-0.462262,1.000000,2.500000,0.100896
-0.461562,1.000000,2.500000,0.100896
-0.460861,1.000000,2.500000,0.100896
-0.460160,1.000000,2.500000,0.100896
-0.459459,1.000000,2.500000,0.100896
-0.458759,1.000000,2.500000,0.100896
-0.458058,1.000000,2.500000,0.100896
-0.457357,1.000000,2.500000,0.100896
-0.456657,1.000000,2.500000,0.100897
-0.455956,1.000000,2.500000,0.100897
-0.455255,1.000000,2.500000,0.100897
-0.454555,1.000000,2.500000,0.100897
-0.453854,1.000000,2.500000,0.100897
-0.453153,1.000000,2.500000,0.100897
-0.452452,1.000000,2.500000,0.100897
-0.451752,1.000000,2.500000,0.100897
-0.451051,1.000000,2.500000,0.100897
-0.450350,1.000000,2.500000,0.100898
-0.449650,1.000000,2.500000,0.100898
-0.448949,1.000000,2.500000,0.100898
-0.448248,1.000000,2.500000,0.100898
-0.447548,1.000000,2.500000,0.100898
-0.446847,1.000000,2.500000,0.100898
-0.446146,1.000000,2.500000,0.100898
-0.445445,1.000000,2.500000,0.100898
-0.444745,1.000000,2.500000,0.100898
-0.444044,1.000000,2.500000,0.100899
-0.443343,1.000000,2.500000,0.100899
-0.442643,1.000000,2.500000,0.100899
-0.441942,1.000000,2.500000,0.100899
-0.441241,1.000000,2.500000,0.100899
-0.440541,1.000000,2.500000,0.100899
-0.439840,1.000000,2.500000,0.100899
-0.439139,1.000000,2.500000,0.100899
-0.438438,1.000000,2.500000,0.100900
-0.437738,1.000000,2.500000,0.100900
-0.437037,1.000000,2.500000,0.100900
-0.436336,1.000000,2.500000,0.100900
-0.435636,1.000000,2.500000,0.100900
-0.434935,1.000000,2.500000,0.100900
-0.434234,1.000000,2.500000,0.100900
-0.433534,1.000000,2.500000,0.100900
-0.432833,1.000000,2.500000,0.100901
-0.432132,1.000000,2.500000,0.100901
-0.431431,1.000000,2.500000,0.100901
-0.430731,1.000000,2.500000,0.100901
-0.430030,1.000000,2.500000,0.100901
-0.429329,1.000000,2.500000,0.100901
-0.428629,1.000000,2.500000,0.100901
-0.427928,1.000000,2.500000,0.100902
-0.427227,1.000000,2.500000,0.100902
-0.426527,1.000000,2.500000,0.100902
-0.425826,1.000000,2.500000,0.100902
-0.425125,1.000000,2.500000,0.100902
-0.424424,1.000000,2.500000,0.100902
-0.423724,1.000000,2.500000,0.100903
-0.423023,1.000000,2.500000,0.100903
-0.422322,1.000000,2.500000,0.100903
-0.421622,1.000000,2.500000,0.100903
-0.420921,1.000000,2.500000,0.100903
-0.420220,1.000000,2.500000,0.100903
-0.419520,1.000000,2.500000,0.100903
-0.418819,1.000000,2.500000,0.100904
-0.418118,1.000000,2.500000,0.100904
-0.417417,1.000000,2.500000,0.100904
-0.416717,1.000000,2.500000,0.100904
-0.416016,1.000000,2.500000,0.100904
-0.415315,1.000000,2.500000,0.100904
-0.414615,1.000000,2.500000,0.100905
-0.413914,1.000000,2.500000,0.100905
-0.413213,1.000000,2.500000,0.100905
-0.412513,1.000000,2.500000,0.100905
-0.411812,1.000000,2.500000,0.100905
-0.411111,1.000000,2.500000,0.100906
-0.410410,1.000000,2.500000,0.100906
-0.409710,1.000000,2.500000,0.100906
-0.409009,1.000000,2.500000,0.100906
-0.408308,1.000000,2.500000,0.100906
-0.407608,1.000000,2.500000,0.100907
-0.406907,1.000000,2.500000,0.100907
-0.406206,1.000000,2.500000,0.100907
-0.405506,1.000000,2.500000,0.100907
-0.404805,1.000000,2.500000,0.100907
-0.404104,1.000000,2.500000,0.100908
-0.403403,1.000000,2.500000,0.100908
-0.402703,1.000000,2.500000,0.100908
-0.402002,1.000000,2.500000,0.100908
-0.401301,1.000000,2.500000,0.100908
-0.400601,1.000000,2.500000,0.100909
-0.399900,1.000000,2.500000,0.100909
-0.399199,1.000000,2.500000,0.100909
-0.398498,1.000000,2.500000,0.100909
-0.397798,1.000000,2.500000,0.100909
-0.397097,1.000000,2.500000,0.100910
-0.396396,1.000000,2.500000,0.100910
-0.395696,1.000000,2.500000,0.100910
-0.394995,1.000000,2.500000,0.100910
-0.394294,1.000000,2.500000,0.100911
-0.393594,1.000000,2.500000,0.100911
-0.392893,1.000000,2.500000,0.100911
-0.392192,1.000000,2.500000,0.100911
-0.391491,1.000000,2.500000,0.100912
-0.390791,1.000000,2.500000,0.100912
-0.390090,1.000000,2.500000,0.100912
-0.389389,1.000000,2.500000,0.100912
-0.388689,1.000000,2.500000,0.100913
-0.387988,1.000000,2.500000,0.100913
-0.387287,1.000000,2.500000,0.100913
-0.386587,1.000000,2.500000,0.100913
-0.385886,1.000000,2.500000,0.100914
-0.385185,1.000000,2.500000,0.100914
-0.384484,1.000000,2.500000,0.100914
-0.383784,1.000000,2.500000,0.100914
-0.383083,1.000000,2.500000,0.100915
-0.382382,1.000000,2.500000,0.100915
-0.381682,1.000000,2.500000,0.100915
-0.380981,1.000000,2.500000,0.100915
-0.380280,1.000000,2.500000,0.100916
-0.379580,1.000000,2.500000,0.100916
-0.378879,1.000000,2.500000,0.100916
-0.378178,1.000000,2.500000,0.100917
-0.377477,1.000000,2.500000,0.100917
-0.376777,1.000000,2.500000,0.100917
-0.376076,1.000000,2.500000,0.100918
-0.375375,1.000000,2.500000,0.100918
-0.374675,1.000000,2.500000,0.100918
-0.373974,1.000000,2.500000,0.100918
-0.373273,1.000000,2.500000,0.100919
-0.372573,1.000000,2.500000,0.100919
-0.371872,1.000000,2.500000,0.100919
-0.371171,1.000000,2.500000,0.100920
-0.370470,1.000000,2.500000,0.100920
-0.369770,1.000000,2.500000,0.100920
-0.369069,1.000000,2.500000,0.100921
-0.368368,1.000000,2.500000,0.100921
-0.367668,1.000000,2.500000,0.100921
-0.366967,1.000000,2.500000,0.100922
-0.366266,1.000000,2.500000,0.100922
-0.365566,1.000000,2.500000,0.100922
-0.364865,1.000000,2.500000,0.100923
-0.364164,1.000000,2.500000,0.100923
-0.363463,1.000000,2.500000,0.100924
-0.362763,1.000000,2.500000,0.100924
-0.362062,1.000000,2.500000,0.100924
-0.361361,1.000000,2.500000,0.100925
-0.360661,1.000000,2.500000,0.100925
-0.359960,1.000000,2.500000,0.100925
-0.359259,1.000000,2.500000,0.100926
-0.358559,1.000000,2.500000,0.100926
-0.357858,1.000000,2.500000,0.100926
-0.357157,1.000000,2.500000,0.100927
-0.356456,1.000000,2.500000,0.100927
-0.355756,1.000000,2.500000,0.100928
-0.355055,1.000000,2.500000,0.100928
-0.354354,1.000000,2.500000,0.100929
-0.353654,1.000000,2.500000,0.100929
-0.352953,1.000000,2.500000,0.100929
-0.352252,1.000000,2.500000,0.100930
-0.351552,1.000000,2.500000,0.100930
-0.350851,1.000000,2.500000,0.100931
-0.350150,1.000000,2.500000,0.100931
-0.349449,1.000000,2.500000,0.100931
-0.348749,1.000000,2.500000,0.100932
-0.348048,1.000000,2.500000,0.100932
-0.347347,1.000000,2.500000,0.100933
-0.346647,1.000000,2.500000,0.100933
-0.345946,1.000000,2.500000,0.100934
-0.345245,1.000000,2.500000,0.100934
-0.344545,1.000000,2.500000,0.100935
-0.343844,1.000000,2.500000,0.100935
-0.343143,1.000000,2.500000,0.100936
-0.342442,1.000000,2.500000,0.100936
-0.341742,1.000000,2.500000,0.100937
-0.341041,1.000000,2.500000,0.100937
-0.340340,1.000000,2.500000,0.100938
-0.339640,1.000000,2.500000,0.100938
-0.338939,1.000000,2.500000,0.100939
-0.338238,1.000000,2.500000,0.100939
-0.337538,1.000000,2.500000,0.100940
-0.336837,1.000000,2.500000,0.100940
-0.336136,1.000000,2.500000,0.100941
-0.335435,1.000000,2.500000,0.100941
-0.334735,1.000000,2.500000,0.100942
-0.334034,1.000000,2.500000,0.100942
-0.333333,1.000000,2.500000,0.100943
-0.332633,1.000000,2.500000,0.100944
-0.331932,1.000000,2.500000,0.100944
-0.331231,1.000000,2.500000,0.100945
-0.330531,1.000000,2.500000,0.100945
-0.329830,1.000000,2.500000,0.100946
-0.329129,1.000000,2.500000,0.100946
-0.328428,1.000000,2.500000,0.100947
-0.327728,1.000000,2.500000,0.100948
-0.327027,1.000000,2.500000,0.100948
-0.326326,1.000000,2.500000,0.100949
-0.325626,1.000000,2.500000,0.100950
-0.324925,1.000000,2.500000,0.100950
-0.324224,1.000000,2.500000,0.100951
-0.323524,1.000000,2.500000,0.100951
-0.322823,1.000000,2.500000,0.100952
-0.322122,1.000000,2.500000,0.100953
-0.321421,1.000000,2.500000,0.100953
-0.320721,1.000000,2.500000,0.100954
-0.320020,1.000000,2.500000,0.100955
-0.319319,1.000000,2.500000,0.100955
-0.318619,1.000000,2.500000,0.100956
-0.317918,1.000000,2.500000,0.100957
-0.317217,1.000000,2.500000,0.100958
-0.316517,1.000000,2.500000,0.100958
-0.315816,1.000000,2.500000,0.100959
-0.315115,1.000000,2.500000,0.100960
-0.314414,1.000000,2.500000,0.100961
-0.313714,1.000000,2.500000,0.100961
-0.313013,1.000000,2.500000,0.100962
-0.312312,1.000000,2.500000,0.100963
-0.311612,1.000000,2.500000,0.100964
-0.310911,1.000000,2.500000,0.100964
-0.310210,1.000000,2.500000,0.100965
-0.309510,1.000000,2.500000,0.100966
-0.308809,1.000000,2.500000,0.100967
-0.308108,1.000000,2.500000,0.100968
-0.307407,1.000000,2.500000,0.100968
-0.306707,1.000000,2.500000,0.100969
-0.306006,1.000000,2.500000,0.100970
-0.305305,1.000000,2.500000,0.100971
-0.304605,1.000000,2.500000,0.100972
-0.303904,1.000000,2.500000,0.100973
-0.303203,1.000000,2.500000,0.100974
-0.302503,1.000000,2.500000,0.100975
-0.301802,1.000000,2.500000,0.100975
-0.301101,1.000000,2.500000,0.100976
-0.300400,1.000000,2.500000,0.100977
-0.299700,1.000000,2.500000,0.100978
-0.298999,1.000000,2.500000,0.100979
-0.298298,1.000000,2.500000,0.100980
-0.297598,1.000000,2.500000,0.100981
-0.296897,1.000000,2.500000,0.100982
-0.296196,1.000000,2.500000,0.100983
-0.295495,1.000000,2.500000,0.100984
-0.294795,1.000000,2.500000,0.100985
-0.294094,1.000000,2.500000,0.100986
-0.293393,1.000000,2.500000,0.100987
-0.292693,1.000000,2.500000,0.100988
-0.291992,1.000000,2.500000,0.100989
-0.291291,1.000000,2.500000,0.100990
-0.290591,1.000000,2.500000,0.100992
-0.289890,1.000000,2.500000,0.100993
-0.289189,1.000000,2.500000,0.100994
-0.288488,1.000000,2.500000,0.100995
-0.287788,1.000000,2.500000,0.100996
-0.287087,1.000000,2.500000,0.100997
-0.286386,1.000000,2.500000,0.100998
-0.285686,1.000000,2.500000,0.101000
-0.284985,1.000000,2.500000,0.101001
-0.284284,1.000000,2.500000,0.101002
-0.283584,1.000000,2.500000,0.101003
-0.282883,1.000000,2.500000,0.101004
-0.282182,1.000000,2.500000,0.101006
-0.281481,1.000000,2.500000,0.101007
-0.280781,1.000000,2.500000,0.101008
-0.280080,1.000000,2.500000,0.101010
-0.279379,1.000000,2.500000,0.101011
-0.278679,1.000000,2.500000,0.101012
-0.277978,1.000000,2.500000,0.101014
-0.277277,1.000000,2.500000,0.101015
-0.276577,1.000000,2.500000,0.101016
-0.275876,1.000000,2.500000,0.101018
-0.275175,1.000000,2.500000,0.101019
-0.274474,1.000000,2.500000,0.101021
-0.273774,1.000000,2.500000,0.101022
-0.273073,1.000000,2.500000,0.101024
-0.272372,1.000000,2.500000,0.101025
-0.271672,1.000000,2.500000,0.101027
-0.270971,1.000000,2.500000,0.101028
-0.270270,1.000000,2.500000,0.101030
-0.269570,1.000000,2.500000,0.101031
-0.268869,1.000000,2.500000,0.101033
-0.268168,1.000000,2.500000,0.101034
-0.267467,1.000000,2.500000,0.101036
-0.266767,1.000000,2.500000,0.101038
-0.266066,1.000000,2.500000,0.101039
-0.265365,1.000000,2.500000,0.101041
-0.264665,1.000000,2.500000,0.101043
-0.263964,1.000000,2.500000,0.101044
-0.263263,1.000000,2.500000,0.101046
-0.262563,1.000000,2.500000,0.101048
-0.261862,1.000000,2.500000,0.101050
-0.261161,1.000000,2.500000,0.101052
-0.260460,1.000000,2.500000,0.101053
-0.259760,1.000000,2.500000,0.101055
-0.259059,1.000000,2.500000,0.101057
-0.258358,1.000000,2.500000,0.101059
-0.257658,1.000000,2.500000,0.101061
-0.256957,1.000000,2.500000,0.101063
-0.256256,1.000000,2.500000,0.101065
-0.255556,1.000000,2.500000,0.101067
-0.254855,1.000000,2.500000,0.101069
-0.254154,1.000000,2.500000,0.101071
-0.253453,1.000000,2.500000,0.101073
-0.252753,1.000000,2.500000,0.101075
-0.252052,1.000000,2.500000,0.101078
-0.251351,1.000000,2.500000,0.101080
-0.250651,1.000000,2.500000,0.101082
-0.249950,1.000000,2.500000,0.101084
-0.249249,1.000000,2.500000,0.101086
-0.248549,1.000000,2.500000,0.101089
-0.247848,1.000000,2.500000,0.101091
-0.247147,1.000000,2.500000,0.101094
-0.246446,1.000000,2.500000,0.101096
-0.245746,1.000000,2.500000,0.101098
-0.245045,1.000000,2.500000,0.101101
-0.244344,1.000000,2.500000,0.101103
-0.243644,1.000000,2.500000,0.101106
-0.242943,1.000000,2.500000,0.101108
-0.242242,1.000000,2.500000,0.101111
-0.241542,1.000000,2.500000,0.101114
-0.240841,1.000000,2.500000,0.101116
-0.240140,1.000000,2.500000,0.101119
-0.239439,1.000000,2.500000,0.101122
-0.238739,1.000000,2.500000,0.101125
-0.238038,1.000000,2.500000,0.101128
-0.237337,1.000000,2.500000,0.101130
-0.236637,1.000000,2.500000,0.101133
-0.235936,1.000000,2.500000,0.101136
-0.235235,1.000000,2.500000,0.101139
-0.234535,1.000000,2.500000,0.101142
-0.233834,1.000000,2.500000,0.101145
-0.233133,1.000000,2.500000,0.101149
-0.232432,1.000000,2.500000,0.101152
-0.231732,1.000000,2.500000,0.101155
-0.231031,1.000000,2.500000,0.101158
-0.230330,1.000000,2.500000,0.101162
-0.229630,1.000000,2.500000,0.101165
-0.228929,1.000000,2.500000,0.101168
-0.228228,1.000000,2.500000,0.101172
-0.227528,1.000000,2.500000,0.101175
-0.226827,1.000000,2.500000,0.101179
-0.226126,1.000000,2.500000,0.101183
-0.225425,1.000000,2.500000,0.101186
-0.224725,1.000000,2.500000,0.101190
-0.224024,1.000000,2.500000,0.101194
-0.223323,1.000000,2.500000,0.101198
-0.222623,1.000000,2.500000,0.101202
-0.221922,1.000000,2.500000,0.101206
-0.221221,1.000000,2.500000,0.101210
-0.220521,1.000000,2.500000,0.101214
-0.219820,1.000000,2.500000,0.101218
-0.219119,1.000000,2.500000,0.101222
-0.218418,1.000000,2.500000,0.101226
-0.217718,1.000000,2.500000,0.101231
-0.217017,1.000000,2.500000,0.101235
-0.216316,1.000000,2.500000,0.101240
-0.215616,1.000000,2.500000,0.101244
-0.214915,1.000000,2.500000,0.101249
-0.214214,1.000000,2.500000,0.101254
-0.213514,1.000000,2.500000,0.101258
-0.212813,1.000000,2.500000,0.101263
-0.212112,1.000000,2.500000,0.101268
-0.211411,1.000000,2.500000,0.101273
-0.210711,1.000000,2.500000,0.101278
-0.210010,1.000000,2.500000,0.101284
-0.209309,1.000000,2.500000,0.101289
-0.208609,1.000000,2.500000,0.101294
-0.207908,1.000000,2.500000,0.101300
-0.207207,1.000000,2.500000,0.101305
-0.206507,1.000000,2.500000,0.101311
-0.205806,1.000000,2.500000,0.101317
-0.205105,1.000000,2.500000,0.101323
-0.204404,1.000000,2.500000,0.101328
-0.203704,1.000000,2.500000,0.101335
-0.203003,1.000000,2.500000,0.101341
-0.202302,1.000000,2.500000,0.101347
-0.201602,1.000000,2.500000,0.101353
-0.200901,1.000000,2.500000,0.101360
-0.200200,1.000000,2.500000,0.101366
-0.199499,1.000000,2.500000,0.101373
-0.198799,1.000000,2.500000,0.101380
-0.198098,1.000000,2.500000,0.101387
-0.197397,1.000000,2.500000,0.101394
-0.196697,1.000000,2.500000,0.101401
-0.195996,1.000000,2.500000,0.101408
-0.195295,1.000000,2.500000,0.101416
-0.194595,1.000000,2.500000,0.101423
-0.193894,1.000000,2.500000,0.101431
-0.193193,1.000000,2.500000,0.101439
-0.192492,1.000000,2.500000,0.101447
-0.191792,1.000000,2.500000,0.101455
-0.191091,1.000000,2.500000,0.101463
-0.190390,1.000000,2.500000,0.101472
-0.189690,1.000000,2.500000,0.101480
-0.188989,1.000000,2.500000,0.101489
-0.188288,1.000000,2.500000,0.101498
-0.187588,1.000000,2.500000,0.101507
-0.186887,1.000000,2.500000,0.101516
-0.186186,1.000000,2.500000,0.101526
-0.185485,1.000000,2.500000,0.101535
-0.184785,1.000000,2.500000,0.101545
-0.184084,1.000000,2.500000,0.101555
-0.183383,1.000000,2.500000,0.101565
-0.182683,1.000000,2.500000,0.101576
-0.181982,1.000000,2.500000,0.101586
-0.181281,1.000000,2.500000,0.101597
-0.180581,1.000000,2.500000,0.101608
-0.179880,1.000000,2.500000,0.101619
-0.179179,1.000000,2.500000,0.101631
-0.178478,1.000000,2.500000,0.101642
-0.177778,1.000000,2.500000,0.101654
-0.177077,1.000000,2.500000,0.101666
-0.176376,1.000000,2.500000,0.101679
-0.175676,1.000000,2.500000,0.101691
-0.174975,1.000000,2.500000,0.101704
-0.174274,1.000000,2.500000,0.101717
-0.173574,1.000000,2.500000,0.101731
-0.172873,1.000000,2.500000,0.101744
-0.172172,1.000000,2.500000,0.101758
-0.171471,1.000000,2.500000,0.101773
-0.170771,1.000000,2.500000,0.101787
-0.170070,1.000000,2.500000,0.101802
-0.169369,1.000000,2.500000,0.101817
-0.168669,1.000000,2.500000,0.101833
-0.167968,1.000000,2.500000,0.101849
-0.167267,1.000000,2.500000,0.101865
-0.166567,1.000000,2.500000,0.101881
-0.165866,1.000000,2.500000,0.101898
-0.165165,1.000000,2.500000,0.101916
-0.164464,1.000000,2.500000,0.101933
-0.163764,1.000000,2.500000,0.101951
-0.163063,1.000000,2.500000,0.101970
-0.162362,1.000000,2.500000,0.101989
-0.161662,1.000000,2.500000,0.102008
-0.160961,1.000000,2.500000,0.102028
-0.160260,1.000000,2.500000,0.102048
-0.159560,1.000000,2.500000,0.102068
-0.158859,1.000000,2.500000,0.102089
-0.158158,1.000000,2.500000,0.102111
-0.157457,1.000000,2.500000,0.102133
-0.156757,1.000000,2.500000,0.102155
-0.156056,1.000000,2.500000,0.102179
-0.155355,1.000000,2.500000,0.102202
-0.154655,1.000000,2.500000,0.102226
-0.153954,1.000000,2.500000,0.102251
-0.153253,1.000000,2.500000,0.102276
-0.152553,1.000000,2.500000,0.102302
-0.151852,1.000000,2.500000,0.102329
-0.151151,1.000000,2.500000,0.102356
-0.150450,1.000000,2.500000,0.102384
-0.149750,1.000000,2.500000,0.102412
-0.149049,1.000000,2.500000,0.102441
-0.148348,1.000000,2.500000,0.102471
-0.147648,1.000000,2.500000,0.102502
-0.146947,1.000000,2.500000,0.102533
-0.146246,1.000000,2.500000,0.102566
-0.145546,1.000000,2.500000,0.102598
-0.144845,1.000000,2.500000,0.102632
-0.144144,1.000000,2.500000,0.102667
-0.143443,1.000000,2.500000,0.102702
-0.142743,1.000000,2.500000,0.102739
-0.142042,1.000000,2.500000,0.102776
-0.141341,1.000000,2.500000,0.102814
-0.140641,1.000000,2.500000,0.102854
-0.139940,1.000000,2.500000,0.102894
-0.139239,1.000000,2.500000,0.102935
-0.138539,1.000000,2.500000,0.102977
-0.137838,1.000000,2.500000,0.103021
-0.137137,1.000000,2.500000,0.103065
-0.136436,1.000000,2.500000,0.103111
-0.135736,1.000000,2.500000,0.103158
-0.135035,1.000000,2.500000,0.103206
-0.134334,1.000000,2.500000,0.103256
-0.133634,1.000000,2.500000,0.103307
-0.132933,1.000000,2.500000,0.103359
-0.132232,1.000000,2.500000,0.103412
-0.131532,1.000000,2.500000,0.103467
-0.130831,1.000000,2.500000,0.103524
-0.130130,1.000000,2.500000,0.103582
-0.129429,1.000000,2.500000,0.103642
-0.128729,1.000000,2.500000,0.103703
-0.128028,1.000000,2.500000,0.103766
-0.127327,1.000000,2.500000,0.103830
-0.126627,1.000000,2.500000,0.103897
-0.125926,1.000000,2.500000,0.103965
-0.125225,1.000000,2.500000,0.104035
-0.124525,1.000000,2.500000,0.104107
-0.123824,1.000000,2.500000,0.104181
-0.123123,1.000000,2.500000,0.104258
-0.122422,1.000000,2.500000,0.104336
-0.121722,1.000000,2.500000,0.104417
-0.121021,1.000000,2.500000,0.104499
-0.120320,1.000000,2.500000,0.104585
-0.119620,1.000000,2.500000,0.104672
-0.118919,1.000000,2.500000,0.104762
-0.118218,1.000000,2.500000,0.104855
-0.117518,1.000000,2.500000,0.104950
-0.116817,1.000000,2.500000,0.105048
-0.116116,1.000000,2.500000,0.105149
-0.115415,1.000000,2.500000,0.105253
-0.114715,1.000000,2.500000,0.105360
-0.114014,1.000000,2.500000,0.105470
-0.113313,1.000000,2.500000,0.105583
-0.112613,1.000000,2.500000,0.105699
-0.111912,1.000000,2.500000,0.105819
-0.111211,1.000000,2.500000,0.105942
-0.110511,1.000000,2.500000,0.106069
-0.109810,1.000000,2.500000,0.106199
-0.109109,1.000000,2.500000,0.106334
-0.108408,1.000000,2.500000,0.106472
-0.107708,1.000000,2.500000,0.106614
-0.107007,1.000000,2.500000,0.106760
-0.106306,1.000000,2.500000,0.106911
-0.105606,1.000000,2.500000,0.107066
-0.104905,1.000000,2.500000,0.107226
-0.104204,1.000000,2.500000,0.107390
-0.103504,1.000000,2.500000,0.107560
-0.102803,1.000000,2.500000,0.107734
-0.102102,1.000000,2.500000,0.107913
-0.101401,1.000000,2.500000,0.108098
-0.100701,1.000000,2.500000,0.108288
-0.100000,1.000000,2.500000,0.108483
-0.800000,1.000000,3.000000,0.100887
-0.799299,1.000000,3.000000,0.100887
-0.798599,1.000000,3.000000,0.100887
-0.797898,1.000000,3.000000,0.100887
-0.797197,1.000000,3.000000,0.100887
-0.796496,1.000000,3.000000,0.100887
-0.795796,1.000000,3.000000,0.100887
-0.795095,1.000000,3.000000,0.100887
-0.794394,1.000000,3.000000,0.100887
-0.793694,1.000000,3.000000,0.100887
-0.792993,1.000000,3.000000,0.100887
-0.792292,1.000000,3.000000,0.100887
-0.791592,1.000000,3.000000,0.100887
-0.790891,1.000000,3.000000,0.100887
-0.790190,1.000000,3.000000,0.100887
-0.789489,1.000000,3.000000,0.100887
-0.788789,1.000000,3.000000,0.100887
-0.788088,1.000000,3.000000,0.100887
-0.787387,1.000000,3.000000,0.100887
-0.786687,1.000000,3.000000,0.100887
-0.785986,1.000000,3.000000,0.100887
-0.785285,1.000000,3.000000,0.100887
-0.784585,1.000000,3.000000,0.100887
-0.783884,1.000000,3.000000,0.100887
-0.783183,1.000000,3.000000,0.100887
-0.782482,1.000000,3.000000,0.100887
-0.781782,1.000000,3.000000,0.100887
-0.781081,1.000000,3.000000,0.100887
-0.780380,1.000000,3.000000,0.100887
-0.779680,1.000000,3.000000,0.100887
-0.778979,1.000000,3.000000,0.100887
-0.778278,1.000000,3.000000,0.100887
-0.777578,1.000000,3.000000,0.100887
-0.776877,1.000000,3.000000,0.100887
-0.776176,1.000000,3.000000,0.100887
-0.775475,1.000000,3.000000,0.100887
-0.774775,1.000000,3.000000,0.100887
-0.774074,1.000000,3.000000,0.100887
-0.773373,1.000000,3.000000,0.100887
-0.772673,1.000000,3.000000,0.100887
-0.771972,1.000000,3.000000,0.100887
-0.771271,1.000000,3.000000,0.100887
-0.770571,1.000000,3.000000,0.100887
-0.769870,1.000000,3.000000,0.100887
-0.769169,1.000000,3.000000,0.100887
-0.768468,1.000000,3.000000,0.100887
-0.767768,1.000000,3.000000,0.100887
-0.767067,1.000000,3.000000,0.100887
-0.766366,1.000000,3.000000,0.100887
-0.765666,1.000000,3.000000,0.100887
-0.764965,1.000000,3.000000,0.100887
-0.764264,1.000000,3.000000,0.100887
-0.763564,1.000000,3.000000,0.100887
-0.762863,1.000000,3.000000,0.100887
-0.762162,1.000000,3.000000,0.100887
-0.761461,1.000000,3.000000,0.100887
-0.760761,1.000000,3.000000,0.100887
-0.760060,1.000000,3.000000,0.100887
-0.759359,1.000000,3.000000,0.100887
-0.758659,1.000000,3.000000,0.100887
-0.757958,1.000000,3.000000,0.100887
-0.757257,1.000000,3.000000,0.100887
-0.756557,1.000000,3.000000,0.100887
-0.755856,1.000000,3.000000,0.100887
-0.755155,1.000000,3.000000,0.100887
-0.754454,1.000000,3.000000,0.100887
-0.753754,1.000000,3.000000,0.100887
-0.753053,1.000000,3.000000,0.100887
-0.752352,1.000000,3.000000,0.100887
-0.751652,1.000000,3.000000,0.100887
-0.750951,1.000000,3.000000,0.100887
-0.750250,1.000000,3.000000,0.100887
-0.749550,1.000000,3.000000,0.100887
-0.748849,1.000000,3.000000,0.100887
-0.748148,1.000000,3.000000,0.100887
-0.747447,1.000000,3.000000,0.100887
-0.746747,1.000000,3.000000,0.100887
-0.746046,1.000000,3.000000,0.100887
-0.745345,1.000000,3.000000,0.100887
-0.744645,1.000000,3.000000,0.100887
-0.743944,1.000000,3.000000,0.100887
-0.743243,1.000000,3.000000,0.100887
-0.742543,1.000000,3.000000,0.100887
-0.741842,1.000000,3.000000,0.100887
-0.741141,1.000000,3.000000,0.100887
-0.740440,1.000000,3.000000,0.100887
-0.739740,1.000000,3.000000,0.100887
-0.739039,1.000000,3.000000,0.100887
-0.738338,1.000000,3.000000,0.100887
-0.737638,1.000000,3.000000,0.100887
-0.736937,1.000000,3.000000,0.100887
-0.736236,1.000000,3.000000,0.100887
-0.735536,1.000000,3.000000,0.100887
-0.734835,1.000000,3.000000,0.100887
-0.734134,1.000000,3.000000,0.100887
-0.733433,1.000000,3.000000,0.100887
-0.732733,1.000000,3.000000,0.100887
-0.732032,1.000000,3.000000,0.100887
-0.731331,1.000000,3.000000,0.100887
-0.730631,1.000000,3.000000,0.100887
-0.729930,1.000000,3.000000,0.100887
-0.729229,1.000000,3.000000,0.100887
-0.728529,1.000000,3.000000,0.100887
-0.727828,1.000000,3.000000,0.100887
-0.727127,1.000000,3.000000,0.100887
-0.726426,1.000000,3.000000,0.100887
-0.725726,1.000000,3.000000,0.100887
-0.725025,1.000000,3.000000,0.100887
-0.724324,1.000000,3.000000,0.100887
-0.723624,1.000000,3.000000,0.100887
-0.722923,1.000000,3.000000,0.100887
-0.722222,1.000000,3.000000,0.100887
-0.721522,1.000000,3.000000,0.100887
-0.720821,1.000000,3.000000,0.100887
-0.720120,1.000000,3.000000,0.100887
-0.719419,1.000000,3.000000,0.100887
-0.718719,1.000000,3.000000,0.100887
-0.718018,1.000000,3.000000,0.100887
-0.717317,1.000000,3.000000,0.100887
-0.716617,1.000000,3.000000,0.100887
-0.715916,1.000000,3.000000,0.100887
-0.715215,1.000000,3.000000,0.100887
-0.714515,1.000000,3.000000,0.100887
-0.713814,1.000000,3.000000,0.100887
-0.713113,1.000000,3.000000,0.100887
-0.712412,1.000000,3.000000,0.100887
-0.711712,1.000000,3.000000,0.100887
-0.711011,1.000000,3.000000,0.100887
-0.710310,1.000000,3.000000,0.100887
-0.709610,1.000000,3.000000,0.100887
-0.708909,1.000000,3.000000,0.100887
-0.708208,1.000000,3.000000,0.100887
-0.707508,1.000000,3.000000,0.100887
-0.706807,1.000000,3.000000,0.100887
-0.706106,1.000000,3.000000,0.100887
-0.705405,1.000000,3.000000,0.100887
-0.704705,1.000000,3.000000,0.100887
-0.704004,1.000000,3.000000,0.100887
-0.703303,1.000000,3.000000,0.100887
-0.702603,1.000000,3.000000,0.100887
-0.701902,1.000000,3.000000,0.100887
-0.701201,1.000000,3.000000,0.100887
-0.700501,1.000000,3.000000,0.100887
-0.699800,1.000000,3.000000,0.100887
-0.699099,1.000000,3.000000,0.100887
-0.698398,1.000000,3.000000,0.100887
-0.697698,1.000000,3.000000,0.100887
-0.696997,1.000000,3.000000,0.100887
-0.696296,1.000000,3.000000,0.100888
-0.695596,1.000000,3.000000,0.100888
-0.694895,1.000000,3.000000,0.100888
-0.694194,1.000000,3.000000,0.100888
-0.693493,1.000000,3.000000,0.100888
-0.692793,1.000000,3.000000,0.100888
-0.692092,1.000000,3.000000,0.100888
-0.691391,1.000000,3.000000,0.100888
-0.690691,1.000000,3.000000,0.100888
-0.689990,1.000000,3.000000,0.100888
-0.689289,1.000000,3.000000,0.100888
-0.688589,1.000000,3.000000,0.100888
-0.687888,1.000000,3.000000,0.100888
-0.687187,1.000000,3.000000,0.100888
-0.686486,1.000000,3.000000,0.100888
-0.685786,1.000000,3.000000,0.100888
-0.685085,1.000000,3.000000,0.100888
-0.684384,1.000000,3.000000,0.100888
-0.683684,1.000000,3.000000,0.100888
-0.682983,1.000000,3.000000,0.100888
-0.682282,1.000000,3.000000,0.100888
-0.681582,1.000000,3.000000,0.100888
-0.680881,1.000000,3.000000,0.100888
-0.680180,1.000000,3.000000,0.100888
-0.679479,1.000000,3.000000,0.100888
-0.678779,1.000000,3.000000,0.100888
-0.678078,1.000000,3.000000,0.100888
-0.677377,1.000000,3.000000,0.100888
-0.676677,1.000000,3.000000,0.100888
-0.675976,1.000000,3.000000,0.100888
-0.675275,1.000000,3.000000,0.100888
-0.674575,1.000000,3.000000,0.100888
-0.673874,1.000000,3.000000,0.100888
-0.673173,1.000000,3.000000,0.100888
-0.672472,1.000000,3.000000,0.100888
-0.671772,1.000000,3.000000,0.100888
-0.671071,1.000000,3.000000,0.100888
-0.670370,1.000000,3.000000,0.100888
-0.669670,1.000000,3.000000,0.100888
-0.668969,1.000000,3.000000,0.100888
-0.668268,1.000000,3.000000,0.100888
-0.667568,1.000000,3.000000,0.100888
-0.666867,1.000000,3.000000,0.100888
-0.666166,1.000000,3.000000,0.100888
-0.665465,1.000000,3.000000,0.100888
-0.664765,1.000000,3.000000,0.100888
-0.664064,1.000000,3.000000,0.100888
-0.663363,1.000000,3.000000,0.100888
-0.662663,1.000000,3.000000,0.100888
-0.661962,1.000000,3.000000,0.100888
-0.661261,1.000000,3.000000,0.100888
-0.660561,1.000000,3.000000,0.100888
-0.659860,1.000000,3.000000,0.100888
-0.659159,1.000000,3.000000,0.100888
-0.658458,1.000000,3.000000,0.100888
-0.657758,1.000000,3.000000,0.100888
-0.657057,1.000000,3.000000,0.100888
-0.656356,1.000000,3.000000,0.100888
-0.655656,1.000000,3.000000,0.100888
-0.654955,1.000000,3.000000,0.100888
-0.654254,1.000000,3.000000,0.100888
-0.653554,1.000000,3.000000,0.100888
-0.652853,1.000000,3.000000,0.100888
-0.652152,1.000000,3.000000,0.100888
-0.651451,1.000000,3.000000,0.100888
-0.650751,1.000000,3.000000,0.100888
-0.650050,1.000000,3.000000,0.100888
-0.649349,1.000000,3.000000,0.100888
-0.648649,1.000000,3.000000,0.100888
-0.647948,1.000000,3.000000,0.100888
-0.647247,1.000000,3.000000,0.100888
-0.646547,1.000000,3.000000,0.100888
-0.645846,1.000000,3.000000,0.100888
-0.645145,1.000000,3.000000,0.100888
-0.644444,1.000000,3.000000,0.100888
-0.643744,1.000000,3.000000,0.100888
-0.643043,1.000000,3.000000,0.100888
-0.642342,1.000000,3.000000,0.100888
-0.641642,1.000000,3.000000,0.100888
-0.640941,1.000000,3.000000,0.100888
-0.640240,1.000000,3.000000,0.100888
-0.639540,1.000000,3.000000,0.100888
-0.638839,1.000000,3.000000,0.100888
-0.638138,1.000000,3.000000,0.100888
-0.637437,1.000000,3.000000,0.100888
-0.636737,1.000000,3.000000,0.100888
-0.636036,1.000000,3.000000,0.100888
-0.635335,1.000000,3.000000,0.100888
-0.634635,1.000000,3.000000,0.100888
-0.633934,1.000000,3.000000,0.100888
-0.633233,1.000000,3.000000,0.100888
-0.632533,1.000000,3.000000,0.100888
-0.631832,1.000000,3.000000,0.100888
-0.631131,1.000000,3.000000,0.100888
-0.630430,1.000000,3.000000,0.100888
-0.629730,1.000000,3.000000,0.100889
-0.629029,1.000000,3.000000,0.100889
-0.628328,1.000000,3.000000,0.100889
-0.627628,1.000000,3.000000,0.100889
-0.626927,1.000000,3.000000,0.100889
-0.626226,1.000000,3.000000,0.100889
-0.625526,1.000000,3.000000,0.100889
-0.624825,1.000000,3.000000,0.100889
-0.624124,1.000000,3.000000,0.100889
-0.623423,1.000000,3.000000,0.100889
-0.622723,1.000000,3.000000,0.100889
-0.622022,1.000000,3.000000,0.100889
-0.621321,1.000000,3.000000,0.100889
-0.620621,1.000000,3.000000,0.100889
-0.619920,1.000000,3.000000,0.100889
-0.619219,1.000000,3.000000,0.100889
-0.618519,1.000000,3.000000,0.100889
-0.617818,1.000000,3.000000,0.100889
-0.617117,1.000000,3.000000,0.100889
-0.616416,1.000000,3.000000,0.100889
-0.615716,1.000000,3.000000,0.100889
-0.615015,1.000000,3.000000,0.100889
-0.614314,1.000000,3.000000,0.100889
-0.613614,1.000000,3.000000,0.100889
-0.612913,1.000000,3.000000,0.100889
-0.612212,1.000000,3.000000,0.100889
-0.611512,1.000000,3.000000,0.100889
-0.610811,1.000000,3.000000,0.100889
-0.610110,1.000000,3.000000,0.100889
-0.609409,1.000000,3.000000,0.100889
-0.608709,1.000000,3.000000,0.100889
-0.608008,1.000000,3.000000,0.100889
-0.607307,1.000000,3.000000,0.100889
-0.606607,1.000000,3.000000,0.100889
-0.605906,1.000000,3.000000,0.100889
-0.605205,1.000000,3.000000,0.100889
-0.604505,1.000000,3.000000,0.100889
-0.603804,1.000000,3.000000,0.100889
-0.603103,1.000000,3.000000,0.100889
-0.602402,1.000000,3.000000,0.100889
-0.601702,1.000000,3.000000,0.100889
-0.601001,1.000000,3.000000,0.100889
-0.600300,1.000000,3.000000,0.100889
-0.599600,1.000000,3.000000,0.100889
-0.598899,1.000000,3.000000,0.100889
-0.598198,1.000000,3.000000,0.100889
-0.597497,1.000000,3.000000,0.100889
-0.596797,1.000000,3.000000,0.100889
-0.596096,1.000000,3.000000,0.100889
-0.595395,1.000000,3.000000,0.100889
-0.594695,1.000000,3.000000,0.100889
-0.593994,1.000000,3.000000,0.100889
-0.593293,1.000000,3.000000,0.100889
-0.592593,1.000000,3.000000,0.100889
-0.591892,1.000000,3.000000,0.100889
-0.591191,1.000000,3.000000,0.100889
-0.590490,1.000000,3.000000,0.100889
-0.589790,1.000000,3.000000,0.100889
-0.589089,1.000000,3.000000,0.100889
-0.588388,1.000000,3.000000,0.100889
-0.587688,1.000000,3.000000,0.100890
-0.586987,1.000000,3.000000,0.100890
-0.586286,1.000000,3.000000,0.100890
-0.585586,1.000000,3.000000,0.100890
-0.584885,1.000000,3.000000,0.100890
-0.584184,1.000000,3.000000,0.100890
-0.583483,1.000000,3.000000,0.100890
-0.582783,1.000000,3.000000,0.100890
-0.582082,1.000000,3.000000,0.100890
-0.581381,1.000000,3.000000,0.100890
-0.580681,1.000000,3.000000,0.100890
-0.579980,1.000000,3.000000,0.100890
-0.579279,1.000000,3.000000,0.100890
-0.578579,1.000000,3.000000,0.100890
-0.577878,1.000000,3.000000,0.100890
-0.577177,1.000000,3.000000,0.100890
-0.576476,1.000000,3.000000,0.100890
-0.575776,1.000000,3.000000,0.100890
-0.575075,1.000000,3.000000,0.100890
-0.574374,1.000000,3.000000,0.100890
-0.573674,1.000000,3.000000,0.100890
-0.572973,1.000000,3.000000,0.100890
-0.572272,1.000000,3.000000,0.100890
-0.571572,1.000000,3.000000,0.100890
-0.570871,1.000000,3.000000,0.100890
-0.570170,1.000000,3.000000,0.100890
-0.569469,1.000000,3.000000,0.100890
-0.568769,1.000000,3.000000,0.100890
-0.568068,1.000000,3.000000,0.100890
-0.567367,1.000000,3.000000,0.100890
-0.566667,1.000000,3.000000,0.100890
-0.565966,1.000000,3.000000,0.100890
-0.565265,1.000000,3.000000,0.100890
-0.564565,1.000000,3.000000,0.100890
-0.563864,1.000000,3.000000,0.100890
-0.563163,1.000000,3.000000,0.100890
-0.562462,1.000000,3.000000,0.100890
-0.561762,1.000000,3.000000,0.100890
-0.561061,1.000000,3.000000,0.100890
-0.560360,1.000000,3.000000,0.100890
-0.559660,1.000000,3.000000,0.100890
-0.558959,1.000000,3.000000,0.100891
-0.558258,1.000000,3.000000,0.100891
-0.557558,1.000000,3.000000,0.100891
-0.556857,1.000000,3.000000,0.100891
-0.556156,1.000000,3.000000,0.100891
-0.555455,1.000000,3.000000,0.100891
-0.554755,1.000000,3.000000,0.100891
-0.554054,1.000000,3.000000,0.100891
-0.553353,1.000000,3.000000,0.100891
-0.552653,1.000000,3.000000,0.100891
-0.551952,1.000000,3.000000,0.100891
-0.551251,1.000000,3.000000,0.100891
-0.550551,1.000000,3.000000,0.100891
-0.549850,1.000000,3.000000,0.100891
-0.549149,1.000000,3.000000,0.100891
-0.548448,1.000000,3.000000,0.100891
-0.547748,1.000000,3.000000,0.100891
-0.547047,1.000000,3.000000,0.100891
-0.546346,1.000000,3.000000,0.100891
-0.545646,1.000000,3.000000,0.100891
-0.544945,1.000000,3.000000,0.100891
-0.544244,1.000000,3.000000,0.100891
-0.543544,1.000000,3.000000,0.100891
-0.542843,1.000000,3.000000,0.100891
-0.542142,1.000000,3.000000,0.100891
-0.541441,1.000000,3.000000,0.100891
-0.540741,1.000000,3.000000,0.100891
-0.540040,1.000000,3.000000,0.100891
-0.539339,1.000000,3.000000,0.100891
-0.538639,1.000000,3.000000,0.100891
-0.537938,1.000000,3.000000,0.100891
-0.537237,1.000000,3.000000,0.100891
-0.536537,1.000000,3.000000,0.100892
-0.535836,1.000000,3.000000,0.100892
-0.535135,1.000000,3.000000,0.100892
-0.534434,1.000000,3.000000,0.100892
-0.533734,1.000000,3.000000,0.100892
-0.533033,1.000000,3.000000,0.100892
-0.532332,1.000000,3.000000,0.100892
-0.531632,1.000000,3.000000,0.100892
-0.530931,1.000000,3.000000,0.100892
-0.530230,1.000000,3.000000,0.100892
-0.529530,1.000000,3.000000,0.100892
-0.528829,1.000000,3.000000,0.100892
-0.528128,1.000000,3.000000,0.100892
-0.527427,1.000000,3.000000,0.100892
-0.526727,1.000000,3.000000,0.100892
-0.526026,1.000000,3.000000,0.100892
-0.525325,1.000000,3.000000,0.100892
-0.524625,1.000000,3.000000,0.100892
-0.523924,1.000000,3.000000,0.100892
-0.523223,1.000000,3.000000,0.100892
-0.522523,1.000000,3.000000,0.100892
-0.521822,1.000000,3.000000,0.100892
-0.521121,1.000000,3.000000,0.100892
-0.520420,1.000000,3.000000,0.100892
-0.519720,1.000000,3.000000,0.100892
-0.519019,1.000000,3.000000,0.100893
-0.518318,1.000000,3.000000,0.100893
-0.517618,1.000000,3.000000,0.100893
-0.516917,1.000000,3.000000,0.100893
-0.516216,1.000000,3.000000,0.100893
-0.515516,1.000000,3.000000,0.100893
-0.514815,1.000000,3.000000,0.100893
-0.514114,1.000000,3.000000,0.100893
-0.513413,1.000000,3.000000,0.100893
-0.512713,1.000000,3.000000,0.100893
-0.512012,1.000000,3.000000,0.100893
-0.511311,1.000000,3.000000,0.100893
-0.510611,1.000000,3.000000,0.100893
-0.509910,1.000000,3.000000,0.100893
-0.509209,1.000000,3.000000,0.100893
-0.508509,1.000000,3.000000,0.100893
-0.507808,1.000000,3.000000,0.100893
-0.507107,1.000000,3.000000,0.100893
-0.506406,1.000000,3.000000,0.100893
-0.505706,1.000000,3.000000,0.100893
-0.505005,1.000000,3.000000,0.100893
-0.504304,1.000000,3.000000,0.100894
-0.503604,1.000000,3.000000,0.100894
-0.502903,1.000000,3.000000,0.100894
-0.502202,1.000000,3.000000,0.100894
-0.501502,1.000000,3.000000,0.100894
-0.500801,1.000000,3.000000,0.100894
-0.500100,1.000000,3.000000,0.100894
-0.499399,1.000000,3.000000,0.100894
-0.498699,1.000000,3.000000,0.100894
-0.497998,1.000000,3.000000,0.100894
-0.497297,1.000000,3.000000,0.100894
-0.496597,1.000000,3.000000,0.100894
-0.495896,1.000000,3.000000,0.100894
-0.495195,1.000000,3.000000,0.100894
-0.494494,1.000000,3.000000,0.100894
-0.493794,1.000000,3.000000,0.100894
-0.493093,1.000000,3.000000,0.100894
-0.492392,1.000000,3.000000,0.100894
-0.491692,1.000000,3.000000,0.100895
-0.490991,1.000000,3.000000,0.100895
-0.490290,1.000000,3.000000,0.100895
-0.489590,1.000000,3.000000,0.100895
-0.488889,1.000000,3.000000,0.100895
-0.488188,1.000000,3.000000,0.100895
-0.487487,1.000000,3.000000,0.100895
-0.486787,1.000000,3.000000,0.100895
-0.486086,1.000000,3.000000,0.100895
-0.485385,1.000000,3.000000,0.100895
-0.484685,1.000000,3.000000,0.100895
-0.483984,1.000000,3.000000,0.100895
-0.483283,1.000000,3.000000,0.100895
-0.482583,1.000000,3.000000,0.100895
-0.481882,1.000000,3.000000,0.100895
-0.481181,1.000000,3.000000,0.100896
-0.480480,1.000000,3.000000,0.100896
-0.479780,1.000000,3.000000,0.100896
-0.479079,1.000000,3.000000,0.100896
-0.478378,1.000000,3.000000,0.100896
-0.477678,1.000000,3.000000,0.100896
-0.476977,1.000000,3.000000,0.100896
-0.476276,1.000000,3.000000,0.100896
-0.475576,1.000000,3.000000,0.100896
-0.474875,1.000000,3.000000,0.100896
-0.474174,1.000000,3.000000,0.100896
-0.473473,1.000000,3.000000,0.100896
-0.472773,1.000000,3.000000,0.100896
-0.472072,1.000000,3.000000,0.100896
-0.471371,1.000000,3.000000,0.100897
-0.470671,1.000000,3.000000,0.100897
-0.469970,1.000000,3.000000,0.100897
-0.469269,1.000000,3.000000,0.100897
-0.468569,1.000000,3.000000,0.100897
-0.467868,1.000000,3.000000,0.100897
-0.467167,1.000000,3.000000,0.100897
-0.466466,1.000000,3.000000,0.100897
-0.465766,1.000000,3.000000,0.100897
-0.465065,1.000000,3.000000,0.100897
-0.464364,1.000000,3.000000,0.100897
-0.463664,1.000000,3.000000,0.100897
-0.462963,1.000000,3.000000,0.100898
-0.462262,1.000000,3.000000,0.100898
-0.461562,1.000000,3.000000,0.100898
-0.460861,1.000000,3.000000,0.100898
-0.460160,1.000000,3.000000,0.100898
-0.459459,1.000000,3.000000,0.100898
-0.458759,1.000000,3.000000,0.100898
-0.458058,1.000000,3.000000,0.100898
-0.457357,1.000000,3.000000,0.100898
-0.456657,1.000000,3.000000,0.100898
-0.455956,1.000000,3.000000,0.100898
-0.455255,1.000000,3.000000,0.100899
-0.454555,1.000000,3.000000,0.100899
-0.453854,1.000000,3.000000,0.100899
-0.453153,1.000000,3.000000,0.100899
-0.452452,1.000000,3.000000,0.100899
-0.451752,1.000000,3.000000,0.100899
-0.451051,1.000000,3.000000,0.100899
-0.450350,1.000000,3.000000,0.100899
-0.449650,1.000000,3.000000,0.100899
-0.448949,1.000000,3.000000,0.100899
-0.448248,1.000000,3.000000,0.100900
-0.447548,1.000000,3.000000,0.100900
-0.446847,1.000000,3.000000,0.100900
-0.446146,1.000000,3.000000,0.100900
-0.445445,1.000000,3.000000,0.100900
-0.444745,1.000000,3.000000,0.100900
-0.444044,1.000000,3.000000,0.100900
-0.443343,1.000000,3.000000,0.100900
-0.442643,1.000000,3.000000,0.100900
-0.441942,1.000000,3.000000,0.100901
-0.441241,1.000000,3.000000,0.100901
-0.440541,1.000000,3.000000,0.100901
-0.439840,1.000000,3.000000,0.100901
-0.439139,1.000000,3.000000,0.100901
-0.438438,1.000000,3.000000,0.100901
-0.437738,1.000000,3.000000,0.100901
-0.437037,1.000000,3.000000,0.100901
-0.436336,1.000000,3.000000,0.100902
-0.435636,1.000000,3.000000,0.100902
-0.434935,1.000000,3.000000,0.100902
-0.434234,1.000000,3.000000,0.100902
-0.433534,1.000000,3.000000,0.100902
-0.432833,1.000000,3.000000,0.100902
-0.432132,1.000000,3.000000,0.100902
-0.431431,1.000000,3.000000,0.100902
-0.430731,1.000000,3.000000,0.100903
-0.430030,1.000000,3.000000,0.100903
-0.429329,1.000000,3.000000,0.100903
-0.428629,1.000000,3.000000,0.100903
-0.427928,1.000000,3.000000,0.100903
-0.427227,1.000000,3.000000,0.100903
-0.426527,1.000000,3.000000,0.100903
-0.425826,1.000000,3.000000,0.100903
-0.425125,1.000000,3.000000,0.100904
-0.424424,1.000000,3.000000,0.100904
-0.423724,1.000000,3.000000,0.100904
-0.423023,1.000000,3.000000,0.100904
-0.422322,1.000000,3.000000,0.100904
-0.421622,1.000000,3.000000,0.100904
-0.420921,1.000000,3.000000,0.100905
-0.420220,1.000000,3.000000,0.100905
-0.419520,1.000000,3.000000,0.100905
-0.418819,1.000000,3.000000,0.100905
-0.418118,1.000000,3.000000,0.100905
-0.417417,1.000000,3.000000,0.100905
-0.416717,1.000000,3.000000,0.100905
-0.416016,1.000000,3.000000,0.100906
-0.415315,1.000000,3.000000,0.100906
-0.414615,1.000000,3.000000,0.100906
-0.413914,1.000000,3.000000,0.100906
-0.413213,1.000000,3.000000,0.100906
-0.412513,1.000000,3.000000,0.100906
-0.411812,1.000000,3.000000,0.100907
-0.411111,1.000000,3.000000,0.100907
-0.410410,1.000000,3.000000,0.100907
-0.409710,1.000000,3.000000,0.100907
-0.409009,1.000000,3.000000,0.100907
-0.408308,1.000000,3.000000,0.100907
-0.407608,1.000000,3.000000,0.100908
-0.406907,1.000000,3.000000,0.100908
-0.406206,1.000000,3.000000,0.100908
-0.405506,1.000000,3.000000,0.100908
-0.404805,1.000000,3.000000,0.100908
-0.404104,1.000000,3.000000,0.100909
-0.403403,1.000000,3.000000,0.100909
-0.402703,1.000000,3.000000,0.100909
-0.402002,1.000000,3.000000,0.100909
-0.401301,1.000000,3.000000,0.100909
-0.400601,1.000000,3.000000,0.100910
-0.399900,1.000000,3.000000,0.100910
-0.399199,1.000000,3.000000,0.100910
-0.398498,1.000000,3.000000,0.100910
-0.397798,1.000000,3.000000,0.100910
-0.397097,1.000000,3.000000,0.100911
-0.396396,1.000000,3.000000,0.100911
-0.395696,1.000000,3.000000,0.100911
-0.394995,1.000000,3.000000,0.100911
-0.394294,1.000000,3.000000,0.100911
-0.393594,1.000000,3.000000,0.100912
-0.392893,1.000000,3.000000,0.100912
-0.392192,1.000000,3.000000,0.100912
-0.391491,1.000000,3.000000,0.100912
-0.390791,1.000000,3.000000,0.100913
-0.390090,1.000000,3.000000,0.100913
-0.389389,1.000000,3.000000,0.100913
-0.388689,1.000000,3.000000,0.100913
-0.387988,1.000000,3.000000,0.100913
-0.387287,1.000000,3.000000,0.100914
-0.386587,1.000000,3.000000,0.100914
-0.385886,1.000000,3.000000,0.100914
-0.385185,1.000000,3.000000,0.100914
-0.384484,1.000000,3.000000,0.100915
-0.383784,1.000000,3.000000,0.100915
-0.383083,1.000000,3.000000,0.100915
-0.382382,1.000000,3.000000,0.100915
-0.381682,1.000000,3.000000,0.100916
-0.380981,1.000000,3.000000,0.100916
-0.380280,1.000000,3.000000,0.100916
-0.379580,1.000000,3.000000,0.100916
-0.378879,1.000000,3.000000,0.100917
-0.378178,1.000000,3.000000,0.100917
-0.377477,1.000000,3.000000,0.100917
-0.376777,1.000000,3.000000,0.100918
-0.376076,1.000000,3.000000,0.100918
-0.375375,1.000000,3.000000,0.100918
-0.374675,1.000000,3.000000,0.100918
-0.373974,1.000000,3.000000,0.100919
-0.373273,1.000000,3.000000,0.100919
-0.372573,1.000000,3.000000,0.100919
-0.371872,1.000000,3.000000,0.100920
-0.371171,1.000000,3.000000,0.100920
-0.370470,1.000000,3.000000,0.100920
-0.369770,1.000000,3.000000,0.100920
-0.369069,1.000000,3.000000,0.100921
-0.368368,1.000000,3.000000,0.100921
-0.367668,1.000000,3.000000,0.100921
-0.366967,1.000000,3.000000,0.100922
-0.366266,1.000000,3.000000,0.100922
-0.365566,1.000000,3.000000,0.100922
-0.364865,1.000000,3.000000,0.100923
-0.364164,1.000000,3.000000,0.100923
-0.363463,1.000000,3.000000,0.100923
-0.362763,1.000000,3.000000,0.100924
-0.362062,1.000000,3.000000,0.100924
-0.361361,1.000000,3.000000,0.100924
-0.360661,1.000000,3.000000,0.100925
-0.359960,1.000000,3.000000,0.100925
-0.359259,1.000000,3.000000,0.100925
-0.358559,1.000000,3.000000,0.100926
-0.357858,1.000000,3.000000,0.100926
-0.357157,1.000000,3.000000,0.100926
-0.356456,1.000000,3.000000,0.100927
-0.355756,1.000000,3.000000,0.100927
-0.355055,1.000000,3.000000,0.100928
-0.354354,1.000000,3.000000,0.100928
-0.353654,1.000000,3.000000,0.100928
-0.352953,1.000000,3.000000,0.100929
-0.352252,1.000000,3.000000,0.100929
-0.351552,1.000000,3.000000,0.100930
-0.350851,1.000000,3.000000,0.100930
-0.350150,1.000000,3.000000,0.100930
-0.349449,1.000000,3.000000,0.100931
-0.348749,1.000000,3.000000,0.100931
-0.348048,1.000000,3.000000,0.100932
-0.347347,1.000000,3.000000,0.100932
-0.346647,1.000000,3.000000,0.100932
-0.345946,1.000000,3.000000,0.100933
-0.345245,1.000000,3.000000,0.100933
-0.344545,1.000000,3.000000,0.100934
-0.343844,1.000000,3.000000,0.100934
-0.343143,1.000000,3.000000,0.100935
-0.342442,1.000000,3.000000,0.100935
-0.341742,1.000000,3.000000,0.100935
-0.341041,1.000000,3.000000,0.100936
-0.340340,1.000000,3.000000,0.100936
-0.339640,1.000000,3.000000,0.100937
-0.338939,1.000000,3.000000,0.100937
-0.338238,1.000000,3.000000,0.100938
-0.337538,1.000000,3.000000,0.100938
-0.336837,1.000000,3.000000,0.100939
-0.336136,1.000000,3.000000,0.100939
-0.335435,1.000000,3.000000,0.100940
-0.334735,1.000000,3.000000,0.100940
-0.334034,1.000000,3.000000,0.100941
-0.333333,1.000000,3.000000,0.100941
-0.332633,1.000000,3.000000,0.100942
-0.331932,1.000000,3.000000,0.100942
-0.331231,1.000000,3.000000,0.100943
-0.330531,1.000000,3.000000,0.100943
-0.329830,1.000000,3.000000,0.100944
-0.329129,1.000000,3.000000,0.100945
-0.328428,1.000000,3.000000,0.100945
-0.327728,1.000000,3.000000,0.100946
-0.327027,1.000000,3.000000,0.100946
-0.326326,1.000000,3.000000,0.100947
-0.325626,1.000000,3.000000,0.100947
-0.324925,1.000000,3.000000,0.100948
-0.324224,1.000000,3.000000,0.100949
-0.323524,1.000000,3.000000,0.100949
-0.322823,1.000000,3.000000,0.100950
-0.322122,1.000000,3.000000,0.100950
-0.321421,1.000000,3.000000,0.100951
-0.320721,1.000000,3.000000,0.100952
-0.320020,1.000000,3.000000,0.100952
-0.319319,1.000000,3.000000,0.100953
-0.318619,1.000000,3.000000,0.100954
-0.317918,1.000000,3.000000,0.100954
-0.317217,1.000000,3.000000,0.100955
-0.316517,1.000000,3.000000,0.100955
-0.315816,1.000000,3.000000,0.100956
-0.315115,1.000000,3.000000,0.100957
-0.314414,1.000000,3.000000,0.100958
-0.313714,1.000000,3.000000,0.100958
-0.313013,1.000000,3.000000,0.100959
-0.312312,1.000000,3.000000,0.100960
-0.311612,1.000000,3.000000,0.100960
-0.310911,1.000000,3.000000,0.100961
-0.310210,1.000000,3.000000,0.100962
-0.309510,1.000000,3.000000,0.100963
-0.308809,1.000000,3.000000,0.100963
-0.308108,1.000000,3.000000,0.100964
-0.307407,1.000000,3.000000,0.100965
-0.306707,1.000000,3.000000,0.100966
-0.306006,1.000000,3.000000,0.100966
-0.305305,1.000000,3.000000,0.100967
-0.304605,1.000000,3.000000,0.100968
-0.303904,1.000000,3.000000,0.100969
-0.303203,1.000000,3.000000,0.100970
-0.302503,1.000000,3.000000,0.100970
-0.301802,1.000000,3.000000,0.100971
-0.301101,1.000000,3.000000,0.100972
-0.300400,1.000000,3.000000,0.100973
-0.299700,1.000000,3.000000,0.100974
-0.298999,1.000000,3.000000,0.100975
-0.298298,1.000000,3.000000,0.100976
-0.297598,1.000000,3.000000,0.100977
-0.296897,1.000000,3.000000,0.100978
-0.296196,1.000000,3.000000,0.100978
-0.295495,1.000000,3.000000,0.100979
-0.294795,1.000000,3.000000,0.100980
-0.294094,1.000000,3.000000,0.100981
-0.293393,1.000000,3.000000,0.100982
-0.292693,1.000000,3.000000,0.100983
-0.291992,1.000000,3.000000,0.100984
-0.291291,1.000000,3.000000,0.100985
-0.290591,1.000000,3.000000,0.100986
-0.289890,1.000000,3.000000,0.100987
-0.289189,1.000000,3.000000,0.100988
-0.288488,1.000000,3.000000,0.100989
-0.287788,1.000000,3.000000,0.100990
-0.287087,1.000000,3.000000,0.100991
-0.286386,1.000000,3.000000,0.100992
-0.285686,1.000000,3.000000,0.100994
-0.284985,1.000000,3.000000,0.100995
-0.284284,1.000000,3.000000,0.100996
-0.283584,1.000000,3.000000,0.100997
-0.282883,1.000000,3.000000,0.100998
-0.282182,1.000000,3.000000,0.100999
-0.281481,1.000000,3.000000,0.101000
-0.280781,1.000000,3.000000,0.101002
-0.280080,1.000000,3.000000,0.101003
-0.279379,1.000000,3.000000,0.101004
-0.278679,1.000000,3.000000,0.101005
-0.277978,1.000000,3.000000,0.101007
-0.277277,1.000000,3.000000,0.101008
-0.276577,1.000000,3.000000,0.101009
-0.275876,1.000000,3.000000,0.101010
-0.275175,1.000000,3.000000,0.101012
-0.274474,1.000000,3.000000,0.101013
-0.273774,1.000000,3.000000,0.101014
-0.273073,1.000000,3.000000,0.101016
-0.272372,1.000000,3.000000,0.101017
-0.271672,1.000000,3.000000,0.101018
-0.270971,1.000000,3.000000,0.101020
-0.270270,1.000000,3.000000,0.101021
-0.269570,1.000000,3.000000,0.101023
-0.268869,1.000000,3.000000,0.101024
-0.268168,1.000000,3.000000,0.101026
-0.267467,1.000000,3.000000,0.101027
-0.266767,1.000000,3.000000,0.101029
-0.266066,1.000000,3.000000,0.101030
-0.265365,1.000000,3.000000,0.101032
-0.264665,1.000000,3.000000,0.101033
-0.263964,1.000000,3.000000,0.101035
-0.263263,1.000000,3.000000,0.101036
-0.262563,1.000000,3.000000,0.101038
-0.261862,1.000000,3.000000,0.101040
-0.261161,1.000000,3.000000,0.101041
-0.260460,1.000000,3.000000,0.101043
-0.259760,1.000000,3.000000,0.101045
-0.259059,1.000000,3.000000,0.101047
-0.258358,1.000000,3.000000,0.101048
-0.257658,1.000000,3.000000,0.101050
-0.256957,1.000000,3.000000,0.101052
-0.256256,1.000000,3.000000,0.101054
-0.255556,1.000000,3.000000,0.101056
-0.254855,1.000000,3.000000,0.101058
-0.254154,1.000000,3.000000,0.101059
-0.253453,1.000000,3.000000,0.101061
-0.252753,1.000000,3.000000,0.101063
-0.252052,1.000000,3.000000,0.101065
-0.251351,1.000000,3.000000,0.101067
-0.250651,1.000000,3.000000,0.101069
-0.249950,1.000000,3.000000,0.101071
-0.249249,1.000000,3.000000,0.101074
-0.248549,1.000000,3.000000,0.101076
-0.247848,1.000000,3.000000,0.101078
-0.247147,1.000000,3.000000,0.101080
-0.246446,1.000000,3.000000,0.101082
-0.245746,1.000000,3.000000,0.101084
-0.245045,1.000000,3.000000,0.101087
-0.244344,1.000000,3.000000,0.101089
-0.243644,1.000000,3.000000,0.101091
-0.242943,1.000000,3.000000,0.101094
-0.242242,1.000000,3.000000,0.101096
-0.241542,1.000000,3.000000,0.101098
-0.240841,1.000000,3.000000,0.101101
-0.240140,1.000000,3.000000,0.101103
-0.239439,1.000000,3.000000,0.101106
-0.238739,1.000000,3.000000,0.101109
-0.238038,1.000000,3.000000,0.101111
-0.237337,1.000000,3.000000,0.101114
-0.236637,1.000000,3.000000,0.101116
-0.235936,1.000000,3.000000,0.101119
-0.235235,1.000000,3.000000,0.101122
-0.234535,1.000000,3.000000,0.101125
-0.233834,1.000000,3.000000,0.101127
-0.233133,1.000000,3.000000,0.101130
-0.232432,1.000000,3.000000,0.101133
-0.231732,1.000000,3.000000,0.101136
-0.231031,1.000000,3.000000,0.101139
-0.230330,1.000000,3.000000,0.101142
-0.229630,1.000000,3.000000,0.101145
-0.228929,1.000000,3.000000,0.101148
-0.228228,1.000000,3.000000,0.101152
-0.227528,1.000000,3.000000,0.101155
-0.226827,1.000000,3.000000,0.101158
-0.226126,1.000000,3.000000,0.101161
-0.225425,1.000000,3.000000,0.101165
-0.224725,1.000000,3.000000,0.101168
-0.224024,1.000000,3.000000,0.101172
-0.223323,1.000000,3.000000,0.101175
-0.222623,1.000000,3.000000,0.101179
-0.221922,1.000000,3.000000,0.101182
-0.221221,1.000000,3.000000,0.101186
-0.220521,1.000000,3.000000,0.101190
-0.219820,1.000000,3.000000,0.101194
-0.219119,1.000000,3.000000,0.101197
-0.218418,1.000000,3.000000,0.101201
-0.217718,1.000000,3.000000,0.101205
-0.217017,1.000000,3.000000,0.101209
-0.216316,1.000000,3.000000,0.101213
-0.215616,1.000000,3.000000,0.101218
-0.214915,1.000000,3.000000,0.101222
-0.214214,1.000000,3.000000,0.101226
-0.213514,1.000000,3.000000,0.101230
-0.212813,1.000000,3.000000,0.101235
-0.212112,1.000000,3.000000,0.101239
-0.211411,1.000000,3.000000,0.101244
-0.210711,1.000000,3.000000,0.101249
-0.210010,1.000000,3.000000,0.101253
-0.209309,1.000000,3.000000,0.101258
-0.208609,1.000000,3.000000,0.101263
-0.207908,1.000000,3.000000,0.101268
-0.207207,1.000000,3.000000,0.101273
-0.206507,1.000000,3.000000,0.101278
-0.205806,1.000000,3.000000,0.101283
-0.205105,1.000000,3.000000,0.101288
-0.204404,1.000000,3.000000,0.101294
-0.203704,1.000000,3.000000,0.101299
-0.203003,1.000000,3.000000,0.101305
-0.202302,1.000000,3.000000,0.101310
-0.201602,1.000000,3.000000,0.101316
-0.200901,1.000000,3.000000,0.101322
-0.200200,1.000000,3.000000,0.101328
-0.199499,1.000000,3.000000,0.101334
-0.198799,1.000000,3.000000,0.101340
-0.198098,1.000000,3.000000,0.101346
-0.197397,1.000000,3.000000,0.101353
-0.196697,1.000000,3.000000,0.101359
-0.195996,1.000000,3.000000,0.101366
-0.195295,1.000000,3.000000,0.101372
-0.194595,1.000000,3.000000,0.101379
-0.193894,1.000000,3.000000,0.101386
-0.193193,1.000000,3.000000,0.101393
-0.192492,1.000000,3.000000,0.101400
-0.191792,1.000000,3.000000,0.101408
-0.191091,1.000000,3.000000,0.101415
-0.190390,1.000000,3.000000,0.101423
-0.189690,1.000000,3.000000,0.101430
-0.188989,1.000000,3.000000,0.101438
-0.188288,1.000000,3.000000,0.101446
-0.187588,1.000000,3.000000,0.101454
-0.186887,1.000000,3.000000,0.101463
-0.186186,1.000000,3.000000,0.101471
-0.185485,1.000000,3.000000,0.101480
-0.184785,1.000000,3.000000,0.101488
-0.184084,1.000000,3.000000,0.101497
-0.183383,1.000000,3.000000,0.101507
-0.182683,1.000000,3.000000,0.101516
-0.181982,1.000000,3.000000,0.101525
-0.181281,1.000000,3.000000,0.101535
-0.180581,1.000000,3.000000,0.101545
-0.179880,1.000000,3.000000,0.101555
-0.179179,1.000000,3.000000,0.101565
-0.178478,1.000000,3.000000,0.101575
-0.177778,1.000000,3.000000,0.101586
-0.177077,1.000000,3.000000,0.101597
-0.176376,1.000000,3.000000,0.101608
-0.175676,1.000000,3.000000,0.101619
-0.174975,1.000000,3.000000,0.101630
-0.174274,1.000000,3.000000,0.101642
-0.173574,1.000000,3.000000,0.101654
-0.172873,1.000000,3.000000,0.101666
-0.172172,1.000000,3.000000,0.101679
-0.171471,1.000000,3.000000,0.101691
-0.170771,1.000000,3.000000,0.101704
-0.170070,1.000000,3.000000,0.101717
-0.169369,1.000000,3.000000,0.101731
-0.168669,1.000000,3.000000,0.101744
-0.167968,1.000000,3.000000,0.101759
-0.167267,1.000000,3.000000,0.101773
-0.166567,1.000000,3.000000,0.101787
-0.165866,1.000000,3.000000,0.101802
-0.165165,1.000000,3.000000,0.101818
-0.164464,1.000000,3.000000,0.101833
-0.163764,1.000000,3.000000,0.101849
-0.163063,1.000000,3.000000,0.101865
-0.162362,1.000000,3.000000,0.101882
-0.161662,1.000000,3.000000,0.101899
-0.160961,1.000000,3.000000,0.101916
-0.160260,1.000000,3.000000,0.101934
-0.159560,1.000000,3.000000,0.101952
-0.158859,1.000000,3.000000,0.101971
-0.158158,1.000000,3.000000,0.101990
-0.157457,1.000000,3.000000,0.102009
-0.156757,1.000000,3.000000,0.102029
-0.156056,1.000000,3.000000,0.102049
-0.155355,1.000000,3.000000,0.102070
-0.154655,1.000000,3.000000,0.102091
-0.153954,1.000000,3.000000,0.102113
-0.153253,1.000000,3.000000,0.102135
-0.152553,1.000000,3.000000,0.102157
-0.151852,1.000000,3.000000,0.102181
-0.151151,1.000000,3.000000,0.102204
-0.150450,1.000000,3.000000,0.102229
-0.149750,1.000000,3.000000,0.102253
-0.149049,1.000000,3.000000,0.102279
-0.148348,1.000000,3.000000,0.102305
-0.147648,1.000000,3.000000,0.102332
-0.146947,1.000000,3.000000,0.102359
-0.146246,1.000000,3.000000,0.102387
-0.145546,1.000000,3.000000,0.102416
-0.144845,1.000000,3.000000,0.102445
-0.144144,1.000000,3.000000,0.102475
-0.143443,1.000000,3.000000,0.102506
-0.142743,1.000000,3.000000,0.102538
-0.142042,1.000000,3.000000,0.102570
-0.141341,1.000000,3.000000,0.102603
-0.140641,1.000000,3.000000,0.102637
-0.139940,1.000000,3.000000,0.102672
-0.139239,1.000000,3.000000,0.102708
-0.138539,1.000000,3.000000,0.102745
-0.137838,1.000000,3.000000,0.102782
-0.137137,1.000000,3.000000,0.102821
-0.136436,1.000000,3.000000,0.102860
-0.135736,1.000000,3.000000,0.102901
-0.135035,1.000000,3.000000,0.102942
-0.134334,1.000000,3.000000,0.102985
-0.133634,1.000000,3.000000,0.103029
-0.132933,1.000000,3.000000,0.103074
-0.132232,1.000000,3.000000,0.103120
-0.131532,1.000000,3.000000,0.103168
-0.130831,1.000000,3.000000,0.103216
-0.130130,1.000000,3.000000,0.103266
-0.129429,1.000000,3.000000,0.103317
-0.128729,1.000000,3.000000,0.103370
-0.128028,1.000000,3.000000,0.103424
-0.127327,1.000000,3.000000,0.103480
-0.126627,1.000000,3.000000,0.103537
-0.125926,1.000000,3.000000,0.103595
-0.125225,1.000000,3.000000,0.103655
-0.124525,1.000000,3.000000,0.103717
-0.123824,1.000000,3.000000,0.103781
-0.123123,1.000000,3.000000,0.103846
-0.122422,1.000000,3.000000,0.103913
-0.121722,1.000000,3.000000,0.103982
-0.121021,1.000000,3.000000,0.104053
-0.120320,1.000000,3.000000,0.104126
-0.119620,1.000000,3.000000,0.104201
-0.118919,1.000000,3.000000,0.104278
-0.118218,1.000000,3.000000,0.104357
-0.117518,1.000000,3.000000,0.104439
-0.116817,1.000000,3.000000,0.104523
-0.116116,1.000000,3.000000,0.104609
-0.115415,1.000000,3.000000,0.104697
-0.114715,1.000000,3.000000,0.104789
-0.114014,1.000000,3.000000,0.104882
-0.113313,1.000000,3.000000,0.104979
-0.112613,1.000000,3.000000,0.105078
-0.111912,1.000000,3.000000,0.105180
-0.111211,1.000000,3.000000,0.105285
-0.110511,1.000000,3.000000,0.105393
-0.109810,1.000000,3.000000,0.105505
-0.109109,1.000000,3.000000,0.105619
-0.108408,1.000000,3.000000,0.105737
-0.107708,1.000000,3.000000,0.105858
-0.107007,1.000000,3.000000,0.105983
-0.106306,1.000000,3.000000,0.106112
-0.105606,1.000000,3.000000,0.106244
-0.104905,1.000000,3.000000,0.106380
-0.104204,1.000000,3.000000,0.106520
-0.103504,1.000000,3.000000,0.106664
-0.102803,1.000000,3.000000,0.106813
-0.102102,1.000000,3.000000,0.106966
-0.101401,1.000000,3.000000,0.107123
-0.100701,1.000000,3.000000,0.107285
-0.100000,1.000000,3.000000,0.107452
