-0.800000,0.100000,0.200000,0.058087
-0.799299,0.100000,0.200000,0.058069
-0.798599,0.100000,0.200000,0.058051
-0.797898,0.100000,0.200000,0.058033
-0.797197,0.100000,0.200000,0.058015
-0.796496,0.100000,0.200000,0.057997
-0.795796,0.100000,0.200000,0.057980
-0.795095,0.100000,0.200000,0.057962
-0.794394,0.100000,0.200000,0.057944
-0.793694,0.100000,0.200000,0.057926
-0.792993,0.100000,0.200000,0.057908
-0.792292,0.100000,0.200000,0.057890
-0.791592,0.100000,0.200000,0.057873
-0.790891,0.100000,0.200000,0.057855
-0.790190,0.100000,0.200000,0.057837
-0.789489,0.100000,0.200000,0.057819
-0.788789,0.100000,0.200000,0.057801
-0.788088,0.100000,0.200000,0.057784
-0.787387,0.100000,0.200000,0.057766
-0.786687,0.100000,0.200000,0.057748
-0.785986,0.100000,0.200000,0.057730
-0.785285,0.100000,0.200000,0.057712
-0.784585,0.100000,0.200000,0.057695
-0.783884,0.100000,0.200000,0.057677
-0.783183,0.100000,0.200000,0.057659
-0.782482,0.100000,0.200000,0.057641
-0.781782,0.100000,0.200000,0.057624
-0.781081,0.100000,0.200000,0.057606
-0.780380,0.100000,0.200000,0.057588
-0.779680,0.100000,0.200000,0.057570
-0.778979,0.100000,0.200000,0.057553
-0.778278,0.100000,0.200000,0.057535
-0.777578,0.100000,0.200000,0.057517
-0.776877,0.100000,0.200000,0.057499
-0.776176,0.100000,0.200000,0.057482
-0.775475,0.100000,0.200000,0.057464
-0.774775,0.100000,0.200000,0.057446
-0.774074,0.100000,0.200000,0.057429
-0.773373,0.100000,0.200000,0.057411
-0.772673,0.100000,0.200000,0.057393
-0.771972,0.100000,0.200000,0.057375
-0.771271,0.100000,0.200000,0.057358
-0.770571,0.100000,0.200000,0.057340
-0.769870,0.100000,0.200000,0.057322
-0.769169,0.100000,0.200000,0.057305
-0.768468,0.100000,0.200000,0.057287
-0.767768,0.100000,0.200000,0.057269
-0.767067,0.100000,0.200000,0.057252
-0.766366,0.100000,0.200000,0.057234
-0.765666,0.100000,0.200000,0.057216
-0.764965,0.100000,0.200000,0.057199
-0.764264,0.100000,0.200000,0.057181
-0.763564,0.100000,0.200000,0.057163
-0.762863,0.100000,0.200000,0.057146
-0.762162,0.100000,0.200000,0.057128
-0.761461,0.100000,0.200000,0.057110
-0.760761,0.100000,0.200000,0.057093
-0.760060,0.100000,0.200000,0.057075
-0.759359,0.100000,0.200000,0.057057
-0.758659,0.100000,0.200000,0.057040
-0.757958,0.100000,0.200000,0.057022
-0.757257,0.100000,0.200000,0.057005
-0.756557,0.100000,0.200000,0.056987
-0.755856,0.100000,0.200000,0.056969
-0.755155,0.100000,0.200000,0.056952
-0.754454,0.100000,0.200000,0.056934
-0.753754,0.100000,0.200000,0.056917
-0.753053,0.100000,0.200000,0.056899
-0.752352,0.100000,0.200000,0.056882
-0.751652,0.100000,0.200000,0.056864
-0.750951,0.100000,0.200000,0.056846
-0.750250,0.100000,0.200000,0.056829
-0.749550,0.100000,0.200000,0.056811
-0.748849,0.100000,0.200000,0.056794
-0.748148,0.100000,0.200000,0.056776
-0.747447,0.100000,0.200000,0.056759
-0.746747,0.100000,0.200000,0.056741
-0.746046,0.100000,0.200000,0.056724
-0.745345,0.100000,0.200000,0.056706
-0.744645,0.100000,0.200000,0.056688
-0.743944,0.100000,0.200000,0.056671
-0.743243,0.100000,0.200000,0.056653
-0.742543,0.100000,0.200000,0.056636
-0.741842,0.100000,0.200000,0.056618
-0.741141,0.100000,0.200000,0.056601
-0.740440,0.100000,0.200000,0.056583
-0.739740,0.100000,0.200000,0.056566
-0.739039,0.100000,0.200000,0.056548
-0.738338,0.100000,0.200000,0.056531
-0.737638,0.100000,0.200000,0.056513
-0.736937,0.100000,0.200000,0.056496
-0.736236,0.100000,0.200000,0.056479
-0.735536,0.100000,0.200000,0.056461
-0.734835,0.100000,0.200000,0.056444
-0.734134,0.100000,0.200000,0.056426
-0.733433,0.100000,0.200000,0.056409
-0.732733,0.100000,0.200000,0.056391
-0.732032,0.100000,0.200000,0.056374
-0.731331,0.100000,0.200000,0.056356
-0.730631,0.100000,0.200000,0.056339
-0.729930,0.100000,0.200000,0.056322
-0.729229,0.100000,0.200000,0.056304
-0.728529,0.100000,0.200000,0.056287
-0.727828,0.100000,0.200000,0.056269
-0.727127,0.100000,0.200000,0.056252
-0.726426,0.100000,0.200000,0.056235
-0.725726,0.100000,0.200000,0.056217
-0.725025,0.100000,0.200000,0.056200
-0.724324,0.100000,0.200000,0.056182
-0.723624,0.100000,0.200000,0.056165
-0.722923,0.100000,0.200000,0.056148
-0.722222,0.100000,0.200000,0.056130
-0.721522,0.100000,0.200000,0.056113
-0.720821,0.100000,0.200000,0.056096
-0.720120,0.100000,0.200000,0.056078
-0.719419,0.100000,0.200000,0.056061
-0.718719,0.100000,0.200000,0.056044
-0.718018,0.100000,0.200000,0.056026
-0.717317,0.100000,0.200000,0.056009
-0.716617,0.100000,0.200000,0.055992
-0.715916,0.100000,0.200000,0.055975
-0.715215,0.100000,0.200000,0.055957
-0.714515,0.100000,0.200000,0.055940
-0.713814,0.100000,0.200000,0.055923
-0.713113,0.100000,0.200000,0.055905
-0.712412,0.100000,0.200000,0.055888
-0.711712,0.100000,0.200000,0.055871
-0.711011,0.100000,0.200000,0.055854
-0.710310,0.100000,0.200000,0.055836
-0.709610,0.100000,0.200000,0.055819
-0.708909,0.100000,0.200000,0.055802
-0.708208,0.100000,0.200000,0.055785
-0.707508,0.100000,0.200000,0.055767
-0.706807,0.100000,0.200000,0.055750
-0.706106,0.100000,0.200000,0.055733
-0.705405,0.100000,0.200000,0.055716
-0.704705,0.100000,0.200000,0.055699
-0.704004,0.100000,0.200000,0.055681
-0.703303,0.100000,0.200000,0.055664
-0.702603,0.100000,0.200000,0.055647
-0.701902,0.100000,0.200000,0.055630
-0.701201,0.100000,0.200000,0.055613
-0.700501,0.100000,0.200000,0.055596
-0.699800,0.100000,0.200000,0.055578
-0.699099,0.100000,0.200000,0.055561
-0.698398,0.100000,0.200000,0.055544
-0.697698,0.100000,0.200000,0.055527
-0.696997,0.100000,0.200000,0.055510
-0.696296,0.100000,0.200000,0.055493
-0.695596,0.100000,0.200000,0.055476
-0.694895,0.100000,0.200000,0.055458
-0.694194,0.100000,0.200000,0.055441
-0.693493,0.100000,0.200000,0.055424
-0.692793,0.100000,0.200000,0.055407
-0.692092,0.100000,0.200000,0.055390
-0.691391,0.100000,0.200000,0.055373
-0.690691,0.100000,0.200000,0.055356
-0.689990,0.100000,0.200000,0.055339
-0.689289,0.100000,0.200000,0.055322
-0.688589,0.100000,0.200000,0.055305
-0.687888,0.100000,0.200000,0.055288
-0.687187,0.100000,0.200000,0.055271
-0.686486,0.100000,0.200000,0.055254
-0.685786,0.100000,0.200000,0.055237
-0.685085,0.100000,0.200000,0.055220
-0.684384,0.100000,0.200000,0.055203
-0.683684,0.100000,0.200000,0.055186
-0.682983,0.100000,0.200000,0.055169
-0.682282,0.100000,0.200000,0.055152
-0.681582,0.100000,0.200000,0.055135
-0.680881,0.100000,0.200000,0.055118
-0.680180,0.100000,0.200000,0.055101
-0.679479,0.100000,0.200000,0.055084
-0.678779,0.100000,0.200000,0.055067
-0.678078,0.100000,0.200000,0.055050
-0.677377,0.100000,0.200000,0.055033
-0.676677,0.100000,0.200000,0.055016
-0.675976,0.100000,0.200000,0.054999
-0.675275,0.100000,0.200000,0.054982
-0.674575,0.100000,0.200000,0.054965
-0.673874,0.100000,0.200000,0.054948
-0.673173,0.100000,0.200000,0.054932
-0.672472,0.100000,0.200000,0.054915
-0.671772,0.100000,0.200000,0.054898
-0.671071,0.100000,0.200000,0.054881
-0.670370,0.100000,0.200000,0.054864
-0.669670,0.100000,0.200000,0.054847
-0.668969,0.100000,0.200000,0.054830
-0.668268,0.100000,0.200000,0.054814
-0.667568,0.100000,0.200000,0.054797
-0.666867,0.100000,0.200000,0.054780
-0.666166,0.100000,0.200000,0.054763
-0.665465,0.100000,0.200000,0.054746
-0.664765,0.100000,0.200000,0.054730
-0.664064,0.100000,0.200000,0.054713
-0.663363,0.100000,0.200000,0.054696
-0.662663,0.100000,0.200000,0.054679
-0.661962,0.100000,0.200000,0.054662
-0.661261,0.100000,0.200000,0.054646
-0.660561,0.100000,0.200000,0.054629
-0.659860,0.100000,0.200000,0.054612
-0.659159,0.100000,0.200000,0.054595
-0.658458,0.100000,0.200000,0.054579
-0.657758,0.100000,0.200000,0.054562
-0.657057,0.100000,0.200000,0.054545
-0.656356,0.100000,0.200000,0.054529
-0.655656,0.100000,0.200000,0.054512
-0.654955,0.100000,0.200000,0.054495
-0.654254,0.100000,0.200000,0.054479
-0.653554,0.100000,0.200000,0.054462
-0.652853,0.100000,0.200000,0.054445
-0.652152,0.100000,0.200000,0.054429
-0.651451,0.100000,0.200000,0.054412
-0.650751,0.100000,0.200000,0.054395
-0.650050,0.100000,0.200000,0.054379
-0.649349,0.100000,0.200000,0.054362
-0.648649,0.100000,0.200000,0.054346
-0.647948,0.100000,0.200000,0.054329
-0.647247,0.100000,0.200000,0.054312
-0.646547,0.100000,0.200000,0.054296
-0.645846,0.100000,0.200000,0.054279
-0.645145,0.100000,0.200000,0.054263
-0.644444,0.100000,0.200000,0.054246
-0.643744,0.100000,0.200000,0.054230
-0.643043,0.100000,0.200000,0.054213
-0.642342,0.100000,0.200000,0.054196
-0.641642,0.100000,0.200000,0.054180
-0.640941,0.100000,0.200000,0.054163
-0.640240,0.100000,0.200000,0.054147
-0.639540,0.100000,0.200000,0.054130
-0.638839,0.100000,0.200000,0.054114
-0.638138,0.100000,0.200000,0.054097
-0.637437,0.100000,0.200000,0.054081
-0.636737,0.100000,0.200000,0.054065
-0.636036,0.100000,0.200000,0.054048
-0.635335,0.100000,0.200000,0.054032
-0.634635,0.100000,0.200000,0.054015
-0.633934,0.100000,0.200000,0.053999
-0.633233,0.100000,0.200000,0.053982
-0.632533,0.100000,0.200000,0.053966
-0.631832,0.100000,0.200000,0.053949
-0.631131,0.100000,0.200000,0.053933
-0.630430,0.100000,0.200000,0.053917
-0.629730,0.100000,0.200000,0.053900
-0.629029,0.100000,0.200000,0.053884
-0.628328,0.100000,0.200000,0.053868
-0.627628,0.100000,0.200000,0.053851
-0.626927,0.100000,0.200000,0.053835
-0.626226,0.100000,0.200000,0.053819
-0.625526,0.100000,0.200000,0.053802
-0.624825,0.100000,0.200000,0.053786
-0.624124,0.100000,0.200000,0.053770
-0.623423,0.100000,0.200000,0.053753
-0.622723,0.100000,0.200000,0.053737
-0.622022,0.100000,0.200000,0.053721
-0.621321,0.100000,0.200000,0.053705
-0.620621,0.100000,0.200000,0.053688
-0.619920,0.100000,0.200000,0.053672
-0.619219,0.100000,0.200000,0.053656
-0.618519,0.100000,0.200000,0.053640
-0.617818,0.100000,0.200000,0.053624
-0.617117,0.100000,0.200000,0.053607
-0.616416,0.100000,0.200000,0.053591
-0.615716,0.100000,0.200000,0.053575
-0.615015,0.100000,0.200000,0.053559
-0.614314,0.100000,0.200000,0.053543
-0.613614,0.100000,0.200000,0.053527
-0.612913,0.100000,0.200000,0.053510
-0.612212,0.100000,0.200000,0.053494
-0.611512,0.100000,0.200000,0.053478
-0.610811,0.100000,0.200000,0.053462
-0.610110,0.100000,0.200000,0.053446
-0.609409,0.100000,0.200000,0.053430
-0.608709,0.100000,0.200000,0.053414
-0.608008,0.100000,0.200000,0.053398
-0.607307,0.100000,0.200000,0.053382
-0.606607,0.100000,0.200000,0.053366
-0.605906,0.100000,0.200000,0.053350
-0.605205,0.100000,0.200000,0.053334
-0.604505,0.100000,0.200000,0.053318
-0.603804,0.100000,0.200000,0.053302
-0.603103,0.100000,0.200000,0.053286
-0.602402,0.100000,0.200000,0.053270
-0.601702,0.100000,0.200000,0.053254
-0.601001,0.100000,0.200000,0.053238
-0.600300,0.100000,0.200000,0.053222
-0.599600,0.100000,0.200000,0.053206
-0.598899,0.100000,0.200000,0.053190
-0.598198,0.100000,0.200000,0.053174
-0.597497,0.100000,0.200000,0.053158
-0.596797,0.100000,0.200000,0.053142
-0.596096,0.100000,0.200000,0.053126
-0.595395,0.100000,0.200000,0.053111
-0.594695,0.100000,0.200000,0.053095
-0.593994,0.100000,0.200000,0.053079
-0.593293,0.100000,0.200000,0.053063
-0.592593,0.100000,0.200000,0.053047
-0.591892,0.100000,0.200000,0.053031
-0.591191,0.100000,0.200000,0.053015
-0.590490,0.100000,0.200000,0.053000
-0.589790,0.100000,0.200000,0.052984
-0.589089,0.100000,0.200000,0.052968
-0.588388,0.100000,0.200000,0.052952
-0.587688,0.100000,0.200000,0.052937
-0.586987,0.100000,0.200000,0.052921
-0.586286,0.100000,0.200000,0.052905
-0.585586,0.100000,0.200000,0.052890
-0.584885,0.100000,0.200000,0.052874
-0.584184,0.100000,0.200000,0.052858
-0.583483,0.100000,0.200000,0.052842
-0.582783,0.100000,0.200000,0.052827
-0.582082,0.100000,0.200000,0.052811
-0.581381,0.100000,0.200000,0.052795
-0.580681,0.100000,0.200000,0.052780
-0.579980,0.100000,0.200000,0.052764
-0.579279,0.100000,0.200000,0.052749
-0.578579,0.100000,0.200000,0.052733
-0.577878,0.100000,0.200000,0.052717
-0.577177,0.100000,0.200000,0.052702
-0.576476,0.100000,0.200000,0.052686
-0.575776,0.100000,0.200000,0.052671
-0.575075,0.100000,0.200000,0.052655
-0.574374,0.100000,0.200000,0.052640
-0.573674,0.100000,0.200000,0.052624
-0.572973,0.100000,0.200000,0.052609
-0.572272,0.100000,0.200000,0.052593
-0.571572,0.100000,0.200000,0.052578
-0.570871,0.100000,0.200000,0.052562
-0.570170,0.100000,0.200000,0.052547
-0.569469,0.100000,0.200000,0.052532
-0.568769,0.100000,0.200000,0.052516
-0.568068,0.100000,0.200000,0.052501
-0.567367,0.100000,0.200000,0.052485
-0.566667,0.100000,0.200000,0.052470
-0.565966,0.100000,0.200000,0.052455
-0.565265,0.100000,0.200000,0.052439
-0.564565,0.100000,0.200000,0.052424
-0.563864,0.100000,0.200000,0.052409
-0.563163,0.100000,0.200000,0.052393
-0.562462,0.100000,0.200000,0.052378
-0.561762,0.100000,0.200000,0.052363
-0.561061,0.100000,0.200000,0.052347
-0.560360,0.100000,0.200000,0.052332
-0.559660,0.100000,0.200000,0.052317
-0.558959,0.100000,0.200000,0.052302
-0.558258,0.100000,0.200000,0.052286
-0.557558,0.100000,0.200000,0.052271
-0.556857,0.100000,0.200000,0.052256
-0.556156,0.100000,0.200000,0.052241
-0.555455,0.100000,0.200000,0.052226
-0.554755,0.100000,0.200000,0.052211
-0.554054,0.100000,0.200000,0.052195
-0.553353,0.100000,0.200000,0.052180
-0.552653,0.100000,0.200000,0.052165
-0.551952,0.100000,0.200000,0.052150
-0.551251,0.100000,0.200000,0.052135
-0.550551,0.100000,0.200000,0.052120
-0.549850,0.100000,0.200000,0.052105
-0.549149,0.100000,0.200000,0.052090
-0.548448,0.100000,0.200000,0.052075
-0.547748,0.100000,0.200000,0.052060
-0.547047,0.100000,0.200000,0.052045
-0.546346,0.100000,0.200000,0.052030
-0.545646,0.100000,0.200000,0.052015
-0.544945,0.100000,0.200000,0.052000
-0.544244,0.100000,0.200000,0.051985
-0.543544,0.100000,0.200000,0.051970
-0.542843,0.100000,0.200000,0.051955
-0.542142,0.100000,0.200000,0.051940
-0.541441,0.100000,0.200000,0.051925
-0.540741,0.100000,0.200000,0.051910
-0.540040,0.100000,0.200000,0.051895
-0.539339,0.100000,0.200000,0.051881
-0.538639,0.100000,0.200000,0.051866
-0.537938,0.100000,0.200000,0.051851
-0.537237,0.100000,0.200000,0.051836
-0.536537,0.100000,0.200000,0.051821
-0.535836,0.100000,0.200000,0.051807
-0.535135,0.100000,0.200000,0.051792
-0.534434,0.100000,0.200000,0.051777
-0.533734,0.100000,0.200000,0.051762
-0.533033,0.100000,0.200000,0.051748
-0.532332,0.100000,0.200000,0.051733
-0.531632,0.100000,0.200000,0.051718
-0.530931,0.100000,0.200000,0.051704
-0.530230,0.100000,0.200000,0.051689
-0.529530,0.100000,0.200000,0.051674
-0.528829,0.100000,0.200000,0.051660
-0.528128,0.100000,0.200000,0.051645
-0.527427,0.100000,0.200000,0.051631
-0.526727,0.100000,0.200000,0.051616
-0.526026,0.100000,0.200000,0.051602
-0.525325,0.100000,0.200000,0.051587
-0.524625,0.100000,0.200000,0.051572
-0.523924,0.100000,0.200000,0.051558
-0.523223,0.100000,0.200000,0.051544
-0.522523,0.100000,0.200000,0.051529
-0.521822,0.100000,0.200000,0.051515
-0.521121,0.100000,0.200000,0.051500
-0.520420,0.100000,0.200000,0.051486
-0.519720,0.100000,0.200000,0.051471
-0.519019,0.100000,0.200000,0.051457
-0.518318,0.100000,0.200000,0.051443
-0.517618,0.100000,0.200000,0.051428
-0.516917,0.100000,0.200000,0.051414
-0.516216,0.100000,0.200000,0.051400
-0.515516,0.100000,0.200000,0.051385
-0.514815,0.100000,0.200000,0.051371
-0.514114,0.100000,0.200000,0.051357
-0.513413,0.100000,0.200000,0.051343
-0.512713,0.100000,0.200000,0.051328
-0.512012,0.100000,0.200000,0.051314
-0.511311,0.100000,0.200000,0.051300
-0.510611,0.100000,0.200000,0.051286
-0.509910,0.100000,0.200000,0.051272
-0.509209,0.100000,0.200000,0.051257
-0.508509,0.100000,0.200000,0.051243
-0.507808,0.100000,0.200000,0.051229
-0.507107,0.100000,0.200000,0.051215
-0.506406,0.100000,0.200000,0.051201
-0.505706,0.100000,0.200000,0.051187
-0.505005,0.100000,0.200000,0.051173
-0.504304,0.100000,0.200000,0.051159
-0.503604,0.100000,0.200000,0.051145
-0.502903,0.100000,0.200000,0.051131
-0.502202,0.100000,0.200000,0.051117
-0.501502,0.100000,0.200000,0.051103
-0.500801,0.100000,0.200000,0.051089
-0.500100,0.100000,0.200000,0.051075
-0.499399,0.100000,0.200000,0.051061
-0.498699,0.100000,0.200000,0.051047
-0.497998,0.100000,0.200000,0.051034
-0.497297,0.100000,0.200000,0.051020
-0.496597,0.100000,0.200000,0.051006
-0.495896,0.100000,0.200000,0.050992
-0.495195,0.100000,0.200000,0.050978
-0.494494,0.100000,0.200000,0.050965
-0.493794,0.100000,0.200000,0.050951
-0.493093,0.100000,0.200000,0.050937
-0.492392,0.100000,0.200000,0.050923
-0.491692,0.100000,0.200000,0.050910
-0.490991,0.100000,0.200000,0.050896
-0.490290,0.100000,0.200000,0.050882
-0.489590,0.100000,0.200000,0.050869
-0.488889,0.100000,0.200000,0.050855
-0.488188,0.100000,0.200000,0.050842
-0.487487,0.100000,0.200000,0.050828
-0.486787,0.100000,0.200000,0.050815
-0.486086,0.100000,0.200000,0.050801
-0.485385,0.100000,0.200000,0.050788
-0.484685,0.100000,0.200000,0.050774
-0.483984,0.100000,0.200000,0.050761
-0.483283,0.100000,0.200000,0.050747
-0.482583,0.100000,0.200000,0.050734
-0.481882,0.100000,0.200000,0.050720
-0.481181,0.100000,0.200000,0.050707
-0.480480,0.100000,0.200000,0.050694
-0.479780,0.100000,0.200000,0.050680
-0.479079,0.100000,0.200000,0.050667
-0.478378,0.100000,0.200000,0.050654
-0.477678,0.100000,0.200000,0.050641
-0.476977,0.100000,0.200000,0.050627
-0.476276,0.100000,0.200000,0.050614
-0.475576,0.100000,0.200000,0.050601
-0.474875,0.100000,0.200000,0.050588
-0.474174,0.100000,0.200000,0.050575
-0.473473,0.100000,0.200000,0.050561
-0.472773,0.100000,0.200000,0.050548
-0.472072,0.100000,0.200000,0.050535
-0.471371,0.100000,0.200000,0.050522
-0.470671,0.100000,0.200000,0.050509
-0.469970,0.100000,0.200000,0.050496
-0.469269,0.100000,0.200000,0.050483
-0.468569,0.100000,0.200000,0.050470
-0.467868,0.100000,0.200000,0.050457
-0.467167,0.100000,0.200000,0.050444
-0.466466,0.100000,0.200000,0.050431
-0.465766,0.100000,0.200000,0.050418
-0.465065,0.100000,0.200000,0.050406
-0.464364,0.100000,0.200000,0.050393
-0.463664,0.100000,0.200000,0.050380
-0.462963,0.100000,0.200000,0.050367
-0.462262,0.100000,0.200000,0.050354
-0.461562,0.100000,0.200000,0.050342
-0.460861,0.100000,0.200000,0.050329
-0.460160,0.100000,0.200000,0.050316
-0.459459,0.100000,0.200000,0.050304
-0.458759,0.100000,0.200000,0.050291
-0.458058,0.100000,0.200000,0.050278
-0.457357,0.100000,0.200000,0.050266
-0.456657,0.100000,0.200000,0.050253
-0.455956,0.100000,0.200000,0.050241
-0.455255,0.100000,0.200000,0.050228
-0.454555,0.100000,0.200000,0.050216
-0.453854,0.100000,0.200000,0.050203
-0.453153,0.100000,0.200000,0.050191
-0.452452,0.100000,0.200000,0.050178
-0.451752,0.100000,0.200000,0.050166
-0.451051,0.100000,0.200000,0.050154
-0.450350,0.100000,0.200000,0.050141
-0.449650,0.100000,0.200000,0.050129
-0.448949,0.100000,0.200000,0.050117
-0.448248,0.100000,0.200000,0.050104
-0.447548,0.100000,0.200000,0.050092
-0.446847,0.100000,0.200000,0.050080
-0.446146,0.100000,0.200000,0.050068
-0.445445,0.100000,0.200000,0.050056
-0.444745,0.100000,0.200000,0.050043
-0.444044,0.100000,0.200000,0.050031
-0.443343,0.100000,0.200000,0.050019
-0.442643,0.100000,0.200000,0.050007
-0.441942,0.100000,0.200000,0.049995
-0.441241,0.100000,0.200000,0.049983
-0.440541,0.100000,0.200000,0.049971
-0.439840,0.100000,0.200000,0.049959
-0.439139,0.100000,0.200000,0.049948
-0.438438,0.100000,0.200000,0.049936
-0.437738,0.100000,0.200000,0.049924
-0.437037,0.100000,0.200000,0.049912
-0.436336,0.100000,0.200000,0.049900
-0.435636,0.100000,0.200000,0.049888
-0.434935,0.100000,0.200000,0.049877
-0.434234,0.100000,0.200000,0.049865
-0.433534,0.100000,0.200000,0.049853
-0.432833,0.100000,0.200000,0.049842
-0.432132,0.100000,0.200000,0.049830
-0.431431,0.100000,0.200000,0.049819
-0.430731,0.100000,0.200000,0.049807
-0.430030,0.100000,0.200000,0.049796
-0.429329,0.100000,0.200000,0.049784
-0.428629,0.100000,0.200000,0.049773
-0.427928,0.100000,0.200000,0.049761
-0.427227,0.100000,0.200000,0.049750
-0.426527,0.100000,0.200000,0.049738
-0.425826,0.100000,0.200000,0.049727
-0.425125,0.100000,0.200000,0.049716
-0.424424,0.100000,0.200000,0.049705
-0.423724,0.100000,0.200000,0.049693
-0.423023,0.100000,0.200000,0.049682
-0.422322,0.100000,0.200000,0.049671
-0.421622,0.100000,0.200000,0.049660
-0.420921,0.100000,0.200000,0.049649
-0.420220,0.100000,0.200000,0.049638
-0.419520,0.100000,0.200000,0.049627
-0.418819,0.100000,0.200000,0.049616
-0.418118,0.100000,0.200000,0.049605
-0.417417,0.100000,0.200000,0.049594
-0.416717,0.100000,0.200000,0.049583
-0.416016,0.100000,0.200000,0.049572
-0.415315,0.100000,0.200000,0.049561
-0.414615,0.100000,0.200000,0.049550
-0.413914,0.100000,0.200000,0.049540
-0.413213,0.100000,0.200000,0.049529
-0.412513,0.100000,0.200000,0.049518
-0.411812,0.100000,0.200000,0.049507
-0.411111,0.100000,0.200000,0.049497
-0.410410,0.100000,0.200000,0.049486
-0.409710,0.100000,0.200000,0.049476
-0.409009,0.100000,0.200000,0.049465
-0.408308,0.100000,0.200000,0.049455
-0.407608,0.100000,0.200000,0.049444
-0.406907,0.100000,0.200000,0.049434
-0.406206,0.100000,0.200000,0.049424
-0.405506,0.100000,0.200000,0.049413
-0.404805,0.100000,0.200000,0.049403
-0.404104,0.100000,0.200000,0.049393
-0.403403,0.100000,0.200000,0.049382
-0.402703,0.100000,0.200000,0.049372
-0.402002,0.100000,0.200000,0.049362
-0.401301,0.100000,0.200000,0.049352
-0.400601,0.100000,0.200000,0.049342
-0.399900,0.100000,0.200000,0.049332
-0.399199,0.100000,0.200000,0.049322
-0.398498,0.100000,0.200000,0.049312
-0.397798,0.100000,0.200000,0.049302
-0.397097,0.100000,0.200000,0.049292
-0.396396,0.100000,0.200000,0.049283
-0.395696,0.100000,0.200000,0.049273
-0.394995,0.100000,0.200000,0.049263
-0.394294,0.100000,0.200000,0.049253
-0.393594,0.100000,0.200000,0.049244
-0.392893,0.100000,0.200000,0.049234
-0.392192,0.100000,0.200000,0.049225
-0.391491,0.100000,0.200000,0.049215
-0.390791,0.100000,0.200000,0.049206
-0.390090,0.100000,0.200000,0.049196
-0.389389,0.100000,0.200000,0.049187
-0.388689,0.100000,0.200000,0.049177
-0.387988,0.100000,0.200000,0.049168
-0.387287,0.100000,0.200000,0.049159
-0.386587,0.100000,0.200000,0.049150
-0.385886,0.100000,0.200000,0.049140
-0.385185,0.100000,0.200000,0.049131
-0.384484,0.100000,0.200000,0.049122
-0.383784,0.100000,0.200000,0.049113
-0.383083,0.100000,0.200000,0.049104
-0.382382,0.100000,0.200000,0.049095
-0.381682,0.100000,0.200000,0.049086
-0.380981,0.100000,0.200000,0.049077
-0.380280,0.100000,0.200000,0.049069
-0.379580,0.100000,0.200000,0.049060
-0.378879,0.100000,0.200000,0.049051
-0.378178,0.100000,0.200000,0.049043
-0.377477,0.100000,0.200000,0.049034
-0.376777,0.100000,0.200000,0.049025
-0.376076,0.100000,0.200000,0.049017
-0.375375,0.100000,0.200000,0.049008
-0.374675,0.100000,0.200000,0.049000
-0.373974,0.100000,0.200000,0.048992
-0.373273,0.100000,0.200000,0.048983
-0.372573,0.100000,0.200000,0.048975
-0.371872,0.100000,0.200000,0.048967
-0.371171,0.100000,0.200000,0.048959
-0.370470,0.100000,0.200000,0.048951
-0.369770,0.100000,0.200000,0.048943
-0.369069,0.100000,0.200000,0.048935
-0.368368,0.100000,0.200000,0.048927
-0.367668,0.100000,0.200000,0.048919
-0.366967,0.100000,0.200000,0.048911
-0.366266,0.100000,0.200000,0.048903
-0.365566,0.100000,0.200000,0.048896
-0.364865,0.100000,0.200000,0.048888
-0.364164,0.100000,0.200000,0.048880
-0.363463,0.100000,0.200000,0.048873
-0.362763,0.100000,0.200000,0.048865
-0.362062,0.100000,0.200000,0.048858
-0.361361,0.100000,0.200000,0.048851
-0.360661,0.100000,0.200000,0.048843
-0.359960,0.100000,0.200000,0.048836
-0.359259,0.100000,0.200000,0.048829
-0.358559,0.100000,0.200000,0.048822
-0.357858,0.100000,0.200000,0.048815
-0.357157,0.100000,0.200000,0.048808
-0.356456,0.100000,0.200000,0.048801
-0.355756,0.100000,0.200000,0.048794
-0.355055,0.100000,0.200000,0.048787
-0.354354,0.100000,0.200000,0.048780
-0.353654,0.100000,0.200000,0.048774
-0.352953,0.100000,0.200000,0.048767
-0.352252,0.100000,0.200000,0.048760
-0.351552,0.100000,0.200000,0.048754
-0.350851,0.100000,0.200000,0.048747
-0.350150,0.100000,0.200000,0.048741
-0.349449,0.100000,0.200000,0.048735
-0.348749,0.100000,0.200000,0.048728
-0.348048,0.100000,0.200000,0.048722
-0.347347,0.100000,0.200000,0.048716
-0.346647,0.100000,0.200000,0.048710
-0.345946,0.100000,0.200000,0.048704
-0.345245,0.100000,0.200000,0.048698
-0.344545,0.100000,0.200000,0.048692
-0.343844,0.100000,0.200000,0.048687
-0.343143,0.100000,0.200000,0.048681
-0.342442,0.100000,0.200000,0.048675
-0.341742,0.100000,0.200000,0.048670
-0.341041,0.100000,0.200000,0.048665
-0.340340,0.100000,0.200000,0.048659
-0.339640,0.100000,0.200000,0.048654
-0.338939,0.100000,0.200000,0.048648
-0.338238,0.100000,0.200000,0.048643
-0.337538,0.100000,0.200000,0.048638
-0.336837,0.100000,0.200000,0.048633
-0.336136,0.100000,0.200000,0.048628
-0.335435,0.100000,0.200000,0.048623
-0.334735,0.100000,0.200000,0.048619
-0.334034,0.100000,0.200000,0.048614
-0.333333,0.100000,0.200000,0.048610
-0.332633,0.100000,0.200000,0.048605
-0.331932,0.100000,0.200000,0.048601
-0.331231,0.100000,0.200000,0.048596
-0.330531,0.100000,0.200000,0.048592
-0.329830,0.100000,0.200000,0.048588
-0.329129,0.100000,0.200000,0.048584
-0.328428,0.100000,0.200000,0.048580
-0.327728,0.100000,0.200000,0.048576
-0.327027,0.100000,0.200000,0.048572
-0.326326,0.100000,0.200000,0.048568
-0.325626,0.100000,0.200000,0.048564
-0.324925,0.100000,0.200000,0.048561
-0.324224,0.100000,0.200000,0.048557
-0.323524,0.100000,0.200000,0.048554
-0.322823,0.100000,0.200000,0.048551
-0.322122,0.100000,0.200000,0.048547
-0.321421,0.100000,0.200000,0.048544
-0.320721,0.100000,0.200000,0.048541
-0.320020,0.100000,0.200000,0.048539
-0.319319,0.100000,0.200000,0.048536
-0.318619,0.100000,0.200000,0.048533
-0.317918,0.100000,0.200000,0.048530
-0.317217,0.100000,0.200000,0.048528
-0.316517,0.100000,0.200000,0.048525
-0.315816,0.100000,0.200000,0.048523
-0.315115,0.100000,0.200000,0.048521
-0.314414,0.100000,0.200000,0.048519
-0.313714,0.100000,0.200000,0.048517
-0.313013,0.100000,0.200000,0.048515
-0.312312,0.100000,0.200000,0.048513
-0.311612,0.100000,0.200000,0.048511
-0.310911,0.100000,0.200000,0.048510
-0.310210,0.100000,0.200000,0.048509
-0.309510,0.100000,0.200000,0.048507
-0.308809,0.100000,0.200000,0.048506
-0.308108,0.100000,0.200000,0.048505
-0.307407,0.100000,0.200000,0.048504
-0.306707,0.100000,0.200000,0.048503
-0.306006,0.100000,0.200000,0.048502
-0.305305,0.100000,0.200000,0.048501
-0.304605,0.100000,0.200000,0.048501
-0.303904,0.100000,0.200000,0.048501
-0.303203,0.100000,0.200000,0.048500
-0.302503,0.100000,0.200000,0.048500
-0.301802,0.100000,0.200000,0.048500
-0.301101,0.100000,0.200000,0.048500
-0.300400,0.100000,0.200000,0.048500
-0.299700,0.100000,0.200000,0.048501
-0.298999,0.100000,0.200000,0.048501
-0.298298,0.100000,0.200000,0.048502
-0.297598,0.100000,0.200000,0.048503
-0.296897,0.100000,0.200000,0.048504
-0.296196,0.100000,0.200000,0.048505
-0.295495,0.100000,0.200000,0.048506
-0.294795,0.100000,0.200000,0.048507
-0.294094,0.100000,0.200000,0.048509
-0.293393,0.100000,0.200000,0.048510
-0.292693,0.100000,0.200000,0.048512
-0.291992,0.100000,0.200000,0.048514
-0.291291,0.100000,0.200000,0.048516
-0.290591,0.100000,0.200000,0.048518
-0.289890,0.100000,0.200000,0.048520
-0.289189,0.100000,0.200000,0.048523
-0.288488,0.100000,0.200000,0.048525
-0.287788,0.100000,0.200000,0.048528
-0.287087,0.100000,0.200000,0.048531
-0.286386,0.100000,0.200000,0.048534
-0.285686,0.100000,0.200000,0.048537
-0.284985,0.100000,0.200000,0.048541
-0.284284,0.100000,0.200000,0.048544
-0.283584,0.100000,0.200000,0.048548
-0.282883,0.100000,0.200000,0.048552
-0.282182,0.100000,0.200000,0.048556
-0.281481,0.100000,0.200000,0.048561
-0.280781,0.100000,0.200000,0.048565
-0.280080,0.100000,0.200000,0.048570
-0.279379,0.100000,0.200000,0.048574
-0.278679,0.100000,0.200000,0.048579
-0.277978,0.100000,0.200000,0.048585
-0.277277,0.100000,0.200000,0.048590
-0.276577,0.100000,0.200000,0.048595
-0.275876,0.100000,0.200000,0.048601
-0.275175,0.100000,0.200000,0.048607
-0.274474,0.100000,0.200000,0.048613
-0.273774,0.100000,0.200000,0.048619
-0.273073,0.100000,0.200000,0.048626
-0.272372,0.100000,0.200000,0.048633
-0.271672,0.100000,0.200000,0.048640
-0.270971,0.100000,0.200000,0.048647
-0.270270,0.100000,0.200000,0.048654
-0.269570,0.100000,0.200000,0.048662
-0.268869,0.100000,0.200000,0.048669
-0.268168,0.100000,0.200000,0.048677
-0.267467,0.100000,0.200000,0.048686
-0.266767,0.100000,0.200000,0.048694
-0.266066,0.100000,0.200000,0.048702
-0.265365,0.100000,0.200000,0.048711
-0.264665,0.100000,0.200000,0.048720
-0.263964,0.100000,0.200000,0.048730
-0.263263,0.100000,0.200000,0.048739
-0.262563,0.100000,0.200000,0.048749
-0.261862,0.100000,0.200000,0.048759
-0.261161,0.100000,0.200000,0.048769
-0.260460,0.100000,0.200000,0.048780
-0.259760,0.100000,0.200000,0.048791
-0.259059,0.100000,0.200000,0.048802
-0.258358,0.100000,0.200000,0.048813
-0.257658,0.100000,0.200000,0.048825
-0.256957,0.100000,0.200000,0.048836
-0.256256,0.100000,0.200000,0.048848
-0.255556,0.100000,0.200000,0.048861
-0.254855,0.100000,0.200000,0.048873
-0.254154,0.100000,0.200000,0.048886
-0.253453,0.100000,0.200000,0.048899
-0.252753,0.100000,0.200000,0.048913
-0.252052,0.100000,0.200000,0.048927
-0.251351,0.100000,0.200000,0.048941
-0.250651,0.100000,0.200000,0.048955
-0.249950,0.100000,0.200000,0.048970
-0.249249,0.100000,0.200000,0.048985
-0.248549,0.100000,0.200000,0.049000
-0.247848,0.100000,0.200000,0.049015
-0.247147,0.100000,0.200000,0.049031
-0.246446,0.100000,0.200000,0.049047
-0.245746,0.100000,0.200000,0.049064
-0.245045,0.100000,0.200000,0.049081
-0.244344,0.100000,0.200000,0.049098
-0.243644,0.100000,0.200000,0.049116
-0.242943,0.100000,0.200000,0.049133
-0.242242,0.100000,0.200000,0.049152
-0.241542,0.100000,0.200000,0.049170
-0.240841,0.100000,0.200000,0.049189
-0.240140,0.100000,0.200000,0.049208
-0.239439,0.100000,0.200000,0.049228
-0.238739,0.100000,0.200000,0.049248
-0.238038,0.100000,0.200000,0.049268
-0.237337,0.100000,0.200000,0.049289
-0.236637,0.100000,0.200000,0.049310
-0.235936,0.100000,0.200000,0.049332
-0.235235,0.100000,0.200000,0.049354
-0.234535,0.100000,0.200000,0.049376
-0.233834,0.100000,0.200000,0.049399
-0.233133,0.100000,0.200000,0.049422
-0.232432,0.100000,0.200000,0.049446
-0.231732,0.100000,0.200000,0.049470
-0.231031,0.100000,0.200000,0.049494
-0.230330,0.100000,0.200000,0.049519
-0.229630,0.100000,0.200000,0.049545
-0.228929,0.100000,0.200000,0.049570
-0.228228,0.100000,0.200000,0.049597
-0.227528,0.100000,0.200000,0.049623
-0.226827,0.100000,0.200000,0.049651
-0.226126,0.100000,0.200000,0.049678
-0.225425,0.100000,0.200000,0.049706
-0.224725,0.100000,0.200000,0.049735
-0.224024,0.100000,0.200000,0.049764
-0.223323,0.100000,0.200000,0.049794
-0.222623,0.100000,0.200000,0.049824
-0.221922,0.100000,0.200000,0.049855
-0.221221,0.100000,0.200000,0.049886
-0.220521,0.100000,0.200000,0.049917
-0.219820,0.100000,0.200000,0.049950
-0.219119,0.100000,0.200000,0.049983
-0.218418,0.100000,0.200000,0.050016
-0.217718,0.100000,0.200000,0.050050
-0.217017,0.100000,0.200000,0.050084
-0.216316,0.100000,0.200000,0.050119
-0.215616,0.100000,0.200000,0.050155
-0.214915,0.100000,0.200000,0.050191
-0.214214,0.100000,0.200000,0.050228
-0.213514,0.100000,0.200000,0.050266
-0.212813,0.100000,0.200000,0.050304
-0.212112,0.100000,0.200000,0.050343
-0.211411,0.100000,0.200000,0.050382
-0.210711,0.100000,0.200000,0.050422
-0.210010,0.100000,0.200000,0.050463
-0.209309,0.100000,0.200000,0.050504
-0.208609,0.100000,0.200000,0.050546
-0.207908,0.100000,0.200000,0.050589
-0.207207,0.100000,0.200000,0.050632
-0.206507,0.100000,0.200000,0.050677
-0.205806,0.100000,0.200000,0.050721
-0.205105,0.100000,0.200000,0.050767
-0.204404,0.100000,0.200000,0.050813
-0.203704,0.100000,0.200000,0.050861
-0.203003,0.100000,0.200000,0.050908
-0.202302,0.100000,0.200000,0.050957
-0.201602,0.100000,0.200000,0.051007
-0.200901,0.100000,0.200000,0.051057
-0.200200,0.100000,0.200000,0.051108
-0.199499,0.100000,0.200000,0.051160
-0.198799,0.100000,0.200000,0.051213
-0.198098,0.100000,0.200000,0.051266
-0.197397,0.100000,0.200000,0.051321
-0.196697,0.100000,0.200000,0.051376
-0.195996,0.100000,0.200000,0.051432
-0.195295,0.100000,0.200000,0.051489
-0.194595,0.100000,0.200000,0.051547
-0.193894,0.100000,0.200000,0.051606
-0.193193,0.100000,0.200000,0.051666
-0.192492,0.100000,0.200000,0.051727
-0.191792,0.100000,0.200000,0.051789
-0.191091,0.100000,0.200000,0.051852
-0.190390,0.100000,0.200000,0.051916
-0.189690,0.100000,0.200000,0.051981
-0.188989,0.100000,0.200000,0.052046
-0.188288,0.100000,0.200000,0.052113
-0.187588,0.100000,0.200000,0.052181
-0.186887,0.100000,0.200000,0.052250
-0.186186,0.100000,0.200000,0.052321
-0.185485,0.100000,0.200000,0.052392
-0.184785,0.100000,0.200000,0.052464
-0.184084,0.100000,0.200000,0.052538
-0.183383,0.100000,0.200000,0.052613
-0.182683,0.100000,0.200000,0.052689
-0.181982,0.100000,0.200000,0.052766
-0.181281,0.100000,0.200000,0.052844
-0.180581,0.100000,0.200000,0.052924
-0.179880,0.100000,0.200000,0.053005
-0.179179,0.100000,0.200000,0.053087
-0.178478,0.100000,0.200000,0.053170
-0.177778,0.100000,0.200000,0.053255
-0.177077,0.100000,0.200000,0.053341
-0.176376,0.100000,0.200000,0.053429
-0.175676,0.100000,0.200000,0.053517
-0.174975,0.100000,0.200000,0.053608
-0.174274,0.100000,0.200000,0.053699
-0.173574,0.100000,0.200000,0.053792
-0.172873,0.100000,0.200000,0.053887
-0.172172,0.100000,0.200000,0.053983
-0.171471,0.100000,0.200000,0.054080
-0.170771,0.100000,0.200000,0.054179
-0.170070,0.100000,0.200000,0.054280
-0.169369,0.100000,0.200000,0.054382
-0.168669,0.100000,0.200000,0.054486
-0.167968,0.100000,0.200000,0.054591
-0.167267,0.100000,0.200000,0.054699
-0.166567,0.100000,0.200000,0.054807
-0.165866,0.100000,0.200000,0.054918
-0.165165,0.100000,0.200000,0.055030
-0.164464,0.100000,0.200000,0.055144
-0.163764,0.100000,0.200000,0.055259
-0.163063,0.100000,0.200000,0.055377
-0.162362,0.100000,0.200000,0.055496
-0.161662,0.100000,0.200000,0.055617
-0.160961,0.100000,0.200000,0.055741
-0.160260,0.100000,0.200000,0.055865
-0.159560,0.100000,0.200000,0.055992
-0.158859,0.100000,0.200000,0.056121
-0.158158,0.100000,0.200000,0.056252
-0.157457,0.100000,0.200000,0.056385
-0.156757,0.100000,0.200000,0.056520
-0.156056,0.100000,0.200000,0.056657
-0.155355,0.100000,0.200000,0.056796
-0.154655,0.100000,0.200000,0.056938
-0.153954,0.100000,0.200000,0.057081
-0.153253,0.100000,0.200000,0.057227
-0.152553,0.100000,0.200000,0.057375
-0.151852,0.100000,0.200000,0.057525
-0.151151,0.100000,0.200000,0.057678
-0.150450,0.100000,0.200000,0.057833
-0.149750,0.100000,0.200000,0.057990
-0.149049,0.100000,0.200000,0.058149
-0.148348,0.100000,0.200000,0.058312
-0.147648,0.100000,0.200000,0.058476
-0.146947,0.100000,0.200000,0.058643
-0.146246,0.100000,0.200000,0.058813
-0.145546,0.100000,0.200000,0.058985
-0.144845,0.100000,0.200000,0.059160
-0.144144,0.100000,0.200000,0.059338
-0.143443,0.100000,0.200000,0.059518
-0.142743,0.100000,0.200000,0.059701
-0.142042,0.100000,0.200000,0.059887
-0.141341,0.100000,0.200000,0.060075
-0.140641,0.100000,0.200000,0.060267
-0.139940,0.100000,0.200000,0.060461
-0.139239,0.100000,0.200000,0.060658
-0.138539,0.100000,0.200000,0.060858
-0.137838,0.100000,0.200000,0.061061
-0.137137,0.100000,0.200000,0.061267
-0.136436,0.100000,0.200000,0.061477
-0.135736,0.100000,0.200000,0.061689
-0.135035,0.100000,0.200000,0.061904
-0.134334,0.100000,0.200000,0.062123
-0.133634,0.100000,0.200000,0.062345
-0.132933,0.100000,0.200000,0.062570
-0.132232,0.100000,0.200000,0.062799
-0.131532,0.100000,0.200000,0.063030
-0.130831,0.100000,0.200000,0.063265
-0.130130,0.100000,0.200000,0.063504
-0.129429,0.100000,0.200000,0.063746
-0.128729,0.100000,0.200000,0.063992
-0.128028,0.100000,0.200000,0.064241
-0.127327,0.100000,0.200000,0.064493
-0.126627,0.100000,0.200000,0.064750
-0.125926,0.100000,0.200000,0.065010
-0.125225,0.100000,0.200000,0.065273
-0.124525,0.100000,0.200000,0.065541
-0.123824,0.100000,0.200000,0.065812
-0.123123,0.100000,0.200000,0.066087
-0.122422,0.100000,0.200000,0.066366
-0.121722,0.100000,0.200000,0.066648
-0.121021,0.100000,0.200000,0.066935
-0.120320,0.100000,0.200000,0.067226
-0.119620,0.100000,0.200000,0.067520
-0.118919,0.100000,0.200000,0.067819
-0.118218,0.100000,0.200000,0.068121
-0.117518,0.100000,0.200000,0.068428
-0.116817,0.100000,0.200000,0.068739
-0.116116,0.100000,0.200000,0.069054
-0.115415,0.100000,0.200000,0.069373
-0.114715,0.100000,0.200000,0.069696
-0.114014,0.100000,0.200000,0.070024
-0.113313,0.100000,0.200000,0.070355
-0.112613,0.100000,0.200000,0.070692
-0.111912,0.100000,0.200000,0.071032
-0.111211,0.100000,0.200000,0.071377
-0.110511,0.100000,0.200000,0.071726
-0.109810,0.100000,0.200000,0.072080
-0.109109,0.100000,0.200000,0.072437
-0.108408,0.100000,0.200000,0.072800
-0.107708,0.100000,0.200000,0.073166
-0.107007,0.100000,0.200000,0.073538
-0.106306,0.100000,0.200000,0.073913
-0.105606,0.100000,0.200000,0.074293
-0.104905,0.100000,0.200000,0.074678
-0.104204,0.100000,0.200000,0.075067
-0.103504,0.100000,0.200000,0.075461
-0.102803,0.100000,0.200000,0.075859
-0.102102,0.100000,0.200000,0.076261
-0.101401,0.100000,0.200000,0.076668
-0.100701,0.100000,0.200000,0.077079
-0.100000,0.100000,0.200000,0.077496
-0.800000,0.100000,0.400000,0.062364
-0.799299,0.100000,0.400000,0.062346
-0.798599,0.100000,0.400000,0.062327
-0.797898,0.100000,0.400000,0.062309
-0.797197,0.100000,0.400000,0.062290
-0.796496,0.100000,0.400000,0.062272
-0.795796,0.100000,0.400000,0.062253
-0.795095,0.100000,0.400000,0.062235
-0.794394,0.100000,0.400000,0.062216
-0.793694,0.100000,0.400000,0.062198
-0.792993,0.100000,0.400000,0.062179
-0.792292,0.100000,0.400000,0.062161
-0.791592,0.100000,0.400000,0.062143
-0.790891,0.100000,0.400000,0.062124
-0.790190,0.100000,0.400000,0.062106
-0.789489,0.100000,0.400000,0.062087
-0.788789,0.100000,0.400000,0.062069
-0.788088,0.100000,0.400000,0.062050
-0.787387,0.100000,0.400000,0.062032
-0.786687,0.100000,0.400000,0.062013
-0.785986,0.100000,0.400000,0.061995
-0.785285,0.100000,0.400000,0.061976
-0.784585,0.100000,0.400000,0.061958
-0.783884,0.100000,0.400000,0.061939
-0.783183,0.100000,0.400000,0.061921
-0.782482,0.100000,0.400000,0.061902
-0.781782,0.100000,0.400000,0.061884
-0.781081,0.100000,0.400000,0.061865
-0.780380,0.100000,0.400000,0.061847
-0.779680,0.100000,0.400000,0.061828
-0.778979,0.100000,0.400000,0.061810
-0.778278,0.100000,0.400000,0.061791
-0.777578,0.100000,0.400000,0.061773
-0.776877,0.100000,0.400000,0.061754
-0.776176,0.100000,0.400000,0.061736
-0.775475,0.100000,0.400000,0.061718
-0.774775,0.100000,0.400000,0.061699
-0.774074,0.100000,0.400000,0.061681
-0.773373,0.100000,0.400000,0.061662
-0.772673,0.100000,0.400000,0.061644
-0.771972,0.100000,0.400000,0.061625
-0.771271,0.100000,0.400000,0.061607
-0.770571,0.100000,0.400000,0.061588
-0.769870,0.100000,0.400000,0.061570
-0.769169,0.100000,0.400000,0.061551
-0.768468,0.100000,0.400000,0.061533
-0.767768,0.100000,0.400000,0.061514
-0.767067,0.100000,0.400000,0.061496
-0.766366,0.100000,0.400000,0.061477
-0.765666,0.100000,0.400000,0.061459
-0.764965,0.100000,0.400000,0.061441
-0.764264,0.100000,0.400000,0.061422
-0.763564,0.100000,0.400000,0.061404
-0.762863,0.100000,0.400000,0.061385
-0.762162,0.100000,0.400000,0.061367
-0.761461,0.100000,0.400000,0.061348
-0.760761,0.100000,0.400000,0.061330
-0.760060,0.100000,0.400000,0.061311
-0.759359,0.100000,0.400000,0.061293
-0.758659,0.100000,0.400000,0.061275
-0.757958,0.100000,0.400000,0.061256
-0.757257,0.100000,0.400000,0.061238
-0.756557,0.100000,0.400000,0.061219
-0.755856,0.100000,0.400000,0.061201
-0.755155,0.100000,0.400000,0.061182
-0.754454,0.100000,0.400000,0.061164
-0.753754,0.100000,0.400000,0.061145
-0.753053,0.100000,0.400000,0.061127
-0.752352,0.100000,0.400000,0.061109
-0.751652,0.100000,0.400000,0.061090
-0.750951,0.100000,0.400000,0.061072
-0.750250,0.100000,0.400000,0.061053
-0.749550,0.100000,0.400000,0.061035
-0.748849,0.100000,0.400000,0.061016
-0.748148,0.100000,0.400000,0.060998
-0.747447,0.100000,0.400000,0.060980
-0.746747,0.100000,0.400000,0.060961
-0.746046,0.100000,0.400000,0.060943
-0.745345,0.100000,0.400000,0.060924
-0.744645,0.100000,0.400000,0.060906
-0.743944,0.100000,0.400000,0.060888
-0.743243,0.100000,0.400000,0.060869
-0.742543,0.100000,0.400000,0.060851
-0.741842,0.100000,0.400000,0.060832
-0.741141,0.100000,0.400000,0.060814
-0.740440,0.100000,0.400000,0.060796
-0.739740,0.100000,0.400000,0.060777
-0.739039,0.100000,0.400000,0.060759
-0.738338,0.100000,0.400000,0.060740
-0.737638,0.100000,0.400000,0.060722
-0.736937,0.100000,0.400000,0.060704
-0.736236,0.100000,0.400000,0.060685
-0.735536,0.100000,0.400000,0.060667
-0.734835,0.100000,0.400000,0.060649
-0.734134,0.100000,0.400000,0.060630
-0.733433,0.100000,0.400000,0.060612
-0.732733,0.100000,0.400000,0.060593
-0.732032,0.100000,0.400000,0.060575
-0.731331,0.100000,0.400000,0.060557
-0.730631,0.100000,0.400000,0.060538
-0.729930,0.100000,0.400000,0.060520
-0.729229,0.100000,0.400000,0.060502
-0.728529,0.100000,0.400000,0.060483
-0.727828,0.100000,0.400000,0.060465
-0.727127,0.100000,0.400000,0.060447
-0.726426,0.100000,0.400000,0.060428
-0.725726,0.100000,0.400000,0.060410
-0.725025,0.100000,0.400000,0.060391
-0.724324,0.100000,0.400000,0.060373
-0.723624,0.100000,0.400000,0.060355
-0.722923,0.100000,0.400000,0.060337
-0.722222,0.100000,0.400000,0.060318
-0.721522,0.100000,0.400000,0.060300
-0.720821,0.100000,0.400000,0.060281
-0.720120,0.100000,0.400000,0.060263
-0.719419,0.100000,0.400000,0.060245
-0.718719,0.100000,0.400000,0.060227
-0.718018,0.100000,0.400000,0.060208
-0.717317,0.100000,0.400000,0.060190
-0.716617,0.100000,0.400000,0.060172
-0.715916,0.100000,0.400000,0.060153
-0.715215,0.100000,0.400000,0.060135
-0.714515,0.100000,0.400000,0.060117
-0.713814,0.100000,0.400000,0.060098
-0.713113,0.100000,0.400000,0.060080
-0.712412,0.100000,0.400000,0.060062
-0.711712,0.100000,0.400000,0.060044
-0.711011,0.100000,0.400000,0.060025
-0.710310,0.100000,0.400000,0.060007
-0.709610,0.100000,0.400000,0.059989
-0.708909,0.100000,0.400000,0.059970
-0.708208,0.100000,0.400000,0.059952
-0.707508,0.100000,0.400000,0.059934
-0.706807,0.100000,0.400000,0.059916
-0.706106,0.100000,0.400000,0.059897
-0.705405,0.100000,0.400000,0.059879
-0.704705,0.100000,0.400000,0.059861
-0.704004,0.100000,0.400000,0.059843
-0.703303,0.100000,0.400000,0.059824
-0.702603,0.100000,0.400000,0.059806
-0.701902,0.100000,0.400000,0.059788
-0.701201,0.100000,0.400000,0.059770
-0.700501,0.100000,0.400000,0.059752
-0.699800,0.100000,0.400000,0.059733
-0.699099,0.100000,0.400000,0.059715
-0.698398,0.100000,0.400000,0.059697
-0.697698,0.100000,0.400000,0.059679
-0.696997,0.100000,0.400000,0.059660
-0.696296,0.100000,0.400000,0.059642
-0.695596,0.100000,0.400000,0.059624
-0.694895,0.100000,0.400000,0.059606
-0.694194,0.100000,0.400000,0.059588
-0.693493,0.100000,0.400000,0.059570
-0.692793,0.100000,0.400000,0.059551
-0.692092,0.100000,0.400000,0.059533
-0.691391,0.100000,0.400000,0.059515
-0.690691,0.100000,0.400000,0.059497
-0.689990,0.100000,0.400000,0.059479
-0.689289,0.100000,0.400000,0.059460
-0.688589,0.100000,0.400000,0.059442
-0.687888,0.100000,0.400000,0.059424
-0.687187,0.100000,0.400000,0.059406
-0.686486,0.100000,0.400000,0.059388
-0.685786,0.100000,0.400000,0.059370
-0.685085,0.100000,0.400000,0.059352
-0.684384,0.100000,0.400000,0.059333
-0.683684,0.100000,0.400000,0.059315
-0.682983,0.100000,0.400000,0.059297
-0.682282,0.100000,0.400000,0.059279
-0.681582,0.100000,0.400000,0.059261
-0.680881,0.100000,0.400000,0.059243
-0.680180,0.100000,0.400000,0.059225
-0.679479,0.100000,0.400000,0.059207
-0.678779,0.100000,0.400000,0.059188
-0.678078,0.100000,0.400000,0.059170
-0.677377,0.100000,0.400000,0.059152
-0.676677,0.100000,0.400000,0.059134
-0.675976,0.100000,0.400000,0.059116
-0.675275,0.100000,0.400000,0.059098
-0.674575,0.100000,0.400000,0.059080
-0.673874,0.100000,0.400000,0.059062
-0.673173,0.100000,0.400000,0.059044
-0.672472,0.100000,0.400000,0.059026
-0.671772,0.100000,0.400000,0.059008
-0.671071,0.100000,0.400000,0.058990
-0.670370,0.100000,0.400000,0.058972
-0.669670,0.100000,0.400000,0.058954
-0.668969,0.100000,0.400000,0.058936
-0.668268,0.100000,0.400000,0.058918
-0.667568,0.100000,0.400000,0.058900
-0.666867,0.100000,0.400000,0.058882
-0.666166,0.100000,0.400000,0.058864
-0.665465,0.100000,0.400000,0.058846
-0.664765,0.100000,0.400000,0.058828
-0.664064,0.100000,0.400000,0.058810
-0.663363,0.100000,0.400000,0.058792
-0.662663,0.100000,0.400000,0.058774
-0.661962,0.100000,0.400000,0.058756
-0.661261,0.100000,0.400000,0.058738
-0.660561,0.100000,0.400000,0.058720
-0.659860,0.100000,0.400000,0.058702
-0.659159,0.100000,0.400000,0.058684
-0.658458,0.100000,0.400000,0.058666
-0.657758,0.100000,0.400000,0.058648
-0.657057,0.100000,0.400000,0.058630
-0.656356,0.100000,0.400000,0.058612
-0.655656,0.100000,0.400000,0.058594
-0.654955,0.100000,0.400000,0.058576
-0.654254,0.100000,0.400000,0.058558
-0.653554,0.100000,0.400000,0.058540
-0.652853,0.100000,0.400000,0.058523
-0.652152,0.100000,0.400000,0.058505
-0.651451,0.100000,0.400000,0.058487
-0.650751,0.100000,0.400000,0.058469
-0.650050,0.100000,0.400000,0.058451
-0.649349,0.100000,0.400000,0.058433
-0.648649,0.100000,0.400000,0.058415
-0.647948,0.100000,0.400000,0.058398
-0.647247,0.100000,0.400000,0.058380
-0.646547,0.100000,0.400000,0.058362
-0.645846,0.100000,0.400000,0.058344
-0.645145,0.100000,0.400000,0.058326
-0.644444,0.100000,0.400000,0.058308
-0.643744,0.100000,0.400000,0.058290
-0.643043,0.100000,0.400000,0.058273
-0.642342,0.100000,0.400000,0.058255
-0.641642,0.100000,0.400000,0.058237
-0.640941,0.100000,0.400000,0.058219
-0.640240,0.100000,0.400000,0.058202
-0.639540,0.100000,0.400000,0.058184
-0.638839,0.100000,0.400000,0.058166
-0.638138,0.100000,0.400000,0.058148
-0.637437,0.100000,0.400000,0.058131
-0.636737,0.100000,0.400000,0.058113
-0.636036,0.100000,0.400000,0.058095
-0.635335,0.100000,0.400000,0.058077
-0.634635,0.100000,0.400000,0.058060
-0.633934,0.100000,0.400000,0.058042
-0.633233,0.100000,0.400000,0.058024
-0.632533,0.100000,0.400000,0.058007
-0.631832,0.100000,0.400000,0.057989
-0.631131,0.100000,0.400000,0.057971
-0.630430,0.100000,0.400000,0.057953
-0.629730,0.100000,0.400000,0.057936
-0.629029,0.100000,0.400000,0.057918
-0.628328,0.100000,0.400000,0.057900
-0.627628,0.100000,0.400000,0.057883
-0.626927,0.100000,0.400000,0.057865
-0.626226,0.100000,0.400000,0.057847
-0.625526,0.100000,0.400000,0.057830
-0.624825,0.100000,0.400000,0.057812
-0.624124,0.100000,0.400000,0.057795
-0.623423,0.100000,0.400000,0.057777
-0.622723,0.100000,0.400000,0.057759
-0.622022,0.100000,0.400000,0.057742
-0.621321,0.100000,0.400000,0.057724
-0.620621,0.100000,0.400000,0.057707
-0.619920,0.100000,0.400000,0.057689
-0.619219,0.100000,0.400000,0.057672
-0.618519,0.100000,0.400000,0.057654
-0.617818,0.100000,0.400000,0.057637
-0.617117,0.100000,0.400000,0.057619
-0.616416,0.100000,0.400000,0.057601
-0.615716,0.100000,0.400000,0.057584
-0.615015,0.100000,0.400000,0.057566
-0.614314,0.100000,0.400000,0.057549
-0.613614,0.100000,0.400000,0.057531
-0.612913,0.100000,0.400000,0.057514
-0.612212,0.100000,0.400000,0.057496
-0.611512,0.100000,0.400000,0.057479
-0.610811,0.100000,0.400000,0.057461
-0.610110,0.100000,0.400000,0.057444
-0.609409,0.100000,0.400000,0.057427
-0.608709,0.100000,0.400000,0.057409
-0.608008,0.100000,0.400000,0.057392
-0.607307,0.100000,0.400000,0.057374
-0.606607,0.100000,0.400000,0.057357
-0.605906,0.100000,0.400000,0.057339
-0.605205,0.100000,0.400000,0.057322
-0.604505,0.100000,0.400000,0.057305
-0.603804,0.100000,0.400000,0.057287
-0.603103,0.100000,0.400000,0.057270
-0.602402,0.100000,0.400000,0.057253
-0.601702,0.100000,0.400000,0.057235
-0.601001,0.100000,0.400000,0.057218
-0.600300,0.100000,0.400000,0.057201
-0.599600,0.100000,0.400000,0.057183
-0.598899,0.100000,0.400000,0.057166
-0.598198,0.100000,0.400000,0.057149
-0.597497,0.100000,0.400000,0.057131
-0.596797,0.100000,0.400000,0.057114
-0.596096,0.100000,0.400000,0.057097
-0.595395,0.100000,0.400000,0.057079
-0.594695,0.100000,0.400000,0.057062
-0.593994,0.100000,0.400000,0.057045
-0.593293,0.100000,0.400000,0.057028
-0.592593,0.100000,0.400000,0.057011
-0.591892,0.100000,0.400000,0.056993
-0.591191,0.100000,0.400000,0.056976
-0.590490,0.100000,0.400000,0.056959
-0.589790,0.100000,0.400000,0.056942
-0.589089,0.100000,0.400000,0.056925
-0.588388,0.100000,0.400000,0.056907
-0.587688,0.100000,0.400000,0.056890
-0.586987,0.100000,0.400000,0.056873
-0.586286,0.100000,0.400000,0.056856
-0.585586,0.100000,0.400000,0.056839
-0.584885,0.100000,0.400000,0.056822
-0.584184,0.100000,0.400000,0.056805
-0.583483,0.100000,0.400000,0.056788
-0.582783,0.100000,0.400000,0.056771
-0.582082,0.100000,0.400000,0.056753
-0.581381,0.100000,0.400000,0.056736
-0.580681,0.100000,0.400000,0.056719
-0.579980,0.100000,0.400000,0.056702
-0.579279,0.100000,0.400000,0.056685
-0.578579,0.100000,0.400000,0.056668
-0.577878,0.100000,0.400000,0.056651
-0.577177,0.100000,0.400000,0.056634
-0.576476,0.100000,0.400000,0.056617
-0.575776,0.100000,0.400000,0.056600
-0.575075,0.100000,0.400000,0.056583
-0.574374,0.100000,0.400000,0.056566
-0.573674,0.100000,0.400000,0.056549
-0.572973,0.100000,0.400000,0.056532
-0.572272,0.100000,0.400000,0.056516
-0.571572,0.100000,0.400000,0.056499
-0.570871,0.100000,0.400000,0.056482
-0.570170,0.100000,0.400000,0.056465
-0.569469,0.100000,0.400000,0.056448
-0.568769,0.100000,0.400000,0.056431
-0.568068,0.100000,0.400000,0.056414
-0.567367,0.100000,0.400000,0.056397
-0.566667,0.100000,0.400000,0.056381
-0.565966,0.100000,0.400000,0.056364
-0.565265,0.100000,0.400000,0.056347
-0.564565,0.100000,0.400000,0.056330
-0.563864,0.100000,0.400000,0.056313
-0.563163,0.100000,0.400000,0.056297
-0.562462,0.100000,0.400000,0.056280
-0.561762,0.100000,0.400000,0.056263
-0.561061,0.100000,0.400000,0.056246
-0.560360,0.100000,0.400000,0.056230
-0.559660,0.100000,0.400000,0.056213
-0.558959,0.100000,0.400000,0.056196
-0.558258,0.100000,0.400000,0.056180
-0.557558,0.100000,0.400000,0.056163
-0.556857,0.100000,0.400000,0.056146
-0.556156,0.100000,0.400000,0.056129
-0.555455,0.100000,0.400000,0.056113
-0.554755,0.100000,0.400000,0.056096
-0.554054,0.100000,0.400000,0.056080
-0.553353,0.100000,0.400000,0.056063
-0.552653,0.100000,0.400000,0.056046
-0.551952,0.100000,0.400000,0.056030
-0.551251,0.100000,0.400000,0.056013
-0.550551,0.100000,0.400000,0.055997
-0.549850,0.100000,0.400000,0.055980
-0.549149,0.100000,0.400000,0.055964
-0.548448,0.100000,0.400000,0.055947
-0.547748,0.100000,0.400000,0.055931
-0.547047,0.100000,0.400000,0.055914
-0.546346,0.100000,0.400000,0.055898
-0.545646,0.100000,0.400000,0.055881
-0.544945,0.100000,0.400000,0.055865
-0.544244,0.100000,0.400000,0.055848
-0.543544,0.100000,0.400000,0.055832
-0.542843,0.100000,0.400000,0.055816
-0.542142,0.100000,0.400000,0.055799
-0.541441,0.100000,0.400000,0.055783
-0.540741,0.100000,0.400000,0.055766
-0.540040,0.100000,0.400000,0.055750
-0.539339,0.100000,0.400000,0.055734
-0.538639,0.100000,0.400000,0.055717
-0.537938,0.100000,0.400000,0.055701
-0.537237,0.100000,0.400000,0.055685
-0.536537,0.100000,0.400000,0.055669
-0.535836,0.100000,0.400000,0.055652
-0.535135,0.100000,0.400000,0.055636
-0.534434,0.100000,0.400000,0.055620
-0.533734,0.100000,0.400000,0.055604
-0.533033,0.100000,0.400000,0.055587
-0.532332,0.100000,0.400000,0.055571
-0.531632,0.100000,0.400000,0.055555
-0.530931,0.100000,0.400000,0.055539
-0.530230,0.100000,0.400000,0.055523
-0.529530,0.100000,0.400000,0.055507
-0.528829,0.100000,0.400000,0.055490
-0.528128,0.100000,0.400000,0.055474
-0.527427,0.100000,0.400000,0.055458
-0.526727,0.100000,0.400000,0.055442
-0.526026,0.100000,0.400000,0.055426
-0.525325,0.100000,0.400000,0.055410
-0.524625,0.100000,0.400000,0.055394
-0.523924,0.100000,0.400000,0.055378
-0.523223,0.100000,0.400000,0.055362
-0.522523,0.100000,0.400000,0.055346
-0.521822,0.100000,0.400000,0.055330
-0.521121,0.100000,0.400000,0.055314
-0.520420,0.100000,0.400000,0.055298
-0.519720,0.100000,0.400000,0.055282
-0.519019,0.100000,0.400000,0.055266
-0.518318,0.100000,0.400000,0.055251
-0.517618,0.100000,0.400000,0.055235
-0.516917,0.100000,0.400000,0.055219
-0.516216,0.100000,0.400000,0.055203
-0.515516,0.100000,0.400000,0.055187
-0.514815,0.100000,0.400000,0.055171
-0.514114,0.100000,0.400000,0.055156
-0.513413,0.100000,0.400000,0.055140
-0.512713,0.100000,0.400000,0.055124
-0.512012,0.100000,0.400000,0.055108
-0.511311,0.100000,0.400000,0.055093
-0.510611,0.100000,0.400000,0.055077
-0.509910,0.100000,0.400000,0.055061
-0.509209,0.100000,0.400000,0.055046
-0.508509,0.100000,0.400000,0.055030
-0.507808,0.100000,0.400000,0.055014
-0.507107,0.100000,0.400000,0.054999
-0.506406,0.100000,0.400000,0.054983
-0.505706,0.100000,0.400000,0.054968
-0.505005,0.100000,0.400000,0.054952
-0.504304,0.100000,0.400000,0.054937
-0.503604,0.100000,0.400000,0.054921
-0.502903,0.100000,0.400000,0.054905
-0.502202,0.100000,0.400000,0.054890
-0.501502,0.100000,0.400000,0.054874
-0.500801,0.100000,0.400000,0.054859
-0.500100,0.100000,0.400000,0.054844
-0.499399,0.100000,0.400000,0.054828
-0.498699,0.100000,0.400000,0.054813
-0.497998,0.100000,0.400000,0.054797
-0.497297,0.100000,0.400000,0.054782
-0.496597,0.100000,0.400000,0.054767
-0.495896,0.100000,0.400000,0.054751
-0.495195,0.100000,0.400000,0.054736
-0.494494,0.100000,0.400000,0.054721
-0.493794,0.100000,0.400000,0.054706
-0.493093,0.100000,0.400000,0.054690
-0.492392,0.100000,0.400000,0.054675
-0.491692,0.100000,0.400000,0.054660
-0.490991,0.100000,0.400000,0.054645
-0.490290,0.100000,0.400000,0.054630
-0.489590,0.100000,0.400000,0.054614
-0.488889,0.100000,0.400000,0.054599
-0.488188,0.100000,0.400000,0.054584
-0.487487,0.100000,0.400000,0.054569
-0.486787,0.100000,0.400000,0.054554
-0.486086,0.100000,0.400000,0.054539
-0.485385,0.100000,0.400000,0.054524
-0.484685,0.100000,0.400000,0.054509
-0.483984,0.100000,0.400000,0.054494
-0.483283,0.100000,0.400000,0.054479
-0.482583,0.100000,0.400000,0.054464
-0.481882,0.100000,0.400000,0.054449
-0.481181,0.100000,0.400000,0.054434
-0.480480,0.100000,0.400000,0.054419
-0.479780,0.100000,0.400000,0.054404
-0.479079,0.100000,0.400000,0.054390
-0.478378,0.100000,0.400000,0.054375
-0.477678,0.100000,0.400000,0.054360
-0.476977,0.100000,0.400000,0.054345
-0.476276,0.100000,0.400000,0.054330
-0.475576,0.100000,0.400000,0.054316
-0.474875,0.100000,0.400000,0.054301
-0.474174,0.100000,0.400000,0.054286
-0.473473,0.100000,0.400000,0.054272
-0.472773,0.100000,0.400000,0.054257
-0.472072,0.100000,0.400000,0.054242
-0.471371,0.100000,0.400000,0.054228
-0.470671,0.100000,0.400000,0.054213
-0.469970,0.100000,0.400000,0.054199
-0.469269,0.100000,0.400000,0.054184
-0.468569,0.100000,0.400000,0.054170
-0.467868,0.100000,0.400000,0.054155
-0.467167,0.100000,0.400000,0.054141
-0.466466,0.100000,0.400000,0.054126
-0.465766,0.100000,0.400000,0.054112
-0.465065,0.100000,0.400000,0.054098
-0.464364,0.100000,0.400000,0.054083
-0.463664,0.100000,0.400000,0.054069
-0.462963,0.100000,0.400000,0.054055
-0.462262,0.100000,0.400000,0.054040
-0.461562,0.100000,0.400000,0.054026
-0.460861,0.100000,0.400000,0.054012
-0.460160,0.100000,0.400000,0.053997
-0.459459,0.100000,0.400000,0.053983
-0.458759,0.100000,0.400000,0.053969
-0.458058,0.100000,0.400000,0.053955
-0.457357,0.100000,0.400000,0.053941
-0.456657,0.100000,0.400000,0.053927
-0.455956,0.100000,0.400000,0.053913
-0.455255,0.100000,0.400000,0.053899
-0.454555,0.100000,0.400000,0.053885
-0.453854,0.100000,0.400000,0.053871
-0.453153,0.100000,0.400000,0.053857
-0.452452,0.100000,0.400000,0.053843
-0.451752,0.100000,0.400000,0.053829
-0.451051,0.100000,0.400000,0.053815
-0.450350,0.100000,0.400000,0.053801
-0.449650,0.100000,0.400000,0.053787
-0.448949,0.100000,0.400000,0.053774
-0.448248,0.100000,0.400000,0.053760
-0.447548,0.100000,0.400000,0.053746
-0.446847,0.100000,0.400000,0.053732
-0.446146,0.100000,0.400000,0.053719
-0.445445,0.100000,0.400000,0.053705
-0.444745,0.100000,0.400000,0.053691
-0.444044,0.100000,0.400000,0.053678
-0.443343,0.100000,0.400000,0.053664
-0.442643,0.100000,0.400000,0.053650
-0.441942,0.100000,0.400000,0.053637
-0.441241,0.100000,0.400000,0.053623
-0.440541,0.100000,0.400000,0.053610
-0.439840,0.100000,0.400000,0.053597
-0.439139,0.100000,0.400000,0.053583
-0.438438,0.100000,0.400000,0.053570
-0.437738,0.100000,0.400000,0.053556
-0.437037,0.100000,0.400000,0.053543
-0.436336,0.100000,0.400000,0.053530
-0.435636,0.100000,0.400000,0.053517
-0.434935,0.100000,0.400000,0.053503
-0.434234,0.100000,0.400000,0.053490
-0.433534,0.100000,0.400000,0.053477
-0.432833,0.100000,0.400000,0.053464
-0.432132,0.100000,0.400000,0.053451
-0.431431,0.100000,0.400000,0.053438
-0.430731,0.100000,0.400000,0.053425
-0.430030,0.100000,0.400000,0.053412
-0.429329,0.100000,0.400000,0.053399
-0.428629,0.100000,0.400000,0.053386
-0.427928,0.100000,0.400000,0.053373
-0.427227,0.100000,0.400000,0.053360
-0.426527,0.100000,0.400000,0.053347
-0.425826,0.100000,0.400000,0.053334
-0.425125,0.100000,0.400000,0.053321
-0.424424,0.100000,0.400000,0.053309
-0.423724,0.100000,0.400000,0.053296
-0.423023,0.100000,0.400000,0.053283
-0.422322,0.100000,0.400000,0.053270
-0.421622,0.100000,0.400000,0.053258
-0.420921,0.100000,0.400000,0.053245
-0.420220,0.100000,0.400000,0.053233
-0.419520,0.100000,0.400000,0.053220
-0.418819,0.100000,0.400000,0.053208
-0.418118,0.100000,0.400000,0.053195
-0.417417,0.100000,0.400000,0.053183
-0.416717,0.100000,0.400000,0.053171
-0.416016,0.100000,0.400000,0.053158
-0.415315,0.100000,0.400000,0.053146
-0.414615,0.100000,0.400000,0.053134
-0.413914,0.100000,0.400000,0.053121
-0.413213,0.100000,0.400000,0.053109
-0.412513,0.100000,0.400000,0.053097
-0.411812,0.100000,0.400000,0.053085
-0.411111,0.100000,0.400000,0.053073
-0.410410,0.100000,0.400000,0.053061
-0.409710,0.100000,0.400000,0.053049
-0.409009,0.100000,0.400000,0.053037
-0.408308,0.100000,0.400000,0.053025
-0.407608,0.100000,0.400000,0.053013
-0.406907,0.100000,0.400000,0.053001
-0.406206,0.100000,0.400000,0.052989
-0.405506,0.100000,0.400000,0.052977
-0.404805,0.100000,0.400000,0.052966
-0.404104,0.100000,0.400000,0.052954
-0.403403,0.100000,0.400000,0.052942
-0.402703,0.100000,0.400000,0.052931
-0.402002,0.100000,0.400000,0.052919
-0.401301,0.100000,0.400000,0.052907
-0.400601,0.100000,0.400000,0.052896
-0.399900,0.100000,0.400000,0.052885
-0.399199,0.100000,0.400000,0.052873
-0.398498,0.100000,0.400000,0.052862
-0.397798,0.100000,0.400000,0.052850
-0.397097,0.100000,0.400000,0.052839
-0.396396,0.100000,0.400000,0.052828
-0.395696,0.100000,0.400000,0.052817
-0.394995,0.100000,0.400000,0.052805
-0.394294,0.100000,0.400000,0.052794
-0.393594,0.100000,0.400000,0.052783
-0.392893,0.100000,0.400000,0.052772
-0.392192,0.100000,0.400000,0.052761
-0.391491,0.100000,0.400000,0.052750
-0.390791,0.100000,0.400000,0.052739
-0.390090,0.100000,0.400000,0.052729
-0.389389,0.100000,0.400000,0.052718
-0.388689,0.100000,0.400000,0.052707
-0.387988,0.100000,0.400000,0.052696
-0.387287,0.100000,0.400000,0.052686
-0.386587,0.100000,0.400000,0.052675
-0.385886,0.100000,0.400000,0.052664
-0.385185,0.100000,0.400000,0.052654
-0.384484,0.100000,0.400000,0.052644
-0.383784,0.100000,0.400000,0.052633
-0.383083,0.100000,0.400000,0.052623
-0.382382,0.100000,0.400000,0.052612
-0.381682,0.100000,0.400000,0.052602
-0.380981,0.100000,0.400000,0.052592
-0.380280,0.100000,0.400000,0.052582
-0.379580,0.100000,0.400000,0.052571
-0.378879,0.100000,0.400000,0.052561
-0.378178,0.100000,0.400000,0.052551
-0.377477,0.100000,0.400000,0.052541
-0.376777,0.100000,0.400000,0.052532
-0.376076,0.100000,0.400000,0.052522
-0.375375,0.100000,0.400000,0.052512
-0.374675,0.100000,0.400000,0.052502
-0.373974,0.100000,0.400000,0.052492
-0.373273,0.100000,0.400000,0.052483
-0.372573,0.100000,0.400000,0.052473
-0.371872,0.100000,0.400000,0.052463
-0.371171,0.100000,0.400000,0.052454
-0.370470,0.100000,0.400000,0.052445
-0.369770,0.100000,0.400000,0.052435
-0.369069,0.100000,0.400000,0.052426
-0.368368,0.100000,0.400000,0.052417
-0.367668,0.100000,0.400000,0.052407
-0.366967,0.100000,0.400000,0.052398
-0.366266,0.100000,0.400000,0.052389
-0.365566,0.100000,0.400000,0.052380
-0.364865,0.100000,0.400000,0.052371
-0.364164,0.100000,0.400000,0.052362
-0.363463,0.100000,0.400000,0.052353
-0.362763,0.100000,0.400000,0.052344
-0.362062,0.100000,0.400000,0.052336
-0.361361,0.100000,0.400000,0.052327
-0.360661,0.100000,0.400000,0.052319
-0.359960,0.100000,0.400000,0.052310
-0.359259,0.100000,0.400000,0.052301
-0.358559,0.100000,0.400000,0.052293
-0.357858,0.100000,0.400000,0.052285
-0.357157,0.100000,0.400000,0.052276
-0.356456,0.100000,0.400000,0.052268
-0.355756,0.100000,0.400000,0.052260
-0.355055,0.100000,0.400000,0.052252
-0.354354,0.100000,0.400000,0.052244
-0.353654,0.100000,0.400000,0.052236
-0.352953,0.100000,0.400000,0.052228
-0.352252,0.100000,0.400000,0.052220
-0.351552,0.100000,0.400000,0.052213
-0.350851,0.100000,0.400000,0.052205
-0.350150,0.100000,0.400000,0.052197
-0.349449,0.100000,0.400000,0.052190
-0.348749,0.100000,0.400000,0.052182
-0.348048,0.100000,0.400000,0.052175
-0.347347,0.100000,0.400000,0.052168
-0.346647,0.100000,0.400000,0.052160
-0.345946,0.100000,0.400000,0.052153
-0.345245,0.100000,0.400000,0.052146
-0.344545,0.100000,0.400000,0.052139
-0.343844,0.100000,0.400000,0.052132
-0.343143,0.100000,0.400000,0.052125
-0.342442,0.100000,0.400000,0.052118
-0.341742,0.100000,0.400000,0.052112
-0.341041,0.100000,0.400000,0.052105
-0.340340,0.100000,0.400000,0.052098
-0.339640,0.100000,0.400000,0.052092
-0.338939,0.100000,0.400000,0.052086
-0.338238,0.100000,0.400000,0.052079
-0.337538,0.100000,0.400000,0.052073
-0.336837,0.100000,0.400000,0.052067
-0.336136,0.100000,0.400000,0.052061
-0.335435,0.100000,0.400000,0.052055
-0.334735,0.100000,0.400000,0.052049
-0.334034,0.100000,0.400000,0.052043
-0.333333,0.100000,0.400000,0.052038
-0.332633,0.100000,0.400000,0.052032
-0.331932,0.100000,0.400000,0.052027
-0.331231,0.100000,0.400000,0.052021
-0.330531,0.100000,0.400000,0.052016
-0.329830,0.100000,0.400000,0.052010
-0.329129,0.100000,0.400000,0.052005
-0.328428,0.100000,0.400000,0.052000
-0.327728,0.100000,0.400000,0.051995
-0.327027,0.100000,0.400000,0.051990
-0.326326,0.100000,0.400000,0.051986
-0.325626,0.100000,0.400000,0.051981
-0.324925,0.100000,0.400000,0.051976
-0.324224,0.100000,0.400000,0.051972
-0.323524,0.100000,0.400000,0.051967
-0.322823,0.100000,0.400000,0.051963
-0.322122,0.100000,0.400000,0.051959
-0.321421,0.100000,0.400000,0.051955
-0.320721,0.100000,0.400000,0.051951
-0.320020,0.100000,0.400000,0.051947
-0.319319,0.100000,0.400000,0.051943
-0.318619,0.100000,0.400000,0.051940
-0.317918,0.100000,0.400000,0.051936
-0.317217,0.100000,0.400000,0.051933
-0.316517,0.100000,0.400000,0.051929
-0.315816,0.100000,0.400000,0.051926
-0.315115,0.100000,0.400000,0.051923
-0.314414,0.100000,0.400000,0.051920
-0.313714,0.100000,0.400000,0.051917
-0.313013,0.100000,0.400000,0.051914
-0.312312,0.100000,0.400000,0.051912
-0.311612,0.100000,0.400000,0.051909
-0.310911,0.100000,0.400000,0.051907
-0.310210,0.100000,0.400000,0.051905
-0.309510,0.100000,0.400000,0.051902
-0.308809,0.100000,0.400000,0.051900
-0.308108,0.100000,0.400000,0.051899
-0.307407,0.100000,0.400000,0.051897
-0.306707,0.100000,0.400000,0.051895
-0.306006,0.100000,0.400000,0.051894
-0.305305,0.100000,0.400000,0.051892
-0.304605,0.100000,0.400000,0.051891
-0.303904,0.100000,0.400000,0.051890
-0.303203,0.100000,0.400000,0.051889
-0.302503,0.100000,0.400000,0.051888
-0.301802,0.100000,0.400000,0.051887
-0.301101,0.100000,0.400000,0.051887
-0.300400,0.100000,0.400000,0.051886
-0.299700,0.100000,0.400000,0.051886
-0.298999,0.100000,0.400000,0.051886
-0.298298,0.100000,0.400000,0.051886
-0.297598,0.100000,0.400000,0.051886
-0.296897,0.100000,0.400000,0.051887
-0.296196,0.100000,0.400000,0.051887
-0.295495,0.100000,0.400000,0.051888
-0.294795,0.100000,0.400000,0.051888
-0.294094,0.100000,0.400000,0.051889
-0.293393,0.100000,0.400000,0.051890
-0.292693,0.100000,0.400000,0.051892
-0.291992,0.100000,0.400000,0.051893
-0.291291,0.100000,0.400000,0.051895
-0.290591,0.100000,0.400000,0.051897
-0.289890,0.100000,0.400000,0.051898
-0.289189,0.100000,0.400000,0.051900
-0.288488,0.100000,0.400000,0.051903
-0.287788,0.100000,0.400000,0.051905
-0.287087,0.100000,0.400000,0.051908
-0.286386,0.100000,0.400000,0.051911
-0.285686,0.100000,0.400000,0.051914
-0.284985,0.100000,0.400000,0.051917
-0.284284,0.100000,0.400000,0.051920
-0.283584,0.100000,0.400000,0.051924
-0.282883,0.100000,0.400000,0.051927
-0.282182,0.100000,0.400000,0.051931
-0.281481,0.100000,0.400000,0.051935
-0.280781,0.100000,0.400000,0.051940
-0.280080,0.100000,0.400000,0.051944
-0.279379,0.100000,0.400000,0.051949
-0.278679,0.100000,0.400000,0.051954
-0.277978,0.100000,0.400000,0.051959
-0.277277,0.100000,0.400000,0.051964
-0.276577,0.100000,0.400000,0.051970
-0.275876,0.100000,0.400000,0.051976
-0.275175,0.100000,0.400000,0.051982
-0.274474,0.100000,0.400000,0.051988
-0.273774,0.100000,0.400000,0.051994
-0.273073,0.100000,0.400000,0.052001
-0.272372,0.100000,0.400000,0.052008
-0.271672,0.100000,0.400000,0.052015
-0.270971,0.100000,0.400000,0.052022
-0.270270,0.100000,0.400000,0.052030
-0.269570,0.100000,0.400000,0.052038
-0.268869,0.100000,0.400000,0.052046
-0.268168,0.100000,0.400000,0.052054
-0.267467,0.100000,0.400000,0.052063
-0.266767,0.100000,0.400000,0.052071
-0.266066,0.100000,0.400000,0.052081
-0.265365,0.100000,0.400000,0.052090
-0.264665,0.100000,0.400000,0.052099
-0.263964,0.100000,0.400000,0.052109
-0.263263,0.100000,0.400000,0.052120
-0.262563,0.100000,0.400000,0.052130
-0.261862,0.100000,0.400000,0.052141
-0.261161,0.100000,0.400000,0.052152
-0.260460,0.100000,0.400000,0.052163
-0.259760,0.100000,0.400000,0.052174
-0.259059,0.100000,0.400000,0.052186
-0.258358,0.100000,0.400000,0.052198
-0.257658,0.100000,0.400000,0.052211
-0.256957,0.100000,0.400000,0.052224
-0.256256,0.100000,0.400000,0.052237
-0.255556,0.100000,0.400000,0.052250
-0.254855,0.100000,0.400000,0.052264
-0.254154,0.100000,0.400000,0.052278
-0.253453,0.100000,0.400000,0.052292
-0.252753,0.100000,0.400000,0.052307
-0.252052,0.100000,0.400000,0.052322
-0.251351,0.100000,0.400000,0.052337
-0.250651,0.100000,0.400000,0.052353
-0.249950,0.100000,0.400000,0.052369
-0.249249,0.100000,0.400000,0.052385
-0.248549,0.100000,0.400000,0.052402
-0.247848,0.100000,0.400000,0.052419
-0.247147,0.100000,0.400000,0.052437
-0.246446,0.100000,0.400000,0.052455
-0.245746,0.100000,0.400000,0.052473
-0.245045,0.100000,0.400000,0.052492
-0.244344,0.100000,0.400000,0.052511
-0.243644,0.100000,0.400000,0.052530
-0.242943,0.100000,0.400000,0.052550
-0.242242,0.100000,0.400000,0.052570
-0.241542,0.100000,0.400000,0.052591
-0.240841,0.100000,0.400000,0.052612
-0.240140,0.100000,0.400000,0.052634
-0.239439,0.100000,0.400000,0.052656
-0.238739,0.100000,0.400000,0.052678
-0.238038,0.100000,0.400000,0.052701
-0.237337,0.100000,0.400000,0.052724
-0.236637,0.100000,0.400000,0.052748
-0.235936,0.100000,0.400000,0.052772
-0.235235,0.100000,0.400000,0.052797
-0.234535,0.100000,0.400000,0.052822
-0.233834,0.100000,0.400000,0.052848
-0.233133,0.100000,0.400000,0.052874
-0.232432,0.100000,0.400000,0.052901
-0.231732,0.100000,0.400000,0.052928
-0.231031,0.100000,0.400000,0.052956
-0.230330,0.100000,0.400000,0.052984
-0.229630,0.100000,0.400000,0.053012
-0.228929,0.100000,0.400000,0.053042
-0.228228,0.100000,0.400000,0.053072
-0.227528,0.100000,0.400000,0.053102
-0.226827,0.100000,0.400000,0.053133
-0.226126,0.100000,0.400000,0.053165
-0.225425,0.100000,0.400000,0.053197
-0.224725,0.100000,0.400000,0.053230
-0.224024,0.100000,0.400000,0.053263
-0.223323,0.100000,0.400000,0.053297
-0.222623,0.100000,0.400000,0.053331
-0.221922,0.100000,0.400000,0.053367
-0.221221,0.100000,0.400000,0.053402
-0.220521,0.100000,0.400000,0.053439
-0.219820,0.100000,0.400000,0.053476
-0.219119,0.100000,0.400000,0.053514
-0.218418,0.100000,0.400000,0.053552
-0.217718,0.100000,0.400000,0.053592
-0.217017,0.100000,0.400000,0.053631
-0.216316,0.100000,0.400000,0.053672
-0.215616,0.100000,0.400000,0.053713
-0.214915,0.100000,0.400000,0.053755
-0.214214,0.100000,0.400000,0.053798
-0.213514,0.100000,0.400000,0.053842
-0.212813,0.100000,0.400000,0.053886
-0.212112,0.100000,0.400000,0.053931
-0.211411,0.100000,0.400000,0.053977
-0.210711,0.100000,0.400000,0.054024
-0.210010,0.100000,0.400000,0.054071
-0.209309,0.100000,0.400000,0.054120
-0.208609,0.100000,0.400000,0.054169
-0.207908,0.100000,0.400000,0.054219
-0.207207,0.100000,0.400000,0.054270
-0.206507,0.100000,0.400000,0.054322
-0.205806,0.100000,0.400000,0.054375
-0.205105,0.100000,0.400000,0.054428
-0.204404,0.100000,0.400000,0.054483
-0.203704,0.100000,0.400000,0.054538
-0.203003,0.100000,0.400000,0.054595
-0.202302,0.100000,0.400000,0.054652
-0.201602,0.100000,0.400000,0.054711
-0.200901,0.100000,0.400000,0.054770
-0.200200,0.100000,0.400000,0.054831
-0.199499,0.100000,0.400000,0.054892
-0.198799,0.100000,0.400000,0.054955
-0.198098,0.100000,0.400000,0.055018
-0.197397,0.100000,0.400000,0.055083
-0.196697,0.100000,0.400000,0.055149
-0.195996,0.100000,0.400000,0.055216
-0.195295,0.100000,0.400000,0.055284
-0.194595,0.100000,0.400000,0.055354
-0.193894,0.100000,0.400000,0.055424
-0.193193,0.100000,0.400000,0.055496
-0.192492,0.100000,0.400000,0.055569
-0.191792,0.100000,0.400000,0.055643
-0.191091,0.100000,0.400000,0.055718
-0.190390,0.100000,0.400000,0.055795
-0.189690,0.100000,0.400000,0.055873
-0.188989,0.100000,0.400000,0.055952
-0.188288,0.100000,0.400000,0.056033
-0.187588,0.100000,0.400000,0.056115
-0.186887,0.100000,0.400000,0.056198
-0.186186,0.100000,0.400000,0.056283
-0.185485,0.100000,0.400000,0.056370
-0.184785,0.100000,0.400000,0.056457
-0.184084,0.100000,0.400000,0.056546
-0.183383,0.100000,0.400000,0.056637
-0.182683,0.100000,0.400000,0.056729
-0.181982,0.100000,0.400000,0.056823
-0.181281,0.100000,0.400000,0.056919
-0.180581,0.100000,0.400000,0.057016
-0.179880,0.100000,0.400000,0.057114
-0.179179,0.100000,0.400000,0.057215
-0.178478,0.100000,0.400000,0.057317
-0.177778,0.100000,0.400000,0.057420
-0.177077,0.100000,0.400000,0.057526
-0.176376,0.100000,0.400000,0.057633
-0.175676,0.100000,0.400000,0.057742
-0.174975,0.100000,0.400000,0.057853
-0.174274,0.100000,0.400000,0.057966
-0.173574,0.100000,0.400000,0.058081
-0.172873,0.100000,0.400000,0.058197
-0.172172,0.100000,0.400000,0.058316
-0.171471,0.100000,0.400000,0.058437
-0.170771,0.100000,0.400000,0.058559
-0.170070,0.100000,0.400000,0.058684
-0.169369,0.100000,0.400000,0.058811
-0.168669,0.100000,0.400000,0.058939
-0.167968,0.100000,0.400000,0.059071
-0.167267,0.100000,0.400000,0.059204
-0.166567,0.100000,0.400000,0.059339
-0.165866,0.100000,0.400000,0.059477
-0.165165,0.100000,0.400000,0.059617
-0.164464,0.100000,0.400000,0.059759
-0.163764,0.100000,0.400000,0.059904
-0.163063,0.100000,0.400000,0.060051
-0.162362,0.100000,0.400000,0.060201
-0.161662,0.100000,0.400000,0.060353
-0.160961,0.100000,0.400000,0.060508
-0.160260,0.100000,0.400000,0.060665
-0.159560,0.100000,0.400000,0.060825
-0.158859,0.100000,0.400000,0.060988
-0.158158,0.100000,0.400000,0.061153
-0.157457,0.100000,0.400000,0.061321
-0.156757,0.100000,0.400000,0.061491
-0.156056,0.100000,0.400000,0.061665
-0.155355,0.100000,0.400000,0.061842
-0.154655,0.100000,0.400000,0.062021
-0.153954,0.100000,0.400000,0.062203
-0.153253,0.100000,0.400000,0.062389
-0.152553,0.100000,0.400000,0.062577
-0.151852,0.100000,0.400000,0.062769
-0.151151,0.100000,0.400000,0.062963
-0.150450,0.100000,0.400000,0.063161
-0.149750,0.100000,0.400000,0.063362
-0.149049,0.100000,0.400000,0.063567
-0.148348,0.100000,0.400000,0.063775
-0.147648,0.100000,0.400000,0.063986
-0.146947,0.100000,0.400000,0.064200
-0.146246,0.100000,0.400000,0.064418
-0.145546,0.100000,0.400000,0.064640
-0.144845,0.100000,0.400000,0.064865
-0.144144,0.100000,0.400000,0.065094
-0.143443,0.100000,0.400000,0.065327
-0.142743,0.100000,0.400000,0.065563
-0.142042,0.100000,0.400000,0.065803
-0.141341,0.100000,0.400000,0.066047
-0.140641,0.100000,0.400000,0.066295
-0.139940,0.100000,0.400000,0.066546
-0.139239,0.100000,0.400000,0.066802
-0.138539,0.100000,0.400000,0.067062
-0.137838,0.100000,0.400000,0.067326
-0.137137,0.100000,0.400000,0.067594
-0.136436,0.100000,0.400000,0.067866
-0.135736,0.100000,0.400000,0.068143
-0.135035,0.100000,0.400000,0.068423
-0.134334,0.100000,0.400000,0.068708
-0.133634,0.100000,0.400000,0.068998
-0.132933,0.100000,0.400000,0.069292
-0.132232,0.100000,0.400000,0.069590
-0.131532,0.100000,0.400000,0.069893
-0.130831,0.100000,0.400000,0.070201
-0.130130,0.100000,0.400000,0.070513
-0.129429,0.100000,0.400000,0.070830
-0.128729,0.100000,0.400000,0.071151
-0.128028,0.100000,0.400000,0.071478
-0.127327,0.100000,0.400000,0.071809
-0.126627,0.100000,0.400000,0.072145
-0.125926,0.100000,0.400000,0.072486
-0.125225,0.100000,0.400000,0.072832
-0.124525,0.100000,0.400000,0.073182
-0.123824,0.100000,0.400000,0.073538
-0.123123,0.100000,0.400000,0.073899
-0.122422,0.100000,0.400000,0.074265
-0.121722,0.100000,0.400000,0.074636
-0.121021,0.100000,0.400000,0.075012
-0.120320,0.100000,0.400000,0.075393
-0.119620,0.100000,0.400000,0.075779
-0.118919,0.100000,0.400000,0.076171
-0.118218,0.100000,0.400000,0.076567
-0.117518,0.100000,0.400000,0.076969
-0.116817,0.100000,0.400000,0.077376
-0.116116,0.100000,0.400000,0.077789
-0.115415,0.100000,0.400000,0.078206
-0.114715,0.100000,0.400000,0.078629
-0.114014,0.100000,0.400000,0.079057
-0.113313,0.100000,0.400000,0.079490
-0.112613,0.100000,0.400000,0.079929
-0.111912,0.100000,0.400000,0.080372
-0.111211,0.100000,0.400000,0.080821
-0.110511,0.100000,0.400000,0.081275
-0.109810,0.100000,0.400000,0.081735
-0.109109,0.100000,0.400000,0.082199
-0.108408,0.100000,0.400000,0.082668
-0.107708,0.100000,0.400000,0.083143
-0.107007,0.100000,0.400000,0.083622
-0.106306,0.100000,0.400000,0.084107
-0.105606,0.100000,0.400000,0.084596
-0.104905,0.100000,0.400000,0.085090
-0.104204,0.100000,0.400000,0.085589
-0.103504,0.100000,0.400000,0.086093
-0.102803,0.100000,0.400000,0.086602
-0.102102,0.100000,0.400000,0.087115
-0.101401,0.100000,0.400000,0.087633
-0.100701,0.100000,0.400000,0.088155
-0.100000,0.100000,0.400000,0.088682
-0.800000,0.100000,0.600000,0.066764
-0.799299,0.100000,0.600000,0.066746
-0.798599,0.100000,0.600000,0.066728
-0.797898,0.100000,0.600000,0.066710
-0.797197,0.100000,0.600000,0.066692
-0.796496,0.100000,0.600000,0.066674
-0.795796,0.100000,0.600000,0.066656
-0.795095,0.100000,0.600000,0.066638
-0.794394,0.100000,0.600000,0.066620
-0.793694,0.100000,0.600000,0.066601
-0.792993,0.100000,0.600000,0.066583
-0.792292,0.100000,0.600000,0.066565
-0.791592,0.100000,0.600000,0.066547
-0.790891,0.100000,0.600000,0.066529
-0.790190,0.100000,0.600000,0.066511
-0.789489,0.100000,0.600000,0.066493
-0.788789,0.100000,0.600000,0.066474
-0.788088,0.100000,0.600000,0.066456
-0.787387,0.100000,0.600000,0.066438
-0.786687,0.100000,0.600000,0.066420
-0.785986,0.100000,0.600000,0.066402
-0.785285,0.100000,0.600000,0.066384
-0.784585,0.100000,0.600000,0.066366
-0.783884,0.100000,0.600000,0.066348
-0.783183,0.100000,0.600000,0.066329
-0.782482,0.100000,0.600000,0.066311
-0.781782,0.100000,0.600000,0.066293
-0.781081,0.100000,0.600000,0.066275
-0.780380,0.100000,0.600000,0.066257
-0.779680,0.100000,0.600000,0.066238
-0.778979,0.100000,0.600000,0.066220
-0.778278,0.100000,0.600000,0.066202
-0.777578,0.100000,0.600000,0.066184
-0.776877,0.100000,0.600000,0.066166
-0.776176,0.100000,0.600000,0.066147
-0.775475,0.100000,0.600000,0.066129
-0.774775,0.100000,0.600000,0.066111
-0.774074,0.100000,0.600000,0.066093
-0.773373,0.100000,0.600000,0.066075
-0.772673,0.100000,0.600000,0.066056
-0.771972,0.100000,0.600000,0.066038
-0.771271,0.100000,0.600000,0.066020
-0.770571,0.100000,0.600000,0.066002
-0.769870,0.100000,0.600000,0.065984
-0.769169,0.100000,0.600000,0.065965
-0.768468,0.100000,0.600000,0.065947
-0.767768,0.100000,0.600000,0.065929
-0.767067,0.100000,0.600000,0.065911
-0.766366,0.100000,0.600000,0.065892
-0.765666,0.100000,0.600000,0.065874
-0.764965,0.100000,0.600000,0.065856
-0.764264,0.100000,0.600000,0.065838
-0.763564,0.100000,0.600000,0.065819
-0.762863,0.100000,0.600000,0.065801
-0.762162,0.100000,0.600000,0.065783
-0.761461,0.100000,0.600000,0.065765
-0.760761,0.100000,0.600000,0.065746
-0.760060,0.100000,0.600000,0.065728
-0.759359,0.100000,0.600000,0.065710
-0.758659,0.100000,0.600000,0.065692
-0.757958,0.100000,0.600000,0.065673
-0.757257,0.100000,0.600000,0.065655
-0.756557,0.100000,0.600000,0.065637
-0.755856,0.100000,0.600000,0.065618
-0.755155,0.100000,0.600000,0.065600
-0.754454,0.100000,0.600000,0.065582
-0.753754,0.100000,0.600000,0.065564
-0.753053,0.100000,0.600000,0.065545
-0.752352,0.100000,0.600000,0.065527
-0.751652,0.100000,0.600000,0.065509
-0.750951,0.100000,0.600000,0.065490
-0.750250,0.100000,0.600000,0.065472
-0.749550,0.100000,0.600000,0.065454
-0.748849,0.100000,0.600000,0.065436
-0.748148,0.100000,0.600000,0.065417
-0.747447,0.100000,0.600000,0.065399
-0.746747,0.100000,0.600000,0.065381
-0.746046,0.100000,0.600000,0.065362
-0.745345,0.100000,0.600000,0.065344
-0.744645,0.100000,0.600000,0.065326
-0.743944,0.100000,0.600000,0.065307
-0.743243,0.100000,0.600000,0.065289
-0.742543,0.100000,0.600000,0.065271
-0.741842,0.100000,0.600000,0.065253
-0.741141,0.100000,0.600000,0.065234
-0.740440,0.100000,0.600000,0.065216
-0.739740,0.100000,0.600000,0.065198
-0.739039,0.100000,0.600000,0.065179
-0.738338,0.100000,0.600000,0.065161
-0.737638,0.100000,0.600000,0.065143
-0.736937,0.100000,0.600000,0.065124
-0.736236,0.100000,0.600000,0.065106
-0.735536,0.100000,0.600000,0.065088
-0.734835,0.100000,0.600000,0.065069
-0.734134,0.100000,0.600000,0.065051
-0.733433,0.100000,0.600000,0.065033
-0.732733,0.100000,0.600000,0.065014
-0.732032,0.100000,0.600000,0.064996
-0.731331,0.100000,0.600000,0.064978
-0.730631,0.100000,0.600000,0.064959
-0.729930,0.100000,0.600000,0.064941
-0.729229,0.100000,0.600000,0.064923
-0.728529,0.100000,0.600000,0.064904
-0.727828,0.100000,0.600000,0.064886
-0.727127,0.100000,0.600000,0.064868
-0.726426,0.100000,0.600000,0.064849
-0.725726,0.100000,0.600000,0.064831
-0.725025,0.100000,0.600000,0.064813
-0.724324,0.100000,0.600000,0.064794
-0.723624,0.100000,0.600000,0.064776
-0.722923,0.100000,0.600000,0.064758
-0.722222,0.100000,0.600000,0.064739
-0.721522,0.100000,0.600000,0.064721
-0.720821,0.100000,0.600000,0.064702
-0.720120,0.100000,0.600000,0.064684
-0.719419,0.100000,0.600000,0.064666
-0.718719,0.100000,0.600000,0.064647
-0.718018,0.100000,0.600000,0.064629
-0.717317,0.100000,0.600000,0.064611
-0.716617,0.100000,0.600000,0.064592
-0.715916,0.100000,0.600000,0.064574
-0.715215,0.100000,0.600000,0.064556
-0.714515,0.100000,0.600000,0.064537
-0.713814,0.100000,0.600000,0.064519
-0.713113,0.100000,0.600000,0.064501
-0.712412,0.100000,0.600000,0.064482
-0.711712,0.100000,0.600000,0.064464
-0.711011,0.100000,0.600000,0.064445
-0.710310,0.100000,0.600000,0.064427
-0.709610,0.100000,0.600000,0.064409
-0.708909,0.100000,0.600000,0.064390
-0.708208,0.100000,0.600000,0.064372
-0.707508,0.100000,0.600000,0.064354
-0.706807,0.100000,0.600000,0.064335
-0.706106,0.100000,0.600000,0.064317
-0.705405,0.100000,0.600000,0.064299
-0.704705,0.100000,0.600000,0.064280
-0.704004,0.100000,0.600000,0.064262
-0.703303,0.100000,0.600000,0.064244
-0.702603,0.100000,0.600000,0.064225
-0.701902,0.100000,0.600000,0.064207
-0.701201,0.100000,0.600000,0.064188
-0.700501,0.100000,0.600000,0.064170
-0.699800,0.100000,0.600000,0.064152
-0.699099,0.100000,0.600000,0.064133
-0.698398,0.100000,0.600000,0.064115
-0.697698,0.100000,0.600000,0.064097
-0.696997,0.100000,0.600000,0.064078
-0.696296,0.100000,0.600000,0.064060
-0.695596,0.100000,0.600000,0.064042
-0.694895,0.100000,0.600000,0.064023
-0.694194,0.100000,0.600000,0.064005
-0.693493,0.100000,0.600000,0.063986
-0.692793,0.100000,0.600000,0.063968
-0.692092,0.100000,0.600000,0.063950
-0.691391,0.100000,0.600000,0.063931
-0.690691,0.100000,0.600000,0.063913
-0.689990,0.100000,0.600000,0.063895
-0.689289,0.100000,0.600000,0.063876
-0.688589,0.100000,0.600000,0.063858
-0.687888,0.100000,0.600000,0.063840
-0.687187,0.100000,0.600000,0.063821
-0.686486,0.100000,0.600000,0.063803
-0.685786,0.100000,0.600000,0.063785
-0.685085,0.100000,0.600000,0.063766
-0.684384,0.100000,0.600000,0.063748
-0.683684,0.100000,0.600000,0.063730
-0.682983,0.100000,0.600000,0.063711
-0.682282,0.100000,0.600000,0.063693
-0.681582,0.100000,0.600000,0.063675
-0.680881,0.100000,0.600000,0.063656
-0.680180,0.100000,0.600000,0.063638
-0.679479,0.100000,0.600000,0.063620
-0.678779,0.100000,0.600000,0.063601
-0.678078,0.100000,0.600000,0.063583
-0.677377,0.100000,0.600000,0.063565
-0.676677,0.100000,0.600000,0.063546
-0.675976,0.100000,0.600000,0.063528
-0.675275,0.100000,0.600000,0.063510
-0.674575,0.100000,0.600000,0.063491
-0.673874,0.100000,0.600000,0.063473
-0.673173,0.100000,0.600000,0.063455
-0.672472,0.100000,0.600000,0.063436
-0.671772,0.100000,0.600000,0.063418
-0.671071,0.100000,0.600000,0.063400
-0.670370,0.100000,0.600000,0.063381
-0.669670,0.100000,0.600000,0.063363
-0.668969,0.100000,0.600000,0.063345
-0.668268,0.100000,0.600000,0.063326
-0.667568,0.100000,0.600000,0.063308
-0.666867,0.100000,0.600000,0.063290
-0.666166,0.100000,0.600000,0.063271
-0.665465,0.100000,0.600000,0.063253
-0.664765,0.100000,0.600000,0.063235
-0.664064,0.100000,0.600000,0.063216
-0.663363,0.100000,0.600000,0.063198
-0.662663,0.100000,0.600000,0.063180
-0.661962,0.100000,0.600000,0.063161
-0.661261,0.100000,0.600000,0.063143
-0.660561,0.100000,0.600000,0.063125
-0.659860,0.100000,0.600000,0.063107
-0.659159,0.100000,0.600000,0.063088
-0.658458,0.100000,0.600000,0.063070
-0.657758,0.100000,0.600000,0.063052
-0.657057,0.100000,0.600000,0.063034
-0.656356,0.100000,0.600000,0.063015
-0.655656,0.100000,0.600000,0.062997
-0.654955,0.100000,0.600000,0.062979
-0.654254,0.100000,0.600000,0.062960
-0.653554,0.100000,0.600000,0.062942
-0.652853,0.100000,0.600000,0.062924
-0.652152,0.100000,0.600000,0.062906
-0.651451,0.100000,0.600000,0.062887
-0.650751,0.100000,0.600000,0.062869
-0.650050,0.100000,0.600000,0.062851
-0.649349,0.100000,0.600000,0.062833
-0.648649,0.100000,0.600000,0.062814
-0.647948,0.100000,0.600000,0.062796
-0.647247,0.100000,0.600000,0.062778
-0.646547,0.100000,0.600000,0.062760
-0.645846,0.100000,0.600000,0.062741
-0.645145,0.100000,0.600000,0.062723
-0.644444,0.100000,0.600000,0.062705
-0.643744,0.100000,0.600000,0.062687
-0.643043,0.100000,0.600000,0.062668
-0.642342,0.100000,0.600000,0.062650
-0.641642,0.100000,0.600000,0.062632
-0.640941,0.100000,0.600000,0.062614
-0.640240,0.100000,0.600000,0.062596
-0.639540,0.100000,0.600000,0.062577
-0.638839,0.100000,0.600000,0.062559
-0.638138,0.100000,0.600000,0.062541
-0.637437,0.100000,0.600000,0.062523
-0.636737,0.100000,0.600000,0.062505
-0.636036,0.100000,0.600000,0.062487
-0.635335,0.100000,0.600000,0.062468
-0.634635,0.100000,0.600000,0.062450
-0.633934,0.100000,0.600000,0.062432
-0.633233,0.100000,0.600000,0.062414
-0.632533,0.100000,0.600000,0.062396
-0.631832,0.100000,0.600000,0.062377
-0.631131,0.100000,0.600000,0.062359
-0.630430,0.100000,0.600000,0.062341
-0.629730,0.100000,0.600000,0.062323
-0.629029,0.100000,0.600000,0.062305
-0.628328,0.100000,0.600000,0.062287
-0.627628,0.100000,0.600000,0.062269
-0.626927,0.100000,0.600000,0.062250
-0.626226,0.100000,0.600000,0.062232
-0.625526,0.100000,0.600000,0.062214
-0.624825,0.100000,0.600000,0.062196
-0.624124,0.100000,0.600000,0.062178
-0.623423,0.100000,0.600000,0.062160
-0.622723,0.100000,0.600000,0.062142
-0.622022,0.100000,0.600000,0.062124
-0.621321,0.100000,0.600000,0.062106
-0.620621,0.100000,0.600000,0.062088
-0.619920,0.100000,0.600000,0.062069
-0.619219,0.100000,0.600000,0.062051
-0.618519,0.100000,0.600000,0.062033
-0.617818,0.100000,0.600000,0.062015
-0.617117,0.100000,0.600000,0.061997
-0.616416,0.100000,0.600000,0.061979
-0.615716,0.100000,0.600000,0.061961
-0.615015,0.100000,0.600000,0.061943
-0.614314,0.100000,0.600000,0.061925
-0.613614,0.100000,0.600000,0.061907
-0.612913,0.100000,0.600000,0.061889
-0.612212,0.100000,0.600000,0.061871
-0.611512,0.100000,0.600000,0.061853
-0.610811,0.100000,0.600000,0.061835
-0.610110,0.100000,0.600000,0.061817
-0.609409,0.100000,0.600000,0.061799
-0.608709,0.100000,0.600000,0.061781
-0.608008,0.100000,0.600000,0.061763
-0.607307,0.100000,0.600000,0.061745
-0.606607,0.100000,0.600000,0.061727
-0.605906,0.100000,0.600000,0.061709
-0.605205,0.100000,0.600000,0.061691
-0.604505,0.100000,0.600000,0.061673
-0.603804,0.100000,0.600000,0.061655
-0.603103,0.100000,0.600000,0.061637
-0.602402,0.100000,0.600000,0.061619
-0.601702,0.100000,0.600000,0.061601
-0.601001,0.100000,0.600000,0.061583
-0.600300,0.100000,0.600000,0.061565
-0.599600,0.100000,0.600000,0.061547
-0.598899,0.100000,0.600000,0.061529
-0.598198,0.100000,0.600000,0.061511
-0.597497,0.100000,0.600000,0.061493
-0.596797,0.100000,0.600000,0.061475
-0.596096,0.100000,0.600000,0.061458
-0.595395,0.100000,0.600000,0.061440
-0.594695,0.100000,0.600000,0.061422
-0.593994,0.100000,0.600000,0.061404
-0.593293,0.100000,0.600000,0.061386
-0.592593,0.100000,0.600000,0.061368
-0.591892,0.100000,0.600000,0.061350
-0.591191,0.100000,0.600000,0.061333
-0.590490,0.100000,0.600000,0.061315
-0.589790,0.100000,0.600000,0.061297
-0.589089,0.100000,0.600000,0.061279
-0.588388,0.100000,0.600000,0.061261
-0.587688,0.100000,0.600000,0.061243
-0.586987,0.100000,0.600000,0.061226
-0.586286,0.100000,0.600000,0.061208
-0.585586,0.100000,0.600000,0.061190
-0.584885,0.100000,0.600000,0.061172
-0.584184,0.100000,0.600000,0.061155
-0.583483,0.100000,0.600000,0.061137
-0.582783,0.100000,0.600000,0.061119
-0.582082,0.100000,0.600000,0.061101
-0.581381,0.100000,0.600000,0.061083
-0.580681,0.100000,0.600000,0.061066
-0.579980,0.100000,0.600000,0.061048
-0.579279,0.100000,0.600000,0.061030
-0.578579,0.100000,0.600000,0.061013
-0.577878,0.100000,0.600000,0.060995
-0.577177,0.100000,0.600000,0.060977
-0.576476,0.100000,0.600000,0.060960
-0.575776,0.100000,0.600000,0.060942
-0.575075,0.100000,0.600000,0.060924
-0.574374,0.100000,0.600000,0.060907
-0.573674,0.100000,0.600000,0.060889
-0.572973,0.100000,0.600000,0.060871
-0.572272,0.100000,0.600000,0.060854
-0.571572,0.100000,0.600000,0.060836
-0.570871,0.100000,0.600000,0.060818
-0.570170,0.100000,0.600000,0.060801
-0.569469,0.100000,0.600000,0.060783
-0.568769,0.100000,0.600000,0.060766
-0.568068,0.100000,0.600000,0.060748
-0.567367,0.100000,0.600000,0.060730
-0.566667,0.100000,0.600000,0.060713
-0.565966,0.100000,0.600000,0.060695
-0.565265,0.100000,0.600000,0.060678
-0.564565,0.100000,0.600000,0.060660
-0.563864,0.100000,0.600000,0.060643
-0.563163,0.100000,0.600000,0.060625
-0.562462,0.100000,0.600000,0.060608
-0.561762,0.100000,0.600000,0.060590
-0.561061,0.100000,0.600000,0.060573
-0.560360,0.100000,0.600000,0.060555
-0.559660,0.100000,0.600000,0.060538
-0.558959,0.100000,0.600000,0.060520
-0.558258,0.100000,0.600000,0.060503
-0.557558,0.100000,0.600000,0.060485
-0.556857,0.100000,0.600000,0.060468
-0.556156,0.100000,0.600000,0.060451
-0.555455,0.100000,0.600000,0.060433
-0.554755,0.100000,0.600000,0.060416
-0.554054,0.100000,0.600000,0.060398
-0.553353,0.100000,0.600000,0.060381
-0.552653,0.100000,0.600000,0.060364
-0.551952,0.100000,0.600000,0.060346
-0.551251,0.100000,0.600000,0.060329
-0.550551,0.100000,0.600000,0.060312
-0.549850,0.100000,0.600000,0.060294
-0.549149,0.100000,0.600000,0.060277
-0.548448,0.100000,0.600000,0.060260
-0.547748,0.100000,0.600000,0.060242
-0.547047,0.100000,0.600000,0.060225
-0.546346,0.100000,0.600000,0.060208
-0.545646,0.100000,0.600000,0.060191
-0.544945,0.100000,0.600000,0.060173
-0.544244,0.100000,0.600000,0.060156
-0.543544,0.100000,0.600000,0.060139
-0.542843,0.100000,0.600000,0.060122
-0.542142,0.100000,0.600000,0.060105
-0.541441,0.100000,0.600000,0.060087
-0.540741,0.100000,0.600000,0.060070
-0.540040,0.100000,0.600000,0.060053
-0.539339,0.100000,0.600000,0.060036
-0.538639,0.100000,0.600000,0.060019
-0.537938,0.100000,0.600000,0.060002
-0.537237,0.100000,0.600000,0.059984
-0.536537,0.100000,0.600000,0.059967
-0.535836,0.100000,0.600000,0.059950
-0.535135,0.100000,0.600000,0.059933
-0.534434,0.100000,0.600000,0.059916
-0.533734,0.100000,0.600000,0.059899
-0.533033,0.100000,0.600000,0.059882
-0.532332,0.100000,0.600000,0.059865
-0.531632,0.100000,0.600000,0.059848
-0.530931,0.100000,0.600000,0.059831
-0.530230,0.100000,0.600000,0.059814
-0.529530,0.100000,0.600000,0.059797
-0.528829,0.100000,0.600000,0.059780
-0.528128,0.100000,0.600000,0.059763
-0.527427,0.100000,0.600000,0.059746
-0.526727,0.100000,0.600000,0.059729
-0.526026,0.100000,0.600000,0.059712
-0.525325,0.100000,0.600000,0.059695
-0.524625,0.100000,0.600000,0.059679
-0.523924,0.100000,0.600000,0.059662
-0.523223,0.100000,0.600000,0.059645
-0.522523,0.100000,0.600000,0.059628
-0.521822,0.100000,0.600000,0.059611
-0.521121,0.100000,0.600000,0.059594
-0.520420,0.100000,0.600000,0.059578
-0.519720,0.100000,0.600000,0.059561
-0.519019,0.100000,0.600000,0.059544
-0.518318,0.100000,0.600000,0.059527
-0.517618,0.100000,0.600000,0.059511
-0.516917,0.100000,0.600000,0.059494
-0.516216,0.100000,0.600000,0.059477
-0.515516,0.100000,0.600000,0.059460
-0.514815,0.100000,0.600000,0.059444
-0.514114,0.100000,0.600000,0.059427
-0.513413,0.100000,0.600000,0.059410
-0.512713,0.100000,0.600000,0.059394
-0.512012,0.100000,0.600000,0.059377
-0.511311,0.100000,0.600000,0.059361
-0.510611,0.100000,0.600000,0.059344
-0.509910,0.100000,0.600000,0.059327
-0.509209,0.100000,0.600000,0.059311
-0.508509,0.100000,0.600000,0.059294
-0.507808,0.100000,0.600000,0.059278
-0.507107,0.100000,0.600000,0.059261
-0.506406,0.100000,0.600000,0.059245
-0.505706,0.100000,0.600000,0.059228
-0.505005,0.100000,0.600000,0.059212
-0.504304,0.100000,0.600000,0.059195
-0.503604,0.100000,0.600000,0.059179
-0.502903,0.100000,0.600000,0.059163
-0.502202,0.100000,0.600000,0.059146
-0.501502,0.100000,0.600000,0.059130
-0.500801,0.100000,0.600000,0.059113
-0.500100,0.100000,0.600000,0.059097
-0.499399,0.100000,0.600000,0.059081
-0.498699,0.100000,0.600000,0.059064
-0.497998,0.100000,0.600000,0.059048
-0.497297,0.100000,0.600000,0.059032
-0.496597,0.100000,0.600000,0.059016
-0.495896,0.100000,0.600000,0.058999
-0.495195,0.100000,0.600000,0.058983
-0.494494,0.100000,0.600000,0.058967
-0.493794,0.100000,0.600000,0.058951
-0.493093,0.100000,0.600000,0.058935
-0.492392,0.100000,0.600000,0.058918
-0.491692,0.100000,0.600000,0.058902
-0.490991,0.100000,0.600000,0.058886
-0.490290,0.100000,0.600000,0.058870
-0.489590,0.100000,0.600000,0.058854
-0.488889,0.100000,0.600000,0.058838
-0.488188,0.100000,0.600000,0.058822
-0.487487,0.100000,0.600000,0.058806
-0.486787,0.100000,0.600000,0.058790
-0.486086,0.100000,0.600000,0.058774
-0.485385,0.100000,0.600000,0.058758
-0.484685,0.100000,0.600000,0.058742
-0.483984,0.100000,0.600000,0.058726
-0.483283,0.100000,0.600000,0.058710
-0.482583,0.100000,0.600000,0.058694
-0.481882,0.100000,0.600000,0.058679
-0.481181,0.100000,0.600000,0.058663
-0.480480,0.100000,0.600000,0.058647
-0.479780,0.100000,0.600000,0.058631
-0.479079,0.100000,0.600000,0.058615
-0.478378,0.100000,0.600000,0.058600
-0.477678,0.100000,0.600000,0.058584
-0.476977,0.100000,0.600000,0.058568
-0.476276,0.100000,0.600000,0.058552
-0.475576,0.100000,0.600000,0.058537
-0.474875,0.100000,0.600000,0.058521
-0.474174,0.100000,0.600000,0.058505
-0.473473,0.100000,0.600000,0.058490
-0.472773,0.100000,0.600000,0.058474
-0.472072,0.100000,0.600000,0.058459
-0.471371,0.100000,0.600000,0.058443
-0.470671,0.100000,0.600000,0.058428
-0.469970,0.100000,0.600000,0.058412
-0.469269,0.100000,0.600000,0.058397
-0.468569,0.100000,0.600000,0.058381
-0.467868,0.100000,0.600000,0.058366
-0.467167,0.100000,0.600000,0.058350
-0.466466,0.100000,0.600000,0.058335
-0.465766,0.100000,0.600000,0.058320
-0.465065,0.100000,0.600000,0.058304
-0.464364,0.100000,0.600000,0.058289
-0.463664,0.100000,0.600000,0.058274
-0.462963,0.100000,0.600000,0.058258
-0.462262,0.100000,0.600000,0.058243
-0.461562,0.100000,0.600000,0.058228
-0.460861,0.100000,0.600000,0.058213
-0.460160,0.100000,0.600000,0.058198
-0.459459,0.100000,0.600000,0.058182
-0.458759,0.100000,0.600000,0.058167
-0.458058,0.100000,0.600000,0.058152
-0.457357,0.100000,0.600000,0.058137
-0.456657,0.100000,0.600000,0.058122
-0.455956,0.100000,0.600000,0.058107
-0.455255,0.100000,0.600000,0.058092
-0.454555,0.100000,0.600000,0.058077
-0.453854,0.100000,0.600000,0.058062
-0.453153,0.100000,0.600000,0.058047
-0.452452,0.100000,0.600000,0.058032
-0.451752,0.100000,0.600000,0.058017
-0.451051,0.100000,0.600000,0.058003
-0.450350,0.100000,0.600000,0.057988
-0.449650,0.100000,0.600000,0.057973
-0.448949,0.100000,0.600000,0.057958
-0.448248,0.100000,0.600000,0.057943
-0.447548,0.100000,0.600000,0.057929
-0.446847,0.100000,0.600000,0.057914
-0.446146,0.100000,0.600000,0.057899
-0.445445,0.100000,0.600000,0.057885
-0.444745,0.100000,0.600000,0.057870
-0.444044,0.100000,0.600000,0.057856
-0.443343,0.100000,0.600000,0.057841
-0.442643,0.100000,0.600000,0.057827
-0.441942,0.100000,0.600000,0.057812
-0.441241,0.100000,0.600000,0.057798
-0.440541,0.100000,0.600000,0.057783
-0.439840,0.100000,0.600000,0.057769
-0.439139,0.100000,0.600000,0.057754
-0.438438,0.100000,0.600000,0.057740
-0.437738,0.100000,0.600000,0.057726
-0.437037,0.100000,0.600000,0.057712
-0.436336,0.100000,0.600000,0.057697
-0.435636,0.100000,0.600000,0.057683
-0.434935,0.100000,0.600000,0.057669
-0.434234,0.100000,0.600000,0.057655
-0.433534,0.100000,0.600000,0.057641
-0.432833,0.100000,0.600000,0.057627
-0.432132,0.100000,0.600000,0.057612
-0.431431,0.100000,0.600000,0.057598
-0.430731,0.100000,0.600000,0.057584
-0.430030,0.100000,0.600000,0.057570
-0.429329,0.100000,0.600000,0.057557
-0.428629,0.100000,0.600000,0.057543
-0.427928,0.100000,0.600000,0.057529
-0.427227,0.100000,0.600000,0.057515
-0.426527,0.100000,0.600000,0.057501
-0.425826,0.100000,0.600000,0.057487
-0.425125,0.100000,0.600000,0.057474
-0.424424,0.100000,0.600000,0.057460
-0.423724,0.100000,0.600000,0.057446
-0.423023,0.100000,0.600000,0.057433
-0.422322,0.100000,0.600000,0.057419
-0.421622,0.100000,0.600000,0.057406
-0.420921,0.100000,0.600000,0.057392
-0.420220,0.100000,0.600000,0.057379
-0.419520,0.100000,0.600000,0.057365
-0.418819,0.100000,0.600000,0.057352
-0.418118,0.100000,0.600000,0.057338
-0.417417,0.100000,0.600000,0.057325
-0.416717,0.100000,0.600000,0.057312
-0.416016,0.100000,0.600000,0.057298
-0.415315,0.100000,0.600000,0.057285
-0.414615,0.100000,0.600000,0.057272
-0.413914,0.100000,0.600000,0.057259
-0.413213,0.100000,0.600000,0.057246
-0.412513,0.100000,0.600000,0.057233
-0.411812,0.100000,0.600000,0.057219
-0.411111,0.100000,0.600000,0.057206
-0.410410,0.100000,0.600000,0.057193
-0.409710,0.100000,0.600000,0.057181
-0.409009,0.100000,0.600000,0.057168
-0.408308,0.100000,0.600000,0.057155
-0.407608,0.100000,0.600000,0.057142
-0.406907,0.100000,0.600000,0.057129
-0.406206,0.100000,0.600000,0.057116
-0.405506,0.100000,0.600000,0.057104
-0.404805,0.100000,0.600000,0.057091
-0.404104,0.100000,0.600000,0.057079
-0.403403,0.100000,0.600000,0.057066
-0.402703,0.100000,0.600000,0.057054
-0.402002,0.100000,0.600000,0.057041
-0.401301,0.100000,0.600000,0.057029
-0.400601,0.100000,0.600000,0.057016
-0.399900,0.100000,0.600000,0.057004
-0.399199,0.100000,0.600000,0.056992
-0.398498,0.100000,0.600000,0.056979
-0.397798,0.100000,0.600000,0.056967
-0.397097,0.100000,0.600000,0.056955
-0.396396,0.100000,0.600000,0.056943
-0.395696,0.100000,0.600000,0.056931
-0.394995,0.100000,0.600000,0.056919
-0.394294,0.100000,0.600000,0.056907
-0.393594,0.100000,0.600000,0.056895
-0.392893,0.100000,0.600000,0.056883
-0.392192,0.100000,0.600000,0.056871
-0.391491,0.100000,0.600000,0.056859
-0.390791,0.100000,0.600000,0.056847
-0.390090,0.100000,0.600000,0.056836
-0.389389,0.100000,0.600000,0.056824
-0.388689,0.100000,0.600000,0.056813
-0.387988,0.100000,0.600000,0.056801
-0.387287,0.100000,0.600000,0.056790
-0.386587,0.100000,0.600000,0.056778
-0.385886,0.100000,0.600000,0.056767
-0.385185,0.100000,0.600000,0.056755
-0.384484,0.100000,0.600000,0.056744
-0.383784,0.100000,0.600000,0.056733
-0.383083,0.100000,0.600000,0.056722
-0.382382,0.100000,0.600000,0.056710
-0.381682,0.100000,0.600000,0.056699
-0.380981,0.100000,0.600000,0.056688
-0.380280,0.100000,0.600000,0.056677
-0.379580,0.100000,0.600000,0.056666
-0.378879,0.100000,0.600000,0.056656
-0.378178,0.100000,0.600000,0.056645
-0.377477,0.100000,0.600000,0.056634
-0.376777,0.100000,0.600000,0.056623
-0.376076,0.100000,0.600000,0.056613
-0.375375,0.100000,0.600000,0.056602
-0.374675,0.100000,0.600000,0.056592
-0.373974,0.100000,0.600000,0.056581
-0.373273,0.100000,0.600000,0.056571
-0.372573,0.100000,0.600000,0.056560
-0.371872,0.100000,0.600000,0.056550
-0.371171,0.100000,0.600000,0.056540
-0.370470,0.100000,0.600000,0.056530
-0.369770,0.100000,0.600000,0.056519
-0.369069,0.100000,0.600000,0.056509
-0.368368,0.100000,0.600000,0.056500
-0.367668,0.100000,0.600000,0.056490
-0.366967,0.100000,0.600000,0.056480
-0.366266,0.100000,0.600000,0.056470
-0.365566,0.100000,0.600000,0.056460
-0.364865,0.100000,0.600000,0.056451
-0.364164,0.100000,0.600000,0.056441
-0.363463,0.100000,0.600000,0.056431
-0.362763,0.100000,0.600000,0.056422
-0.362062,0.100000,0.600000,0.056413
-0.361361,0.100000,0.600000,0.056403
-0.360661,0.100000,0.600000,0.056394
-0.359960,0.100000,0.600000,0.056385
-0.359259,0.100000,0.600000,0.056376
-0.358559,0.100000,0.600000,0.056367
-0.357858,0.100000,0.600000,0.056358
-0.357157,0.100000,0.600000,0.056349
-0.356456,0.100000,0.600000,0.056340
-0.355756,0.100000,0.600000,0.056331
-0.355055,0.100000,0.600000,0.056323
-0.354354,0.100000,0.600000,0.056314
-0.353654,0.100000,0.600000,0.056305
-0.352953,0.100000,0.600000,0.056297
-0.352252,0.100000,0.600000,0.056288
-0.351552,0.100000,0.600000,0.056280
-0.350851,0.100000,0.600000,0.056272
-0.350150,0.100000,0.600000,0.056264
-0.349449,0.100000,0.600000,0.056256
-0.348749,0.100000,0.600000,0.056248
-0.348048,0.100000,0.600000,0.056240
-0.347347,0.100000,0.600000,0.056232
-0.346647,0.100000,0.600000,0.056224
-0.345946,0.100000,0.600000,0.056217
-0.345245,0.100000,0.600000,0.056209
-0.344545,0.100000,0.600000,0.056202
-0.343844,0.100000,0.600000,0.056194
-0.343143,0.100000,0.600000,0.056187
-0.342442,0.100000,0.600000,0.056180
-0.341742,0.100000,0.600000,0.056173
-0.341041,0.100000,0.600000,0.056166
-0.340340,0.100000,0.600000,0.056159
-0.339640,0.100000,0.600000,0.056152
-0.338939,0.100000,0.600000,0.056145
-0.338238,0.100000,0.600000,0.056138
-0.337538,0.100000,0.600000,0.056132
-0.336837,0.100000,0.600000,0.056125
-0.336136,0.100000,0.600000,0.056119
-0.335435,0.100000,0.600000,0.056113
-0.334735,0.100000,0.600000,0.056106
-0.334034,0.100000,0.600000,0.056100
-0.333333,0.100000,0.600000,0.056094
-0.332633,0.100000,0.600000,0.056088
-0.331932,0.100000,0.600000,0.056083
-0.331231,0.100000,0.600000,0.056077
-0.330531,0.100000,0.600000,0.056071
-0.329830,0.100000,0.600000,0.056066
-0.329129,0.100000,0.600000,0.056061
-0.328428,0.100000,0.600000,0.056055
-0.327728,0.100000,0.600000,0.056050
-0.327027,0.100000,0.600000,0.056045
-0.326326,0.100000,0.600000,0.056040
-0.325626,0.100000,0.600000,0.056035
-0.324925,0.100000,0.600000,0.056031
-0.324224,0.100000,0.600000,0.056026
-0.323524,0.100000,0.600000,0.056021
-0.322823,0.100000,0.600000,0.056017
-0.322122,0.100000,0.600000,0.056013
-0.321421,0.100000,0.600000,0.056009
-0.320721,0.100000,0.600000,0.056005
-0.320020,0.100000,0.600000,0.056001
-0.319319,0.100000,0.600000,0.055997
-0.318619,0.100000,0.600000,0.055994
-0.317918,0.100000,0.600000,0.055990
-0.317217,0.100000,0.600000,0.055987
-0.316517,0.100000,0.600000,0.055984
-0.315816,0.100000,0.600000,0.055981
-0.315115,0.100000,0.600000,0.055977
-0.314414,0.100000,0.600000,0.055975
-0.313714,0.100000,0.600000,0.055972
-0.313013,0.100000,0.600000,0.055969
-0.312312,0.100000,0.600000,0.055967
-0.311612,0.100000,0.600000,0.055965
-0.310911,0.100000,0.600000,0.055963
-0.310210,0.100000,0.600000,0.055961
-0.309510,0.100000,0.600000,0.055959
-0.308809,0.100000,0.600000,0.055957
-0.308108,0.100000,0.600000,0.055956
-0.307407,0.100000,0.600000,0.055954
-0.306707,0.100000,0.600000,0.055953
-0.306006,0.100000,0.600000,0.055952
-0.305305,0.100000,0.600000,0.055951
-0.304605,0.100000,0.600000,0.055950
-0.303904,0.100000,0.600000,0.055950
-0.303203,0.100000,0.600000,0.055949
-0.302503,0.100000,0.600000,0.055949
-0.301802,0.100000,0.600000,0.055949
-0.301101,0.100000,0.600000,0.055949
-0.300400,0.100000,0.600000,0.055949
-0.299700,0.100000,0.600000,0.055950
-0.298999,0.100000,0.600000,0.055950
-0.298298,0.100000,0.600000,0.055951
-0.297598,0.100000,0.600000,0.055952
-0.296897,0.100000,0.600000,0.055953
-0.296196,0.100000,0.600000,0.055954
-0.295495,0.100000,0.600000,0.055956
-0.294795,0.100000,0.600000,0.055958
-0.294094,0.100000,0.600000,0.055959
-0.293393,0.100000,0.600000,0.055962
-0.292693,0.100000,0.600000,0.055964
-0.291992,0.100000,0.600000,0.055966
-0.291291,0.100000,0.600000,0.055969
-0.290591,0.100000,0.600000,0.055972
-0.289890,0.100000,0.600000,0.055975
-0.289189,0.100000,0.600000,0.055978
-0.288488,0.100000,0.600000,0.055982
-0.287788,0.100000,0.600000,0.055985
-0.287087,0.100000,0.600000,0.055989
-0.286386,0.100000,0.600000,0.055993
-0.285686,0.100000,0.600000,0.055998
-0.284985,0.100000,0.600000,0.056002
-0.284284,0.100000,0.600000,0.056007
-0.283584,0.100000,0.600000,0.056012
-0.282883,0.100000,0.600000,0.056018
-0.282182,0.100000,0.600000,0.056023
-0.281481,0.100000,0.600000,0.056029
-0.280781,0.100000,0.600000,0.056035
-0.280080,0.100000,0.600000,0.056041
-0.279379,0.100000,0.600000,0.056048
-0.278679,0.100000,0.600000,0.056055
-0.277978,0.100000,0.600000,0.056062
-0.277277,0.100000,0.600000,0.056069
-0.276577,0.100000,0.600000,0.056077
-0.275876,0.100000,0.600000,0.056084
-0.275175,0.100000,0.600000,0.056093
-0.274474,0.100000,0.600000,0.056101
-0.273774,0.100000,0.600000,0.056110
-0.273073,0.100000,0.600000,0.056119
-0.272372,0.100000,0.600000,0.056128
-0.271672,0.100000,0.600000,0.056138
-0.270971,0.100000,0.600000,0.056147
-0.270270,0.100000,0.600000,0.056158
-0.269570,0.100000,0.600000,0.056168
-0.268869,0.100000,0.600000,0.056179
-0.268168,0.100000,0.600000,0.056190
-0.267467,0.100000,0.600000,0.056201
-0.266767,0.100000,0.600000,0.056213
-0.266066,0.100000,0.600000,0.056225
-0.265365,0.100000,0.600000,0.056237
-0.264665,0.100000,0.600000,0.056250
-0.263964,0.100000,0.600000,0.056263
-0.263263,0.100000,0.600000,0.056277
-0.262563,0.100000,0.600000,0.056290
-0.261862,0.100000,0.600000,0.056305
-0.261161,0.100000,0.600000,0.056319
-0.260460,0.100000,0.600000,0.056334
-0.259760,0.100000,0.600000,0.056349
-0.259059,0.100000,0.600000,0.056365
-0.258358,0.100000,0.600000,0.056381
-0.257658,0.100000,0.600000,0.056397
-0.256957,0.100000,0.600000,0.056414
-0.256256,0.100000,0.600000,0.056431
-0.255556,0.100000,0.600000,0.056449
-0.254855,0.100000,0.600000,0.056467
-0.254154,0.100000,0.600000,0.056485
-0.253453,0.100000,0.600000,0.056504
-0.252753,0.100000,0.600000,0.056524
-0.252052,0.100000,0.600000,0.056543
-0.251351,0.100000,0.600000,0.056564
-0.250651,0.100000,0.600000,0.056584
-0.249950,0.100000,0.600000,0.056605
-0.249249,0.100000,0.600000,0.056627
-0.248549,0.100000,0.600000,0.056649
-0.247848,0.100000,0.600000,0.056672
-0.247147,0.100000,0.600000,0.056695
-0.246446,0.100000,0.600000,0.056718
-0.245746,0.100000,0.600000,0.056742
-0.245045,0.100000,0.600000,0.056767
-0.244344,0.100000,0.600000,0.056792
-0.243644,0.100000,0.600000,0.056817
-0.242943,0.100000,0.600000,0.056844
-0.242242,0.100000,0.600000,0.056870
-0.241542,0.100000,0.600000,0.056898
-0.240841,0.100000,0.600000,0.056925
-0.240140,0.100000,0.600000,0.056954
-0.239439,0.100000,0.600000,0.056983
-0.238739,0.100000,0.600000,0.057012
-0.238038,0.100000,0.600000,0.057043
-0.237337,0.100000,0.600000,0.057073
-0.236637,0.100000,0.600000,0.057105
-0.235936,0.100000,0.600000,0.057137
-0.235235,0.100000,0.600000,0.057170
-0.234535,0.100000,0.600000,0.057203
-0.233834,0.100000,0.600000,0.057237
-0.233133,0.100000,0.600000,0.057272
-0.232432,0.100000,0.600000,0.057307
-0.231732,0.100000,0.600000,0.057343
-0.231031,0.100000,0.600000,0.057380
-0.230330,0.100000,0.600000,0.057417
-0.229630,0.100000,0.600000,0.057455
-0.228929,0.100000,0.600000,0.057494
-0.228228,0.100000,0.600000,0.057534
-0.227528,0.100000,0.600000,0.057574
-0.226827,0.100000,0.600000,0.057616
-0.226126,0.100000,0.600000,0.057658
-0.225425,0.100000,0.600000,0.057701
-0.224725,0.100000,0.600000,0.057744
-0.224024,0.100000,0.600000,0.057789
-0.223323,0.100000,0.600000,0.057834
-0.222623,0.100000,0.600000,0.057880
-0.221922,0.100000,0.600000,0.057927
-0.221221,0.100000,0.600000,0.057975
-0.220521,0.100000,0.600000,0.058024
-0.219820,0.100000,0.600000,0.058074
-0.219119,0.100000,0.600000,0.058124
-0.218418,0.100000,0.600000,0.058176
-0.217718,0.100000,0.600000,0.058229
-0.217017,0.100000,0.600000,0.058282
-0.216316,0.100000,0.600000,0.058337
-0.215616,0.100000,0.600000,0.058392
-0.214915,0.100000,0.600000,0.058449
-0.214214,0.100000,0.600000,0.058507
-0.213514,0.100000,0.600000,0.058565
-0.212813,0.100000,0.600000,0.058625
-0.212112,0.100000,0.600000,0.058686
-0.211411,0.100000,0.600000,0.058748
-0.210711,0.100000,0.600000,0.058811
-0.210010,0.100000,0.600000,0.058876
-0.209309,0.100000,0.600000,0.058941
-0.208609,0.100000,0.600000,0.059008
-0.207908,0.100000,0.600000,0.059076
-0.207207,0.100000,0.600000,0.059145
-0.206507,0.100000,0.600000,0.059215
-0.205806,0.100000,0.600000,0.059287
-0.205105,0.100000,0.600000,0.059360
-0.204404,0.100000,0.600000,0.059434
-0.203704,0.100000,0.600000,0.059510
-0.203003,0.100000,0.600000,0.059587
-0.202302,0.100000,0.600000,0.059666
-0.201602,0.100000,0.600000,0.059745
-0.200901,0.100000,0.600000,0.059827
-0.200200,0.100000,0.600000,0.059910
-0.199499,0.100000,0.600000,0.059994
-0.198799,0.100000,0.600000,0.060080
-0.198098,0.100000,0.600000,0.060167
-0.197397,0.100000,0.600000,0.060256
-0.196697,0.100000,0.600000,0.060346
-0.195996,0.100000,0.600000,0.060439
-0.195295,0.100000,0.600000,0.060532
-0.194595,0.100000,0.600000,0.060628
-0.193894,0.100000,0.600000,0.060725
-0.193193,0.100000,0.600000,0.060824
-0.192492,0.100000,0.600000,0.060925
-0.191792,0.100000,0.600000,0.061027
-0.191091,0.100000,0.600000,0.061131
-0.190390,0.100000,0.600000,0.061238
-0.189690,0.100000,0.600000,0.061346
-0.188989,0.100000,0.600000,0.061456
-0.188288,0.100000,0.600000,0.061568
-0.187588,0.100000,0.600000,0.061682
-0.186887,0.100000,0.600000,0.061798
-0.186186,0.100000,0.600000,0.061916
-0.185485,0.100000,0.600000,0.062036
-0.184785,0.100000,0.600000,0.062159
-0.184084,0.100000,0.600000,0.062283
-0.183383,0.100000,0.600000,0.062410
-0.182683,0.100000,0.600000,0.062539
-0.181982,0.100000,0.600000,0.062670
-0.181281,0.100000,0.600000,0.062803
-0.180581,0.100000,0.600000,0.062939
-0.179880,0.100000,0.600000,0.063078
-0.179179,0.100000,0.600000,0.063219
-0.178478,0.100000,0.600000,0.063362
-0.177778,0.100000,0.600000,0.063508
-0.177077,0.100000,0.600000,0.063656
-0.176376,0.100000,0.600000,0.063807
-0.175676,0.100000,0.600000,0.063961
-0.174975,0.100000,0.600000,0.064117
-0.174274,0.100000,0.600000,0.064276
-0.173574,0.100000,0.600000,0.064438
-0.172873,0.100000,0.600000,0.064603
-0.172172,0.100000,0.600000,0.064770
-0.171471,0.100000,0.600000,0.064941
-0.170771,0.100000,0.600000,0.065115
-0.170070,0.100000,0.600000,0.065291
-0.169369,0.100000,0.600000,0.065471
-0.168669,0.100000,0.600000,0.065653
-0.167968,0.100000,0.600000,0.065839
-0.167267,0.100000,0.600000,0.066029
-0.166567,0.100000,0.600000,0.066221
-0.165866,0.100000,0.600000,0.066417
-0.165165,0.100000,0.600000,0.066616
-0.164464,0.100000,0.600000,0.066818
-0.163764,0.100000,0.600000,0.067025
-0.163063,0.100000,0.600000,0.067234
-0.162362,0.100000,0.600000,0.067447
-0.161662,0.100000,0.600000,0.067664
-0.160961,0.100000,0.600000,0.067885
-0.160260,0.100000,0.600000,0.068109
-0.159560,0.100000,0.600000,0.068337
-0.158859,0.100000,0.600000,0.068569
-0.158158,0.100000,0.600000,0.068805
-0.157457,0.100000,0.600000,0.069045
-0.156757,0.100000,0.600000,0.069288
-0.156056,0.100000,0.600000,0.069536
-0.155355,0.100000,0.600000,0.069788
-0.154655,0.100000,0.600000,0.070045
-0.153954,0.100000,0.600000,0.070305
-0.153253,0.100000,0.600000,0.070570
-0.152553,0.100000,0.600000,0.070839
-0.151852,0.100000,0.600000,0.071112
-0.151151,0.100000,0.600000,0.071391
-0.150450,0.100000,0.600000,0.071673
-0.149750,0.100000,0.600000,0.071960
-0.149049,0.100000,0.600000,0.072252
-0.148348,0.100000,0.600000,0.072548
-0.147648,0.100000,0.600000,0.072849
-0.146947,0.100000,0.600000,0.073155
-0.146246,0.100000,0.600000,0.073466
-0.145546,0.100000,0.600000,0.073781
-0.144845,0.100000,0.600000,0.074101
-0.144144,0.100000,0.600000,0.074427
-0.143443,0.100000,0.600000,0.074757
-0.142743,0.100000,0.600000,0.075093
-0.142042,0.100000,0.600000,0.075433
-0.141341,0.100000,0.600000,0.075779
-0.140641,0.100000,0.600000,0.076129
-0.139940,0.100000,0.600000,0.076485
-0.139239,0.100000,0.600000,0.076846
-0.138539,0.100000,0.600000,0.077213
-0.137838,0.100000,0.600000,0.077584
-0.137137,0.100000,0.600000,0.077961
-0.136436,0.100000,0.600000,0.078344
-0.135736,0.100000,0.600000,0.078731
-0.135035,0.100000,0.600000,0.079124
-0.134334,0.100000,0.600000,0.079522
-0.133634,0.100000,0.600000,0.079926
-0.132933,0.100000,0.600000,0.080335
-0.132232,0.100000,0.600000,0.080750
-0.131532,0.100000,0.600000,0.081170
-0.130831,0.100000,0.600000,0.081595
-0.130130,0.100000,0.600000,0.082025
-0.129429,0.100000,0.600000,0.082461
-0.128729,0.100000,0.600000,0.082903
-0.128028,0.100000,0.600000,0.083350
-0.127327,0.100000,0.600000,0.083801
-0.126627,0.100000,0.600000,0.084259
-0.125926,0.100000,0.600000,0.084721
-0.125225,0.100000,0.600000,0.085189
-0.124525,0.100000,0.600000,0.085662
-0.123824,0.100000,0.600000,0.086139
-0.123123,0.100000,0.600000,0.086622
-0.122422,0.100000,0.600000,0.087110
-0.121722,0.100000,0.600000,0.087603
-0.121021,0.100000,0.600000,0.088101
-0.120320,0.100000,0.600000,0.088603
-0.119620,0.100000,0.600000,0.089110
-0.118919,0.100000,0.600000,0.089622
-0.118218,0.100000,0.600000,0.090138
-0.117518,0.100000,0.600000,0.090659
-0.116817,0.100000,0.600000,0.091184
-0.116116,0.100000,0.600000,0.091713
-0.115415,0.100000,0.600000,0.092246
-0.114715,0.100000,0.600000,0.092784
-0.114014,0.100000,0.600000,0.093325
-0.113313,0.100000,0.600000,0.093870
-0.112613,0.100000,0.600000,0.094418
-0.111912,0.100000,0.600000,0.094970
-0.111211,0.100000,0.600000,0.095525
-0.110511,0.100000,0.600000,0.096083
-0.109810,0.100000,0.600000,0.096645
-0.109109,0.100000,0.600000,0.097209
-0.108408,0.100000,0.600000,0.097776
-0.107708,0.100000,0.600000,0.098346
-0.107007,0.100000,0.600000,0.098918
-0.106306,0.100000,0.600000,0.099492
-0.105606,0.100000,0.600000,0.100069
-0.104905,0.100000,0.600000,0.100647
-0.104204,0.100000,0.600000,0.101227
-0.103504,0.100000,0.600000,0.101809
-0.102803,0.100000,0.600000,0.102393
-0.102102,0.100000,0.600000,0.102977
-0.101401,0.100000,0.600000,0.103564
-0.100701,0.100000,0.600000,0.104151
-0.100000,0.100000,0.600000,0.104739
-0.800000,0.100000,0.800000,0.070998
-0.799299,0.100000,0.800000,0.070982
-0.798599,0.100000,0.800000,0.070965
-0.797898,0.100000,0.800000,0.070949
-0.797197,0.100000,0.800000,0.070932
-0.796496,0.100000,0.800000,0.070915
-0.795796,0.100000,0.800000,0.070898
-0.795095,0.100000,0.800000,0.070882
-0.794394,0.100000,0.800000,0.070865
-0.793694,0.100000,0.800000,0.070848
-0.792993,0.100000,0.800000,0.070832
-0.792292,0.100000,0.800000,0.070815
-0.791592,0.100000,0.800000,0.070798
-0.790891,0.100000,0.800000,0.070782
-0.790190,0.100000,0.800000,0.070765
-0.789489,0.100000,0.800000,0.070748
-0.788789,0.100000,0.800000,0.070731
-0.788088,0.100000,0.800000,0.070714
-0.787387,0.100000,0.800000,0.070698
-0.786687,0.100000,0.800000,0.070681
-0.785986,0.100000,0.800000,0.070664
-0.785285,0.100000,0.800000,0.070647
-0.784585,0.100000,0.800000,0.070631
-0.783884,0.100000,0.800000,0.070614
-0.783183,0.100000,0.800000,0.070597
-0.782482,0.100000,0.800000,0.070580
-0.781782,0.100000,0.800000,0.070563
-0.781081,0.100000,0.800000,0.070547
-0.780380,0.100000,0.800000,0.070530
-0.779680,0.100000,0.800000,0.070513
-0.778979,0.100000,0.800000,0.070496
-0.778278,0.100000,0.800000,0.070479
-0.777578,0.100000,0.800000,0.070462
-0.776877,0.100000,0.800000,0.070446
-0.776176,0.100000,0.800000,0.070429
-0.775475,0.100000,0.800000,0.070412
-0.774775,0.100000,0.800000,0.070395
-0.774074,0.100000,0.800000,0.070378
-0.773373,0.100000,0.800000,0.070361
-0.772673,0.100000,0.800000,0.070344
-0.771972,0.100000,0.800000,0.070327
-0.771271,0.100000,0.800000,0.070310
-0.770571,0.100000,0.800000,0.070294
-0.769870,0.100000,0.800000,0.070277
-0.769169,0.100000,0.800000,0.070260
-0.768468,0.100000,0.800000,0.070243
-0.767768,0.100000,0.800000,0.070226
-0.767067,0.100000,0.800000,0.070209
-0.766366,0.100000,0.800000,0.070192
-0.765666,0.100000,0.800000,0.070175
-0.764965,0.100000,0.800000,0.070158
-0.764264,0.100000,0.800000,0.070141
-0.763564,0.100000,0.800000,0.070124
-0.762863,0.100000,0.800000,0.070107
-0.762162,0.100000,0.800000,0.070090
-0.761461,0.100000,0.800000,0.070073
-0.760761,0.100000,0.800000,0.070056
-0.760060,0.100000,0.800000,0.070039
-0.759359,0.100000,0.800000,0.070022
-0.758659,0.100000,0.800000,0.070005
-0.757958,0.100000,0.800000,0.069988
-0.757257,0.100000,0.800000,0.069971
-0.756557,0.100000,0.800000,0.069954
-0.755856,0.100000,0.800000,0.069937
-0.755155,0.100000,0.800000,0.069920
-0.754454,0.100000,0.800000,0.069903
-0.753754,0.100000,0.800000,0.069886
-0.753053,0.100000,0.800000,0.069869
-0.752352,0.100000,0.800000,0.069852
-0.751652,0.100000,0.800000,0.069835
-0.750951,0.100000,0.800000,0.069818
-0.750250,0.100000,0.800000,0.069801
-0.749550,0.100000,0.800000,0.069784
-0.748849,0.100000,0.800000,0.069767
-0.748148,0.100000,0.800000,0.069750
-0.747447,0.100000,0.800000,0.069732
-0.746747,0.100000,0.800000,0.069715
-0.746046,0.100000,0.800000,0.069698
-0.745345,0.100000,0.800000,0.069681
-0.744645,0.100000,0.800000,0.069664
-0.743944,0.100000,0.800000,0.069647
-0.743243,0.100000,0.800000,0.069630
-0.742543,0.100000,0.800000,0.069613
-0.741842,0.100000,0.800000,0.069595
-0.741141,0.100000,0.800000,0.069578
-0.740440,0.100000,0.800000,0.069561
-0.739740,0.100000,0.800000,0.069544
-0.739039,0.100000,0.800000,0.069527
-0.738338,0.100000,0.800000,0.069510
-0.737638,0.100000,0.800000,0.069493
-0.736937,0.100000,0.800000,0.069475
-0.736236,0.100000,0.800000,0.069458
-0.735536,0.100000,0.800000,0.069441
-0.734835,0.100000,0.800000,0.069424
-0.734134,0.100000,0.800000,0.069407
-0.733433,0.100000,0.800000,0.069390
-0.732733,0.100000,0.800000,0.069372
-0.732032,0.100000,0.800000,0.069355
-0.731331,0.100000,0.800000,0.069338
-0.730631,0.100000,0.800000,0.069321
-0.729930,0.100000,0.800000,0.069304
-0.729229,0.100000,0.800000,0.069286
-0.728529,0.100000,0.800000,0.069269
-0.727828,0.100000,0.800000,0.069252
-0.727127,0.100000,0.800000,0.069235
-0.726426,0.100000,0.800000,0.069217
-0.725726,0.100000,0.800000,0.069200
-0.725025,0.100000,0.800000,0.069183
-0.724324,0.100000,0.800000,0.069166
-0.723624,0.100000,0.800000,0.069149
-0.722923,0.100000,0.800000,0.069131
-0.722222,0.100000,0.800000,0.069114
-0.721522,0.100000,0.800000,0.069097
-0.720821,0.100000,0.800000,0.069079
-0.720120,0.100000,0.800000,0.069062
-0.719419,0.100000,0.800000,0.069045
-0.718719,0.100000,0.800000,0.069028
-0.718018,0.100000,0.800000,0.069010
-0.717317,0.100000,0.800000,0.068993
-0.716617,0.100000,0.800000,0.068976
-0.715916,0.100000,0.800000,0.068959
-0.715215,0.100000,0.800000,0.068941
-0.714515,0.100000,0.800000,0.068924
-0.713814,0.100000,0.800000,0.068907
-0.713113,0.100000,0.800000,0.068889
-0.712412,0.100000,0.800000,0.068872
-0.711712,0.100000,0.800000,0.068855
-0.711011,0.100000,0.800000,0.068837
-0.710310,0.100000,0.800000,0.068820
-0.709610,0.100000,0.800000,0.068803
-0.708909,0.100000,0.800000,0.068785
-0.708208,0.100000,0.800000,0.068768
-0.707508,0.100000,0.800000,0.068751
-0.706807,0.100000,0.800000,0.068733
-0.706106,0.100000,0.800000,0.068716
-0.705405,0.100000,0.800000,0.068699
-0.704705,0.100000,0.800000,0.068681
-0.704004,0.100000,0.800000,0.068664
-0.703303,0.100000,0.800000,0.068647
-0.702603,0.100000,0.800000,0.068629
-0.701902,0.100000,0.800000,0.068612
-0.701201,0.100000,0.800000,0.068595
-0.700501,0.100000,0.800000,0.068577
-0.699800,0.100000,0.800000,0.068560
-0.699099,0.100000,0.800000,0.068542
-0.698398,0.100000,0.800000,0.068525
-0.697698,0.100000,0.800000,0.068508
-0.696997,0.100000,0.800000,0.068490
-0.696296,0.100000,0.800000,0.068473
-0.695596,0.100000,0.800000,0.068456
-0.694895,0.100000,0.800000,0.068438
-0.694194,0.100000,0.800000,0.068421
-0.693493,0.100000,0.800000,0.068403
-0.692793,0.100000,0.800000,0.068386
-0.692092,0.100000,0.800000,0.068368
-0.691391,0.100000,0.800000,0.068351
-0.690691,0.100000,0.800000,0.068334
-0.689990,0.100000,0.800000,0.068316
-0.689289,0.100000,0.800000,0.068299
-0.688589,0.100000,0.800000,0.068281
-0.687888,0.100000,0.800000,0.068264
-0.687187,0.100000,0.800000,0.068247
-0.686486,0.100000,0.800000,0.068229
-0.685786,0.100000,0.800000,0.068212
-0.685085,0.100000,0.800000,0.068194
-0.684384,0.100000,0.800000,0.068177
-0.683684,0.100000,0.800000,0.068159
-0.682983,0.100000,0.800000,0.068142
-0.682282,0.100000,0.800000,0.068125
-0.681582,0.100000,0.800000,0.068107
-0.680881,0.100000,0.800000,0.068090
-0.680180,0.100000,0.800000,0.068072
-0.679479,0.100000,0.800000,0.068055
-0.678779,0.100000,0.800000,0.068037
-0.678078,0.100000,0.800000,0.068020
-0.677377,0.100000,0.800000,0.068002
-0.676677,0.100000,0.800000,0.067985
-0.675976,0.100000,0.800000,0.067968
-0.675275,0.100000,0.800000,0.067950
-0.674575,0.100000,0.800000,0.067933
-0.673874,0.100000,0.800000,0.067915
-0.673173,0.100000,0.800000,0.067898
-0.672472,0.100000,0.800000,0.067880
-0.671772,0.100000,0.800000,0.067863
-0.671071,0.100000,0.800000,0.067845
-0.670370,0.100000,0.800000,0.067828
-0.669670,0.100000,0.800000,0.067810
-0.668969,0.100000,0.800000,0.067793
-0.668268,0.100000,0.800000,0.067775
-0.667568,0.100000,0.800000,0.067758
-0.666867,0.100000,0.800000,0.067740
-0.666166,0.100000,0.800000,0.067723
-0.665465,0.100000,0.800000,0.067705
-0.664765,0.100000,0.800000,0.067688
-0.664064,0.100000,0.800000,0.067670
-0.663363,0.100000,0.800000,0.067653
-0.662663,0.100000,0.800000,0.067635
-0.661962,0.100000,0.800000,0.067618
-0.661261,0.100000,0.800000,0.067601
-0.660561,0.100000,0.800000,0.067583
-0.659860,0.100000,0.800000,0.067566
-0.659159,0.100000,0.800000,0.067548
-0.658458,0.100000,0.800000,0.067531
-0.657758,0.100000,0.800000,0.067513
-0.657057,0.100000,0.800000,0.067495
-0.656356,0.100000,0.800000,0.067478
-0.655656,0.100000,0.800000,0.067461
-0.654955,0.100000,0.800000,0.067443
-0.654254,0.100000,0.800000,0.067426
-0.653554,0.100000,0.800000,0.067408
-0.652853,0.100000,0.800000,0.067391
-0.652152,0.100000,0.800000,0.067373
-0.651451,0.100000,0.800000,0.067356
-0.650751,0.100000,0.800000,0.067338
-0.650050,0.100000,0.800000,0.067320
-0.649349,0.100000,0.800000,0.067303
-0.648649,0.100000,0.800000,0.067286
-0.647948,0.100000,0.800000,0.067268
-0.647247,0.100000,0.800000,0.067251
-0.646547,0.100000,0.800000,0.067233
-0.645846,0.100000,0.800000,0.067216
-0.645145,0.100000,0.800000,0.067198
-0.644444,0.100000,0.800000,0.067181
-0.643744,0.100000,0.800000,0.067163
-0.643043,0.100000,0.800000,0.067146
-0.642342,0.100000,0.800000,0.067128
-0.641642,0.100000,0.800000,0.067111
-0.640941,0.100000,0.800000,0.067093
-0.640240,0.100000,0.800000,0.067076
-0.639540,0.100000,0.800000,0.067058
-0.638839,0.100000,0.800000,0.067040
-0.638138,0.100000,0.800000,0.067023
-0.637437,0.100000,0.800000,0.067005
-0.636737,0.100000,0.800000,0.066988
-0.636036,0.100000,0.800000,0.066971
-0.635335,0.100000,0.800000,0.066953
-0.634635,0.100000,0.800000,0.066935
-0.633934,0.100000,0.800000,0.066918
-0.633233,0.100000,0.800000,0.066901
-0.632533,0.100000,0.800000,0.066883
-0.631832,0.100000,0.800000,0.066866
-0.631131,0.100000,0.800000,0.066848
-0.630430,0.100000,0.800000,0.066831
-0.629730,0.100000,0.800000,0.066813
-0.629029,0.100000,0.800000,0.066795
-0.628328,0.100000,0.800000,0.066778
-0.627628,0.100000,0.800000,0.066761
-0.626927,0.100000,0.800000,0.066743
-0.626226,0.100000,0.800000,0.066726
-0.625526,0.100000,0.800000,0.066708
-0.624825,0.100000,0.800000,0.066691
-0.624124,0.100000,0.800000,0.066673
-0.623423,0.100000,0.800000,0.066656
-0.622723,0.100000,0.800000,0.066638
-0.622022,0.100000,0.800000,0.066621
-0.621321,0.100000,0.800000,0.066603
-0.620621,0.100000,0.800000,0.066586
-0.619920,0.100000,0.800000,0.066568
-0.619219,0.100000,0.800000,0.066551
-0.618519,0.100000,0.800000,0.066533
-0.617818,0.100000,0.800000,0.066516
-0.617117,0.100000,0.800000,0.066498
-0.616416,0.100000,0.800000,0.066481
-0.615716,0.100000,0.800000,0.066463
-0.615015,0.100000,0.800000,0.066446
-0.614314,0.100000,0.800000,0.066429
-0.613614,0.100000,0.800000,0.066411
-0.612913,0.100000,0.800000,0.066394
-0.612212,0.100000,0.800000,0.066376
-0.611512,0.100000,0.800000,0.066359
-0.610811,0.100000,0.800000,0.066341
-0.610110,0.100000,0.800000,0.066324
-0.609409,0.100000,0.800000,0.066306
-0.608709,0.100000,0.800000,0.066289
-0.608008,0.100000,0.800000,0.066271
-0.607307,0.100000,0.800000,0.066254
-0.606607,0.100000,0.800000,0.066237
-0.605906,0.100000,0.800000,0.066219
-0.605205,0.100000,0.800000,0.066202
-0.604505,0.100000,0.800000,0.066184
-0.603804,0.100000,0.800000,0.066167
-0.603103,0.100000,0.800000,0.066149
-0.602402,0.100000,0.800000,0.066132
-0.601702,0.100000,0.800000,0.066115
-0.601001,0.100000,0.800000,0.066097
-0.600300,0.100000,0.800000,0.066080
-0.599600,0.100000,0.800000,0.066062
-0.598899,0.100000,0.800000,0.066045
-0.598198,0.100000,0.800000,0.066028
-0.597497,0.100000,0.800000,0.066010
-0.596797,0.100000,0.800000,0.065993
-0.596096,0.100000,0.800000,0.065975
-0.595395,0.100000,0.800000,0.065958
-0.594695,0.100000,0.800000,0.065941
-0.593994,0.100000,0.800000,0.065923
-0.593293,0.100000,0.800000,0.065906
-0.592593,0.100000,0.800000,0.065889
-0.591892,0.100000,0.800000,0.065871
-0.591191,0.100000,0.800000,0.065854
-0.590490,0.100000,0.800000,0.065836
-0.589790,0.100000,0.800000,0.065819
-0.589089,0.100000,0.800000,0.065802
-0.588388,0.100000,0.800000,0.065784
-0.587688,0.100000,0.800000,0.065767
-0.586987,0.100000,0.800000,0.065750
-0.586286,0.100000,0.800000,0.065732
-0.585586,0.100000,0.800000,0.065715
-0.584885,0.100000,0.800000,0.065698
-0.584184,0.100000,0.800000,0.065680
-0.583483,0.100000,0.800000,0.065663
-0.582783,0.100000,0.800000,0.065646
-0.582082,0.100000,0.800000,0.065629
-0.581381,0.100000,0.800000,0.065611
-0.580681,0.100000,0.800000,0.065594
-0.579980,0.100000,0.800000,0.065577
-0.579279,0.100000,0.800000,0.065559
-0.578579,0.100000,0.800000,0.065542
-0.577878,0.100000,0.800000,0.065525
-0.577177,0.100000,0.800000,0.065508
-0.576476,0.100000,0.800000,0.065490
-0.575776,0.100000,0.800000,0.065473
-0.575075,0.100000,0.800000,0.065456
-0.574374,0.100000,0.800000,0.065439
-0.573674,0.100000,0.800000,0.065421
-0.572973,0.100000,0.800000,0.065404
-0.572272,0.100000,0.800000,0.065387
-0.571572,0.100000,0.800000,0.065370
-0.570871,0.100000,0.800000,0.065352
-0.570170,0.100000,0.800000,0.065335
-0.569469,0.100000,0.800000,0.065318
-0.568769,0.100000,0.800000,0.065301
-0.568068,0.100000,0.800000,0.065284
-0.567367,0.100000,0.800000,0.065267
-0.566667,0.100000,0.800000,0.065249
-0.565966,0.100000,0.800000,0.065232
-0.565265,0.100000,0.800000,0.065215
-0.564565,0.100000,0.800000,0.065198
-0.563864,0.100000,0.800000,0.065181
-0.563163,0.100000,0.800000,0.065164
-0.562462,0.100000,0.800000,0.065146
-0.561762,0.100000,0.800000,0.065129
-0.561061,0.100000,0.800000,0.065112
-0.560360,0.100000,0.800000,0.065095
-0.559660,0.100000,0.800000,0.065078
-0.558959,0.100000,0.800000,0.065061
-0.558258,0.100000,0.800000,0.065044
-0.557558,0.100000,0.800000,0.065027
-0.556857,0.100000,0.800000,0.065010
-0.556156,0.100000,0.800000,0.064992
-0.555455,0.100000,0.800000,0.064975
-0.554755,0.100000,0.800000,0.064958
-0.554054,0.100000,0.800000,0.064941
-0.553353,0.100000,0.800000,0.064924
-0.552653,0.100000,0.800000,0.064907
-0.551952,0.100000,0.800000,0.064890
-0.551251,0.100000,0.800000,0.064873
-0.550551,0.100000,0.800000,0.064856
-0.549850,0.100000,0.800000,0.064839
-0.549149,0.100000,0.800000,0.064822
-0.548448,0.100000,0.800000,0.064805
-0.547748,0.100000,0.800000,0.064788
-0.547047,0.100000,0.800000,0.064771
-0.546346,0.100000,0.800000,0.064754
-0.545646,0.100000,0.800000,0.064737
-0.544945,0.100000,0.800000,0.064720
-0.544244,0.100000,0.800000,0.064703
-0.543544,0.100000,0.800000,0.064687
-0.542843,0.100000,0.800000,0.064670
-0.542142,0.100000,0.800000,0.064653
-0.541441,0.100000,0.800000,0.064636
-0.540741,0.100000,0.800000,0.064619
-0.540040,0.100000,0.800000,0.064602
-0.539339,0.100000,0.800000,0.064585
-0.538639,0.100000,0.800000,0.064568
-0.537938,0.100000,0.800000,0.064551
-0.537237,0.100000,0.800000,0.064535
-0.536537,0.100000,0.800000,0.064518
-0.535836,0.100000,0.800000,0.064501
-0.535135,0.100000,0.800000,0.064484
-0.534434,0.100000,0.800000,0.064467
-0.533734,0.100000,0.800000,0.064451
-0.533033,0.100000,0.800000,0.064434
-0.532332,0.100000,0.800000,0.064417
-0.531632,0.100000,0.800000,0.064400
-0.530931,0.100000,0.800000,0.064384
-0.530230,0.100000,0.800000,0.064367
-0.529530,0.100000,0.800000,0.064350
-0.528829,0.100000,0.800000,0.064333
-0.528128,0.100000,0.800000,0.064317
-0.527427,0.100000,0.800000,0.064300
-0.526727,0.100000,0.800000,0.064283
-0.526026,0.100000,0.800000,0.064267
-0.525325,0.100000,0.800000,0.064250
-0.524625,0.100000,0.800000,0.064233
-0.523924,0.100000,0.800000,0.064217
-0.523223,0.100000,0.800000,0.064200
-0.522523,0.100000,0.800000,0.064183
-0.521822,0.100000,0.800000,0.064167
-0.521121,0.100000,0.800000,0.064150
-0.520420,0.100000,0.800000,0.064134
-0.519720,0.100000,0.800000,0.064117
-0.519019,0.100000,0.800000,0.064101
-0.518318,0.100000,0.800000,0.064084
-0.517618,0.100000,0.800000,0.064067
-0.516917,0.100000,0.800000,0.064051
-0.516216,0.100000,0.800000,0.064034
-0.515516,0.100000,0.800000,0.064018
-0.514815,0.100000,0.800000,0.064002
-0.514114,0.100000,0.800000,0.063985
-0.513413,0.100000,0.800000,0.063969
-0.512713,0.100000,0.800000,0.063952
-0.512012,0.100000,0.800000,0.063936
-0.511311,0.100000,0.800000,0.063919
-0.510611,0.100000,0.800000,0.063903
-0.509910,0.100000,0.800000,0.063887
-0.509209,0.100000,0.800000,0.063870
-0.508509,0.100000,0.800000,0.063854
-0.507808,0.100000,0.800000,0.063838
-0.507107,0.100000,0.800000,0.063821
-0.506406,0.100000,0.800000,0.063805
-0.505706,0.100000,0.800000,0.063789
-0.505005,0.100000,0.800000,0.063772
-0.504304,0.100000,0.800000,0.063756
-0.503604,0.100000,0.800000,0.063740
-0.502903,0.100000,0.800000,0.063724
-0.502202,0.100000,0.800000,0.063707
-0.501502,0.100000,0.800000,0.063691
-0.500801,0.100000,0.800000,0.063675
-0.500100,0.100000,0.800000,0.063659
-0.499399,0.100000,0.800000,0.063643
-0.498699,0.100000,0.800000,0.063627
-0.497998,0.100000,0.800000,0.063610
-0.497297,0.100000,0.800000,0.063594
-0.496597,0.100000,0.800000,0.063578
-0.495896,0.100000,0.800000,0.063562
-0.495195,0.100000,0.800000,0.063546
-0.494494,0.100000,0.800000,0.063530
-0.493794,0.100000,0.800000,0.063514
-0.493093,0.100000,0.800000,0.063498
-0.492392,0.100000,0.800000,0.063482
-0.491692,0.100000,0.800000,0.063466
-0.490991,0.100000,0.800000,0.063450
-0.490290,0.100000,0.800000,0.063434
-0.489590,0.100000,0.800000,0.063418
-0.488889,0.100000,0.800000,0.063402
-0.488188,0.100000,0.800000,0.063386
-0.487487,0.100000,0.800000,0.063370
-0.486787,0.100000,0.800000,0.063355
-0.486086,0.100000,0.800000,0.063339
-0.485385,0.100000,0.800000,0.063323
-0.484685,0.100000,0.800000,0.063307
-0.483984,0.100000,0.800000,0.063291
-0.483283,0.100000,0.800000,0.063276
-0.482583,0.100000,0.800000,0.063260
-0.481882,0.100000,0.800000,0.063244
-0.481181,0.100000,0.800000,0.063228
-0.480480,0.100000,0.800000,0.063213
-0.479780,0.100000,0.800000,0.063197
-0.479079,0.100000,0.800000,0.063181
-0.478378,0.100000,0.800000,0.063166
-0.477678,0.100000,0.800000,0.063150
-0.476977,0.100000,0.800000,0.063135
-0.476276,0.100000,0.800000,0.063119
-0.475576,0.100000,0.800000,0.063104
-0.474875,0.100000,0.800000,0.063088
-0.474174,0.100000,0.800000,0.063072
-0.473473,0.100000,0.800000,0.063057
-0.472773,0.100000,0.800000,0.063041
-0.472072,0.100000,0.800000,0.063026
-0.471371,0.100000,0.800000,0.063011
-0.470671,0.100000,0.800000,0.062995
-0.469970,0.100000,0.800000,0.062980
-0.469269,0.100000,0.800000,0.062965
-0.468569,0.100000,0.800000,0.062949
-0.467868,0.100000,0.800000,0.062934
-0.467167,0.100000,0.800000,0.062919
-0.466466,0.100000,0.800000,0.062903
-0.465766,0.100000,0.800000,0.062888
-0.465065,0.100000,0.800000,0.062873
-0.464364,0.100000,0.800000,0.062858
-0.463664,0.100000,0.800000,0.062842
-0.462963,0.100000,0.800000,0.062827
-0.462262,0.100000,0.800000,0.062812
-0.461562,0.100000,0.800000,0.062797
-0.460861,0.100000,0.800000,0.062782
-0.460160,0.100000,0.800000,0.062767
-0.459459,0.100000,0.800000,0.062752
-0.458759,0.100000,0.800000,0.062737
-0.458058,0.100000,0.800000,0.062722
-0.457357,0.100000,0.800000,0.062707
-0.456657,0.100000,0.800000,0.062692
-0.455956,0.100000,0.800000,0.062677
-0.455255,0.100000,0.800000,0.062662
-0.454555,0.100000,0.800000,0.062647
-0.453854,0.100000,0.800000,0.062632
-0.453153,0.100000,0.800000,0.062618
-0.452452,0.100000,0.800000,0.062603
-0.451752,0.100000,0.800000,0.062588
-0.451051,0.100000,0.800000,0.062573
-0.450350,0.100000,0.800000,0.062559
-0.449650,0.100000,0.800000,0.062544
-0.448949,0.100000,0.800000,0.062529
-0.448248,0.100000,0.800000,0.062515
-0.447548,0.100000,0.800000,0.062500
-0.446847,0.100000,0.800000,0.062486
-0.446146,0.100000,0.800000,0.062471
-0.445445,0.100000,0.800000,0.062456
-0.444745,0.100000,0.800000,0.062442
-0.444044,0.100000,0.800000,0.062428
-0.443343,0.100000,0.800000,0.062413
-0.442643,0.100000,0.800000,0.062399
-0.441942,0.100000,0.800000,0.062384
-0.441241,0.100000,0.800000,0.062370
-0.440541,0.100000,0.800000,0.062356
-0.439840,0.100000,0.800000,0.062341
-0.439139,0.100000,0.800000,0.062327
-0.438438,0.100000,0.800000,0.062313
-0.437738,0.100000,0.800000,0.062299
-0.437037,0.100000,0.800000,0.062285
-0.436336,0.100000,0.800000,0.062271
-0.435636,0.100000,0.800000,0.062256
-0.434935,0.100000,0.800000,0.062242
-0.434234,0.100000,0.800000,0.062228
-0.433534,0.100000,0.800000,0.062214
-0.432833,0.100000,0.800000,0.062200
-0.432132,0.100000,0.800000,0.062186
-0.431431,0.100000,0.800000,0.062173
-0.430731,0.100000,0.800000,0.062159
-0.430030,0.100000,0.800000,0.062145
-0.429329,0.100000,0.800000,0.062131
-0.428629,0.100000,0.800000,0.062117
-0.427928,0.100000,0.800000,0.062104
-0.427227,0.100000,0.800000,0.062090
-0.426527,0.100000,0.800000,0.062076
-0.425826,0.100000,0.800000,0.062063
-0.425125,0.100000,0.800000,0.062049
-0.424424,0.100000,0.800000,0.062035
-0.423724,0.100000,0.800000,0.062022
-0.423023,0.100000,0.800000,0.062008
-0.422322,0.100000,0.800000,0.061995
-0.421622,0.100000,0.800000,0.061982
-0.420921,0.100000,0.800000,0.061968
-0.420220,0.100000,0.800000,0.061955
-0.419520,0.100000,0.800000,0.061942
-0.418819,0.100000,0.800000,0.061928
-0.418118,0.100000,0.800000,0.061915
-0.417417,0.100000,0.800000,0.061902
-0.416717,0.100000,0.800000,0.061889
-0.416016,0.100000,0.800000,0.061876
-0.415315,0.100000,0.800000,0.061863
-0.414615,0.100000,0.800000,0.061849
-0.413914,0.100000,0.800000,0.061836
-0.413213,0.100000,0.800000,0.061824
-0.412513,0.100000,0.800000,0.061811
-0.411812,0.100000,0.800000,0.061798
-0.411111,0.100000,0.800000,0.061785
-0.410410,0.100000,0.800000,0.061772
-0.409710,0.100000,0.800000,0.061759
-0.409009,0.100000,0.800000,0.061747
-0.408308,0.100000,0.800000,0.061734
-0.407608,0.100000,0.800000,0.061722
-0.406907,0.100000,0.800000,0.061709
-0.406206,0.100000,0.800000,0.061696
-0.405506,0.100000,0.800000,0.061684
-0.404805,0.100000,0.800000,0.061672
-0.404104,0.100000,0.800000,0.061659
-0.403403,0.100000,0.800000,0.061647
-0.402703,0.100000,0.800000,0.061635
-0.402002,0.100000,0.800000,0.061622
-0.401301,0.100000,0.800000,0.061610
-0.400601,0.100000,0.800000,0.061598
-0.399900,0.100000,0.800000,0.061586
-0.399199,0.100000,0.800000,0.061574
-0.398498,0.100000,0.800000,0.061562
-0.397798,0.100000,0.800000,0.061550
-0.397097,0.100000,0.800000,0.061538
-0.396396,0.100000,0.800000,0.061526
-0.395696,0.100000,0.800000,0.061514
-0.394995,0.100000,0.800000,0.061503
-0.394294,0.100000,0.800000,0.061491
-0.393594,0.100000,0.800000,0.061479
-0.392893,0.100000,0.800000,0.061467
-0.392192,0.100000,0.800000,0.061456
-0.391491,0.100000,0.800000,0.061445
-0.390791,0.100000,0.800000,0.061433
-0.390090,0.100000,0.800000,0.061422
-0.389389,0.100000,0.800000,0.061410
-0.388689,0.100000,0.800000,0.061399
-0.387988,0.100000,0.800000,0.061388
-0.387287,0.100000,0.800000,0.061377
-0.386587,0.100000,0.800000,0.061366
-0.385886,0.100000,0.800000,0.061355
-0.385185,0.100000,0.800000,0.061344
-0.384484,0.100000,0.800000,0.061333
-0.383784,0.100000,0.800000,0.061322
-0.383083,0.100000,0.800000,0.061311
-0.382382,0.100000,0.800000,0.061300
-0.381682,0.100000,0.800000,0.061290
-0.380981,0.100000,0.800000,0.061279
-0.380280,0.100000,0.800000,0.061268
-0.379580,0.100000,0.800000,0.061258
-0.378879,0.100000,0.800000,0.061247
-0.378178,0.100000,0.800000,0.061237
-0.377477,0.100000,0.800000,0.061227
-0.376777,0.100000,0.800000,0.061216
-0.376076,0.100000,0.800000,0.061206
-0.375375,0.100000,0.800000,0.061196
-0.374675,0.100000,0.800000,0.061186
-0.373974,0.100000,0.800000,0.061176
-0.373273,0.100000,0.800000,0.061166
-0.372573,0.100000,0.800000,0.061156
-0.371872,0.100000,0.800000,0.061146
-0.371171,0.100000,0.800000,0.061137
-0.370470,0.100000,0.800000,0.061127
-0.369770,0.100000,0.800000,0.061118
-0.369069,0.100000,0.800000,0.061108
-0.368368,0.100000,0.800000,0.061098
-0.367668,0.100000,0.800000,0.061089
-0.366967,0.100000,0.800000,0.061080
-0.366266,0.100000,0.800000,0.061071
-0.365566,0.100000,0.800000,0.061062
-0.364865,0.100000,0.800000,0.061053
-0.364164,0.100000,0.800000,0.061044
-0.363463,0.100000,0.800000,0.061035
-0.362763,0.100000,0.800000,0.061026
-0.362062,0.100000,0.800000,0.061017
-0.361361,0.100000,0.800000,0.061008
-0.360661,0.100000,0.800000,0.061000
-0.359960,0.100000,0.800000,0.060991
-0.359259,0.100000,0.800000,0.060983
-0.358559,0.100000,0.800000,0.060975
-0.357858,0.100000,0.800000,0.060966
-0.357157,0.100000,0.800000,0.060958
-0.356456,0.100000,0.800000,0.060950
-0.355756,0.100000,0.800000,0.060942
-0.355055,0.100000,0.800000,0.060934
-0.354354,0.100000,0.800000,0.060926
-0.353654,0.100000,0.800000,0.060919
-0.352953,0.100000,0.800000,0.060911
-0.352252,0.100000,0.800000,0.060904
-0.351552,0.100000,0.800000,0.060896
-0.350851,0.100000,0.800000,0.060889
-0.350150,0.100000,0.800000,0.060882
-0.349449,0.100000,0.800000,0.060875
-0.348749,0.100000,0.800000,0.060867
-0.348048,0.100000,0.800000,0.060861
-0.347347,0.100000,0.800000,0.060854
-0.346647,0.100000,0.800000,0.060847
-0.345946,0.100000,0.800000,0.060840
-0.345245,0.100000,0.800000,0.060834
-0.344545,0.100000,0.800000,0.060827
-0.343844,0.100000,0.800000,0.060821
-0.343143,0.100000,0.800000,0.060815
-0.342442,0.100000,0.800000,0.060809
-0.341742,0.100000,0.800000,0.060803
-0.341041,0.100000,0.800000,0.060797
-0.340340,0.100000,0.800000,0.060791
-0.339640,0.100000,0.800000,0.060785
-0.338939,0.100000,0.800000,0.060780
-0.338238,0.100000,0.800000,0.060774
-0.337538,0.100000,0.800000,0.060769
-0.336837,0.100000,0.800000,0.060764
-0.336136,0.100000,0.800000,0.060759
-0.335435,0.100000,0.800000,0.060754
-0.334735,0.100000,0.800000,0.060749
-0.334034,0.100000,0.800000,0.060744
-0.333333,0.100000,0.800000,0.060740
-0.332633,0.100000,0.800000,0.060735
-0.331932,0.100000,0.800000,0.060731
-0.331231,0.100000,0.800000,0.060726
-0.330531,0.100000,0.800000,0.060722
-0.329830,0.100000,0.800000,0.060718
-0.329129,0.100000,0.800000,0.060715
-0.328428,0.100000,0.800000,0.060711
-0.327728,0.100000,0.800000,0.060707
-0.327027,0.100000,0.800000,0.060704
-0.326326,0.100000,0.800000,0.060701
-0.325626,0.100000,0.800000,0.060698
-0.324925,0.100000,0.800000,0.060695
-0.324224,0.100000,0.800000,0.060692
-0.323524,0.100000,0.800000,0.060689
-0.322823,0.100000,0.800000,0.060687
-0.322122,0.100000,0.800000,0.060684
-0.321421,0.100000,0.800000,0.060682
-0.320721,0.100000,0.800000,0.060680
-0.320020,0.100000,0.800000,0.060678
-0.319319,0.100000,0.800000,0.060677
-0.318619,0.100000,0.800000,0.060675
-0.317918,0.100000,0.800000,0.060674
-0.317217,0.100000,0.800000,0.060672
-0.316517,0.100000,0.800000,0.060671
-0.315816,0.100000,0.800000,0.060670
-0.315115,0.100000,0.800000,0.060670
-0.314414,0.100000,0.800000,0.060669
-0.313714,0.100000,0.800000,0.060669
-0.313013,0.100000,0.800000,0.060669
-0.312312,0.100000,0.800000,0.060669
-0.311612,0.100000,0.800000,0.060669
-0.310911,0.100000,0.800000,0.060669
-0.310210,0.100000,0.800000,0.060670
-0.309510,0.100000,0.800000,0.060671
-0.308809,0.100000,0.800000,0.060671
-0.308108,0.100000,0.800000,0.060673
-0.307407,0.100000,0.800000,0.060674
-0.306707,0.100000,0.800000,0.060676
-0.306006,0.100000,0.800000,0.060677
-0.305305,0.100000,0.800000,0.060679
-0.304605,0.100000,0.800000,0.060681
-0.303904,0.100000,0.800000,0.060684
-0.303203,0.100000,0.800000,0.060687
-0.302503,0.100000,0.800000,0.060689
-0.301802,0.100000,0.800000,0.060692
-0.301101,0.100000,0.800000,0.060696
-0.300400,0.100000,0.800000,0.060699
-0.299700,0.100000,0.800000,0.060703
-0.298999,0.100000,0.800000,0.060707
-0.298298,0.100000,0.800000,0.060711
-0.297598,0.100000,0.800000,0.060716
-0.296897,0.100000,0.800000,0.060720
-0.296196,0.100000,0.800000,0.060726
-0.295495,0.100000,0.800000,0.060731
-0.294795,0.100000,0.800000,0.060736
-0.294094,0.100000,0.800000,0.060742
-0.293393,0.100000,0.800000,0.060748
-0.292693,0.100000,0.800000,0.060754
-0.291992,0.100000,0.800000,0.060761
-0.291291,0.100000,0.800000,0.060768
-0.290591,0.100000,0.800000,0.060775
-0.289890,0.100000,0.800000,0.060782
-0.289189,0.100000,0.800000,0.060790
-0.288488,0.100000,0.800000,0.060798
-0.287788,0.100000,0.800000,0.060806
-0.287087,0.100000,0.800000,0.060815
-0.286386,0.100000,0.800000,0.060824
-0.285686,0.100000,0.800000,0.060833
-0.284985,0.100000,0.800000,0.060843
-0.284284,0.100000,0.800000,0.060853
-0.283584,0.100000,0.800000,0.060863
-0.282883,0.100000,0.800000,0.060873
-0.282182,0.100000,0.800000,0.060884
-0.281481,0.100000,0.800000,0.060895
-0.280781,0.100000,0.800000,0.060907
-0.280080,0.100000,0.800000,0.060919
-0.279379,0.100000,0.800000,0.060931
-0.278679,0.100000,0.800000,0.060944
-0.277978,0.100000,0.800000,0.060957
-0.277277,0.100000,0.800000,0.060970
-0.276577,0.100000,0.800000,0.060984
-0.275876,0.100000,0.800000,0.060998
-0.275175,0.100000,0.800000,0.061012
-0.274474,0.100000,0.800000,0.061027
-0.273774,0.100000,0.800000,0.061043
-0.273073,0.100000,0.800000,0.061058
-0.272372,0.100000,0.800000,0.061074
-0.271672,0.100000,0.800000,0.061091
-0.270971,0.100000,0.800000,0.061108
-0.270270,0.100000,0.800000,0.061125
-0.269570,0.100000,0.800000,0.061143
-0.268869,0.100000,0.800000,0.061162
-0.268168,0.100000,0.800000,0.061181
-0.267467,0.100000,0.800000,0.061200
-0.266767,0.100000,0.800000,0.061219
-0.266066,0.100000,0.800000,0.061240
-0.265365,0.100000,0.800000,0.061260
-0.264665,0.100000,0.800000,0.061282
-0.263964,0.100000,0.800000,0.061303
-0.263263,0.100000,0.800000,0.061325
-0.262563,0.100000,0.800000,0.061348
-0.261862,0.100000,0.800000,0.061371
-0.261161,0.100000,0.800000,0.061395
-0.260460,0.100000,0.800000,0.061419
-0.259760,0.100000,0.800000,0.061444
-0.259059,0.100000,0.800000,0.061470
-0.258358,0.100000,0.800000,0.061496
-0.257658,0.100000,0.800000,0.061522
-0.256957,0.100000,0.800000,0.061550
-0.256256,0.100000,0.800000,0.061577
-0.255556,0.100000,0.800000,0.061606
-0.254855,0.100000,0.800000,0.061635
-0.254154,0.100000,0.800000,0.061664
-0.253453,0.100000,0.800000,0.061695
-0.252753,0.100000,0.800000,0.061726
-0.252052,0.100000,0.800000,0.061757
-0.251351,0.100000,0.800000,0.061789
-0.250651,0.100000,0.800000,0.061822
-0.249950,0.100000,0.800000,0.061856
-0.249249,0.100000,0.800000,0.061890
-0.248549,0.100000,0.800000,0.061925
-0.247848,0.100000,0.800000,0.061961
-0.247147,0.100000,0.800000,0.061998
-0.246446,0.100000,0.800000,0.062035
-0.245746,0.100000,0.800000,0.062073
-0.245045,0.100000,0.800000,0.062112
-0.244344,0.100000,0.800000,0.062152
-0.243644,0.100000,0.800000,0.062192
-0.242943,0.100000,0.800000,0.062233
-0.242242,0.100000,0.800000,0.062276
-0.241542,0.100000,0.800000,0.062319
-0.240841,0.100000,0.800000,0.062362
-0.240140,0.100000,0.800000,0.062407
-0.239439,0.100000,0.800000,0.062453
-0.238739,0.100000,0.800000,0.062499
-0.238038,0.100000,0.800000,0.062547
-0.237337,0.100000,0.800000,0.062595
-0.236637,0.100000,0.800000,0.062644
-0.235936,0.100000,0.800000,0.062694
-0.235235,0.100000,0.800000,0.062746
-0.234535,0.100000,0.800000,0.062798
-0.233834,0.100000,0.800000,0.062851
-0.233133,0.100000,0.800000,0.062906
-0.232432,0.100000,0.800000,0.062961
-0.231732,0.100000,0.800000,0.063018
-0.231031,0.100000,0.800000,0.063075
-0.230330,0.100000,0.800000,0.063134
-0.229630,0.100000,0.800000,0.063194
-0.228929,0.100000,0.800000,0.063255
-0.228228,0.100000,0.800000,0.063317
-0.227528,0.100000,0.800000,0.063380
-0.226827,0.100000,0.800000,0.063445
-0.226126,0.100000,0.800000,0.063511
-0.225425,0.100000,0.800000,0.063578
-0.224725,0.100000,0.800000,0.063646
-0.224024,0.100000,0.800000,0.063716
-0.223323,0.100000,0.800000,0.063787
-0.222623,0.100000,0.800000,0.063859
-0.221922,0.100000,0.800000,0.063933
-0.221221,0.100000,0.800000,0.064008
-0.220521,0.100000,0.800000,0.064084
-0.219820,0.100000,0.800000,0.064162
-0.219119,0.100000,0.800000,0.064241
-0.218418,0.100000,0.800000,0.064322
-0.217718,0.100000,0.800000,0.064405
-0.217017,0.100000,0.800000,0.064489
-0.216316,0.100000,0.800000,0.064574
-0.215616,0.100000,0.800000,0.064661
-0.214915,0.100000,0.800000,0.064750
-0.214214,0.100000,0.800000,0.064841
-0.213514,0.100000,0.800000,0.064933
-0.212813,0.100000,0.800000,0.065026
-0.212112,0.100000,0.800000,0.065122
-0.211411,0.100000,0.800000,0.065219
-0.210711,0.100000,0.800000,0.065319
-0.210010,0.100000,0.800000,0.065420
-0.209309,0.100000,0.800000,0.065522
-0.208609,0.100000,0.800000,0.065627
-0.207908,0.100000,0.800000,0.065734
-0.207207,0.100000,0.800000,0.065843
-0.206507,0.100000,0.800000,0.065953
-0.205806,0.100000,0.800000,0.066066
-0.205105,0.100000,0.800000,0.066180
-0.204404,0.100000,0.800000,0.066297
-0.203704,0.100000,0.800000,0.066416
-0.203003,0.100000,0.800000,0.066538
-0.202302,0.100000,0.800000,0.066661
-0.201602,0.100000,0.800000,0.066787
-0.200901,0.100000,0.800000,0.066915
-0.200200,0.100000,0.800000,0.067045
-0.199499,0.100000,0.800000,0.067177
-0.198799,0.100000,0.800000,0.067312
-0.198098,0.100000,0.800000,0.067450
-0.197397,0.100000,0.800000,0.067590
-0.196697,0.100000,0.800000,0.067732
-0.195996,0.100000,0.800000,0.067878
-0.195295,0.100000,0.800000,0.068025
-0.194595,0.100000,0.800000,0.068176
-0.193894,0.100000,0.800000,0.068329
-0.193193,0.100000,0.800000,0.068484
-0.192492,0.100000,0.800000,0.068643
-0.191792,0.100000,0.800000,0.068805
-0.191091,0.100000,0.800000,0.068969
-0.190390,0.100000,0.800000,0.069136
-0.189690,0.100000,0.800000,0.069306
-0.188989,0.100000,0.800000,0.069480
-0.188288,0.100000,0.800000,0.069656
-0.187588,0.100000,0.800000,0.069835
-0.186887,0.100000,0.800000,0.070018
-0.186186,0.100000,0.800000,0.070204
-0.185485,0.100000,0.800000,0.070393
-0.184785,0.100000,0.800000,0.070585
-0.184084,0.100000,0.800000,0.070781
-0.183383,0.100000,0.800000,0.070980
-0.182683,0.100000,0.800000,0.071183
-0.181982,0.100000,0.800000,0.071389
-0.181281,0.100000,0.800000,0.071599
-0.180581,0.100000,0.800000,0.071812
-0.179880,0.100000,0.800000,0.072029
-0.179179,0.100000,0.800000,0.072250
-0.178478,0.100000,0.800000,0.072474
-0.177778,0.100000,0.800000,0.072703
-0.177077,0.100000,0.800000,0.072935
-0.176376,0.100000,0.800000,0.073171
-0.175676,0.100000,0.800000,0.073411
-0.174975,0.100000,0.800000,0.073655
-0.174274,0.100000,0.800000,0.073903
-0.173574,0.100000,0.800000,0.074156
-0.172873,0.100000,0.800000,0.074412
-0.172172,0.100000,0.800000,0.074673
-0.171471,0.100000,0.800000,0.074938
-0.170771,0.100000,0.800000,0.075207
-0.170070,0.100000,0.800000,0.075481
-0.169369,0.100000,0.800000,0.075759
-0.168669,0.100000,0.800000,0.076041
-0.167968,0.100000,0.800000,0.076328
-0.167267,0.100000,0.800000,0.076620
-0.166567,0.100000,0.800000,0.076916
-0.165866,0.100000,0.800000,0.077217
-0.165165,0.100000,0.800000,0.077523
-0.164464,0.100000,0.800000,0.077833
-0.163764,0.100000,0.800000,0.078148
-0.163063,0.100000,0.800000,0.078467
-0.162362,0.100000,0.800000,0.078792
-0.161662,0.100000,0.800000,0.079122
-0.160961,0.100000,0.800000,0.079456
-0.160260,0.100000,0.800000,0.079795
-0.159560,0.100000,0.800000,0.080139
-0.158859,0.100000,0.800000,0.080488
-0.158158,0.100000,0.800000,0.080842
-0.157457,0.100000,0.800000,0.081202
-0.156757,0.100000,0.800000,0.081566
-0.156056,0.100000,0.800000,0.081935
-0.155355,0.100000,0.800000,0.082309
-0.154655,0.100000,0.800000,0.082688
-0.153954,0.100000,0.800000,0.083073
-0.153253,0.100000,0.800000,0.083462
-0.152553,0.100000,0.800000,0.083856
-0.151852,0.100000,0.800000,0.084256
-0.151151,0.100000,0.800000,0.084660
-0.150450,0.100000,0.800000,0.085069
-0.149750,0.100000,0.800000,0.085484
-0.149049,0.100000,0.800000,0.085903
-0.148348,0.100000,0.800000,0.086328
-0.147648,0.100000,0.800000,0.086757
-0.146947,0.100000,0.800000,0.087191
-0.146246,0.100000,0.800000,0.087630
-0.145546,0.100000,0.800000,0.088073
-0.144845,0.100000,0.800000,0.088522
-0.144144,0.100000,0.800000,0.088975
-0.143443,0.100000,0.800000,0.089433
-0.142743,0.100000,0.800000,0.089895
-0.142042,0.100000,0.800000,0.090362
-0.141341,0.100000,0.800000,0.090833
-0.140641,0.100000,0.800000,0.091308
-0.139940,0.100000,0.800000,0.091788
-0.139239,0.100000,0.800000,0.092272
-0.138539,0.100000,0.800000,0.092759
-0.137838,0.100000,0.800000,0.093251
-0.137137,0.100000,0.800000,0.093747
-0.136436,0.100000,0.800000,0.094246
-0.135736,0.100000,0.800000,0.094749
-0.135035,0.100000,0.800000,0.095255
-0.134334,0.100000,0.800000,0.095765
-0.133634,0.100000,0.800000,0.096277
-0.132933,0.100000,0.800000,0.096793
-0.132232,0.100000,0.800000,0.097312
-0.131532,0.100000,0.800000,0.097834
-0.130831,0.100000,0.800000,0.098358
-0.130130,0.100000,0.800000,0.098885
-0.129429,0.100000,0.800000,0.099414
-0.128729,0.100000,0.800000,0.099945
-0.128028,0.100000,0.800000,0.100478
-0.127327,0.100000,0.800000,0.101013
-0.126627,0.100000,0.800000,0.101550
-0.125926,0.100000,0.800000,0.102088
-0.125225,0.100000,0.800000,0.102628
-0.124525,0.100000,0.800000,0.103168
-0.123824,0.100000,0.800000,0.103710
-0.123123,0.100000,0.800000,0.104253
-0.122422,0.100000,0.800000,0.104796
-0.121722,0.100000,0.800000,0.105339
-0.121021,0.100000,0.800000,0.105883
-0.120320,0.100000,0.800000,0.106427
-0.119620,0.100000,0.800000,0.106971
-0.118919,0.100000,0.800000,0.107515
-0.118218,0.100000,0.800000,0.108058
-0.117518,0.100000,0.800000,0.108601
-0.116817,0.100000,0.800000,0.109143
-0.116116,0.100000,0.800000,0.109684
-0.115415,0.100000,0.800000,0.110224
-0.114715,0.100000,0.800000,0.110763
-0.114014,0.100000,0.800000,0.111301
-0.113313,0.100000,0.800000,0.111837
-0.112613,0.100000,0.800000,0.112372
-0.111912,0.100000,0.800000,0.112905
-0.111211,0.100000,0.800000,0.113437
-0.110511,0.100000,0.800000,0.113966
-0.109810,0.100000,0.800000,0.114494
-0.109109,0.100000,0.800000,0.115019
-0.108408,0.100000,0.800000,0.115543
-0.107708,0.100000,0.800000,0.116064
-0.107007,0.100000,0.800000,0.116583
-0.106306,0.100000,0.800000,0.117099
-0.105606,0.100000,0.800000,0.117613
-0.104905,0.100000,0.800000,0.118125
-0.104204,0.100000,0.800000,0.118635
-0.103504,0.100000,0.800000,0.119142
-0.102803,0.100000,0.800000,0.119647
-0.102102,0.100000,0.800000,0.120150
-0.101401,0.100000,0.800000,0.120650
-0.100701,0.100000,0.800000,0.121148
-0.100000,0.100000,0.800000,0.121644
-0.800000,0.100000,1.200000,0.078097
-0.799299,0.100000,1.200000,0.078085
-0.798599,0.100000,1.200000,0.078073
-0.797898,0.100000,1.200000,0.078061
-0.797197,0.100000,1.200000,0.078049
-0.796496,0.100000,1.200000,0.078037
-0.795796,0.100000,1.200000,0.078026
-0.795095,0.100000,1.200000,0.078013
-0.794394,0.100000,1.200000,0.078002
-0.793694,0.100000,1.200000,0.077989
-0.792993,0.100000,1.200000,0.077978
-0.792292,0.100000,1.200000,0.077966
-0.791592,0.100000,1.200000,0.077954
-0.790891,0.100000,1.200000,0.077942
-0.790190,0.100000,1.200000,0.077930
-0.789489,0.100000,1.200000,0.077918
-0.788789,0.100000,1.200000,0.077905
-0.788088,0.100000,1.200000,0.077893
-0.787387,0.100000,1.200000,0.077881
-0.786687,0.100000,1.200000,0.077869
-0.785986,0.100000,1.200000,0.077857
-0.785285,0.100000,1.200000,0.077845
-0.784585,0.100000,1.200000,0.077833
-0.783884,0.100000,1.200000,0.077821
-0.783183,0.100000,1.200000,0.077809
-0.782482,0.100000,1.200000,0.077797
-0.781782,0.100000,1.200000,0.077785
-0.781081,0.100000,1.200000,0.077773
-0.780380,0.100000,1.200000,0.077761
-0.779680,0.100000,1.200000,0.077749
-0.778979,0.100000,1.200000,0.077737
-0.778278,0.100000,1.200000,0.077724
-0.777578,0.100000,1.200000,0.077712
-0.776877,0.100000,1.200000,0.077700
-0.776176,0.100000,1.200000,0.077688
-0.775475,0.100000,1.200000,0.077676
-0.774775,0.100000,1.200000,0.077664
-0.774074,0.100000,1.200000,0.077652
-0.773373,0.100000,1.200000,0.077639
-0.772673,0.100000,1.200000,0.077627
-0.771972,0.100000,1.200000,0.077615
-0.771271,0.100000,1.200000,0.077603
-0.770571,0.100000,1.200000,0.077591
-0.769870,0.100000,1.200000,0.077578
-0.769169,0.100000,1.200000,0.077566
-0.768468,0.100000,1.200000,0.077554
-0.767768,0.100000,1.200000,0.077542
-0.767067,0.100000,1.200000,0.077530
-0.766366,0.100000,1.200000,0.077517
-0.765666,0.100000,1.200000,0.077505
-0.764965,0.100000,1.200000,0.077493
-0.764264,0.100000,1.200000,0.077480
-0.763564,0.100000,1.200000,0.077468
-0.762863,0.100000,1.200000,0.077456
-0.762162,0.100000,1.200000,0.077444
-0.761461,0.100000,1.200000,0.077432
-0.760761,0.100000,1.200000,0.077419
-0.760060,0.100000,1.200000,0.077407
-0.759359,0.100000,1.200000,0.077395
-0.758659,0.100000,1.200000,0.077382
-0.757958,0.100000,1.200000,0.077370
-0.757257,0.100000,1.200000,0.077358
-0.756557,0.100000,1.200000,0.077345
-0.755856,0.100000,1.200000,0.077333
-0.755155,0.100000,1.200000,0.077321
-0.754454,0.100000,1.200000,0.077308
-0.753754,0.100000,1.200000,0.077296
-0.753053,0.100000,1.200000,0.077284
-0.752352,0.100000,1.200000,0.077271
-0.751652,0.100000,1.200000,0.077259
-0.750951,0.100000,1.200000,0.077247
-0.750250,0.100000,1.200000,0.077234
-0.749550,0.100000,1.200000,0.077222
-0.748849,0.100000,1.200000,0.077209
-0.748148,0.100000,1.200000,0.077197
-0.747447,0.100000,1.200000,0.077184
-0.746747,0.100000,1.200000,0.077172
-0.746046,0.100000,1.200000,0.077160
-0.745345,0.100000,1.200000,0.077147
-0.744645,0.100000,1.200000,0.077135
-0.743944,0.100000,1.200000,0.077122
-0.743243,0.100000,1.200000,0.077110
-0.742543,0.100000,1.200000,0.077098
-0.741842,0.100000,1.200000,0.077085
-0.741141,0.100000,1.200000,0.077073
-0.740440,0.100000,1.200000,0.077060
-0.739740,0.100000,1.200000,0.077048
-0.739039,0.100000,1.200000,0.077035
-0.738338,0.100000,1.200000,0.077023
-0.737638,0.100000,1.200000,0.077010
-0.736937,0.100000,1.200000,0.076998
-0.736236,0.100000,1.200000,0.076985
-0.735536,0.100000,1.200000,0.076973
-0.734835,0.100000,1.200000,0.076960
-0.734134,0.100000,1.200000,0.076948
-0.733433,0.100000,1.200000,0.076935
-0.732733,0.100000,1.200000,0.076923
-0.732032,0.100000,1.200000,0.076910
-0.731331,0.100000,1.200000,0.076898
-0.730631,0.100000,1.200000,0.076885
-0.729930,0.100000,1.200000,0.076873
-0.729229,0.100000,1.200000,0.076860
-0.728529,0.100000,1.200000,0.076847
-0.727828,0.100000,1.200000,0.076835
-0.727127,0.100000,1.200000,0.076822
-0.726426,0.100000,1.200000,0.076810
-0.725726,0.100000,1.200000,0.076797
-0.725025,0.100000,1.200000,0.076785
-0.724324,0.100000,1.200000,0.076772
-0.723624,0.100000,1.200000,0.076759
-0.722923,0.100000,1.200000,0.076747
-0.722222,0.100000,1.200000,0.076734
-0.721522,0.100000,1.200000,0.076722
-0.720821,0.100000,1.200000,0.076709
-0.720120,0.100000,1.200000,0.076696
-0.719419,0.100000,1.200000,0.076684
-0.718719,0.100000,1.200000,0.076671
-0.718018,0.100000,1.200000,0.076659
-0.717317,0.100000,1.200000,0.076646
-0.716617,0.100000,1.200000,0.076633
-0.715916,0.100000,1.200000,0.076621
-0.715215,0.100000,1.200000,0.076608
-0.714515,0.100000,1.200000,0.076595
-0.713814,0.100000,1.200000,0.076583
-0.713113,0.100000,1.200000,0.076570
-0.712412,0.100000,1.200000,0.076557
-0.711712,0.100000,1.200000,0.076545
-0.711011,0.100000,1.200000,0.076532
-0.710310,0.100000,1.200000,0.076519
-0.709610,0.100000,1.200000,0.076507
-0.708909,0.100000,1.200000,0.076494
-0.708208,0.100000,1.200000,0.076481
-0.707508,0.100000,1.200000,0.076469
-0.706807,0.100000,1.200000,0.076456
-0.706106,0.100000,1.200000,0.076443
-0.705405,0.100000,1.200000,0.076430
-0.704705,0.100000,1.200000,0.076418
-0.704004,0.100000,1.200000,0.076405
-0.703303,0.100000,1.200000,0.076392
-0.702603,0.100000,1.200000,0.076379
-0.701902,0.100000,1.200000,0.076367
-0.701201,0.100000,1.200000,0.076354
-0.700501,0.100000,1.200000,0.076341
-0.699800,0.100000,1.200000,0.076329
-0.699099,0.100000,1.200000,0.076316
-0.698398,0.100000,1.200000,0.076303
-0.697698,0.100000,1.200000,0.076290
-0.696997,0.100000,1.200000,0.076277
-0.696296,0.100000,1.200000,0.076265
-0.695596,0.100000,1.200000,0.076252
-0.694895,0.100000,1.200000,0.076239
-0.694194,0.100000,1.200000,0.076226
-0.693493,0.100000,1.200000,0.076214
-0.692793,0.100000,1.200000,0.076201
-0.692092,0.100000,1.200000,0.076188
-0.691391,0.100000,1.200000,0.076175
-0.690691,0.100000,1.200000,0.076162
-0.689990,0.100000,1.200000,0.076150
-0.689289,0.100000,1.200000,0.076137
-0.688589,0.100000,1.200000,0.076124
-0.687888,0.100000,1.200000,0.076111
-0.687187,0.100000,1.200000,0.076098
-0.686486,0.100000,1.200000,0.076085
-0.685786,0.100000,1.200000,0.076073
-0.685085,0.100000,1.200000,0.076060
-0.684384,0.100000,1.200000,0.076047
-0.683684,0.100000,1.200000,0.076034
-0.682983,0.100000,1.200000,0.076021
-0.682282,0.100000,1.200000,0.076008
-0.681582,0.100000,1.200000,0.075996
-0.680881,0.100000,1.200000,0.075983
-0.680180,0.100000,1.200000,0.075970
-0.679479,0.100000,1.200000,0.075957
-0.678779,0.100000,1.200000,0.075944
-0.678078,0.100000,1.200000,0.075931
-0.677377,0.100000,1.200000,0.075918
-0.676677,0.100000,1.200000,0.075906
-0.675976,0.100000,1.200000,0.075893
-0.675275,0.100000,1.200000,0.075880
-0.674575,0.100000,1.200000,0.075867
-0.673874,0.100000,1.200000,0.075854
-0.673173,0.100000,1.200000,0.075841
-0.672472,0.100000,1.200000,0.075828
-0.671772,0.100000,1.200000,0.075815
-0.671071,0.100000,1.200000,0.075802
-0.670370,0.100000,1.200000,0.075790
-0.669670,0.100000,1.200000,0.075777
-0.668969,0.100000,1.200000,0.075764
-0.668268,0.100000,1.200000,0.075751
-0.667568,0.100000,1.200000,0.075738
-0.666867,0.100000,1.200000,0.075725
-0.666166,0.100000,1.200000,0.075712
-0.665465,0.100000,1.200000,0.075699
-0.664765,0.100000,1.200000,0.075686
-0.664064,0.100000,1.200000,0.075673
-0.663363,0.100000,1.200000,0.075660
-0.662663,0.100000,1.200000,0.075647
-0.661962,0.100000,1.200000,0.075635
-0.661261,0.100000,1.200000,0.075622
-0.660561,0.100000,1.200000,0.075609
-0.659860,0.100000,1.200000,0.075596
-0.659159,0.100000,1.200000,0.075583
-0.658458,0.100000,1.200000,0.075570
-0.657758,0.100000,1.200000,0.075557
-0.657057,0.100000,1.200000,0.075544
-0.656356,0.100000,1.200000,0.075531
-0.655656,0.100000,1.200000,0.075518
-0.654955,0.100000,1.200000,0.075505
-0.654254,0.100000,1.200000,0.075492
-0.653554,0.100000,1.200000,0.075479
-0.652853,0.100000,1.200000,0.075466
-0.652152,0.100000,1.200000,0.075453
-0.651451,0.100000,1.200000,0.075440
-0.650751,0.100000,1.200000,0.075427
-0.650050,0.100000,1.200000,0.075415
-0.649349,0.100000,1.200000,0.075402
-0.648649,0.100000,1.200000,0.075389
-0.647948,0.100000,1.200000,0.075376
-0.647247,0.100000,1.200000,0.075363
-0.646547,0.100000,1.200000,0.075350
-0.645846,0.100000,1.200000,0.075337
-0.645145,0.100000,1.200000,0.075324
-0.644444,0.100000,1.200000,0.075311
-0.643744,0.100000,1.200000,0.075298
-0.643043,0.100000,1.200000,0.075285
-0.642342,0.100000,1.200000,0.075272
-0.641642,0.100000,1.200000,0.075259
-0.640941,0.100000,1.200000,0.075246
-0.640240,0.100000,1.200000,0.075233
-0.639540,0.100000,1.200000,0.075220
-0.638839,0.100000,1.200000,0.075207
-0.638138,0.100000,1.200000,0.075194
-0.637437,0.100000,1.200000,0.075181
-0.636737,0.100000,1.200000,0.075168
-0.636036,0.100000,1.200000,0.075155
-0.635335,0.100000,1.200000,0.075142
-0.634635,0.100000,1.200000,0.075129
-0.633934,0.100000,1.200000,0.075116
-0.633233,0.100000,1.200000,0.075103
-0.632533,0.100000,1.200000,0.075090
-0.631832,0.100000,1.200000,0.075077
-0.631131,0.100000,1.200000,0.075064
-0.630430,0.100000,1.200000,0.075051
-0.629730,0.100000,1.200000,0.075038
-0.629029,0.100000,1.200000,0.075025
-0.628328,0.100000,1.200000,0.075012
-0.627628,0.100000,1.200000,0.074999
-0.626927,0.100000,1.200000,0.074986
-0.626226,0.100000,1.200000,0.074973
-0.625526,0.100000,1.200000,0.074960
-0.624825,0.100000,1.200000,0.074947
-0.624124,0.100000,1.200000,0.074934
-0.623423,0.100000,1.200000,0.074921
-0.622723,0.100000,1.200000,0.074908
-0.622022,0.100000,1.200000,0.074895
-0.621321,0.100000,1.200000,0.074882
-0.620621,0.100000,1.200000,0.074869
-0.619920,0.100000,1.200000,0.074856
-0.619219,0.100000,1.200000,0.074843
-0.618519,0.100000,1.200000,0.074830
-0.617818,0.100000,1.200000,0.074817
-0.617117,0.100000,1.200000,0.074804
-0.616416,0.100000,1.200000,0.074791
-0.615716,0.100000,1.200000,0.074778
-0.615015,0.100000,1.200000,0.074765
-0.614314,0.100000,1.200000,0.074753
-0.613614,0.100000,1.200000,0.074740
-0.612913,0.100000,1.200000,0.074727
-0.612212,0.100000,1.200000,0.074714
-0.611512,0.100000,1.200000,0.074701
-0.610811,0.100000,1.200000,0.074688
-0.610110,0.100000,1.200000,0.074675
-0.609409,0.100000,1.200000,0.074662
-0.608709,0.100000,1.200000,0.074649
-0.608008,0.100000,1.200000,0.074636
-0.607307,0.100000,1.200000,0.074623
-0.606607,0.100000,1.200000,0.074610
-0.605906,0.100000,1.200000,0.074597
-0.605205,0.100000,1.200000,0.074584
-0.604505,0.100000,1.200000,0.074571
-0.603804,0.100000,1.200000,0.074558
-0.603103,0.100000,1.200000,0.074545
-0.602402,0.100000,1.200000,0.074532
-0.601702,0.100000,1.200000,0.074519
-0.601001,0.100000,1.200000,0.074506
-0.600300,0.100000,1.200000,0.074493
-0.599600,0.100000,1.200000,0.074480
-0.598899,0.100000,1.200000,0.074467
-0.598198,0.100000,1.200000,0.074454
-0.597497,0.100000,1.200000,0.074442
-0.596797,0.100000,1.200000,0.074429
-0.596096,0.100000,1.200000,0.074416
-0.595395,0.100000,1.200000,0.074403
-0.594695,0.100000,1.200000,0.074390
-0.593994,0.100000,1.200000,0.074377
-0.593293,0.100000,1.200000,0.074364
-0.592593,0.100000,1.200000,0.074351
-0.591892,0.100000,1.200000,0.074338
-0.591191,0.100000,1.200000,0.074325
-0.590490,0.100000,1.200000,0.074312
-0.589790,0.100000,1.200000,0.074299
-0.589089,0.100000,1.200000,0.074287
-0.588388,0.100000,1.200000,0.074274
-0.587688,0.100000,1.200000,0.074261
-0.586987,0.100000,1.200000,0.074248
-0.586286,0.100000,1.200000,0.074235
-0.585586,0.100000,1.200000,0.074222
-0.584885,0.100000,1.200000,0.074209
-0.584184,0.100000,1.200000,0.074196
-0.583483,0.100000,1.200000,0.074184
-0.582783,0.100000,1.200000,0.074171
-0.582082,0.100000,1.200000,0.074158
-0.581381,0.100000,1.200000,0.074145
-0.580681,0.100000,1.200000,0.074132
-0.579980,0.100000,1.200000,0.074119
-0.579279,0.100000,1.200000,0.074106
-0.578579,0.100000,1.200000,0.074094
-0.577878,0.100000,1.200000,0.074081
-0.577177,0.100000,1.200000,0.074068
-0.576476,0.100000,1.200000,0.074055
-0.575776,0.100000,1.200000,0.074042
-0.575075,0.100000,1.200000,0.074030
-0.574374,0.100000,1.200000,0.074017
-0.573674,0.100000,1.200000,0.074004
-0.572973,0.100000,1.200000,0.073991
-0.572272,0.100000,1.200000,0.073978
-0.571572,0.100000,1.200000,0.073966
-0.570871,0.100000,1.200000,0.073953
-0.570170,0.100000,1.200000,0.073940
-0.569469,0.100000,1.200000,0.073927
-0.568769,0.100000,1.200000,0.073915
-0.568068,0.100000,1.200000,0.073902
-0.567367,0.100000,1.200000,0.073889
-0.566667,0.100000,1.200000,0.073876
-0.565966,0.100000,1.200000,0.073864
-0.565265,0.100000,1.200000,0.073851
-0.564565,0.100000,1.200000,0.073838
-0.563864,0.100000,1.200000,0.073825
-0.563163,0.100000,1.200000,0.073813
-0.562462,0.100000,1.200000,0.073800
-0.561762,0.100000,1.200000,0.073787
-0.561061,0.100000,1.200000,0.073775
-0.560360,0.100000,1.200000,0.073762
-0.559660,0.100000,1.200000,0.073749
-0.558959,0.100000,1.200000,0.073737
-0.558258,0.100000,1.200000,0.073724
-0.557558,0.100000,1.200000,0.073711
-0.556857,0.100000,1.200000,0.073699
-0.556156,0.100000,1.200000,0.073686
-0.555455,0.100000,1.200000,0.073673
-0.554755,0.100000,1.200000,0.073661
-0.554054,0.100000,1.200000,0.073648
-0.553353,0.100000,1.200000,0.073636
-0.552653,0.100000,1.200000,0.073623
-0.551952,0.100000,1.200000,0.073610
-0.551251,0.100000,1.200000,0.073598
-0.550551,0.100000,1.200000,0.073585
-0.549850,0.100000,1.200000,0.073573
-0.549149,0.100000,1.200000,0.073560
-0.548448,0.100000,1.200000,0.073548
-0.547748,0.100000,1.200000,0.073535
-0.547047,0.100000,1.200000,0.073523
-0.546346,0.100000,1.200000,0.073510
-0.545646,0.100000,1.200000,0.073498
-0.544945,0.100000,1.200000,0.073485
-0.544244,0.100000,1.200000,0.073473
-0.543544,0.100000,1.200000,0.073460
-0.542843,0.100000,1.200000,0.073447
-0.542142,0.100000,1.200000,0.073435
-0.541441,0.100000,1.200000,0.073423
-0.540741,0.100000,1.200000,0.073410
-0.540040,0.100000,1.200000,0.073398
-0.539339,0.100000,1.200000,0.073385
-0.538639,0.100000,1.200000,0.073373
-0.537938,0.100000,1.200000,0.073361
-0.537237,0.100000,1.200000,0.073348
-0.536537,0.100000,1.200000,0.073336
-0.535836,0.100000,1.200000,0.073323
-0.535135,0.100000,1.200000,0.073311
-0.534434,0.100000,1.200000,0.073299
-0.533734,0.100000,1.200000,0.073286
-0.533033,0.100000,1.200000,0.073274
-0.532332,0.100000,1.200000,0.073262
-0.531632,0.100000,1.200000,0.073249
-0.530931,0.100000,1.200000,0.073237
-0.530230,0.100000,1.200000,0.073225
-0.529530,0.100000,1.200000,0.073212
-0.528829,0.100000,1.200000,0.073200
-0.528128,0.100000,1.200000,0.073188
-0.527427,0.100000,1.200000,0.073176
-0.526727,0.100000,1.200000,0.073163
-0.526026,0.100000,1.200000,0.073151
-0.525325,0.100000,1.200000,0.073139
-0.524625,0.100000,1.200000,0.073127
-0.523924,0.100000,1.200000,0.073115
-0.523223,0.100000,1.200000,0.073103
-0.522523,0.100000,1.200000,0.073090
-0.521822,0.100000,1.200000,0.073078
-0.521121,0.100000,1.200000,0.073066
-0.520420,0.100000,1.200000,0.073054
-0.519720,0.100000,1.200000,0.073042
-0.519019,0.100000,1.200000,0.073030
-0.518318,0.100000,1.200000,0.073018
-0.517618,0.100000,1.200000,0.073006
-0.516917,0.100000,1.200000,0.072994
-0.516216,0.100000,1.200000,0.072982
-0.515516,0.100000,1.200000,0.072970
-0.514815,0.100000,1.200000,0.072958
-0.514114,0.100000,1.200000,0.072946
-0.513413,0.100000,1.200000,0.072934
-0.512713,0.100000,1.200000,0.072922
-0.512012,0.100000,1.200000,0.072910
-0.511311,0.100000,1.200000,0.072898
-0.510611,0.100000,1.200000,0.072886
-0.509910,0.100000,1.200000,0.072874
-0.509209,0.100000,1.200000,0.072862
-0.508509,0.100000,1.200000,0.072851
-0.507808,0.100000,1.200000,0.072839
-0.507107,0.100000,1.200000,0.072827
-0.506406,0.100000,1.200000,0.072815
-0.505706,0.100000,1.200000,0.072803
-0.505005,0.100000,1.200000,0.072792
-0.504304,0.100000,1.200000,0.072780
-0.503604,0.100000,1.200000,0.072768
-0.502903,0.100000,1.200000,0.072756
-0.502202,0.100000,1.200000,0.072745
-0.501502,0.100000,1.200000,0.072733
-0.500801,0.100000,1.200000,0.072721
-0.500100,0.100000,1.200000,0.072710
-0.499399,0.100000,1.200000,0.072698
-0.498699,0.100000,1.200000,0.072686
-0.497998,0.100000,1.200000,0.072675
-0.497297,0.100000,1.200000,0.072663
-0.496597,0.100000,1.200000,0.072652
-0.495896,0.100000,1.200000,0.072640
-0.495195,0.100000,1.200000,0.072629
-0.494494,0.100000,1.200000,0.072617
-0.493794,0.100000,1.200000,0.072606
-0.493093,0.100000,1.200000,0.072594
-0.492392,0.100000,1.200000,0.072583
-0.491692,0.100000,1.200000,0.072571
-0.490991,0.100000,1.200000,0.072560
-0.490290,0.100000,1.200000,0.072549
-0.489590,0.100000,1.200000,0.072537
-0.488889,0.100000,1.200000,0.072526
-0.488188,0.100000,1.200000,0.072515
-0.487487,0.100000,1.200000,0.072503
-0.486787,0.100000,1.200000,0.072492
-0.486086,0.100000,1.200000,0.072481
-0.485385,0.100000,1.200000,0.072470
-0.484685,0.100000,1.200000,0.072458
-0.483984,0.100000,1.200000,0.072447
-0.483283,0.100000,1.200000,0.072436
-0.482583,0.100000,1.200000,0.072425
-0.481882,0.100000,1.200000,0.072414
-0.481181,0.100000,1.200000,0.072403
-0.480480,0.100000,1.200000,0.072392
-0.479780,0.100000,1.200000,0.072381
-0.479079,0.100000,1.200000,0.072370
-0.478378,0.100000,1.200000,0.072359
-0.477678,0.100000,1.200000,0.072348
-0.476977,0.100000,1.200000,0.072337
-0.476276,0.100000,1.200000,0.072326
-0.475576,0.100000,1.200000,0.072315
-0.474875,0.100000,1.200000,0.072304
-0.474174,0.100000,1.200000,0.072293
-0.473473,0.100000,1.200000,0.072282
-0.472773,0.100000,1.200000,0.072272
-0.472072,0.100000,1.200000,0.072261
-0.471371,0.100000,1.200000,0.072250
-0.470671,0.100000,1.200000,0.072239
-0.469970,0.100000,1.200000,0.072229
-0.469269,0.100000,1.200000,0.072218
-0.468569,0.100000,1.200000,0.072207
-0.467868,0.100000,1.200000,0.072197
-0.467167,0.100000,1.200000,0.072186
-0.466466,0.100000,1.200000,0.072176
-0.465766,0.100000,1.200000,0.072165
-0.465065,0.100000,1.200000,0.072155
-0.464364,0.100000,1.200000,0.072144
-0.463664,0.100000,1.200000,0.072134
-0.462963,0.100000,1.200000,0.072123
-0.462262,0.100000,1.200000,0.072113
-0.461562,0.100000,1.200000,0.072103
-0.460861,0.100000,1.200000,0.072092
-0.460160,0.100000,1.200000,0.072082
-0.459459,0.100000,1.200000,0.072072
-0.458759,0.100000,1.200000,0.072062
-0.458058,0.100000,1.200000,0.072052
-0.457357,0.100000,1.200000,0.072042
-0.456657,0.100000,1.200000,0.072031
-0.455956,0.100000,1.200000,0.072021
-0.455255,0.100000,1.200000,0.072011
-0.454555,0.100000,1.200000,0.072001
-0.453854,0.100000,1.200000,0.071991
-0.453153,0.100000,1.200000,0.071981
-0.452452,0.100000,1.200000,0.071972
-0.451752,0.100000,1.200000,0.071962
-0.451051,0.100000,1.200000,0.071952
-0.450350,0.100000,1.200000,0.071942
-0.449650,0.100000,1.200000,0.071932
-0.448949,0.100000,1.200000,0.071922
-0.448248,0.100000,1.200000,0.071913
-0.447548,0.100000,1.200000,0.071903
-0.446847,0.100000,1.200000,0.071894
-0.446146,0.100000,1.200000,0.071884
-0.445445,0.100000,1.200000,0.071874
-0.444745,0.100000,1.200000,0.071865
-0.444044,0.100000,1.200000,0.071855
-0.443343,0.100000,1.200000,0.071846
-0.442643,0.100000,1.200000,0.071837
-0.441942,0.100000,1.200000,0.071827
-0.441241,0.100000,1.200000,0.071818
-0.440541,0.100000,1.200000,0.071809
-0.439840,0.100000,1.200000,0.071800
-0.439139,0.100000,1.200000,0.071790
-0.438438,0.100000,1.200000,0.071781
-0.437738,0.100000,1.200000,0.071772
-0.437037,0.100000,1.200000,0.071763
-0.436336,0.100000,1.200000,0.071754
-0.435636,0.100000,1.200000,0.071745
-0.434935,0.100000,1.200000,0.071736
-0.434234,0.100000,1.200000,0.071727
-0.433534,0.100000,1.200000,0.071719
-0.432833,0.100000,1.200000,0.071710
-0.432132,0.100000,1.200000,0.071701
-0.431431,0.100000,1.200000,0.071692
-0.430731,0.100000,1.200000,0.071684
-0.430030,0.100000,1.200000,0.071675
-0.429329,0.100000,1.200000,0.071667
-0.428629,0.100000,1.200000,0.071658
-0.427928,0.100000,1.200000,0.071650
-0.427227,0.100000,1.200000,0.071641
-0.426527,0.100000,1.200000,0.071633
-0.425826,0.100000,1.200000,0.071625
-0.425125,0.100000,1.200000,0.071616
-0.424424,0.100000,1.200000,0.071608
-0.423724,0.100000,1.200000,0.071600
-0.423023,0.100000,1.200000,0.071592
-0.422322,0.100000,1.200000,0.071584
-0.421622,0.100000,1.200000,0.071576
-0.420921,0.100000,1.200000,0.071568
-0.420220,0.100000,1.200000,0.071560
-0.419520,0.100000,1.200000,0.071553
-0.418819,0.100000,1.200000,0.071545
-0.418118,0.100000,1.200000,0.071537
-0.417417,0.100000,1.200000,0.071530
-0.416717,0.100000,1.200000,0.071522
-0.416016,0.100000,1.200000,0.071515
-0.415315,0.100000,1.200000,0.071507
-0.414615,0.100000,1.200000,0.071500
-0.413914,0.100000,1.200000,0.071492
-0.413213,0.100000,1.200000,0.071485
-0.412513,0.100000,1.200000,0.071478
-0.411812,0.100000,1.200000,0.071471
-0.411111,0.100000,1.200000,0.071464
-0.410410,0.100000,1.200000,0.071457
-0.409710,0.100000,1.200000,0.071450
-0.409009,0.100000,1.200000,0.071443
-0.408308,0.100000,1.200000,0.071436
-0.407608,0.100000,1.200000,0.071429
-0.406907,0.100000,1.200000,0.071423
-0.406206,0.100000,1.200000,0.071416
-0.405506,0.100000,1.200000,0.071410
-0.404805,0.100000,1.200000,0.071403
-0.404104,0.100000,1.200000,0.071397
-0.403403,0.100000,1.200000,0.071390
-0.402703,0.100000,1.200000,0.071384
-0.402002,0.100000,1.200000,0.071378
-0.401301,0.100000,1.200000,0.071372
-0.400601,0.100000,1.200000,0.071366
-0.399900,0.100000,1.200000,0.071360
-0.399199,0.100000,1.200000,0.071354
-0.398498,0.100000,1.200000,0.071348
-0.397798,0.100000,1.200000,0.071343
-0.397097,0.100000,1.200000,0.071337
-0.396396,0.100000,1.200000,0.071332
-0.395696,0.100000,1.200000,0.071326
-0.394995,0.100000,1.200000,0.071321
-0.394294,0.100000,1.200000,0.071315
-0.393594,0.100000,1.200000,0.071310
-0.392893,0.100000,1.200000,0.071305
-0.392192,0.100000,1.200000,0.071300
-0.391491,0.100000,1.200000,0.071295
-0.390791,0.100000,1.200000,0.071290
-0.390090,0.100000,1.200000,0.071286
-0.389389,0.100000,1.200000,0.071281
-0.388689,0.100000,1.200000,0.071276
-0.387988,0.100000,1.200000,0.071272
-0.387287,0.100000,1.200000,0.071268
-0.386587,0.100000,1.200000,0.071263
-0.385886,0.100000,1.200000,0.071259
-0.385185,0.100000,1.200000,0.071255
-0.384484,0.100000,1.200000,0.071251
-0.383784,0.100000,1.200000,0.071247
-0.383083,0.100000,1.200000,0.071244
-0.382382,0.100000,1.200000,0.071240
-0.381682,0.100000,1.200000,0.071236
-0.380981,0.100000,1.200000,0.071233
-0.380280,0.100000,1.200000,0.071230
-0.379580,0.100000,1.200000,0.071226
-0.378879,0.100000,1.200000,0.071223
-0.378178,0.100000,1.200000,0.071220
-0.377477,0.100000,1.200000,0.071217
-0.376777,0.100000,1.200000,0.071215
-0.376076,0.100000,1.200000,0.071212
-0.375375,0.100000,1.200000,0.071209
-0.374675,0.100000,1.200000,0.071207
-0.373974,0.100000,1.200000,0.071205
-0.373273,0.100000,1.200000,0.071203
-0.372573,0.100000,1.200000,0.071201
-0.371872,0.100000,1.200000,0.071199
-0.371171,0.100000,1.200000,0.071197
-0.370470,0.100000,1.200000,0.071195
-0.369770,0.100000,1.200000,0.071194
-0.369069,0.100000,1.200000,0.071192
-0.368368,0.100000,1.200000,0.071191
-0.367668,0.100000,1.200000,0.071190
-0.366967,0.100000,1.200000,0.071189
-0.366266,0.100000,1.200000,0.071188
-0.365566,0.100000,1.200000,0.071188
-0.364865,0.100000,1.200000,0.071187
-0.364164,0.100000,1.200000,0.071187
-0.363463,0.100000,1.200000,0.071187
-0.362763,0.100000,1.200000,0.071187
-0.362062,0.100000,1.200000,0.071187
-0.361361,0.100000,1.200000,0.071187
-0.360661,0.100000,1.200000,0.071187
-0.359960,0.100000,1.200000,0.071188
-0.359259,0.100000,1.200000,0.071189
-0.358559,0.100000,1.200000,0.071189
-0.357858,0.100000,1.200000,0.071191
-0.357157,0.100000,1.200000,0.071192
-0.356456,0.100000,1.200000,0.071193
-0.355756,0.100000,1.200000,0.071195
-0.355055,0.100000,1.200000,0.071196
-0.354354,0.100000,1.200000,0.071198
-0.353654,0.100000,1.200000,0.071201
-0.352953,0.100000,1.200000,0.071203
-0.352252,0.100000,1.200000,0.071205
-0.351552,0.100000,1.200000,0.071208
-0.350851,0.100000,1.200000,0.071211
-0.350150,0.100000,1.200000,0.071214
-0.349449,0.100000,1.200000,0.071217
-0.348749,0.100000,1.200000,0.071221
-0.348048,0.100000,1.200000,0.071225
-0.347347,0.100000,1.200000,0.071228
-0.346647,0.100000,1.200000,0.071233
-0.345946,0.100000,1.200000,0.071237
-0.345245,0.100000,1.200000,0.071241
-0.344545,0.100000,1.200000,0.071246
-0.343844,0.100000,1.200000,0.071251
-0.343143,0.100000,1.200000,0.071257
-0.342442,0.100000,1.200000,0.071262
-0.341742,0.100000,1.200000,0.071268
-0.341041,0.100000,1.200000,0.071274
-0.340340,0.100000,1.200000,0.071280
-0.339640,0.100000,1.200000,0.071286
-0.338939,0.100000,1.200000,0.071293
-0.338238,0.100000,1.200000,0.071300
-0.337538,0.100000,1.200000,0.071307
-0.336837,0.100000,1.200000,0.071315
-0.336136,0.100000,1.200000,0.071322
-0.335435,0.100000,1.200000,0.071330
-0.334735,0.100000,1.200000,0.071338
-0.334034,0.100000,1.200000,0.071347
-0.333333,0.100000,1.200000,0.071356
-0.332633,0.100000,1.200000,0.071365
-0.331932,0.100000,1.200000,0.071374
-0.331231,0.100000,1.200000,0.071384
-0.330531,0.100000,1.200000,0.071394
-0.329830,0.100000,1.200000,0.071404
-0.329129,0.100000,1.200000,0.071415
-0.328428,0.100000,1.200000,0.071426
-0.327728,0.100000,1.200000,0.071437
-0.327027,0.100000,1.200000,0.071449
-0.326326,0.100000,1.200000,0.071461
-0.325626,0.100000,1.200000,0.071473
-0.324925,0.100000,1.200000,0.071485
-0.324224,0.100000,1.200000,0.071498
-0.323524,0.100000,1.200000,0.071512
-0.322823,0.100000,1.200000,0.071525
-0.322122,0.100000,1.200000,0.071539
-0.321421,0.100000,1.200000,0.071554
-0.320721,0.100000,1.200000,0.071568
-0.320020,0.100000,1.200000,0.071584
-0.319319,0.100000,1.200000,0.071599
-0.318619,0.100000,1.200000,0.071615
-0.317918,0.100000,1.200000,0.071631
-0.317217,0.100000,1.200000,0.071648
-0.316517,0.100000,1.200000,0.071665
-0.315816,0.100000,1.200000,0.071683
-0.315115,0.100000,1.200000,0.071701
-0.314414,0.100000,1.200000,0.071719
-0.313714,0.100000,1.200000,0.071738
-0.313013,0.100000,1.200000,0.071757
-0.312312,0.100000,1.200000,0.071777
-0.311612,0.100000,1.200000,0.071797
-0.310911,0.100000,1.200000,0.071818
-0.310210,0.100000,1.200000,0.071839
-0.309510,0.100000,1.200000,0.071861
-0.308809,0.100000,1.200000,0.071883
-0.308108,0.100000,1.200000,0.071906
-0.307407,0.100000,1.200000,0.071929
-0.306707,0.100000,1.200000,0.071953
-0.306006,0.100000,1.200000,0.071977
-0.305305,0.100000,1.200000,0.072002
-0.304605,0.100000,1.200000,0.072027
-0.303904,0.100000,1.200000,0.072053
-0.303203,0.100000,1.200000,0.072079
-0.302503,0.100000,1.200000,0.072106
-0.301802,0.100000,1.200000,0.072134
-0.301101,0.100000,1.200000,0.072162
-0.300400,0.100000,1.200000,0.072191
-0.299700,0.100000,1.200000,0.072220
-0.298999,0.100000,1.200000,0.072250
-0.298298,0.100000,1.200000,0.072281
-0.297598,0.100000,1.200000,0.072312
-0.296897,0.100000,1.200000,0.072344
-0.296196,0.100000,1.200000,0.072377
-0.295495,0.100000,1.200000,0.072410
-0.294795,0.100000,1.200000,0.072444
-0.294094,0.100000,1.200000,0.072479
-0.293393,0.100000,1.200000,0.072514
-0.292693,0.100000,1.200000,0.072550
-0.291992,0.100000,1.200000,0.072587
-0.291291,0.100000,1.200000,0.072625
-0.290591,0.100000,1.200000,0.072663
-0.289890,0.100000,1.200000,0.072703
-0.289189,0.100000,1.200000,0.072743
-0.288488,0.100000,1.200000,0.072783
-0.287788,0.100000,1.200000,0.072825
-0.287087,0.100000,1.200000,0.072867
-0.286386,0.100000,1.200000,0.072911
-0.285686,0.100000,1.200000,0.072955
-0.284985,0.100000,1.200000,0.073000
-0.284284,0.100000,1.200000,0.073046
-0.283584,0.100000,1.200000,0.073093
-0.282883,0.100000,1.200000,0.073140
-0.282182,0.100000,1.200000,0.073189
-0.281481,0.100000,1.200000,0.073239
-0.280781,0.100000,1.200000,0.073289
-0.280080,0.100000,1.200000,0.073341
-0.279379,0.100000,1.200000,0.073393
-0.278679,0.100000,1.200000,0.073447
-0.277978,0.100000,1.200000,0.073502
-0.277277,0.100000,1.200000,0.073557
-0.276577,0.100000,1.200000,0.073614
-0.275876,0.100000,1.200000,0.073672
-0.275175,0.100000,1.200000,0.073731
-0.274474,0.100000,1.200000,0.073791
-0.273774,0.100000,1.200000,0.073853
-0.273073,0.100000,1.200000,0.073915
-0.272372,0.100000,1.200000,0.073979
-0.271672,0.100000,1.200000,0.074044
-0.270971,0.100000,1.200000,0.074110
-0.270270,0.100000,1.200000,0.074177
-0.269570,0.100000,1.200000,0.074246
-0.268869,0.100000,1.200000,0.074316
-0.268168,0.100000,1.200000,0.074387
-0.267467,0.100000,1.200000,0.074459
-0.266767,0.100000,1.200000,0.074533
-0.266066,0.100000,1.200000,0.074609
-0.265365,0.100000,1.200000,0.074685
-0.264665,0.100000,1.200000,0.074763
-0.263964,0.100000,1.200000,0.074843
-0.263263,0.100000,1.200000,0.074924
-0.262563,0.100000,1.200000,0.075007
-0.261862,0.100000,1.200000,0.075091
-0.261161,0.100000,1.200000,0.075177
-0.260460,0.100000,1.200000,0.075264
-0.259760,0.100000,1.200000,0.075353
-0.259059,0.100000,1.200000,0.075443
-0.258358,0.100000,1.200000,0.075535
-0.257658,0.100000,1.200000,0.075629
-0.256957,0.100000,1.200000,0.075725
-0.256256,0.100000,1.200000,0.075822
-0.255556,0.100000,1.200000,0.075922
-0.254855,0.100000,1.200000,0.076022
-0.254154,0.100000,1.200000,0.076125
-0.253453,0.100000,1.200000,0.076230
-0.252753,0.100000,1.200000,0.076336
-0.252052,0.100000,1.200000,0.076445
-0.251351,0.100000,1.200000,0.076555
-0.250651,0.100000,1.200000,0.076668
-0.249950,0.100000,1.200000,0.076782
-0.249249,0.100000,1.200000,0.076899
-0.248549,0.100000,1.200000,0.077017
-0.247848,0.100000,1.200000,0.077138
-0.247147,0.100000,1.200000,0.077261
-0.246446,0.100000,1.200000,0.077386
-0.245746,0.100000,1.200000,0.077513
-0.245045,0.100000,1.200000,0.077643
-0.244344,0.100000,1.200000,0.077775
-0.243644,0.100000,1.200000,0.077909
-0.242943,0.100000,1.200000,0.078046
-0.242242,0.100000,1.200000,0.078184
-0.241542,0.100000,1.200000,0.078326
-0.240841,0.100000,1.200000,0.078470
-0.240140,0.100000,1.200000,0.078616
-0.239439,0.100000,1.200000,0.078765
-0.238739,0.100000,1.200000,0.078917
-0.238038,0.100000,1.200000,0.079071
-0.237337,0.100000,1.200000,0.079227
-0.236637,0.100000,1.200000,0.079387
-0.235936,0.100000,1.200000,0.079549
-0.235235,0.100000,1.200000,0.079714
-0.234535,0.100000,1.200000,0.079882
-0.233834,0.100000,1.200000,0.080052
-0.233133,0.100000,1.200000,0.080226
-0.232432,0.100000,1.200000,0.080402
-0.231732,0.100000,1.200000,0.080582
-0.231031,0.100000,1.200000,0.080764
-0.230330,0.100000,1.200000,0.080950
-0.229630,0.100000,1.200000,0.081138
-0.228929,0.100000,1.200000,0.081330
-0.228228,0.100000,1.200000,0.081524
-0.227528,0.100000,1.200000,0.081722
-0.226827,0.100000,1.200000,0.081924
-0.226126,0.100000,1.200000,0.082128
-0.225425,0.100000,1.200000,0.082336
-0.224725,0.100000,1.200000,0.082547
-0.224024,0.100000,1.200000,0.082761
-0.223323,0.100000,1.200000,0.082979
-0.222623,0.100000,1.200000,0.083201
-0.221922,0.100000,1.200000,0.083425
-0.221221,0.100000,1.200000,0.083654
-0.220521,0.100000,1.200000,0.083886
-0.219820,0.100000,1.200000,0.084121
-0.219119,0.100000,1.200000,0.084360
-0.218418,0.100000,1.200000,0.084603
-0.217718,0.100000,1.200000,0.084849
-0.217017,0.100000,1.200000,0.085099
-0.216316,0.100000,1.200000,0.085353
-0.215616,0.100000,1.200000,0.085610
-0.214915,0.100000,1.200000,0.085872
-0.214214,0.100000,1.200000,0.086137
-0.213514,0.100000,1.200000,0.086406
-0.212813,0.100000,1.200000,0.086678
-0.212112,0.100000,1.200000,0.086955
-0.211411,0.100000,1.200000,0.087235
-0.210711,0.100000,1.200000,0.087520
-0.210010,0.100000,1.200000,0.087808
-0.209309,0.100000,1.200000,0.088100
-0.208609,0.100000,1.200000,0.088396
-0.207908,0.100000,1.200000,0.088696
-0.207207,0.100000,1.200000,0.089000
-0.206507,0.100000,1.200000,0.089308
-0.205806,0.100000,1.200000,0.089620
-0.205105,0.100000,1.200000,0.089936
-0.204404,0.100000,1.200000,0.090256
-0.203704,0.100000,1.200000,0.090579
-0.203003,0.100000,1.200000,0.090907
-0.202302,0.100000,1.200000,0.091238
-0.201602,0.100000,1.200000,0.091574
-0.200901,0.100000,1.200000,0.091913
-0.200200,0.100000,1.200000,0.092256
-0.199499,0.100000,1.200000,0.092603
-0.198799,0.100000,1.200000,0.092954
-0.198098,0.100000,1.200000,0.093308
-0.197397,0.100000,1.200000,0.093666
-0.196697,0.100000,1.200000,0.094028
-0.195996,0.100000,1.200000,0.094394
-0.195295,0.100000,1.200000,0.094763
-0.194595,0.100000,1.200000,0.095136
-0.193894,0.100000,1.200000,0.095512
-0.193193,0.100000,1.200000,0.095891
-0.192492,0.100000,1.200000,0.096274
-0.191792,0.100000,1.200000,0.096661
-0.191091,0.100000,1.200000,0.097050
-0.190390,0.100000,1.200000,0.097443
-0.189690,0.100000,1.200000,0.097839
-0.188989,0.100000,1.200000,0.098238
-0.188288,0.100000,1.200000,0.098639
-0.187588,0.100000,1.200000,0.099044
-0.186887,0.100000,1.200000,0.099451
-0.186186,0.100000,1.200000,0.099861
-0.185485,0.100000,1.200000,0.100274
-0.184785,0.100000,1.200000,0.100689
-0.184084,0.100000,1.200000,0.101107
-0.183383,0.100000,1.200000,0.101526
-0.182683,0.100000,1.200000,0.101948
-0.181982,0.100000,1.200000,0.102372
-0.181281,0.100000,1.200000,0.102797
-0.180581,0.100000,1.200000,0.103225
-0.179880,0.100000,1.200000,0.103654
-0.179179,0.100000,1.200000,0.104084
-0.178478,0.100000,1.200000,0.104516
-0.177778,0.100000,1.200000,0.104950
-0.177077,0.100000,1.200000,0.105384
-0.176376,0.100000,1.200000,0.105819
-0.175676,0.100000,1.200000,0.106255
-0.174975,0.100000,1.200000,0.106692
-0.174274,0.100000,1.200000,0.107129
-0.173574,0.100000,1.200000,0.107567
-0.172873,0.100000,1.200000,0.108005
-0.172172,0.100000,1.200000,0.108443
-0.171471,0.100000,1.200000,0.108881
-0.170771,0.100000,1.200000,0.109318
-0.170070,0.100000,1.200000,0.109755
-0.169369,0.100000,1.200000,0.110192
-0.168669,0.100000,1.200000,0.110628
-0.167968,0.100000,1.200000,0.111063
-0.167267,0.100000,1.200000,0.111497
-0.166567,0.100000,1.200000,0.111930
-0.165866,0.100000,1.200000,0.112362
-0.165165,0.100000,1.200000,0.112792
-0.164464,0.100000,1.200000,0.113220
-0.163764,0.100000,1.200000,0.113647
-0.163063,0.100000,1.200000,0.114071
-0.162362,0.100000,1.200000,0.114494
-0.161662,0.100000,1.200000,0.114914
-0.160961,0.100000,1.200000,0.115332
-0.160260,0.100000,1.200000,0.115747
-0.159560,0.100000,1.200000,0.116160
-0.158859,0.100000,1.200000,0.116570
-0.158158,0.100000,1.200000,0.116977
-0.157457,0.100000,1.200000,0.117380
-0.156757,0.100000,1.200000,0.117780
-0.156056,0.100000,1.200000,0.118177
-0.155355,0.100000,1.200000,0.118571
-0.154655,0.100000,1.200000,0.118960
-0.153954,0.100000,1.200000,0.119346
-0.153253,0.100000,1.200000,0.119727
-0.152553,0.100000,1.200000,0.120105
-0.151852,0.100000,1.200000,0.120479
-0.151151,0.100000,1.200000,0.120848
-0.150450,0.100000,1.200000,0.121212
-0.149750,0.100000,1.200000,0.121572
-0.149049,0.100000,1.200000,0.121927
-0.148348,0.100000,1.200000,0.122277
-0.147648,0.100000,1.200000,0.122622
-0.146947,0.100000,1.200000,0.122962
-0.146246,0.100000,1.200000,0.123296
-0.145546,0.100000,1.200000,0.123625
-0.144845,0.100000,1.200000,0.123948
-0.144144,0.100000,1.200000,0.124266
-0.143443,0.100000,1.200000,0.124578
-0.142743,0.100000,1.200000,0.124883
-0.142042,0.100000,1.200000,0.125183
-0.141341,0.100000,1.200000,0.125476
-0.140641,0.100000,1.200000,0.125762
-0.139940,0.100000,1.200000,0.126042
-0.139239,0.100000,1.200000,0.126315
-0.138539,0.100000,1.200000,0.126581
-0.137838,0.100000,1.200000,0.126839
-0.137137,0.100000,1.200000,0.127090
-0.136436,0.100000,1.200000,0.127333
-0.135736,0.100000,1.200000,0.127569
-0.135035,0.100000,1.200000,0.127796
-0.134334,0.100000,1.200000,0.128015
-0.133634,0.100000,1.200000,0.128225
-0.132933,0.100000,1.200000,0.128426
-0.132232,0.100000,1.200000,0.128618
-0.131532,0.100000,1.200000,0.128800
-0.130831,0.100000,1.200000,0.128973
-0.130130,0.100000,1.200000,0.129136
-0.129429,0.100000,1.200000,0.129288
-0.128729,0.100000,1.200000,0.129430
-0.128028,0.100000,1.200000,0.129560
-0.127327,0.100000,1.200000,0.129679
-0.126627,0.100000,1.200000,0.129786
-0.125926,0.100000,1.200000,0.129881
-0.125225,0.100000,1.200000,0.129963
-0.124525,0.100000,1.200000,0.130033
-0.123824,0.100000,1.200000,0.130089
-0.123123,0.100000,1.200000,0.130131
-0.122422,0.100000,1.200000,0.130159
-0.121722,0.100000,1.200000,0.130173
-0.121021,0.100000,1.200000,0.130171
-0.120320,0.100000,1.200000,0.130155
-0.119620,0.100000,1.200000,0.130122
-0.118919,0.100000,1.200000,0.130074
-0.118218,0.100000,1.200000,0.130009
-0.117518,0.100000,1.200000,0.129927
-0.116817,0.100000,1.200000,0.129829
-0.116116,0.100000,1.200000,0.129713
-0.115415,0.100000,1.200000,0.129580
-0.114715,0.100000,1.200000,0.129429
-0.114014,0.100000,1.200000,0.129261
-0.113313,0.100000,1.200000,0.129074
-0.112613,0.100000,1.200000,0.128870
-0.111912,0.100000,1.200000,0.128648
-0.111211,0.100000,1.200000,0.128409
-0.110511,0.100000,1.200000,0.128152
-0.109810,0.100000,1.200000,0.127878
-0.109109,0.100000,1.200000,0.127587
-0.108408,0.100000,1.200000,0.127279
-0.107708,0.100000,1.200000,0.126955
-0.107007,0.100000,1.200000,0.126616
-0.106306,0.100000,1.200000,0.126263
-0.105606,0.100000,1.200000,0.125895
-0.104905,0.100000,1.200000,0.125514
-0.104204,0.100000,1.200000,0.125121
-0.103504,0.100000,1.200000,0.124717
-0.102803,0.100000,1.200000,0.124302
-0.102102,0.100000,1.200000,0.123879
-0.101401,0.100000,1.200000,0.123447
-0.100701,0.100000,1.200000,0.123009
-0.100000,0.100000,1.200000,0.122565
-0.800000,0.100000,1.800000,0.084903
-0.799299,0.100000,1.800000,0.084899
-0.798599,0.100000,1.800000,0.084895
-0.797898,0.100000,1.800000,0.084891
-0.797197,0.100000,1.800000,0.084887
-0.796496,0.100000,1.800000,0.084883
-0.795796,0.100000,1.800000,0.084879
-0.795095,0.100000,1.800000,0.084875
-0.794394,0.100000,1.800000,0.084871
-0.793694,0.100000,1.800000,0.084867
-0.792993,0.100000,1.800000,0.084863
-0.792292,0.100000,1.800000,0.084858
-0.791592,0.100000,1.800000,0.084854
-0.790891,0.100000,1.800000,0.084850
-0.790190,0.100000,1.800000,0.084846
-0.789489,0.100000,1.800000,0.084842
-0.788789,0.100000,1.800000,0.084838
-0.788088,0.100000,1.800000,0.084834
-0.787387,0.100000,1.800000,0.084830
-0.786687,0.100000,1.800000,0.084826
-0.785986,0.100000,1.800000,0.084822
-0.785285,0.100000,1.800000,0.084818
-0.784585,0.100000,1.800000,0.084814
-0.783884,0.100000,1.800000,0.084810
-0.783183,0.100000,1.800000,0.084806
-0.782482,0.100000,1.800000,0.084802
-0.781782,0.100000,1.800000,0.084798
-0.781081,0.100000,1.800000,0.084794
-0.780380,0.100000,1.800000,0.084790
-0.779680,0.100000,1.800000,0.084786
-0.778979,0.100000,1.800000,0.084782
-0.778278,0.100000,1.800000,0.084778
-0.777578,0.100000,1.800000,0.084774
-0.776877,0.100000,1.800000,0.084771
-0.776176,0.100000,1.800000,0.084766
-0.775475,0.100000,1.800000,0.084763
-0.774775,0.100000,1.800000,0.084759
-0.774074,0.100000,1.800000,0.084755
-0.773373,0.100000,1.800000,0.084751
-0.772673,0.100000,1.800000,0.084747
-0.771972,0.100000,1.800000,0.084743
-0.771271,0.100000,1.800000,0.084739
-0.770571,0.100000,1.800000,0.084735
-0.769870,0.100000,1.800000,0.084731
-0.769169,0.100000,1.800000,0.084727
-0.768468,0.100000,1.800000,0.084723
-0.767768,0.100000,1.800000,0.084720
-0.767067,0.100000,1.800000,0.084716
-0.766366,0.100000,1.800000,0.084712
-0.765666,0.100000,1.800000,0.084708
-0.764965,0.100000,1.800000,0.084704
-0.764264,0.100000,1.800000,0.084700
-0.763564,0.100000,1.800000,0.084696
-0.762863,0.100000,1.800000,0.084693
-0.762162,0.100000,1.800000,0.084689
-0.761461,0.100000,1.800000,0.084685
-0.760761,0.100000,1.800000,0.084681
-0.760060,0.100000,1.800000,0.084677
-0.759359,0.100000,1.800000,0.084674
-0.758659,0.100000,1.800000,0.084670
-0.757958,0.100000,1.800000,0.084666
-0.757257,0.100000,1.800000,0.084662
-0.756557,0.100000,1.800000,0.084659
-0.755856,0.100000,1.800000,0.084655
-0.755155,0.100000,1.800000,0.084651
-0.754454,0.100000,1.800000,0.084647
-0.753754,0.100000,1.800000,0.084643
-0.753053,0.100000,1.800000,0.084640
-0.752352,0.100000,1.800000,0.084636
-0.751652,0.100000,1.800000,0.084632
-0.750951,0.100000,1.800000,0.084629
-0.750250,0.100000,1.800000,0.084625
-0.749550,0.100000,1.800000,0.084621
-0.748849,0.100000,1.800000,0.084617
-0.748148,0.100000,1.800000,0.084614
-0.747447,0.100000,1.800000,0.084610
-0.746747,0.100000,1.800000,0.084606
-0.746046,0.100000,1.800000,0.084603
-0.745345,0.100000,1.800000,0.084599
-0.744645,0.100000,1.800000,0.084595
-0.743944,0.100000,1.800000,0.084592
-0.743243,0.100000,1.800000,0.084588
-0.742543,0.100000,1.800000,0.084585
-0.741842,0.100000,1.800000,0.084581
-0.741141,0.100000,1.800000,0.084577
-0.740440,0.100000,1.800000,0.084574
-0.739740,0.100000,1.800000,0.084570
-0.739039,0.100000,1.800000,0.084566
-0.738338,0.100000,1.800000,0.084563
-0.737638,0.100000,1.800000,0.084559
-0.736937,0.100000,1.800000,0.084556
-0.736236,0.100000,1.800000,0.084552
-0.735536,0.100000,1.800000,0.084549
-0.734835,0.100000,1.800000,0.084545
-0.734134,0.100000,1.800000,0.084542
-0.733433,0.100000,1.800000,0.084538
-0.732733,0.100000,1.800000,0.084535
-0.732032,0.100000,1.800000,0.084531
-0.731331,0.100000,1.800000,0.084528
-0.730631,0.100000,1.800000,0.084524
-0.729930,0.100000,1.800000,0.084521
-0.729229,0.100000,1.800000,0.084517
-0.728529,0.100000,1.800000,0.084514
-0.727828,0.100000,1.800000,0.084510
-0.727127,0.100000,1.800000,0.084507
-0.726426,0.100000,1.800000,0.084503
-0.725726,0.100000,1.800000,0.084500
-0.725025,0.100000,1.800000,0.084497
-0.724324,0.100000,1.800000,0.084493
-0.723624,0.100000,1.800000,0.084490
-0.722923,0.100000,1.800000,0.084486
-0.722222,0.100000,1.800000,0.084483
-0.721522,0.100000,1.800000,0.084480
-0.720821,0.100000,1.800000,0.084476
-0.720120,0.100000,1.800000,0.084473
-0.719419,0.100000,1.800000,0.084470
-0.718719,0.100000,1.800000,0.084466
-0.718018,0.100000,1.800000,0.084463
-0.717317,0.100000,1.800000,0.084460
-0.716617,0.100000,1.800000,0.084456
-0.715916,0.100000,1.800000,0.084453
-0.715215,0.100000,1.800000,0.084450
-0.714515,0.100000,1.800000,0.084447
-0.713814,0.100000,1.800000,0.084443
-0.713113,0.100000,1.800000,0.084440
-0.712412,0.100000,1.800000,0.084437
-0.711712,0.100000,1.800000,0.084434
-0.711011,0.100000,1.800000,0.084430
-0.710310,0.100000,1.800000,0.084427
-0.709610,0.100000,1.800000,0.084424
-0.708909,0.100000,1.800000,0.084421
-0.708208,0.100000,1.800000,0.084418
-0.707508,0.100000,1.800000,0.084414
-0.706807,0.100000,1.800000,0.084411
-0.706106,0.100000,1.800000,0.084408
-0.705405,0.100000,1.800000,0.084405
-0.704705,0.100000,1.800000,0.084402
-0.704004,0.100000,1.800000,0.084399
-0.703303,0.100000,1.800000,0.084396
-0.702603,0.100000,1.800000,0.084393
-0.701902,0.100000,1.800000,0.084390
-0.701201,0.100000,1.800000,0.084386
-0.700501,0.100000,1.800000,0.084383
-0.699800,0.100000,1.800000,0.084380
-0.699099,0.100000,1.800000,0.084377
-0.698398,0.100000,1.800000,0.084374
-0.697698,0.100000,1.800000,0.084371
-0.696997,0.100000,1.800000,0.084368
-0.696296,0.100000,1.800000,0.084365
-0.695596,0.100000,1.800000,0.084362
-0.694895,0.100000,1.800000,0.084359
-0.694194,0.100000,1.800000,0.084357
-0.693493,0.100000,1.800000,0.084354
-0.692793,0.100000,1.800000,0.084351
-0.692092,0.100000,1.800000,0.084348
-0.691391,0.100000,1.800000,0.084345
-0.690691,0.100000,1.800000,0.084342
-0.689990,0.100000,1.800000,0.084339
-0.689289,0.100000,1.800000,0.084336
-0.688589,0.100000,1.800000,0.084333
-0.687888,0.100000,1.800000,0.084331
-0.687187,0.100000,1.800000,0.084328
-0.686486,0.100000,1.800000,0.084325
-0.685786,0.100000,1.800000,0.084322
-0.685085,0.100000,1.800000,0.084319
-0.684384,0.100000,1.800000,0.084317
-0.683684,0.100000,1.800000,0.084314
-0.682983,0.100000,1.800000,0.084311
-0.682282,0.100000,1.800000,0.084308
-0.681582,0.100000,1.800000,0.084306
-0.680881,0.100000,1.800000,0.084303
-0.680180,0.100000,1.800000,0.084300
-0.679479,0.100000,1.800000,0.084297
-0.678779,0.100000,1.800000,0.084295
-0.678078,0.100000,1.800000,0.084292
-0.677377,0.100000,1.800000,0.084289
-0.676677,0.100000,1.800000,0.084287
-0.675976,0.100000,1.800000,0.084284
-0.675275,0.100000,1.800000,0.084282
-0.674575,0.100000,1.800000,0.084279
-0.673874,0.100000,1.800000,0.084277
-0.673173,0.100000,1.800000,0.084274
-0.672472,0.100000,1.800000,0.084271
-0.671772,0.100000,1.800000,0.084269
-0.671071,0.100000,1.800000,0.084266
-0.670370,0.100000,1.800000,0.084264
-0.669670,0.100000,1.800000,0.084262
-0.668969,0.100000,1.800000,0.084259
-0.668268,0.100000,1.800000,0.084257
-0.667568,0.100000,1.800000,0.084254
-0.666867,0.100000,1.800000,0.084252
-0.666166,0.100000,1.800000,0.084249
-0.665465,0.100000,1.800000,0.084247
-0.664765,0.100000,1.800000,0.084244
-0.664064,0.100000,1.800000,0.084242
-0.663363,0.100000,1.800000,0.084240
-0.662663,0.100000,1.800000,0.084237
-0.661962,0.100000,1.800000,0.084235
-0.661261,0.100000,1.800000,0.084233
-0.660561,0.100000,1.800000,0.084231
-0.659860,0.100000,1.800000,0.084228
-0.659159,0.100000,1.800000,0.084226
-0.658458,0.100000,1.800000,0.084224
-0.657758,0.100000,1.800000,0.084222
-0.657057,0.100000,1.800000,0.084219
-0.656356,0.100000,1.800000,0.084217
-0.655656,0.100000,1.800000,0.084215
-0.654955,0.100000,1.800000,0.084213
-0.654254,0.100000,1.800000,0.084211
-0.653554,0.100000,1.800000,0.084209
-0.652853,0.100000,1.800000,0.084206
-0.652152,0.100000,1.800000,0.084204
-0.651451,0.100000,1.800000,0.084202
-0.650751,0.100000,1.800000,0.084200
-0.650050,0.100000,1.800000,0.084198
-0.649349,0.100000,1.800000,0.084196
-0.648649,0.100000,1.800000,0.084194
-0.647948,0.100000,1.800000,0.084192
-0.647247,0.100000,1.800000,0.084190
-0.646547,0.100000,1.800000,0.084188
-0.645846,0.100000,1.800000,0.084186
-0.645145,0.100000,1.800000,0.084184
-0.644444,0.100000,1.800000,0.084183
-0.643744,0.100000,1.800000,0.084181
-0.643043,0.100000,1.800000,0.084179
-0.642342,0.100000,1.800000,0.084177
-0.641642,0.100000,1.800000,0.084175
-0.640941,0.100000,1.800000,0.084173
-0.640240,0.100000,1.800000,0.084172
-0.639540,0.100000,1.800000,0.084170
-0.638839,0.100000,1.800000,0.084168
-0.638138,0.100000,1.800000,0.084166
-0.637437,0.100000,1.800000,0.084165
-0.636737,0.100000,1.800000,0.084163
-0.636036,0.100000,1.800000,0.084161
-0.635335,0.100000,1.800000,0.084160
-0.634635,0.100000,1.800000,0.084158
-0.633934,0.100000,1.800000,0.084156
-0.633233,0.100000,1.800000,0.084155
-0.632533,0.100000,1.800000,0.084153
-0.631832,0.100000,1.800000,0.084151
-0.631131,0.100000,1.800000,0.084150
-0.630430,0.100000,1.800000,0.084148
-0.629730,0.100000,1.800000,0.084147
-0.629029,0.100000,1.800000,0.084145
-0.628328,0.100000,1.800000,0.084144
-0.627628,0.100000,1.800000,0.084143
-0.626927,0.100000,1.800000,0.084141
-0.626226,0.100000,1.800000,0.084140
-0.625526,0.100000,1.800000,0.084138
-0.624825,0.100000,1.800000,0.084137
-0.624124,0.100000,1.800000,0.084136
-0.623423,0.100000,1.800000,0.084134
-0.622723,0.100000,1.800000,0.084133
-0.622022,0.100000,1.800000,0.084132
-0.621321,0.100000,1.800000,0.084130
-0.620621,0.100000,1.800000,0.084129
-0.619920,0.100000,1.800000,0.084128
-0.619219,0.100000,1.800000,0.084127
-0.618519,0.100000,1.800000,0.084126
-0.617818,0.100000,1.800000,0.084124
-0.617117,0.100000,1.800000,0.084123
-0.616416,0.100000,1.800000,0.084122
-0.615716,0.100000,1.800000,0.084121
-0.615015,0.100000,1.800000,0.084120
-0.614314,0.100000,1.800000,0.084119
-0.613614,0.100000,1.800000,0.084118
-0.612913,0.100000,1.800000,0.084117
-0.612212,0.100000,1.800000,0.084116
-0.611512,0.100000,1.800000,0.084115
-0.610811,0.100000,1.800000,0.084114
-0.610110,0.100000,1.800000,0.084113
-0.609409,0.100000,1.800000,0.084112
-0.608709,0.100000,1.800000,0.084111
-0.608008,0.100000,1.800000,0.084111
-0.607307,0.100000,1.800000,0.084110
-0.606607,0.100000,1.800000,0.084109
-0.605906,0.100000,1.800000,0.084108
-0.605205,0.100000,1.800000,0.084107
-0.604505,0.100000,1.800000,0.084107
-0.603804,0.100000,1.800000,0.084106
-0.603103,0.100000,1.800000,0.084105
-0.602402,0.100000,1.800000,0.084105
-0.601702,0.100000,1.800000,0.084104
-0.601001,0.100000,1.800000,0.084104
-0.600300,0.100000,1.800000,0.084103
-0.599600,0.100000,1.800000,0.084102
-0.598899,0.100000,1.800000,0.084102
-0.598198,0.100000,1.800000,0.084101
-0.597497,0.100000,1.800000,0.084101
-0.596797,0.100000,1.800000,0.084100
-0.596096,0.100000,1.800000,0.084100
-0.595395,0.100000,1.800000,0.084100
-0.594695,0.100000,1.800000,0.084099
-0.593994,0.100000,1.800000,0.084099
-0.593293,0.100000,1.800000,0.084099
-0.592593,0.100000,1.800000,0.084098
-0.591892,0.100000,1.800000,0.084098
-0.591191,0.100000,1.800000,0.084098
-0.590490,0.100000,1.800000,0.084098
-0.589790,0.100000,1.800000,0.084097
-0.589089,0.100000,1.800000,0.084097
-0.588388,0.100000,1.800000,0.084097
-0.587688,0.100000,1.800000,0.084097
-0.586987,0.100000,1.800000,0.084097
-0.586286,0.100000,1.800000,0.084097
-0.585586,0.100000,1.800000,0.084097
-0.584885,0.100000,1.800000,0.084097
-0.584184,0.100000,1.800000,0.084097
-0.583483,0.100000,1.800000,0.084097
-0.582783,0.100000,1.800000,0.084097
-0.582082,0.100000,1.800000,0.084097
-0.581381,0.100000,1.800000,0.084097
-0.580681,0.100000,1.800000,0.084097
-0.579980,0.100000,1.800000,0.084097
-0.579279,0.100000,1.800000,0.084098
-0.578579,0.100000,1.800000,0.084098
-0.577878,0.100000,1.800000,0.084098
-0.577177,0.100000,1.800000,0.084098
-0.576476,0.100000,1.800000,0.084099
-0.575776,0.100000,1.800000,0.084099
-0.575075,0.100000,1.800000,0.084099
-0.574374,0.100000,1.800000,0.084100
-0.573674,0.100000,1.800000,0.084100
-0.572973,0.100000,1.800000,0.084101
-0.572272,0.100000,1.800000,0.084101
-0.571572,0.100000,1.800000,0.084102
-0.570871,0.100000,1.800000,0.084103
-0.570170,0.100000,1.800000,0.084103
-0.569469,0.100000,1.800000,0.084104
-0.568769,0.100000,1.800000,0.084104
-0.568068,0.100000,1.800000,0.084105
-0.567367,0.100000,1.800000,0.084106
-0.566667,0.100000,1.800000,0.084107
-0.565966,0.100000,1.800000,0.084108
-0.565265,0.100000,1.800000,0.084108
-0.564565,0.100000,1.800000,0.084109
-0.563864,0.100000,1.800000,0.084110
-0.563163,0.100000,1.800000,0.084111
-0.562462,0.100000,1.800000,0.084112
-0.561762,0.100000,1.800000,0.084113
-0.561061,0.100000,1.800000,0.084114
-0.560360,0.100000,1.800000,0.084115
-0.559660,0.100000,1.800000,0.084116
-0.558959,0.100000,1.800000,0.084117
-0.558258,0.100000,1.800000,0.084118
-0.557558,0.100000,1.800000,0.084119
-0.556857,0.100000,1.800000,0.084121
-0.556156,0.100000,1.800000,0.084122
-0.555455,0.100000,1.800000,0.084123
-0.554755,0.100000,1.800000,0.084125
-0.554054,0.100000,1.800000,0.084126
-0.553353,0.100000,1.800000,0.084127
-0.552653,0.100000,1.800000,0.084129
-0.551952,0.100000,1.800000,0.084130
-0.551251,0.100000,1.800000,0.084132
-0.550551,0.100000,1.800000,0.084133
-0.549850,0.100000,1.800000,0.084135
-0.549149,0.100000,1.800000,0.084137
-0.548448,0.100000,1.800000,0.084138
-0.547748,0.100000,1.800000,0.084140
-0.547047,0.100000,1.800000,0.084142
-0.546346,0.100000,1.800000,0.084143
-0.545646,0.100000,1.800000,0.084145
-0.544945,0.100000,1.800000,0.084147
-0.544244,0.100000,1.800000,0.084149
-0.543544,0.100000,1.800000,0.084151
-0.542843,0.100000,1.800000,0.084153
-0.542142,0.100000,1.800000,0.084155
-0.541441,0.100000,1.800000,0.084157
-0.540741,0.100000,1.800000,0.084159
-0.540040,0.100000,1.800000,0.084161
-0.539339,0.100000,1.800000,0.084163
-0.538639,0.100000,1.800000,0.084165
-0.537938,0.100000,1.800000,0.084167
-0.537237,0.100000,1.800000,0.084170
-0.536537,0.100000,1.800000,0.084172
-0.535836,0.100000,1.800000,0.084174
-0.535135,0.100000,1.800000,0.084177
-0.534434,0.100000,1.800000,0.084179
-0.533734,0.100000,1.800000,0.084182
-0.533033,0.100000,1.800000,0.084184
-0.532332,0.100000,1.800000,0.084187
-0.531632,0.100000,1.800000,0.084189
-0.530931,0.100000,1.800000,0.084192
-0.530230,0.100000,1.800000,0.084195
-0.529530,0.100000,1.800000,0.084197
-0.528829,0.100000,1.800000,0.084200
-0.528128,0.100000,1.800000,0.084203
-0.527427,0.100000,1.800000,0.084206
-0.526727,0.100000,1.800000,0.084209
-0.526026,0.100000,1.800000,0.084212
-0.525325,0.100000,1.800000,0.084215
-0.524625,0.100000,1.800000,0.084218
-0.523924,0.100000,1.800000,0.084221
-0.523223,0.100000,1.800000,0.084224
-0.522523,0.100000,1.800000,0.084227
-0.521822,0.100000,1.800000,0.084230
-0.521121,0.100000,1.800000,0.084234
-0.520420,0.100000,1.800000,0.084237
-0.519720,0.100000,1.800000,0.084240
-0.519019,0.100000,1.800000,0.084244
-0.518318,0.100000,1.800000,0.084247
-0.517618,0.100000,1.800000,0.084251
-0.516917,0.100000,1.800000,0.084254
-0.516216,0.100000,1.800000,0.084258
-0.515516,0.100000,1.800000,0.084262
-0.514815,0.100000,1.800000,0.084265
-0.514114,0.100000,1.800000,0.084269
-0.513413,0.100000,1.800000,0.084273
-0.512713,0.100000,1.800000,0.084277
-0.512012,0.100000,1.800000,0.084281
-0.511311,0.100000,1.800000,0.084285
-0.510611,0.100000,1.800000,0.084289
-0.509910,0.100000,1.800000,0.084293
-0.509209,0.100000,1.800000,0.084297
-0.508509,0.100000,1.800000,0.084301
-0.507808,0.100000,1.800000,0.084305
-0.507107,0.100000,1.800000,0.084310
-0.506406,0.100000,1.800000,0.084314
-0.505706,0.100000,1.800000,0.084318
-0.505005,0.100000,1.800000,0.084323
-0.504304,0.100000,1.800000,0.084327
-0.503604,0.100000,1.800000,0.084332
-0.502903,0.100000,1.800000,0.084336
-0.502202,0.100000,1.800000,0.084341
-0.501502,0.100000,1.800000,0.084346
-0.500801,0.100000,1.800000,0.084351
-0.500100,0.100000,1.800000,0.084356
-0.499399,0.100000,1.800000,0.084360
-0.498699,0.100000,1.800000,0.084365
-0.497998,0.100000,1.800000,0.084370
-0.497297,0.100000,1.800000,0.084376
-0.496597,0.100000,1.800000,0.084381
-0.495896,0.100000,1.800000,0.084386
-0.495195,0.100000,1.800000,0.084391
-0.494494,0.100000,1.800000,0.084397
-0.493794,0.100000,1.800000,0.084402
-0.493093,0.100000,1.800000,0.084407
-0.492392,0.100000,1.800000,0.084413
-0.491692,0.100000,1.800000,0.084419
-0.490991,0.100000,1.800000,0.084424
-0.490290,0.100000,1.800000,0.084430
-0.489590,0.100000,1.800000,0.084436
-0.488889,0.100000,1.800000,0.084442
-0.488188,0.100000,1.800000,0.084448
-0.487487,0.100000,1.800000,0.084454
-0.486787,0.100000,1.800000,0.084460
-0.486086,0.100000,1.800000,0.084466
-0.485385,0.100000,1.800000,0.084472
-0.484685,0.100000,1.800000,0.084478
-0.483984,0.100000,1.800000,0.084485
-0.483283,0.100000,1.800000,0.084491
-0.482583,0.100000,1.800000,0.084498
-0.481882,0.100000,1.800000,0.084504
-0.481181,0.100000,1.800000,0.084511
-0.480480,0.100000,1.800000,0.084518
-0.479780,0.100000,1.800000,0.084525
-0.479079,0.100000,1.800000,0.084532
-0.478378,0.100000,1.800000,0.084538
-0.477678,0.100000,1.800000,0.084546
-0.476977,0.100000,1.800000,0.084553
-0.476276,0.100000,1.800000,0.084560
-0.475576,0.100000,1.800000,0.084567
-0.474875,0.100000,1.800000,0.084575
-0.474174,0.100000,1.800000,0.084582
-0.473473,0.100000,1.800000,0.084590
-0.472773,0.100000,1.800000,0.084597
-0.472072,0.100000,1.800000,0.084605
-0.471371,0.100000,1.800000,0.084613
-0.470671,0.100000,1.800000,0.084621
-0.469970,0.100000,1.800000,0.084629
-0.469269,0.100000,1.800000,0.084637
-0.468569,0.100000,1.800000,0.084645
-0.467868,0.100000,1.800000,0.084653
-0.467167,0.100000,1.800000,0.084661
-0.466466,0.100000,1.800000,0.084670
-0.465766,0.100000,1.800000,0.084678
-0.465065,0.100000,1.800000,0.084687
-0.464364,0.100000,1.800000,0.084696
-0.463664,0.100000,1.800000,0.084704
-0.462963,0.100000,1.800000,0.084713
-0.462262,0.100000,1.800000,0.084722
-0.461562,0.100000,1.800000,0.084731
-0.460861,0.100000,1.800000,0.084741
-0.460160,0.100000,1.800000,0.084750
-0.459459,0.100000,1.800000,0.084759
-0.458759,0.100000,1.800000,0.084769
-0.458058,0.100000,1.800000,0.084779
-0.457357,0.100000,1.800000,0.084788
-0.456657,0.100000,1.800000,0.084798
-0.455956,0.100000,1.800000,0.084808
-0.455255,0.100000,1.800000,0.084818
-0.454555,0.100000,1.800000,0.084828
-0.453854,0.100000,1.800000,0.084839
-0.453153,0.100000,1.800000,0.084849
-0.452452,0.100000,1.800000,0.084860
-0.451752,0.100000,1.800000,0.084870
-0.451051,0.100000,1.800000,0.084881
-0.450350,0.100000,1.800000,0.084892
-0.449650,0.100000,1.800000,0.084903
-0.448949,0.100000,1.800000,0.084914
-0.448248,0.100000,1.800000,0.084925
-0.447548,0.100000,1.800000,0.084937
-0.446847,0.100000,1.800000,0.084948
-0.446146,0.100000,1.800000,0.084960
-0.445445,0.100000,1.800000,0.084972
-0.444745,0.100000,1.800000,0.084984
-0.444044,0.100000,1.800000,0.084996
-0.443343,0.100000,1.800000,0.085008
-0.442643,0.100000,1.800000,0.085020
-0.441942,0.100000,1.800000,0.085033
-0.441241,0.100000,1.800000,0.085045
-0.440541,0.100000,1.800000,0.085058
-0.439840,0.100000,1.800000,0.085071
-0.439139,0.100000,1.800000,0.085084
-0.438438,0.100000,1.800000,0.085097
-0.437738,0.100000,1.800000,0.085111
-0.437037,0.100000,1.800000,0.085124
-0.436336,0.100000,1.800000,0.085138
-0.435636,0.100000,1.800000,0.085152
-0.434935,0.100000,1.800000,0.085166
-0.434234,0.100000,1.800000,0.085180
-0.433534,0.100000,1.800000,0.085194
-0.432833,0.100000,1.800000,0.085209
-0.432132,0.100000,1.800000,0.085223
-0.431431,0.100000,1.800000,0.085238
-0.430731,0.100000,1.800000,0.085253
-0.430030,0.100000,1.800000,0.085269
-0.429329,0.100000,1.800000,0.085284
-0.428629,0.100000,1.800000,0.085299
-0.427928,0.100000,1.800000,0.085315
-0.427227,0.100000,1.800000,0.085331
-0.426527,0.100000,1.800000,0.085347
-0.425826,0.100000,1.800000,0.085364
-0.425125,0.100000,1.800000,0.085380
-0.424424,0.100000,1.800000,0.085397
-0.423724,0.100000,1.800000,0.085414
-0.423023,0.100000,1.800000,0.085431
-0.422322,0.100000,1.800000,0.085448
-0.421622,0.100000,1.800000,0.085466
-0.420921,0.100000,1.800000,0.085483
-0.420220,0.100000,1.800000,0.085501
-0.419520,0.100000,1.800000,0.085520
-0.418819,0.100000,1.800000,0.085538
-0.418118,0.100000,1.800000,0.085557
-0.417417,0.100000,1.800000,0.085576
-0.416717,0.100000,1.800000,0.085595
-0.416016,0.100000,1.800000,0.085614
-0.415315,0.100000,1.800000,0.085634
-0.414615,0.100000,1.800000,0.085653
-0.413914,0.100000,1.800000,0.085674
-0.413213,0.100000,1.800000,0.085694
-0.412513,0.100000,1.800000,0.085714
-0.411812,0.100000,1.800000,0.085735
-0.411111,0.100000,1.800000,0.085756
-0.410410,0.100000,1.800000,0.085778
-0.409710,0.100000,1.800000,0.085799
-0.409009,0.100000,1.800000,0.085821
-0.408308,0.100000,1.800000,0.085844
-0.407608,0.100000,1.800000,0.085866
-0.406907,0.100000,1.800000,0.085889
-0.406206,0.100000,1.800000,0.085912
-0.405506,0.100000,1.800000,0.085935
-0.404805,0.100000,1.800000,0.085959
-0.404104,0.100000,1.800000,0.085983
-0.403403,0.100000,1.800000,0.086007
-0.402703,0.100000,1.800000,0.086032
-0.402002,0.100000,1.800000,0.086057
-0.401301,0.100000,1.800000,0.086082
-0.400601,0.100000,1.800000,0.086107
-0.399900,0.100000,1.800000,0.086134
-0.399199,0.100000,1.800000,0.086160
-0.398498,0.100000,1.800000,0.086186
-0.397798,0.100000,1.800000,0.086213
-0.397097,0.100000,1.800000,0.086241
-0.396396,0.100000,1.800000,0.086268
-0.395696,0.100000,1.800000,0.086297
-0.394995,0.100000,1.800000,0.086325
-0.394294,0.100000,1.800000,0.086354
-0.393594,0.100000,1.800000,0.086383
-0.392893,0.100000,1.800000,0.086413
-0.392192,0.100000,1.800000,0.086443
-0.391491,0.100000,1.800000,0.086473
-0.390791,0.100000,1.800000,0.086504
-0.390090,0.100000,1.800000,0.086535
-0.389389,0.100000,1.800000,0.086567
-0.388689,0.100000,1.800000,0.086599
-0.387988,0.100000,1.800000,0.086632
-0.387287,0.100000,1.800000,0.086665
-0.386587,0.100000,1.800000,0.086698
-0.385886,0.100000,1.800000,0.086732
-0.385185,0.100000,1.800000,0.086766
-0.384484,0.100000,1.800000,0.086801
-0.383784,0.100000,1.800000,0.086837
-0.383083,0.100000,1.800000,0.086873
-0.382382,0.100000,1.800000,0.086909
-0.381682,0.100000,1.800000,0.086946
-0.380981,0.100000,1.800000,0.086983
-0.380280,0.100000,1.800000,0.087021
-0.379580,0.100000,1.800000,0.087060
-0.378879,0.100000,1.800000,0.087099
-0.378178,0.100000,1.800000,0.087138
-0.377477,0.100000,1.800000,0.087179
-0.376777,0.100000,1.800000,0.087219
-0.376076,0.100000,1.800000,0.087261
-0.375375,0.100000,1.800000,0.087303
-0.374675,0.100000,1.800000,0.087345
-0.373974,0.100000,1.800000,0.087388
-0.373273,0.100000,1.800000,0.087432
-0.372573,0.100000,1.800000,0.087476
-0.371872,0.100000,1.800000,0.087522
-0.371171,0.100000,1.800000,0.087567
-0.370470,0.100000,1.800000,0.087614
-0.369770,0.100000,1.800000,0.087661
-0.369069,0.100000,1.800000,0.087708
-0.368368,0.100000,1.800000,0.087757
-0.367668,0.100000,1.800000,0.087806
-0.366967,0.100000,1.800000,0.087856
-0.366266,0.100000,1.800000,0.087907
-0.365566,0.100000,1.800000,0.087958
-0.364865,0.100000,1.800000,0.088010
-0.364164,0.100000,1.800000,0.088063
-0.363463,0.100000,1.800000,0.088117
-0.362763,0.100000,1.800000,0.088171
-0.362062,0.100000,1.800000,0.088227
-0.361361,0.100000,1.800000,0.088283
-0.360661,0.100000,1.800000,0.088340
-0.359960,0.100000,1.800000,0.088398
-0.359259,0.100000,1.800000,0.088456
-0.358559,0.100000,1.800000,0.088516
-0.357858,0.100000,1.800000,0.088576
-0.357157,0.100000,1.800000,0.088638
-0.356456,0.100000,1.800000,0.088700
-0.355756,0.100000,1.800000,0.088763
-0.355055,0.100000,1.800000,0.088828
-0.354354,0.100000,1.800000,0.088893
-0.353654,0.100000,1.800000,0.088959
-0.352953,0.100000,1.800000,0.089026
-0.352252,0.100000,1.800000,0.089095
-0.351552,0.100000,1.800000,0.089164
-0.350851,0.100000,1.800000,0.089234
-0.350150,0.100000,1.800000,0.089306
-0.349449,0.100000,1.800000,0.089378
-0.348749,0.100000,1.800000,0.089452
-0.348048,0.100000,1.800000,0.089526
-0.347347,0.100000,1.800000,0.089602
-0.346647,0.100000,1.800000,0.089679
-0.345946,0.100000,1.800000,0.089757
-0.345245,0.100000,1.800000,0.089837
-0.344545,0.100000,1.800000,0.089918
-0.343844,0.100000,1.800000,0.089999
-0.343143,0.100000,1.800000,0.090082
-0.342442,0.100000,1.800000,0.090167
-0.341742,0.100000,1.800000,0.090253
-0.341041,0.100000,1.800000,0.090340
-0.340340,0.100000,1.800000,0.090428
-0.339640,0.100000,1.800000,0.090518
-0.338939,0.100000,1.800000,0.090609
-0.338238,0.100000,1.800000,0.090701
-0.337538,0.100000,1.800000,0.090795
-0.336837,0.100000,1.800000,0.090891
-0.336136,0.100000,1.800000,0.090987
-0.335435,0.100000,1.800000,0.091086
-0.334735,0.100000,1.800000,0.091185
-0.334034,0.100000,1.800000,0.091287
-0.333333,0.100000,1.800000,0.091390
-0.332633,0.100000,1.800000,0.091494
-0.331932,0.100000,1.800000,0.091600
-0.331231,0.100000,1.800000,0.091708
-0.330531,0.100000,1.800000,0.091817
-0.329830,0.100000,1.800000,0.091928
-0.329129,0.100000,1.800000,0.092041
-0.328428,0.100000,1.800000,0.092156
-0.327728,0.100000,1.800000,0.092272
-0.327027,0.100000,1.800000,0.092390
-0.326326,0.100000,1.800000,0.092509
-0.325626,0.100000,1.800000,0.092631
-0.324925,0.100000,1.800000,0.092754
-0.324224,0.100000,1.800000,0.092880
-0.323524,0.100000,1.800000,0.093007
-0.322823,0.100000,1.800000,0.093136
-0.322122,0.100000,1.800000,0.093267
-0.321421,0.100000,1.800000,0.093400
-0.320721,0.100000,1.800000,0.093534
-0.320020,0.100000,1.800000,0.093671
-0.319319,0.100000,1.800000,0.093810
-0.318619,0.100000,1.800000,0.093951
-0.317918,0.100000,1.800000,0.094095
-0.317217,0.100000,1.800000,0.094240
-0.316517,0.100000,1.800000,0.094387
-0.315816,0.100000,1.800000,0.094537
-0.315115,0.100000,1.800000,0.094688
-0.314414,0.100000,1.800000,0.094842
-0.313714,0.100000,1.800000,0.094998
-0.313013,0.100000,1.800000,0.095157
-0.312312,0.100000,1.800000,0.095317
-0.311612,0.100000,1.800000,0.095480
-0.310911,0.100000,1.800000,0.095646
-0.310210,0.100000,1.800000,0.095813
-0.309510,0.100000,1.800000,0.095983
-0.308809,0.100000,1.800000,0.096156
-0.308108,0.100000,1.800000,0.096330
-0.307407,0.100000,1.800000,0.096508
-0.306707,0.100000,1.800000,0.096687
-0.306006,0.100000,1.800000,0.096870
-0.305305,0.100000,1.800000,0.097054
-0.304605,0.100000,1.800000,0.097241
-0.303904,0.100000,1.800000,0.097431
-0.303203,0.100000,1.800000,0.097623
-0.302503,0.100000,1.800000,0.097818
-0.301802,0.100000,1.800000,0.098015
-0.301101,0.100000,1.800000,0.098215
-0.300400,0.100000,1.800000,0.098418
-0.299700,0.100000,1.800000,0.098623
-0.298999,0.100000,1.800000,0.098831
-0.298298,0.100000,1.800000,0.099041
-0.297598,0.100000,1.800000,0.099254
-0.296897,0.100000,1.800000,0.099470
-0.296196,0.100000,1.800000,0.099689
-0.295495,0.100000,1.800000,0.099910
-0.294795,0.100000,1.800000,0.100133
-0.294094,0.100000,1.800000,0.100360
-0.293393,0.100000,1.800000,0.100589
-0.292693,0.100000,1.800000,0.100821
-0.291992,0.100000,1.800000,0.101055
-0.291291,0.100000,1.800000,0.101292
-0.290591,0.100000,1.800000,0.101532
-0.289890,0.100000,1.800000,0.101775
-0.289189,0.100000,1.800000,0.102020
-0.288488,0.100000,1.800000,0.102268
-0.287788,0.100000,1.800000,0.102519
-0.287087,0.100000,1.800000,0.102772
-0.286386,0.100000,1.800000,0.103028
-0.285686,0.100000,1.800000,0.103286
-0.284985,0.100000,1.800000,0.103547
-0.284284,0.100000,1.800000,0.103810
-0.283584,0.100000,1.800000,0.104076
-0.282883,0.100000,1.800000,0.104345
-0.282182,0.100000,1.800000,0.104616
-0.281481,0.100000,1.800000,0.104890
-0.280781,0.100000,1.800000,0.105166
-0.280080,0.100000,1.800000,0.105444
-0.279379,0.100000,1.800000,0.105724
-0.278679,0.100000,1.800000,0.106008
-0.277978,0.100000,1.800000,0.106293
-0.277277,0.100000,1.800000,0.106580
-0.276577,0.100000,1.800000,0.106870
-0.275876,0.100000,1.800000,0.107162
-0.275175,0.100000,1.800000,0.107455
-0.274474,0.100000,1.800000,0.107751
-0.273774,0.100000,1.800000,0.108049
-0.273073,0.100000,1.800000,0.108349
-0.272372,0.100000,1.800000,0.108651
-0.271672,0.100000,1.800000,0.108954
-0.270971,0.100000,1.800000,0.109259
-0.270270,0.100000,1.800000,0.109566
-0.269570,0.100000,1.800000,0.109874
-0.268869,0.100000,1.800000,0.110184
-0.268168,0.100000,1.800000,0.110495
-0.267467,0.100000,1.800000,0.110807
-0.266767,0.100000,1.800000,0.111121
-0.266066,0.100000,1.800000,0.111435
-0.265365,0.100000,1.800000,0.111751
-0.264665,0.100000,1.800000,0.112068
-0.263964,0.100000,1.800000,0.112385
-0.263263,0.100000,1.800000,0.112704
-0.262563,0.100000,1.800000,0.113023
-0.261862,0.100000,1.800000,0.113342
-0.261161,0.100000,1.800000,0.113662
-0.260460,0.100000,1.800000,0.113982
-0.259760,0.100000,1.800000,0.114302
-0.259059,0.100000,1.800000,0.114623
-0.258358,0.100000,1.800000,0.114943
-0.257658,0.100000,1.800000,0.115264
-0.256957,0.100000,1.800000,0.115584
-0.256256,0.100000,1.800000,0.115903
-0.255556,0.100000,1.800000,0.116222
-0.254855,0.100000,1.800000,0.116540
-0.254154,0.100000,1.800000,0.116858
-0.253453,0.100000,1.800000,0.117174
-0.252753,0.100000,1.800000,0.117490
-0.252052,0.100000,1.800000,0.117804
-0.251351,0.100000,1.800000,0.118117
-0.250651,0.100000,1.800000,0.118428
-0.249950,0.100000,1.800000,0.118738
-0.249249,0.100000,1.800000,0.119045
-0.248549,0.100000,1.800000,0.119351
-0.247848,0.100000,1.800000,0.119654
-0.247147,0.100000,1.800000,0.119956
-0.246446,0.100000,1.800000,0.120254
-0.245746,0.100000,1.800000,0.120550
-0.245045,0.100000,1.800000,0.120843
-0.244344,0.100000,1.800000,0.121133
-0.243644,0.100000,1.800000,0.121420
-0.242943,0.100000,1.800000,0.121703
-0.242242,0.100000,1.800000,0.121983
-0.241542,0.100000,1.800000,0.122259
-0.240841,0.100000,1.800000,0.122531
-0.240140,0.100000,1.800000,0.122798
-0.239439,0.100000,1.800000,0.123062
-0.238739,0.100000,1.800000,0.123320
-0.238038,0.100000,1.800000,0.123574
-0.237337,0.100000,1.800000,0.123822
-0.236637,0.100000,1.800000,0.124066
-0.235936,0.100000,1.800000,0.124303
-0.235235,0.100000,1.800000,0.124535
-0.234535,0.100000,1.800000,0.124761
-0.233834,0.100000,1.800000,0.124980
-0.233133,0.100000,1.800000,0.125192
-0.232432,0.100000,1.800000,0.125398
-0.231732,0.100000,1.800000,0.125596
-0.231031,0.100000,1.800000,0.125787
-0.230330,0.100000,1.800000,0.125970
-0.229630,0.100000,1.800000,0.126144
-0.228929,0.100000,1.800000,0.126310
-0.228228,0.100000,1.800000,0.126468
-0.227528,0.100000,1.800000,0.126615
-0.226827,0.100000,1.800000,0.126754
-0.226126,0.100000,1.800000,0.126882
-0.225425,0.100000,1.800000,0.127000
-0.224725,0.100000,1.800000,0.127107
-0.224024,0.100000,1.800000,0.127203
-0.223323,0.100000,1.800000,0.127287
-0.222623,0.100000,1.800000,0.127359
-0.221922,0.100000,1.800000,0.127418
-0.221221,0.100000,1.800000,0.127465
-0.220521,0.100000,1.800000,0.127498
-0.219820,0.100000,1.800000,0.127518
-0.219119,0.100000,1.800000,0.127523
-0.218418,0.100000,1.800000,0.127514
-0.217718,0.100000,1.800000,0.127489
-0.217017,0.100000,1.800000,0.127449
-0.216316,0.100000,1.800000,0.127393
-0.215616,0.100000,1.800000,0.127321
-0.214915,0.100000,1.800000,0.127231
-0.214214,0.100000,1.800000,0.127125
-0.213514,0.100000,1.800000,0.127002
-0.212813,0.100000,1.800000,0.126860
-0.212112,0.100000,1.800000,0.126701
-0.211411,0.100000,1.800000,0.126523
-0.210711,0.100000,1.800000,0.126327
-0.210010,0.100000,1.800000,0.126113
-0.209309,0.100000,1.800000,0.125879
-0.208609,0.100000,1.800000,0.125628
-0.207908,0.100000,1.800000,0.125358
-0.207207,0.100000,1.800000,0.125069
-0.206507,0.100000,1.800000,0.124762
-0.205806,0.100000,1.800000,0.124438
-0.205105,0.100000,1.800000,0.124096
-0.204404,0.100000,1.800000,0.123737
-0.203704,0.100000,1.800000,0.123361
-0.203003,0.100000,1.800000,0.122969
-0.202302,0.100000,1.800000,0.122563
-0.201602,0.100000,1.800000,0.122142
-0.200901,0.100000,1.800000,0.121707
-0.200200,0.100000,1.800000,0.121260
-0.199499,0.100000,1.800000,0.120802
-0.198799,0.100000,1.800000,0.120333
-0.198098,0.100000,1.800000,0.119855
-0.197397,0.100000,1.800000,0.119369
-0.196697,0.100000,1.800000,0.118876
-0.195996,0.100000,1.800000,0.118378
-0.195295,0.100000,1.800000,0.117876
-0.194595,0.100000,1.800000,0.117371
-0.193894,0.100000,1.800000,0.116864
-0.193193,0.100000,1.800000,0.116357
-0.192492,0.100000,1.800000,0.115852
-0.191792,0.100000,1.800000,0.115349
-0.191091,0.100000,1.800000,0.114849
-0.190390,0.100000,1.800000,0.114355
-0.189690,0.100000,1.800000,0.113866
-0.188989,0.100000,1.800000,0.113385
-0.188288,0.100000,1.800000,0.112911
-0.187588,0.100000,1.800000,0.112447
-0.186887,0.100000,1.800000,0.111992
-0.186186,0.100000,1.800000,0.111548
-0.185485,0.100000,1.800000,0.111114
-0.184785,0.100000,1.800000,0.110693
-0.184084,0.100000,1.800000,0.110283
-0.183383,0.100000,1.800000,0.109886
-0.182683,0.100000,1.800000,0.109501
-0.181982,0.100000,1.800000,0.109130
-0.181281,0.100000,1.800000,0.108772
-0.180581,0.100000,1.800000,0.108427
-0.179880,0.100000,1.800000,0.108095
-0.179179,0.100000,1.800000,0.107776
-0.178478,0.100000,1.800000,0.107470
-0.177778,0.100000,1.800000,0.107178
-0.177077,0.100000,1.800000,0.106897
-0.176376,0.100000,1.800000,0.106630
-0.175676,0.100000,1.800000,0.106374
-0.174975,0.100000,1.800000,0.106130
-0.174274,0.100000,1.800000,0.105898
-0.173574,0.100000,1.800000,0.105676
-0.172873,0.100000,1.800000,0.105466
-0.172172,0.100000,1.800000,0.105266
-0.171471,0.100000,1.800000,0.105076
-0.170771,0.100000,1.800000,0.104896
-0.170070,0.100000,1.800000,0.104725
-0.169369,0.100000,1.800000,0.104563
-0.168669,0.100000,1.800000,0.104409
-0.167968,0.100000,1.800000,0.104264
-0.167267,0.100000,1.800000,0.104126
-0.166567,0.100000,1.800000,0.103996
-0.165866,0.100000,1.800000,0.103873
-0.165165,0.100000,1.800000,0.103757
-0.164464,0.100000,1.800000,0.103647
-0.163764,0.100000,1.800000,0.103544
-0.163063,0.100000,1.800000,0.103446
-0.162362,0.100000,1.800000,0.103354
-0.161662,0.100000,1.800000,0.103267
-0.160961,0.100000,1.800000,0.103185
-0.160260,0.100000,1.800000,0.103108
-0.159560,0.100000,1.800000,0.103036
-0.158859,0.100000,1.800000,0.102968
-0.158158,0.100000,1.800000,0.102903
-0.157457,0.100000,1.800000,0.102843
-0.156757,0.100000,1.800000,0.102787
-0.156056,0.100000,1.800000,0.102734
-0.155355,0.100000,1.800000,0.102685
-0.154655,0.100000,1.800000,0.102638
-0.153954,0.100000,1.800000,0.102595
-0.153253,0.100000,1.800000,0.102555
-0.152553,0.100000,1.800000,0.102517
-0.151852,0.100000,1.800000,0.102482
-0.151151,0.100000,1.800000,0.102450
-0.150450,0.100000,1.800000,0.102420
-0.149750,0.100000,1.800000,0.102392
-0.149049,0.100000,1.800000,0.102366
-0.148348,0.100000,1.800000,0.102343
-0.147648,0.100000,1.800000,0.102321
-0.146947,0.100000,1.800000,0.102301
-0.146246,0.100000,1.800000,0.102283
-0.145546,0.100000,1.800000,0.102267
-0.144845,0.100000,1.800000,0.102253
-0.144144,0.100000,1.800000,0.102240
-0.143443,0.100000,1.800000,0.102228
-0.142743,0.100000,1.800000,0.102218
-0.142042,0.100000,1.800000,0.102210
-0.141341,0.100000,1.800000,0.102203
-0.140641,0.100000,1.800000,0.102197
-0.139940,0.100000,1.800000,0.102192
-0.139239,0.100000,1.800000,0.102189
-0.138539,0.100000,1.800000,0.102187
-0.137838,0.100000,1.800000,0.102186
-0.137137,0.100000,1.800000,0.102186
-0.136436,0.100000,1.800000,0.102187
-0.135736,0.100000,1.800000,0.102189
-0.135035,0.100000,1.800000,0.102193
-0.134334,0.100000,1.800000,0.102197
-0.133634,0.100000,1.800000,0.102202
-0.132933,0.100000,1.800000,0.102209
-0.132232,0.100000,1.800000,0.102216
-0.131532,0.100000,1.800000,0.102224
-0.130831,0.100000,1.800000,0.102233
-0.130130,0.100000,1.800000,0.102243
-0.129429,0.100000,1.800000,0.102254
-0.128729,0.100000,1.800000,0.102265
-0.128028,0.100000,1.800000,0.102278
-0.127327,0.100000,1.800000,0.102291
-0.126627,0.100000,1.800000,0.102305
-0.125926,0.100000,1.800000,0.102320
-0.125225,0.100000,1.800000,0.102337
-0.124525,0.100000,1.800000,0.102353
-0.123824,0.100000,1.800000,0.102371
-0.123123,0.100000,1.800000,0.102389
-0.122422,0.100000,1.800000,0.102409
-0.121722,0.100000,1.800000,0.102429
-0.121021,0.100000,1.800000,0.102450
-0.120320,0.100000,1.800000,0.102472
-0.119620,0.100000,1.800000,0.102494
-0.118919,0.100000,1.800000,0.102518
-0.118218,0.100000,1.800000,0.102542
-0.117518,0.100000,1.800000,0.102568
-0.116817,0.100000,1.800000,0.102594
-0.116116,0.100000,1.800000,0.102621
-0.115415,0.100000,1.800000,0.102649
-0.114715,0.100000,1.800000,0.102678
-0.114014,0.100000,1.800000,0.102708
-0.113313,0.100000,1.800000,0.102739
-0.112613,0.100000,1.800000,0.102771
-0.111912,0.100000,1.800000,0.102804
-0.111211,0.100000,1.800000,0.102838
-0.110511,0.100000,1.800000,0.102873
-0.109810,0.100000,1.800000,0.102910
-0.109109,0.100000,1.800000,0.102947
-0.108408,0.100000,1.800000,0.102985
-0.107708,0.100000,1.800000,0.103025
-0.107007,0.100000,1.800000,0.103065
-0.106306,0.100000,1.800000,0.103107
-0.105606,0.100000,1.800000,0.103151
-0.104905,0.100000,1.800000,0.103195
-0.104204,0.100000,1.800000,0.103241
-0.103504,0.100000,1.800000,0.103288
-0.102803,0.100000,1.800000,0.103337
-0.102102,0.100000,1.800000,0.103387
-0.101401,0.100000,1.800000,0.103439
-0.100701,0.100000,1.800000,0.103492
-0.100000,0.100000,1.800000,0.103547
-0.800000,0.100000,2.000000,0.086562
-0.799299,0.100000,2.000000,0.086561
-0.798599,0.100000,2.000000,0.086559
-0.797898,0.100000,2.000000,0.086558
-0.797197,0.100000,2.000000,0.086557
-0.796496,0.100000,2.000000,0.086556
-0.795796,0.100000,2.000000,0.086555
-0.795095,0.100000,2.000000,0.086554
-0.794394,0.100000,2.000000,0.086553
-0.793694,0.100000,2.000000,0.086551
-0.792993,0.100000,2.000000,0.086550
-0.792292,0.100000,2.000000,0.086549
-0.791592,0.100000,2.000000,0.086548
-0.790891,0.100000,2.000000,0.086547
-0.790190,0.100000,2.000000,0.086546
-0.789489,0.100000,2.000000,0.086545
-0.788789,0.100000,2.000000,0.086544
-0.788088,0.100000,2.000000,0.086543
-0.787387,0.100000,2.000000,0.086542
-0.786687,0.100000,2.000000,0.086541
-0.785986,0.100000,2.000000,0.086540
-0.785285,0.100000,2.000000,0.086539
-0.784585,0.100000,2.000000,0.086538
-0.783884,0.100000,2.000000,0.086537
-0.783183,0.100000,2.000000,0.086536
-0.782482,0.100000,2.000000,0.086535
-0.781782,0.100000,2.000000,0.086535
-0.781081,0.100000,2.000000,0.086534
-0.780380,0.100000,2.000000,0.086533
-0.779680,0.100000,2.000000,0.086532
-0.778979,0.100000,2.000000,0.086531
-0.778278,0.100000,2.000000,0.086530
-0.777578,0.100000,2.000000,0.086530
-0.776877,0.100000,2.000000,0.086529
-0.776176,0.100000,2.000000,0.086528
-0.775475,0.100000,2.000000,0.086527
-0.774775,0.100000,2.000000,0.086526
-0.774074,0.100000,2.000000,0.086526
-0.773373,0.100000,2.000000,0.086525
-0.772673,0.100000,2.000000,0.086524
-0.771972,0.100000,2.000000,0.086523
-0.771271,0.100000,2.000000,0.086523
-0.770571,0.100000,2.000000,0.086522
-0.769870,0.100000,2.000000,0.086521
-0.769169,0.100000,2.000000,0.086521
-0.768468,0.100000,2.000000,0.086520
-0.767768,0.100000,2.000000,0.086519
-0.767067,0.100000,2.000000,0.086519
-0.766366,0.100000,2.000000,0.086518
-0.765666,0.100000,2.000000,0.086518
-0.764965,0.100000,2.000000,0.086517
-0.764264,0.100000,2.000000,0.086517
-0.763564,0.100000,2.000000,0.086516
-0.762863,0.100000,2.000000,0.086515
-0.762162,0.100000,2.000000,0.086515
-0.761461,0.100000,2.000000,0.086514
-0.760761,0.100000,2.000000,0.086514
-0.760060,0.100000,2.000000,0.086513
-0.759359,0.100000,2.000000,0.086513
-0.758659,0.100000,2.000000,0.086513
-0.757958,0.100000,2.000000,0.086512
-0.757257,0.100000,2.000000,0.086512
-0.756557,0.100000,2.000000,0.086511
-0.755856,0.100000,2.000000,0.086511
-0.755155,0.100000,2.000000,0.086511
-0.754454,0.100000,2.000000,0.086510
-0.753754,0.100000,2.000000,0.086510
-0.753053,0.100000,2.000000,0.086510
-0.752352,0.100000,2.000000,0.086509
-0.751652,0.100000,2.000000,0.086509
-0.750951,0.100000,2.000000,0.086509
-0.750250,0.100000,2.000000,0.086508
-0.749550,0.100000,2.000000,0.086508
-0.748849,0.100000,2.000000,0.086508
-0.748148,0.100000,2.000000,0.086508
-0.747447,0.100000,2.000000,0.086507
-0.746747,0.100000,2.000000,0.086507
-0.746046,0.100000,2.000000,0.086507
-0.745345,0.100000,2.000000,0.086507
-0.744645,0.100000,2.000000,0.086507
-0.743944,0.100000,2.000000,0.086507
-0.743243,0.100000,2.000000,0.086507
-0.742543,0.100000,2.000000,0.086507
-0.741842,0.100000,2.000000,0.086506
-0.741141,0.100000,2.000000,0.086506
-0.740440,0.100000,2.000000,0.086506
-0.739740,0.100000,2.000000,0.086506
-0.739039,0.100000,2.000000,0.086506
-0.738338,0.100000,2.000000,0.086506
-0.737638,0.100000,2.000000,0.086506
-0.736937,0.100000,2.000000,0.086506
-0.736236,0.100000,2.000000,0.086507
-0.735536,0.100000,2.000000,0.086507
-0.734835,0.100000,2.000000,0.086507
-0.734134,0.100000,2.000000,0.086507
-0.733433,0.100000,2.000000,0.086507
-0.732733,0.100000,2.000000,0.086507
-0.732032,0.100000,2.000000,0.086507
-0.731331,0.100000,2.000000,0.086507
-0.730631,0.100000,2.000000,0.086508
-0.729930,0.100000,2.000000,0.086508
-0.729229,0.100000,2.000000,0.086508
-0.728529,0.100000,2.000000,0.086508
-0.727828,0.100000,2.000000,0.086509
-0.727127,0.100000,2.000000,0.086509
-0.726426,0.100000,2.000000,0.086509
-0.725726,0.100000,2.000000,0.086510
-0.725025,0.100000,2.000000,0.086510
-0.724324,0.100000,2.000000,0.086510
-0.723624,0.100000,2.000000,0.086511
-0.722923,0.100000,2.000000,0.086511
-0.722222,0.100000,2.000000,0.086511
-0.721522,0.100000,2.000000,0.086512
-0.720821,0.100000,2.000000,0.086512
-0.720120,0.100000,2.000000,0.086513
-0.719419,0.100000,2.000000,0.086513
-0.718719,0.100000,2.000000,0.086514
-0.718018,0.100000,2.000000,0.086514
-0.717317,0.100000,2.000000,0.086515
-0.716617,0.100000,2.000000,0.086516
-0.715916,0.100000,2.000000,0.086516
-0.715215,0.100000,2.000000,0.086517
-0.714515,0.100000,2.000000,0.086517
-0.713814,0.100000,2.000000,0.086518
-0.713113,0.100000,2.000000,0.086519
-0.712412,0.100000,2.000000,0.086519
-0.711712,0.100000,2.000000,0.086520
-0.711011,0.100000,2.000000,0.086521
-0.710310,0.100000,2.000000,0.086521
-0.709610,0.100000,2.000000,0.086522
-0.708909,0.100000,2.000000,0.086523
-0.708208,0.100000,2.000000,0.086524
-0.707508,0.100000,2.000000,0.086525
-0.706807,0.100000,2.000000,0.086525
-0.706106,0.100000,2.000000,0.086526
-0.705405,0.100000,2.000000,0.086527
-0.704705,0.100000,2.000000,0.086528
-0.704004,0.100000,2.000000,0.086529
-0.703303,0.100000,2.000000,0.086530
-0.702603,0.100000,2.000000,0.086531
-0.701902,0.100000,2.000000,0.086532
-0.701201,0.100000,2.000000,0.086533
-0.700501,0.100000,2.000000,0.086534
-0.699800,0.100000,2.000000,0.086535
-0.699099,0.100000,2.000000,0.086536
-0.698398,0.100000,2.000000,0.086537
-0.697698,0.100000,2.000000,0.086538
-0.696997,0.100000,2.000000,0.086540
-0.696296,0.100000,2.000000,0.086541
-0.695596,0.100000,2.000000,0.086542
-0.694895,0.100000,2.000000,0.086543
-0.694194,0.100000,2.000000,0.086544
-0.693493,0.100000,2.000000,0.086546
-0.692793,0.100000,2.000000,0.086547
-0.692092,0.100000,2.000000,0.086548
-0.691391,0.100000,2.000000,0.086549
-0.690691,0.100000,2.000000,0.086551
-0.689990,0.100000,2.000000,0.086552
-0.689289,0.100000,2.000000,0.086554
-0.688589,0.100000,2.000000,0.086555
-0.687888,0.100000,2.000000,0.086556
-0.687187,0.100000,2.000000,0.086558
-0.686486,0.100000,2.000000,0.086559
-0.685786,0.100000,2.000000,0.086561
-0.685085,0.100000,2.000000,0.086562
-0.684384,0.100000,2.000000,0.086564
-0.683684,0.100000,2.000000,0.086565
-0.682983,0.100000,2.000000,0.086567
-0.682282,0.100000,2.000000,0.086568
-0.681582,0.100000,2.000000,0.086570
-0.680881,0.100000,2.000000,0.086572
-0.680180,0.100000,2.000000,0.086573
-0.679479,0.100000,2.000000,0.086575
-0.678779,0.100000,2.000000,0.086577
-0.678078,0.100000,2.000000,0.086579
-0.677377,0.100000,2.000000,0.086580
-0.676677,0.100000,2.000000,0.086582
-0.675976,0.100000,2.000000,0.086584
-0.675275,0.100000,2.000000,0.086586
-0.674575,0.100000,2.000000,0.086588
-0.673874,0.100000,2.000000,0.086590
-0.673173,0.100000,2.000000,0.086592
-0.672472,0.100000,2.000000,0.086594
-0.671772,0.100000,2.000000,0.086595
-0.671071,0.100000,2.000000,0.086598
-0.670370,0.100000,2.000000,0.086599
-0.669670,0.100000,2.000000,0.086601
-0.668969,0.100000,2.000000,0.086604
-0.668268,0.100000,2.000000,0.086606
-0.667568,0.100000,2.000000,0.086608
-0.666867,0.100000,2.000000,0.086610
-0.666166,0.100000,2.000000,0.086612
-0.665465,0.100000,2.000000,0.086614
-0.664765,0.100000,2.000000,0.086617
-0.664064,0.100000,2.000000,0.086619
-0.663363,0.100000,2.000000,0.086621
-0.662663,0.100000,2.000000,0.086623
-0.661962,0.100000,2.000000,0.086626
-0.661261,0.100000,2.000000,0.086628
-0.660561,0.100000,2.000000,0.086630
-0.659860,0.100000,2.000000,0.086633
-0.659159,0.100000,2.000000,0.086635
-0.658458,0.100000,2.000000,0.086638
-0.657758,0.100000,2.000000,0.086640
-0.657057,0.100000,2.000000,0.086643
-0.656356,0.100000,2.000000,0.086645
-0.655656,0.100000,2.000000,0.086648
-0.654955,0.100000,2.000000,0.086650
-0.654254,0.100000,2.000000,0.086653
-0.653554,0.100000,2.000000,0.086656
-0.652853,0.100000,2.000000,0.086658
-0.652152,0.100000,2.000000,0.086661
-0.651451,0.100000,2.000000,0.086664
-0.650751,0.100000,2.000000,0.086666
-0.650050,0.100000,2.000000,0.086669
-0.649349,0.100000,2.000000,0.086672
-0.648649,0.100000,2.000000,0.086675
-0.647948,0.100000,2.000000,0.086678
-0.647247,0.100000,2.000000,0.086680
-0.646547,0.100000,2.000000,0.086683
-0.645846,0.100000,2.000000,0.086686
-0.645145,0.100000,2.000000,0.086689
-0.644444,0.100000,2.000000,0.086692
-0.643744,0.100000,2.000000,0.086695
-0.643043,0.100000,2.000000,0.086698
-0.642342,0.100000,2.000000,0.086701
-0.641642,0.100000,2.000000,0.086705
-0.640941,0.100000,2.000000,0.086708
-0.640240,0.100000,2.000000,0.086711
-0.639540,0.100000,2.000000,0.086714
-0.638839,0.100000,2.000000,0.086717
-0.638138,0.100000,2.000000,0.086721
-0.637437,0.100000,2.000000,0.086724
-0.636737,0.100000,2.000000,0.086727
-0.636036,0.100000,2.000000,0.086731
-0.635335,0.100000,2.000000,0.086734
-0.634635,0.100000,2.000000,0.086737
-0.633934,0.100000,2.000000,0.086741
-0.633233,0.100000,2.000000,0.086744
-0.632533,0.100000,2.000000,0.086748
-0.631832,0.100000,2.000000,0.086751
-0.631131,0.100000,2.000000,0.086755
-0.630430,0.100000,2.000000,0.086758
-0.629730,0.100000,2.000000,0.086762
-0.629029,0.100000,2.000000,0.086766
-0.628328,0.100000,2.000000,0.086769
-0.627628,0.100000,2.000000,0.086773
-0.626927,0.100000,2.000000,0.086777
-0.626226,0.100000,2.000000,0.086781
-0.625526,0.100000,2.000000,0.086785
-0.624825,0.100000,2.000000,0.086788
-0.624124,0.100000,2.000000,0.086792
-0.623423,0.100000,2.000000,0.086796
-0.622723,0.100000,2.000000,0.086800
-0.622022,0.100000,2.000000,0.086804
-0.621321,0.100000,2.000000,0.086808
-0.620621,0.100000,2.000000,0.086812
-0.619920,0.100000,2.000000,0.086816
-0.619219,0.100000,2.000000,0.086820
-0.618519,0.100000,2.000000,0.086825
-0.617818,0.100000,2.000000,0.086829
-0.617117,0.100000,2.000000,0.086833
-0.616416,0.100000,2.000000,0.086837
-0.615716,0.100000,2.000000,0.086841
-0.615015,0.100000,2.000000,0.086846
-0.614314,0.100000,2.000000,0.086850
-0.613614,0.100000,2.000000,0.086854
-0.612913,0.100000,2.000000,0.086859
-0.612212,0.100000,2.000000,0.086863
-0.611512,0.100000,2.000000,0.086868
-0.610811,0.100000,2.000000,0.086872
-0.610110,0.100000,2.000000,0.086877
-0.609409,0.100000,2.000000,0.086881
-0.608709,0.100000,2.000000,0.086886
-0.608008,0.100000,2.000000,0.086890
-0.607307,0.100000,2.000000,0.086895
-0.606607,0.100000,2.000000,0.086900
-0.605906,0.100000,2.000000,0.086905
-0.605205,0.100000,2.000000,0.086909
-0.604505,0.100000,2.000000,0.086914
-0.603804,0.100000,2.000000,0.086919
-0.603103,0.100000,2.000000,0.086924
-0.602402,0.100000,2.000000,0.086929
-0.601702,0.100000,2.000000,0.086934
-0.601001,0.100000,2.000000,0.086939
-0.600300,0.100000,2.000000,0.086944
-0.599600,0.100000,2.000000,0.086949
-0.598899,0.100000,2.000000,0.086954
-0.598198,0.100000,2.000000,0.086959
-0.597497,0.100000,2.000000,0.086964
-0.596797,0.100000,2.000000,0.086970
-0.596096,0.100000,2.000000,0.086975
-0.595395,0.100000,2.000000,0.086980
-0.594695,0.100000,2.000000,0.086986
-0.593994,0.100000,2.000000,0.086991
-0.593293,0.100000,2.000000,0.086996
-0.592593,0.100000,2.000000,0.087002
-0.591892,0.100000,2.000000,0.087007
-0.591191,0.100000,2.000000,0.087013
-0.590490,0.100000,2.000000,0.087018
-0.589790,0.100000,2.000000,0.087024
-0.589089,0.100000,2.000000,0.087029
-0.588388,0.100000,2.000000,0.087035
-0.587688,0.100000,2.000000,0.087041
-0.586987,0.100000,2.000000,0.087047
-0.586286,0.100000,2.000000,0.087052
-0.585586,0.100000,2.000000,0.087058
-0.584885,0.100000,2.000000,0.087064
-0.584184,0.100000,2.000000,0.087070
-0.583483,0.100000,2.000000,0.087076
-0.582783,0.100000,2.000000,0.087082
-0.582082,0.100000,2.000000,0.087088
-0.581381,0.100000,2.000000,0.087094
-0.580681,0.100000,2.000000,0.087100
-0.579980,0.100000,2.000000,0.087106
-0.579279,0.100000,2.000000,0.087112
-0.578579,0.100000,2.000000,0.087119
-0.577878,0.100000,2.000000,0.087125
-0.577177,0.100000,2.000000,0.087131
-0.576476,0.100000,2.000000,0.087138
-0.575776,0.100000,2.000000,0.087144
-0.575075,0.100000,2.000000,0.087150
-0.574374,0.100000,2.000000,0.087157
-0.573674,0.100000,2.000000,0.087163
-0.572973,0.100000,2.000000,0.087170
-0.572272,0.100000,2.000000,0.087177
-0.571572,0.100000,2.000000,0.087183
-0.570871,0.100000,2.000000,0.087190
-0.570170,0.100000,2.000000,0.087197
-0.569469,0.100000,2.000000,0.087203
-0.568769,0.100000,2.000000,0.087210
-0.568068,0.100000,2.000000,0.087217
-0.567367,0.100000,2.000000,0.087224
-0.566667,0.100000,2.000000,0.087231
-0.565966,0.100000,2.000000,0.087238
-0.565265,0.100000,2.000000,0.087245
-0.564565,0.100000,2.000000,0.087252
-0.563864,0.100000,2.000000,0.087259
-0.563163,0.100000,2.000000,0.087266
-0.562462,0.100000,2.000000,0.087274
-0.561762,0.100000,2.000000,0.087281
-0.561061,0.100000,2.000000,0.087288
-0.560360,0.100000,2.000000,0.087295
-0.559660,0.100000,2.000000,0.087303
-0.558959,0.100000,2.000000,0.087310
-0.558258,0.100000,2.000000,0.087318
-0.557558,0.100000,2.000000,0.087325
-0.556857,0.100000,2.000000,0.087333
-0.556156,0.100000,2.000000,0.087341
-0.555455,0.100000,2.000000,0.087348
-0.554755,0.100000,2.000000,0.087356
-0.554054,0.100000,2.000000,0.087364
-0.553353,0.100000,2.000000,0.087372
-0.552653,0.100000,2.000000,0.087380
-0.551952,0.100000,2.000000,0.087388
-0.551251,0.100000,2.000000,0.087395
-0.550551,0.100000,2.000000,0.087404
-0.549850,0.100000,2.000000,0.087412
-0.549149,0.100000,2.000000,0.087420
-0.548448,0.100000,2.000000,0.087428
-0.547748,0.100000,2.000000,0.087436
-0.547047,0.100000,2.000000,0.087444
-0.546346,0.100000,2.000000,0.087453
-0.545646,0.100000,2.000000,0.087461
-0.544945,0.100000,2.000000,0.087470
-0.544244,0.100000,2.000000,0.087478
-0.543544,0.100000,2.000000,0.087487
-0.542843,0.100000,2.000000,0.087495
-0.542142,0.100000,2.000000,0.087504
-0.541441,0.100000,2.000000,0.087513
-0.540741,0.100000,2.000000,0.087521
-0.540040,0.100000,2.000000,0.087530
-0.539339,0.100000,2.000000,0.087539
-0.538639,0.100000,2.000000,0.087548
-0.537938,0.100000,2.000000,0.087557
-0.537237,0.100000,2.000000,0.087566
-0.536537,0.100000,2.000000,0.087575
-0.535836,0.100000,2.000000,0.087584
-0.535135,0.100000,2.000000,0.087593
-0.534434,0.100000,2.000000,0.087603
-0.533734,0.100000,2.000000,0.087612
-0.533033,0.100000,2.000000,0.087621
-0.532332,0.100000,2.000000,0.087631
-0.531632,0.100000,2.000000,0.087640
-0.530931,0.100000,2.000000,0.087650
-0.530230,0.100000,2.000000,0.087659
-0.529530,0.100000,2.000000,0.087669
-0.528829,0.100000,2.000000,0.087679
-0.528128,0.100000,2.000000,0.087689
-0.527427,0.100000,2.000000,0.087699
-0.526727,0.100000,2.000000,0.087708
-0.526026,0.100000,2.000000,0.087718
-0.525325,0.100000,2.000000,0.087728
-0.524625,0.100000,2.000000,0.087738
-0.523924,0.100000,2.000000,0.087749
-0.523223,0.100000,2.000000,0.087759
-0.522523,0.100000,2.000000,0.087769
-0.521822,0.100000,2.000000,0.087780
-0.521121,0.100000,2.000000,0.087790
-0.520420,0.100000,2.000000,0.087800
-0.519720,0.100000,2.000000,0.087811
-0.519019,0.100000,2.000000,0.087822
-0.518318,0.100000,2.000000,0.087832
-0.517618,0.100000,2.000000,0.087843
-0.516917,0.100000,2.000000,0.087854
-0.516216,0.100000,2.000000,0.087865
-0.515516,0.100000,2.000000,0.087876
-0.514815,0.100000,2.000000,0.087887
-0.514114,0.100000,2.000000,0.087898
-0.513413,0.100000,2.000000,0.087909
-0.512713,0.100000,2.000000,0.087920
-0.512012,0.100000,2.000000,0.087931
-0.511311,0.100000,2.000000,0.087943
-0.510611,0.100000,2.000000,0.087954
-0.509910,0.100000,2.000000,0.087966
-0.509209,0.100000,2.000000,0.087977
-0.508509,0.100000,2.000000,0.087989
-0.507808,0.100000,2.000000,0.088001
-0.507107,0.100000,2.000000,0.088013
-0.506406,0.100000,2.000000,0.088024
-0.505706,0.100000,2.000000,0.088036
-0.505005,0.100000,2.000000,0.088049
-0.504304,0.100000,2.000000,0.088061
-0.503604,0.100000,2.000000,0.088073
-0.502903,0.100000,2.000000,0.088085
-0.502202,0.100000,2.000000,0.088098
-0.501502,0.100000,2.000000,0.088110
-0.500801,0.100000,2.000000,0.088123
-0.500100,0.100000,2.000000,0.088135
-0.499399,0.100000,2.000000,0.088148
-0.498699,0.100000,2.000000,0.088161
-0.497998,0.100000,2.000000,0.088174
-0.497297,0.100000,2.000000,0.088187
-0.496597,0.100000,2.000000,0.088200
-0.495896,0.100000,2.000000,0.088213
-0.495195,0.100000,2.000000,0.088226
-0.494494,0.100000,2.000000,0.088239
-0.493794,0.100000,2.000000,0.088253
-0.493093,0.100000,2.000000,0.088266
-0.492392,0.100000,2.000000,0.088280
-0.491692,0.100000,2.000000,0.088293
-0.490991,0.100000,2.000000,0.088307
-0.490290,0.100000,2.000000,0.088321
-0.489590,0.100000,2.000000,0.088335
-0.488889,0.100000,2.000000,0.088349
-0.488188,0.100000,2.000000,0.088363
-0.487487,0.100000,2.000000,0.088378
-0.486787,0.100000,2.000000,0.088392
-0.486086,0.100000,2.000000,0.088406
-0.485385,0.100000,2.000000,0.088421
-0.484685,0.100000,2.000000,0.088436
-0.483984,0.100000,2.000000,0.088450
-0.483283,0.100000,2.000000,0.088465
-0.482583,0.100000,2.000000,0.088480
-0.481882,0.100000,2.000000,0.088495
-0.481181,0.100000,2.000000,0.088511
-0.480480,0.100000,2.000000,0.088526
-0.479780,0.100000,2.000000,0.088541
-0.479079,0.100000,2.000000,0.088557
-0.478378,0.100000,2.000000,0.088573
-0.477678,0.100000,2.000000,0.088588
-0.476977,0.100000,2.000000,0.088604
-0.476276,0.100000,2.000000,0.088620
-0.475576,0.100000,2.000000,0.088636
-0.474875,0.100000,2.000000,0.088653
-0.474174,0.100000,2.000000,0.088669
-0.473473,0.100000,2.000000,0.088686
-0.472773,0.100000,2.000000,0.088702
-0.472072,0.100000,2.000000,0.088719
-0.471371,0.100000,2.000000,0.088736
-0.470671,0.100000,2.000000,0.088753
-0.469970,0.100000,2.000000,0.088770
-0.469269,0.100000,2.000000,0.088787
-0.468569,0.100000,2.000000,0.088805
-0.467868,0.100000,2.000000,0.088822
-0.467167,0.100000,2.000000,0.088840
-0.466466,0.100000,2.000000,0.088858
-0.465766,0.100000,2.000000,0.088876
-0.465065,0.100000,2.000000,0.088894
-0.464364,0.100000,2.000000,0.088912
-0.463664,0.100000,2.000000,0.088931
-0.462963,0.100000,2.000000,0.088949
-0.462262,0.100000,2.000000,0.088968
-0.461562,0.100000,2.000000,0.088987
-0.460861,0.100000,2.000000,0.089006
-0.460160,0.100000,2.000000,0.089025
-0.459459,0.100000,2.000000,0.089044
-0.458759,0.100000,2.000000,0.089064
-0.458058,0.100000,2.000000,0.089084
-0.457357,0.100000,2.000000,0.089104
-0.456657,0.100000,2.000000,0.089124
-0.455956,0.100000,2.000000,0.089144
-0.455255,0.100000,2.000000,0.089164
-0.454555,0.100000,2.000000,0.089185
-0.453854,0.100000,2.000000,0.089206
-0.453153,0.100000,2.000000,0.089226
-0.452452,0.100000,2.000000,0.089247
-0.451752,0.100000,2.000000,0.089269
-0.451051,0.100000,2.000000,0.089290
-0.450350,0.100000,2.000000,0.089312
-0.449650,0.100000,2.000000,0.089334
-0.448949,0.100000,2.000000,0.089356
-0.448248,0.100000,2.000000,0.089378
-0.447548,0.100000,2.000000,0.089401
-0.446847,0.100000,2.000000,0.089423
-0.446146,0.100000,2.000000,0.089446
-0.445445,0.100000,2.000000,0.089469
-0.444745,0.100000,2.000000,0.089493
-0.444044,0.100000,2.000000,0.089516
-0.443343,0.100000,2.000000,0.089540
-0.442643,0.100000,2.000000,0.089564
-0.441942,0.100000,2.000000,0.089588
-0.441241,0.100000,2.000000,0.089613
-0.440541,0.100000,2.000000,0.089637
-0.439840,0.100000,2.000000,0.089662
-0.439139,0.100000,2.000000,0.089687
-0.438438,0.100000,2.000000,0.089713
-0.437738,0.100000,2.000000,0.089738
-0.437037,0.100000,2.000000,0.089764
-0.436336,0.100000,2.000000,0.089791
-0.435636,0.100000,2.000000,0.089817
-0.434935,0.100000,2.000000,0.089844
-0.434234,0.100000,2.000000,0.089871
-0.433534,0.100000,2.000000,0.089898
-0.432833,0.100000,2.000000,0.089925
-0.432132,0.100000,2.000000,0.089953
-0.431431,0.100000,2.000000,0.089981
-0.430731,0.100000,2.000000,0.090010
-0.430030,0.100000,2.000000,0.090038
-0.429329,0.100000,2.000000,0.090067
-0.428629,0.100000,2.000000,0.090097
-0.427928,0.100000,2.000000,0.090126
-0.427227,0.100000,2.000000,0.090156
-0.426527,0.100000,2.000000,0.090187
-0.425826,0.100000,2.000000,0.090217
-0.425125,0.100000,2.000000,0.090248
-0.424424,0.100000,2.000000,0.090279
-0.423724,0.100000,2.000000,0.090311
-0.423023,0.100000,2.000000,0.090343
-0.422322,0.100000,2.000000,0.090375
-0.421622,0.100000,2.000000,0.090408
-0.420921,0.100000,2.000000,0.090441
-0.420220,0.100000,2.000000,0.090474
-0.419520,0.100000,2.000000,0.090508
-0.418819,0.100000,2.000000,0.090542
-0.418118,0.100000,2.000000,0.090577
-0.417417,0.100000,2.000000,0.090612
-0.416717,0.100000,2.000000,0.090647
-0.416016,0.100000,2.000000,0.090683
-0.415315,0.100000,2.000000,0.090719
-0.414615,0.100000,2.000000,0.090755
-0.413914,0.100000,2.000000,0.090792
-0.413213,0.100000,2.000000,0.090830
-0.412513,0.100000,2.000000,0.090868
-0.411812,0.100000,2.000000,0.090906
-0.411111,0.100000,2.000000,0.090945
-0.410410,0.100000,2.000000,0.090984
-0.409710,0.100000,2.000000,0.091024
-0.409009,0.100000,2.000000,0.091064
-0.408308,0.100000,2.000000,0.091105
-0.407608,0.100000,2.000000,0.091146
-0.406907,0.100000,2.000000,0.091188
-0.406206,0.100000,2.000000,0.091230
-0.405506,0.100000,2.000000,0.091273
-0.404805,0.100000,2.000000,0.091316
-0.404104,0.100000,2.000000,0.091360
-0.403403,0.100000,2.000000,0.091404
-0.402703,0.100000,2.000000,0.091449
-0.402002,0.100000,2.000000,0.091494
-0.401301,0.100000,2.000000,0.091540
-0.400601,0.100000,2.000000,0.091587
-0.399900,0.100000,2.000000,0.091634
-0.399199,0.100000,2.000000,0.091682
-0.398498,0.100000,2.000000,0.091730
-0.397798,0.100000,2.000000,0.091780
-0.397097,0.100000,2.000000,0.091829
-0.396396,0.100000,2.000000,0.091880
-0.395696,0.100000,2.000000,0.091931
-0.394995,0.100000,2.000000,0.091982
-0.394294,0.100000,2.000000,0.092035
-0.393594,0.100000,2.000000,0.092088
-0.392893,0.100000,2.000000,0.092141
-0.392192,0.100000,2.000000,0.092196
-0.391491,0.100000,2.000000,0.092251
-0.390791,0.100000,2.000000,0.092307
-0.390090,0.100000,2.000000,0.092364
-0.389389,0.100000,2.000000,0.092421
-0.388689,0.100000,2.000000,0.092479
-0.387988,0.100000,2.000000,0.092538
-0.387287,0.100000,2.000000,0.092598
-0.386587,0.100000,2.000000,0.092659
-0.385886,0.100000,2.000000,0.092720
-0.385185,0.100000,2.000000,0.092782
-0.384484,0.100000,2.000000,0.092845
-0.383784,0.100000,2.000000,0.092909
-0.383083,0.100000,2.000000,0.092974
-0.382382,0.100000,2.000000,0.093040
-0.381682,0.100000,2.000000,0.093107
-0.380981,0.100000,2.000000,0.093174
-0.380280,0.100000,2.000000,0.093243
-0.379580,0.100000,2.000000,0.093312
-0.378879,0.100000,2.000000,0.093382
-0.378178,0.100000,2.000000,0.093454
-0.377477,0.100000,2.000000,0.093526
-0.376777,0.100000,2.000000,0.093600
-0.376076,0.100000,2.000000,0.093674
-0.375375,0.100000,2.000000,0.093750
-0.374675,0.100000,2.000000,0.093826
-0.373974,0.100000,2.000000,0.093904
-0.373273,0.100000,2.000000,0.093983
-0.372573,0.100000,2.000000,0.094063
-0.371872,0.100000,2.000000,0.094144
-0.371171,0.100000,2.000000,0.094226
-0.370470,0.100000,2.000000,0.094309
-0.369770,0.100000,2.000000,0.094393
-0.369069,0.100000,2.000000,0.094479
-0.368368,0.100000,2.000000,0.094566
-0.367668,0.100000,2.000000,0.094654
-0.366967,0.100000,2.000000,0.094744
-0.366266,0.100000,2.000000,0.094834
-0.365566,0.100000,2.000000,0.094926
-0.364865,0.100000,2.000000,0.095020
-0.364164,0.100000,2.000000,0.095114
-0.363463,0.100000,2.000000,0.095210
-0.362763,0.100000,2.000000,0.095308
-0.362062,0.100000,2.000000,0.095406
-0.361361,0.100000,2.000000,0.095507
-0.360661,0.100000,2.000000,0.095608
-0.359960,0.100000,2.000000,0.095711
-0.359259,0.100000,2.000000,0.095816
-0.358559,0.100000,2.000000,0.095922
-0.357858,0.100000,2.000000,0.096029
-0.357157,0.100000,2.000000,0.096138
-0.356456,0.100000,2.000000,0.096249
-0.355756,0.100000,2.000000,0.096361
-0.355055,0.100000,2.000000,0.096475
-0.354354,0.100000,2.000000,0.096591
-0.353654,0.100000,2.000000,0.096708
-0.352953,0.100000,2.000000,0.096827
-0.352252,0.100000,2.000000,0.096947
-0.351552,0.100000,2.000000,0.097069
-0.350851,0.100000,2.000000,0.097193
-0.350150,0.100000,2.000000,0.097319
-0.349449,0.100000,2.000000,0.097446
-0.348749,0.100000,2.000000,0.097575
-0.348048,0.100000,2.000000,0.097707
-0.347347,0.100000,2.000000,0.097839
-0.346647,0.100000,2.000000,0.097974
-0.345946,0.100000,2.000000,0.098111
-0.345245,0.100000,2.000000,0.098249
-0.344545,0.100000,2.000000,0.098390
-0.343844,0.100000,2.000000,0.098532
-0.343143,0.100000,2.000000,0.098677
-0.342442,0.100000,2.000000,0.098823
-0.341742,0.100000,2.000000,0.098971
-0.341041,0.100000,2.000000,0.099122
-0.340340,0.100000,2.000000,0.099274
-0.339640,0.100000,2.000000,0.099429
-0.338939,0.100000,2.000000,0.099585
-0.338238,0.100000,2.000000,0.099744
-0.337538,0.100000,2.000000,0.099905
-0.336837,0.100000,2.000000,0.100068
-0.336136,0.100000,2.000000,0.100233
-0.335435,0.100000,2.000000,0.100400
-0.334735,0.100000,2.000000,0.100570
-0.334034,0.100000,2.000000,0.100741
-0.333333,0.100000,2.000000,0.100915
-0.332633,0.100000,2.000000,0.101091
-0.331932,0.100000,2.000000,0.101270
-0.331231,0.100000,2.000000,0.101451
-0.330531,0.100000,2.000000,0.101634
-0.329830,0.100000,2.000000,0.101819
-0.329129,0.100000,2.000000,0.102006
-0.328428,0.100000,2.000000,0.102196
-0.327728,0.100000,2.000000,0.102389
-0.327027,0.100000,2.000000,0.102583
-0.326326,0.100000,2.000000,0.102780
-0.325626,0.100000,2.000000,0.102979
-0.324925,0.100000,2.000000,0.103181
-0.324224,0.100000,2.000000,0.103385
-0.323524,0.100000,2.000000,0.103591
-0.322823,0.100000,2.000000,0.103800
-0.322122,0.100000,2.000000,0.104011
-0.321421,0.100000,2.000000,0.104225
-0.320721,0.100000,2.000000,0.104441
-0.320020,0.100000,2.000000,0.104659
-0.319319,0.100000,2.000000,0.104879
-0.318619,0.100000,2.000000,0.105102
-0.317918,0.100000,2.000000,0.105327
-0.317217,0.100000,2.000000,0.105555
-0.316517,0.100000,2.000000,0.105785
-0.315816,0.100000,2.000000,0.106017
-0.315115,0.100000,2.000000,0.106252
-0.314414,0.100000,2.000000,0.106489
-0.313714,0.100000,2.000000,0.106728
-0.313013,0.100000,2.000000,0.106969
-0.312312,0.100000,2.000000,0.107213
-0.311612,0.100000,2.000000,0.107459
-0.310911,0.100000,2.000000,0.107707
-0.310210,0.100000,2.000000,0.107957
-0.309510,0.100000,2.000000,0.108209
-0.308809,0.100000,2.000000,0.108463
-0.308108,0.100000,2.000000,0.108720
-0.307407,0.100000,2.000000,0.108978
-0.306707,0.100000,2.000000,0.109238
-0.306006,0.100000,2.000000,0.109501
-0.305305,0.100000,2.000000,0.109765
-0.304605,0.100000,2.000000,0.110031
-0.303904,0.100000,2.000000,0.110299
-0.303203,0.100000,2.000000,0.110569
-0.302503,0.100000,2.000000,0.110840
-0.301802,0.100000,2.000000,0.111113
-0.301101,0.100000,2.000000,0.111387
-0.300400,0.100000,2.000000,0.111663
-0.299700,0.100000,2.000000,0.111941
-0.298999,0.100000,2.000000,0.112219
-0.298298,0.100000,2.000000,0.112500
-0.297598,0.100000,2.000000,0.112781
-0.296897,0.100000,2.000000,0.113063
-0.296196,0.100000,2.000000,0.113347
-0.295495,0.100000,2.000000,0.113632
-0.294795,0.100000,2.000000,0.113917
-0.294094,0.100000,2.000000,0.114203
-0.293393,0.100000,2.000000,0.114490
-0.292693,0.100000,2.000000,0.114778
-0.291992,0.100000,2.000000,0.115066
-0.291291,0.100000,2.000000,0.115355
-0.290591,0.100000,2.000000,0.115644
-0.289890,0.100000,2.000000,0.115933
-0.289189,0.100000,2.000000,0.116222
-0.288488,0.100000,2.000000,0.116512
-0.287788,0.100000,2.000000,0.116801
-0.287087,0.100000,2.000000,0.117090
-0.286386,0.100000,2.000000,0.117378
-0.285686,0.100000,2.000000,0.117667
-0.284985,0.100000,2.000000,0.117954
-0.284284,0.100000,2.000000,0.118241
-0.283584,0.100000,2.000000,0.118527
-0.282883,0.100000,2.000000,0.118812
-0.282182,0.100000,2.000000,0.119095
-0.281481,0.100000,2.000000,0.119378
-0.280781,0.100000,2.000000,0.119659
-0.280080,0.100000,2.000000,0.119938
-0.279379,0.100000,2.000000,0.120215
-0.278679,0.100000,2.000000,0.120491
-0.277978,0.100000,2.000000,0.120764
-0.277277,0.100000,2.000000,0.121035
-0.276577,0.100000,2.000000,0.121304
-0.275876,0.100000,2.000000,0.121570
-0.275175,0.100000,2.000000,0.121833
-0.274474,0.100000,2.000000,0.122093
-0.273774,0.100000,2.000000,0.122350
-0.273073,0.100000,2.000000,0.122603
-0.272372,0.100000,2.000000,0.122853
-0.271672,0.100000,2.000000,0.123099
-0.270971,0.100000,2.000000,0.123340
-0.270270,0.100000,2.000000,0.123578
-0.269570,0.100000,2.000000,0.123810
-0.268869,0.100000,2.000000,0.124038
-0.268168,0.100000,2.000000,0.124261
-0.267467,0.100000,2.000000,0.124479
-0.266767,0.100000,2.000000,0.124690
-0.266066,0.100000,2.000000,0.124896
-0.265365,0.100000,2.000000,0.125096
-0.264665,0.100000,2.000000,0.125289
-0.263964,0.100000,2.000000,0.125475
-0.263263,0.100000,2.000000,0.125654
-0.262563,0.100000,2.000000,0.125826
-0.261862,0.100000,2.000000,0.125990
-0.261161,0.100000,2.000000,0.126145
-0.260460,0.100000,2.000000,0.126292
-0.259760,0.100000,2.000000,0.126430
-0.259059,0.100000,2.000000,0.126559
-0.258358,0.100000,2.000000,0.126678
-0.257658,0.100000,2.000000,0.126787
-0.256957,0.100000,2.000000,0.126886
-0.256256,0.100000,2.000000,0.126973
-0.255556,0.100000,2.000000,0.127049
-0.254855,0.100000,2.000000,0.127113
-0.254154,0.100000,2.000000,0.127165
-0.253453,0.100000,2.000000,0.127204
-0.252753,0.100000,2.000000,0.127229
-0.252052,0.100000,2.000000,0.127242
-0.251351,0.100000,2.000000,0.127239
-0.250651,0.100000,2.000000,0.127223
-0.249950,0.100000,2.000000,0.127191
-0.249249,0.100000,2.000000,0.127143
-0.248549,0.100000,2.000000,0.127080
-0.247848,0.100000,2.000000,0.127001
-0.247147,0.100000,2.000000,0.126904
-0.246446,0.100000,2.000000,0.126791
-0.245746,0.100000,2.000000,0.126660
-0.245045,0.100000,2.000000,0.126511
-0.244344,0.100000,2.000000,0.126344
-0.243644,0.100000,2.000000,0.126159
-0.242943,0.100000,2.000000,0.125956
-0.242242,0.100000,2.000000,0.125734
-0.241542,0.100000,2.000000,0.125493
-0.240841,0.100000,2.000000,0.125233
-0.240140,0.100000,2.000000,0.124956
-0.239439,0.100000,2.000000,0.124659
-0.238739,0.100000,2.000000,0.124344
-0.238038,0.100000,2.000000,0.124012
-0.237337,0.100000,2.000000,0.123662
-0.236637,0.100000,2.000000,0.123295
-0.235936,0.100000,2.000000,0.122912
-0.235235,0.100000,2.000000,0.122513
-0.234535,0.100000,2.000000,0.122099
-0.233834,0.100000,2.000000,0.121671
-0.233133,0.100000,2.000000,0.121229
-0.232432,0.100000,2.000000,0.120775
-0.231732,0.100000,2.000000,0.120311
-0.231031,0.100000,2.000000,0.119836
-0.230330,0.100000,2.000000,0.119352
-0.229630,0.100000,2.000000,0.118861
-0.228929,0.100000,2.000000,0.118364
-0.228228,0.100000,2.000000,0.117862
-0.227528,0.100000,2.000000,0.117356
-0.226827,0.100000,2.000000,0.116849
-0.226126,0.100000,2.000000,0.116340
-0.225425,0.100000,2.000000,0.115832
-0.224725,0.100000,2.000000,0.115326
-0.224024,0.100000,2.000000,0.114823
-0.223323,0.100000,2.000000,0.114325
-0.222623,0.100000,2.000000,0.113833
-0.221922,0.100000,2.000000,0.113347
-0.221221,0.100000,2.000000,0.112868
-0.220521,0.100000,2.000000,0.112399
-0.219820,0.100000,2.000000,0.111939
-0.219119,0.100000,2.000000,0.111490
-0.218418,0.100000,2.000000,0.111052
-0.217718,0.100000,2.000000,0.110625
-0.217017,0.100000,2.000000,0.110211
-0.216316,0.100000,2.000000,0.109809
-0.215616,0.100000,2.000000,0.109420
-0.214915,0.100000,2.000000,0.109045
-0.214214,0.100000,2.000000,0.108682
-0.213514,0.100000,2.000000,0.108333
-0.212813,0.100000,2.000000,0.107998
-0.212112,0.100000,2.000000,0.107676
-0.211411,0.100000,2.000000,0.107367
-0.210711,0.100000,2.000000,0.107071
-0.210010,0.100000,2.000000,0.106788
-0.209309,0.100000,2.000000,0.106518
-0.208609,0.100000,2.000000,0.106260
-0.207908,0.100000,2.000000,0.106014
-0.207207,0.100000,2.000000,0.105780
-0.206507,0.100000,2.000000,0.105557
-0.205806,0.100000,2.000000,0.105345
-0.205105,0.100000,2.000000,0.105144
-0.204404,0.100000,2.000000,0.104953
-0.203704,0.100000,2.000000,0.104771
-0.203003,0.100000,2.000000,0.104599
-0.202302,0.100000,2.000000,0.104436
-0.201602,0.100000,2.000000,0.104282
-0.200901,0.100000,2.000000,0.104135
-0.200200,0.100000,2.000000,0.103997
-0.199499,0.100000,2.000000,0.103866
-0.198799,0.100000,2.000000,0.103742
-0.198098,0.100000,2.000000,0.103625
-0.197397,0.100000,2.000000,0.103514
-0.196697,0.100000,2.000000,0.103410
-0.195996,0.100000,2.000000,0.103311
-0.195295,0.100000,2.000000,0.103217
-0.194595,0.100000,2.000000,0.103129
-0.193894,0.100000,2.000000,0.103046
-0.193193,0.100000,2.000000,0.102968
-0.192492,0.100000,2.000000,0.102894
-0.191792,0.100000,2.000000,0.102824
-0.191091,0.100000,2.000000,0.102758
-0.190390,0.100000,2.000000,0.102696
-0.189690,0.100000,2.000000,0.102638
-0.188989,0.100000,2.000000,0.102583
-0.188288,0.100000,2.000000,0.102531
-0.187588,0.100000,2.000000,0.102483
-0.186887,0.100000,2.000000,0.102437
-0.186186,0.100000,2.000000,0.102393
-0.185485,0.100000,2.000000,0.102353
-0.184785,0.100000,2.000000,0.102315
-0.184084,0.100000,2.000000,0.102279
-0.183383,0.100000,2.000000,0.102246
-0.182683,0.100000,2.000000,0.102214
-0.181982,0.100000,2.000000,0.102185
-0.181281,0.100000,2.000000,0.102157
-0.180581,0.100000,2.000000,0.102132
-0.179880,0.100000,2.000000,0.102107
-0.179179,0.100000,2.000000,0.102085
-0.178478,0.100000,2.000000,0.102064
-0.177778,0.100000,2.000000,0.102045
-0.177077,0.100000,2.000000,0.102027
-0.176376,0.100000,2.000000,0.102010
-0.175676,0.100000,2.000000,0.101994
-0.174975,0.100000,2.000000,0.101980
-0.174274,0.100000,2.000000,0.101967
-0.173574,0.100000,2.000000,0.101955
-0.172873,0.100000,2.000000,0.101944
-0.172172,0.100000,2.000000,0.101934
-0.171471,0.100000,2.000000,0.101925
-0.170771,0.100000,2.000000,0.101917
-0.170070,0.100000,2.000000,0.101909
-0.169369,0.100000,2.000000,0.101903
-0.168669,0.100000,2.000000,0.101897
-0.167968,0.100000,2.000000,0.101892
-0.167267,0.100000,2.000000,0.101888
-0.166567,0.100000,2.000000,0.101885
-0.165866,0.100000,2.000000,0.101882
-0.165165,0.100000,2.000000,0.101880
-0.164464,0.100000,2.000000,0.101878
-0.163764,0.100000,2.000000,0.101877
-0.163063,0.100000,2.000000,0.101877
-0.162362,0.100000,2.000000,0.101877
-0.161662,0.100000,2.000000,0.101878
-0.160961,0.100000,2.000000,0.101879
-0.160260,0.100000,2.000000,0.101881
-0.159560,0.100000,2.000000,0.101884
-0.158859,0.100000,2.000000,0.101886
-0.158158,0.100000,2.000000,0.101890
-0.157457,0.100000,2.000000,0.101893
-0.156757,0.100000,2.000000,0.101897
-0.156056,0.100000,2.000000,0.101902
-0.155355,0.100000,2.000000,0.101907
-0.154655,0.100000,2.000000,0.101913
-0.153954,0.100000,2.000000,0.101918
-0.153253,0.100000,2.000000,0.101925
-0.152553,0.100000,2.000000,0.101931
-0.151852,0.100000,2.000000,0.101938
-0.151151,0.100000,2.000000,0.101946
-0.150450,0.100000,2.000000,0.101954
-0.149750,0.100000,2.000000,0.101962
-0.149049,0.100000,2.000000,0.101970
-0.148348,0.100000,2.000000,0.101979
-0.147648,0.100000,2.000000,0.101988
-0.146947,0.100000,2.000000,0.101998
-0.146246,0.100000,2.000000,0.102008
-0.145546,0.100000,2.000000,0.102018
-0.144845,0.100000,2.000000,0.102029
-0.144144,0.100000,2.000000,0.102040
-0.143443,0.100000,2.000000,0.102052
-0.142743,0.100000,2.000000,0.102063
-0.142042,0.100000,2.000000,0.102075
-0.141341,0.100000,2.000000,0.102088
-0.140641,0.100000,2.000000,0.102101
-0.139940,0.100000,2.000000,0.102114
-0.139239,0.100000,2.000000,0.102128
-0.138539,0.100000,2.000000,0.102141
-0.137838,0.100000,2.000000,0.102156
-0.137137,0.100000,2.000000,0.102170
-0.136436,0.100000,2.000000,0.102186
-0.135736,0.100000,2.000000,0.102201
-0.135035,0.100000,2.000000,0.102217
-0.134334,0.100000,2.000000,0.102233
-0.133634,0.100000,2.000000,0.102250
-0.132933,0.100000,2.000000,0.102267
-0.132232,0.100000,2.000000,0.102284
-0.131532,0.100000,2.000000,0.102302
-0.130831,0.100000,2.000000,0.102320
-0.130130,0.100000,2.000000,0.102339
-0.129429,0.100000,2.000000,0.102358
-0.128729,0.100000,2.000000,0.102378
-0.128028,0.100000,2.000000,0.102398
-0.127327,0.100000,2.000000,0.102418
-0.126627,0.100000,2.000000,0.102439
-0.125926,0.100000,2.000000,0.102461
-0.125225,0.100000,2.000000,0.102483
-0.124525,0.100000,2.000000,0.102505
-0.123824,0.100000,2.000000,0.102528
-0.123123,0.100000,2.000000,0.102552
-0.122422,0.100000,2.000000,0.102576
-0.121722,0.100000,2.000000,0.102601
-0.121021,0.100000,2.000000,0.102626
-0.120320,0.100000,2.000000,0.102652
-0.119620,0.100000,2.000000,0.102679
-0.118919,0.100000,2.000000,0.102706
-0.118218,0.100000,2.000000,0.102734
-0.117518,0.100000,2.000000,0.102762
-0.116817,0.100000,2.000000,0.102791
-0.116116,0.100000,2.000000,0.102821
-0.115415,0.100000,2.000000,0.102852
-0.114715,0.100000,2.000000,0.102883
-0.114014,0.100000,2.000000,0.102915
-0.113313,0.100000,2.000000,0.102948
-0.112613,0.100000,2.000000,0.102981
-0.111912,0.100000,2.000000,0.103016
-0.111211,0.100000,2.000000,0.103051
-0.110511,0.100000,2.000000,0.103088
-0.109810,0.100000,2.000000,0.103125
-0.109109,0.100000,2.000000,0.103163
-0.108408,0.100000,2.000000,0.103202
-0.107708,0.100000,2.000000,0.103242
-0.107007,0.100000,2.000000,0.103283
-0.106306,0.100000,2.000000,0.103325
-0.105606,0.100000,2.000000,0.103368
-0.104905,0.100000,2.000000,0.103413
-0.104204,0.100000,2.000000,0.103458
-0.103504,0.100000,2.000000,0.103505
-0.102803,0.100000,2.000000,0.103553
-0.102102,0.100000,2.000000,0.103602
-0.101401,0.100000,2.000000,0.103653
-0.100701,0.100000,2.000000,0.103704
-0.100000,0.100000,2.000000,0.103758
-0.800000,0.100000,2.200000,0.088189
-0.799299,0.100000,2.200000,0.088191
-0.798599,0.100000,2.200000,0.088194
-0.797898,0.100000,2.200000,0.088196
-0.797197,0.100000,2.200000,0.088198
-0.796496,0.100000,2.200000,0.088201
-0.795796,0.100000,2.200000,0.088203
-0.795095,0.100000,2.200000,0.088205
-0.794394,0.100000,2.200000,0.088208
-0.793694,0.100000,2.200000,0.088210
-0.792993,0.100000,2.200000,0.088213
-0.792292,0.100000,2.200000,0.088216
-0.791592,0.100000,2.200000,0.088218
-0.790891,0.100000,2.200000,0.088221
-0.790190,0.100000,2.200000,0.088223
-0.789489,0.100000,2.200000,0.088226
-0.788789,0.100000,2.200000,0.088228
-0.788088,0.100000,2.200000,0.088231
-0.787387,0.100000,2.200000,0.088234
-0.786687,0.100000,2.200000,0.088236
-0.785986,0.100000,2.200000,0.088239
-0.785285,0.100000,2.200000,0.088242
-0.784585,0.100000,2.200000,0.088245
-0.783884,0.100000,2.200000,0.088247
-0.783183,0.100000,2.200000,0.088250
-0.782482,0.100000,2.200000,0.088253
-0.781782,0.100000,2.200000,0.088256
-0.781081,0.100000,2.200000,0.088259
-0.780380,0.100000,2.200000,0.088261
-0.779680,0.100000,2.200000,0.088264
-0.778979,0.100000,2.200000,0.088267
-0.778278,0.100000,2.200000,0.088270
-0.777578,0.100000,2.200000,0.088273
-0.776877,0.100000,2.200000,0.088276
-0.776176,0.100000,2.200000,0.088279
-0.775475,0.100000,2.200000,0.088282
-0.774775,0.100000,2.200000,0.088285
-0.774074,0.100000,2.200000,0.088288
-0.773373,0.100000,2.200000,0.088292
-0.772673,0.100000,2.200000,0.088295
-0.771972,0.100000,2.200000,0.088298
-0.771271,0.100000,2.200000,0.088301
-0.770571,0.100000,2.200000,0.088304
-0.769870,0.100000,2.200000,0.088307
-0.769169,0.100000,2.200000,0.088311
-0.768468,0.100000,2.200000,0.088314
-0.767768,0.100000,2.200000,0.088317
-0.767067,0.100000,2.200000,0.088320
-0.766366,0.100000,2.200000,0.088324
-0.765666,0.100000,2.200000,0.088327
-0.764965,0.100000,2.200000,0.088331
-0.764264,0.100000,2.200000,0.088334
-0.763564,0.100000,2.200000,0.088337
-0.762863,0.100000,2.200000,0.088341
-0.762162,0.100000,2.200000,0.088344
-0.761461,0.100000,2.200000,0.088348
-0.760761,0.100000,2.200000,0.088351
-0.760060,0.100000,2.200000,0.088355
-0.759359,0.100000,2.200000,0.088358
-0.758659,0.100000,2.200000,0.088362
-0.757958,0.100000,2.200000,0.088366
-0.757257,0.100000,2.200000,0.088369
-0.756557,0.100000,2.200000,0.088373
-0.755856,0.100000,2.200000,0.088377
-0.755155,0.100000,2.200000,0.088380
-0.754454,0.100000,2.200000,0.088384
-0.753754,0.100000,2.200000,0.088388
-0.753053,0.100000,2.200000,0.088392
-0.752352,0.100000,2.200000,0.088396
-0.751652,0.100000,2.200000,0.088399
-0.750951,0.100000,2.200000,0.088403
-0.750250,0.100000,2.200000,0.088407
-0.749550,0.100000,2.200000,0.088411
-0.748849,0.100000,2.200000,0.088415
-0.748148,0.100000,2.200000,0.088419
-0.747447,0.100000,2.200000,0.088423
-0.746747,0.100000,2.200000,0.088427
-0.746046,0.100000,2.200000,0.088431
-0.745345,0.100000,2.200000,0.088435
-0.744645,0.100000,2.200000,0.088439
-0.743944,0.100000,2.200000,0.088443
-0.743243,0.100000,2.200000,0.088448
-0.742543,0.100000,2.200000,0.088452
-0.741842,0.100000,2.200000,0.088456
-0.741141,0.100000,2.200000,0.088460
-0.740440,0.100000,2.200000,0.088465
-0.739740,0.100000,2.200000,0.088469
-0.739039,0.100000,2.200000,0.088473
-0.738338,0.100000,2.200000,0.088477
-0.737638,0.100000,2.200000,0.088482
-0.736937,0.100000,2.200000,0.088486
-0.736236,0.100000,2.200000,0.088491
-0.735536,0.100000,2.200000,0.088495
-0.734835,0.100000,2.200000,0.088500
-0.734134,0.100000,2.200000,0.088504
-0.733433,0.100000,2.200000,0.088509
-0.732733,0.100000,2.200000,0.088513
-0.732032,0.100000,2.200000,0.088518
-0.731331,0.100000,2.200000,0.088522
-0.730631,0.100000,2.200000,0.088527
-0.729930,0.100000,2.200000,0.088532
-0.729229,0.100000,2.200000,0.088536
-0.728529,0.100000,2.200000,0.088541
-0.727828,0.100000,2.200000,0.088546
-0.727127,0.100000,2.200000,0.088551
-0.726426,0.100000,2.200000,0.088556
-0.725726,0.100000,2.200000,0.088560
-0.725025,0.100000,2.200000,0.088565
-0.724324,0.100000,2.200000,0.088570
-0.723624,0.100000,2.200000,0.088575
-0.722923,0.100000,2.200000,0.088580
-0.722222,0.100000,2.200000,0.088585
-0.721522,0.100000,2.200000,0.088590
-0.720821,0.100000,2.200000,0.088595
-0.720120,0.100000,2.200000,0.088600
-0.719419,0.100000,2.200000,0.088605
-0.718719,0.100000,2.200000,0.088610
-0.718018,0.100000,2.200000,0.088615
-0.717317,0.100000,2.200000,0.088621
-0.716617,0.100000,2.200000,0.088626
-0.715916,0.100000,2.200000,0.088631
-0.715215,0.100000,2.200000,0.088636
-0.714515,0.100000,2.200000,0.088642
-0.713814,0.100000,2.200000,0.088647
-0.713113,0.100000,2.200000,0.088652
-0.712412,0.100000,2.200000,0.088658
-0.711712,0.100000,2.200000,0.088663
-0.711011,0.100000,2.200000,0.088669
-0.710310,0.100000,2.200000,0.088674
-0.709610,0.100000,2.200000,0.088680
-0.708909,0.100000,2.200000,0.088685
-0.708208,0.100000,2.200000,0.088691
-0.707508,0.100000,2.200000,0.088696
-0.706807,0.100000,2.200000,0.088702
-0.706106,0.100000,2.200000,0.088708
-0.705405,0.100000,2.200000,0.088713
-0.704705,0.100000,2.200000,0.088719
-0.704004,0.100000,2.200000,0.088725
-0.703303,0.100000,2.200000,0.088731
-0.702603,0.100000,2.200000,0.088736
-0.701902,0.100000,2.200000,0.088742
-0.701201,0.100000,2.200000,0.088748
-0.700501,0.100000,2.200000,0.088754
-0.699800,0.100000,2.200000,0.088760
-0.699099,0.100000,2.200000,0.088766
-0.698398,0.100000,2.200000,0.088772
-0.697698,0.100000,2.200000,0.088778
-0.696997,0.100000,2.200000,0.088784
-0.696296,0.100000,2.200000,0.088790
-0.695596,0.100000,2.200000,0.088796
-0.694895,0.100000,2.200000,0.088803
-0.694194,0.100000,2.200000,0.088809
-0.693493,0.100000,2.200000,0.088815
-0.692793,0.100000,2.200000,0.088821
-0.692092,0.100000,2.200000,0.088828
-0.691391,0.100000,2.200000,0.088834
-0.690691,0.100000,2.200000,0.088840
-0.689990,0.100000,2.200000,0.088847
-0.689289,0.100000,2.200000,0.088853
-0.688589,0.100000,2.200000,0.088860
-0.687888,0.100000,2.200000,0.088866
-0.687187,0.100000,2.200000,0.088873
-0.686486,0.100000,2.200000,0.088879
-0.685786,0.100000,2.200000,0.088886
-0.685085,0.100000,2.200000,0.088892
-0.684384,0.100000,2.200000,0.088899
-0.683684,0.100000,2.200000,0.088906
-0.682983,0.100000,2.200000,0.088912
-0.682282,0.100000,2.200000,0.088919
-0.681582,0.100000,2.200000,0.088926
-0.680881,0.100000,2.200000,0.088933
-0.680180,0.100000,2.200000,0.088940
-0.679479,0.100000,2.200000,0.088946
-0.678779,0.100000,2.200000,0.088953
-0.678078,0.100000,2.200000,0.088960
-0.677377,0.100000,2.200000,0.088967
-0.676677,0.100000,2.200000,0.088974
-0.675976,0.100000,2.200000,0.088981
-0.675275,0.100000,2.200000,0.088988
-0.674575,0.100000,2.200000,0.088996
-0.673874,0.100000,2.200000,0.089003
-0.673173,0.100000,2.200000,0.089010
-0.672472,0.100000,2.200000,0.089017
-0.671772,0.100000,2.200000,0.089024
-0.671071,0.100000,2.200000,0.089032
-0.670370,0.100000,2.200000,0.089039
-0.669670,0.100000,2.200000,0.089046
-0.668969,0.100000,2.200000,0.089054
-0.668268,0.100000,2.200000,0.089061
-0.667568,0.100000,2.200000,0.089069
-0.666867,0.100000,2.200000,0.089076
-0.666166,0.100000,2.200000,0.089084
-0.665465,0.100000,2.200000,0.089091
-0.664765,0.100000,2.200000,0.089099
-0.664064,0.100000,2.200000,0.089107
-0.663363,0.100000,2.200000,0.089114
-0.662663,0.100000,2.200000,0.089122
-0.661962,0.100000,2.200000,0.089130
-0.661261,0.100000,2.200000,0.089138
-0.660561,0.100000,2.200000,0.089145
-0.659860,0.100000,2.200000,0.089153
-0.659159,0.100000,2.200000,0.089161
-0.658458,0.100000,2.200000,0.089169
-0.657758,0.100000,2.200000,0.089177
-0.657057,0.100000,2.200000,0.089185
-0.656356,0.100000,2.200000,0.089193
-0.655656,0.100000,2.200000,0.089201
-0.654955,0.100000,2.200000,0.089209
-0.654254,0.100000,2.200000,0.089218
-0.653554,0.100000,2.200000,0.089226
-0.652853,0.100000,2.200000,0.089234
-0.652152,0.100000,2.200000,0.089242
-0.651451,0.100000,2.200000,0.089251
-0.650751,0.100000,2.200000,0.089259
-0.650050,0.100000,2.200000,0.089267
-0.649349,0.100000,2.200000,0.089276
-0.648649,0.100000,2.200000,0.089284
-0.647948,0.100000,2.200000,0.089293
-0.647247,0.100000,2.200000,0.089301
-0.646547,0.100000,2.200000,0.089310
-0.645846,0.100000,2.200000,0.089318
-0.645145,0.100000,2.200000,0.089327
-0.644444,0.100000,2.200000,0.089336
-0.643744,0.100000,2.200000,0.089344
-0.643043,0.100000,2.200000,0.089353
-0.642342,0.100000,2.200000,0.089362
-0.641642,0.100000,2.200000,0.089371
-0.640941,0.100000,2.200000,0.089380
-0.640240,0.100000,2.200000,0.089389
-0.639540,0.100000,2.200000,0.089397
-0.638839,0.100000,2.200000,0.089406
-0.638138,0.100000,2.200000,0.089416
-0.637437,0.100000,2.200000,0.089424
-0.636737,0.100000,2.200000,0.089434
-0.636036,0.100000,2.200000,0.089443
-0.635335,0.100000,2.200000,0.089452
-0.634635,0.100000,2.200000,0.089461
-0.633934,0.100000,2.200000,0.089470
-0.633233,0.100000,2.200000,0.089480
-0.632533,0.100000,2.200000,0.089489
-0.631832,0.100000,2.200000,0.089499
-0.631131,0.100000,2.200000,0.089508
-0.630430,0.100000,2.200000,0.089517
-0.629730,0.100000,2.200000,0.089527
-0.629029,0.100000,2.200000,0.089536
-0.628328,0.100000,2.200000,0.089546
-0.627628,0.100000,2.200000,0.089556
-0.626927,0.100000,2.200000,0.089565
-0.626226,0.100000,2.200000,0.089575
-0.625526,0.100000,2.200000,0.089585
-0.624825,0.100000,2.200000,0.089595
-0.624124,0.100000,2.200000,0.089604
-0.623423,0.100000,2.200000,0.089614
-0.622723,0.100000,2.200000,0.089624
-0.622022,0.100000,2.200000,0.089634
-0.621321,0.100000,2.200000,0.089644
-0.620621,0.100000,2.200000,0.089654
-0.619920,0.100000,2.200000,0.089664
-0.619219,0.100000,2.200000,0.089674
-0.618519,0.100000,2.200000,0.089684
-0.617818,0.100000,2.200000,0.089695
-0.617117,0.100000,2.200000,0.089705
-0.616416,0.100000,2.200000,0.089715
-0.615716,0.100000,2.200000,0.089726
-0.615015,0.100000,2.200000,0.089736
-0.614314,0.100000,2.200000,0.089746
-0.613614,0.100000,2.200000,0.089757
-0.612913,0.100000,2.200000,0.089767
-0.612212,0.100000,2.200000,0.089778
-0.611512,0.100000,2.200000,0.089788
-0.610811,0.100000,2.200000,0.089799
-0.610110,0.100000,2.200000,0.089810
-0.609409,0.100000,2.200000,0.089820
-0.608709,0.100000,2.200000,0.089831
-0.608008,0.100000,2.200000,0.089842
-0.607307,0.100000,2.200000,0.089853
-0.606607,0.100000,2.200000,0.089863
-0.605906,0.100000,2.200000,0.089874
-0.605205,0.100000,2.200000,0.089885
-0.604505,0.100000,2.200000,0.089896
-0.603804,0.100000,2.200000,0.089907
-0.603103,0.100000,2.200000,0.089919
-0.602402,0.100000,2.200000,0.089930
-0.601702,0.100000,2.200000,0.089941
-0.601001,0.100000,2.200000,0.089952
-0.600300,0.100000,2.200000,0.089963
-0.599600,0.100000,2.200000,0.089975
-0.598899,0.100000,2.200000,0.089986
-0.598198,0.100000,2.200000,0.089997
-0.597497,0.100000,2.200000,0.090009
-0.596797,0.100000,2.200000,0.090020
-0.596096,0.100000,2.200000,0.090032
-0.595395,0.100000,2.200000,0.090044
-0.594695,0.100000,2.200000,0.090055
-0.593994,0.100000,2.200000,0.090067
-0.593293,0.100000,2.200000,0.090079
-0.592593,0.100000,2.200000,0.090090
-0.591892,0.100000,2.200000,0.090102
-0.591191,0.100000,2.200000,0.090114
-0.590490,0.100000,2.200000,0.090126
-0.589790,0.100000,2.200000,0.090138
-0.589089,0.100000,2.200000,0.090150
-0.588388,0.100000,2.200000,0.090162
-0.587688,0.100000,2.200000,0.090174
-0.586987,0.100000,2.200000,0.090186
-0.586286,0.100000,2.200000,0.090198
-0.585586,0.100000,2.200000,0.090211
-0.584885,0.100000,2.200000,0.090223
-0.584184,0.100000,2.200000,0.090235
-0.583483,0.100000,2.200000,0.090248
-0.582783,0.100000,2.200000,0.090260
-0.582082,0.100000,2.200000,0.090273
-0.581381,0.100000,2.200000,0.090285
-0.580681,0.100000,2.200000,0.090298
-0.579980,0.100000,2.200000,0.090310
-0.579279,0.100000,2.200000,0.090323
-0.578579,0.100000,2.200000,0.090336
-0.577878,0.100000,2.200000,0.090348
-0.577177,0.100000,2.200000,0.090361
-0.576476,0.100000,2.200000,0.090374
-0.575776,0.100000,2.200000,0.090387
-0.575075,0.100000,2.200000,0.090400
-0.574374,0.100000,2.200000,0.090413
-0.573674,0.100000,2.200000,0.090426
-0.572973,0.100000,2.200000,0.090439
-0.572272,0.100000,2.200000,0.090453
-0.571572,0.100000,2.200000,0.090466
-0.570871,0.100000,2.200000,0.090479
-0.570170,0.100000,2.200000,0.090492
-0.569469,0.100000,2.200000,0.090506
-0.568769,0.100000,2.200000,0.090519
-0.568068,0.100000,2.200000,0.090533
-0.567367,0.100000,2.200000,0.090546
-0.566667,0.100000,2.200000,0.090560
-0.565966,0.100000,2.200000,0.090574
-0.565265,0.100000,2.200000,0.090587
-0.564565,0.100000,2.200000,0.090601
-0.563864,0.100000,2.200000,0.090615
-0.563163,0.100000,2.200000,0.090629
-0.562462,0.100000,2.200000,0.090643
-0.561762,0.100000,2.200000,0.090657
-0.561061,0.100000,2.200000,0.090671
-0.560360,0.100000,2.200000,0.090685
-0.559660,0.100000,2.200000,0.090699
-0.558959,0.100000,2.200000,0.090713
-0.558258,0.100000,2.200000,0.090727
-0.557558,0.100000,2.200000,0.090742
-0.556857,0.100000,2.200000,0.090756
-0.556156,0.100000,2.200000,0.090770
-0.555455,0.100000,2.200000,0.090785
-0.554755,0.100000,2.200000,0.090799
-0.554054,0.100000,2.200000,0.090814
-0.553353,0.100000,2.200000,0.090829
-0.552653,0.100000,2.200000,0.090843
-0.551952,0.100000,2.200000,0.090858
-0.551251,0.100000,2.200000,0.090873
-0.550551,0.100000,2.200000,0.090888
-0.549850,0.100000,2.200000,0.090903
-0.549149,0.100000,2.200000,0.090918
-0.548448,0.100000,2.200000,0.090933
-0.547748,0.100000,2.200000,0.090948
-0.547047,0.100000,2.200000,0.090963
-0.546346,0.100000,2.200000,0.090979
-0.545646,0.100000,2.200000,0.090994
-0.544945,0.100000,2.200000,0.091009
-0.544244,0.100000,2.200000,0.091025
-0.543544,0.100000,2.200000,0.091040
-0.542843,0.100000,2.200000,0.091056
-0.542142,0.100000,2.200000,0.091072
-0.541441,0.100000,2.200000,0.091087
-0.540741,0.100000,2.200000,0.091103
-0.540040,0.100000,2.200000,0.091119
-0.539339,0.100000,2.200000,0.091135
-0.538639,0.100000,2.200000,0.091151
-0.537938,0.100000,2.200000,0.091167
-0.537237,0.100000,2.200000,0.091183
-0.536537,0.100000,2.200000,0.091199
-0.535836,0.100000,2.200000,0.091215
-0.535135,0.100000,2.200000,0.091232
-0.534434,0.100000,2.200000,0.091248
-0.533734,0.100000,2.200000,0.091265
-0.533033,0.100000,2.200000,0.091281
-0.532332,0.100000,2.200000,0.091298
-0.531632,0.100000,2.200000,0.091314
-0.530931,0.100000,2.200000,0.091331
-0.530230,0.100000,2.200000,0.091348
-0.529530,0.100000,2.200000,0.091365
-0.528829,0.100000,2.200000,0.091382
-0.528128,0.100000,2.200000,0.091399
-0.527427,0.100000,2.200000,0.091416
-0.526727,0.100000,2.200000,0.091433
-0.526026,0.100000,2.200000,0.091451
-0.525325,0.100000,2.200000,0.091468
-0.524625,0.100000,2.200000,0.091485
-0.523924,0.100000,2.200000,0.091503
-0.523223,0.100000,2.200000,0.091520
-0.522523,0.100000,2.200000,0.091538
-0.521822,0.100000,2.200000,0.091556
-0.521121,0.100000,2.200000,0.091574
-0.520420,0.100000,2.200000,0.091592
-0.519720,0.100000,2.200000,0.091610
-0.519019,0.100000,2.200000,0.091628
-0.518318,0.100000,2.200000,0.091646
-0.517618,0.100000,2.200000,0.091664
-0.516917,0.100000,2.200000,0.091683
-0.516216,0.100000,2.200000,0.091701
-0.515516,0.100000,2.200000,0.091719
-0.514815,0.100000,2.200000,0.091738
-0.514114,0.100000,2.200000,0.091757
-0.513413,0.100000,2.200000,0.091776
-0.512713,0.100000,2.200000,0.091795
-0.512012,0.100000,2.200000,0.091814
-0.511311,0.100000,2.200000,0.091833
-0.510611,0.100000,2.200000,0.091852
-0.509910,0.100000,2.200000,0.091871
-0.509209,0.100000,2.200000,0.091891
-0.508509,0.100000,2.200000,0.091910
-0.507808,0.100000,2.200000,0.091929
-0.507107,0.100000,2.200000,0.091949
-0.506406,0.100000,2.200000,0.091969
-0.505706,0.100000,2.200000,0.091989
-0.505005,0.100000,2.200000,0.092009
-0.504304,0.100000,2.200000,0.092029
-0.503604,0.100000,2.200000,0.092049
-0.502903,0.100000,2.200000,0.092069
-0.502202,0.100000,2.200000,0.092090
-0.501502,0.100000,2.200000,0.092110
-0.500801,0.100000,2.200000,0.092131
-0.500100,0.100000,2.200000,0.092152
-0.499399,0.100000,2.200000,0.092173
-0.498699,0.100000,2.200000,0.092194
-0.497998,0.100000,2.200000,0.092215
-0.497297,0.100000,2.200000,0.092236
-0.496597,0.100000,2.200000,0.092257
-0.495896,0.100000,2.200000,0.092279
-0.495195,0.100000,2.200000,0.092300
-0.494494,0.100000,2.200000,0.092322
-0.493794,0.100000,2.200000,0.092344
-0.493093,0.100000,2.200000,0.092366
-0.492392,0.100000,2.200000,0.092388
-0.491692,0.100000,2.200000,0.092410
-0.490991,0.100000,2.200000,0.092433
-0.490290,0.100000,2.200000,0.092455
-0.489590,0.100000,2.200000,0.092478
-0.488889,0.100000,2.200000,0.092501
-0.488188,0.100000,2.200000,0.092524
-0.487487,0.100000,2.200000,0.092547
-0.486787,0.100000,2.200000,0.092570
-0.486086,0.100000,2.200000,0.092593
-0.485385,0.100000,2.200000,0.092617
-0.484685,0.100000,2.200000,0.092640
-0.483984,0.100000,2.200000,0.092664
-0.483283,0.100000,2.200000,0.092688
-0.482583,0.100000,2.200000,0.092712
-0.481882,0.100000,2.200000,0.092737
-0.481181,0.100000,2.200000,0.092761
-0.480480,0.100000,2.200000,0.092786
-0.479780,0.100000,2.200000,0.092811
-0.479079,0.100000,2.200000,0.092835
-0.478378,0.100000,2.200000,0.092861
-0.477678,0.100000,2.200000,0.092886
-0.476977,0.100000,2.200000,0.092911
-0.476276,0.100000,2.200000,0.092937
-0.475576,0.100000,2.200000,0.092963
-0.474875,0.100000,2.200000,0.092989
-0.474174,0.100000,2.200000,0.093015
-0.473473,0.100000,2.200000,0.093042
-0.472773,0.100000,2.200000,0.093068
-0.472072,0.100000,2.200000,0.093095
-0.471371,0.100000,2.200000,0.093122
-0.470671,0.100000,2.200000,0.093149
-0.469970,0.100000,2.200000,0.093177
-0.469269,0.100000,2.200000,0.093204
-0.468569,0.100000,2.200000,0.093232
-0.467868,0.100000,2.200000,0.093260
-0.467167,0.100000,2.200000,0.093288
-0.466466,0.100000,2.200000,0.093317
-0.465766,0.100000,2.200000,0.093345
-0.465065,0.100000,2.200000,0.093374
-0.464364,0.100000,2.200000,0.093404
-0.463664,0.100000,2.200000,0.093433
-0.462963,0.100000,2.200000,0.093462
-0.462262,0.100000,2.200000,0.093492
-0.461562,0.100000,2.200000,0.093522
-0.460861,0.100000,2.200000,0.093553
-0.460160,0.100000,2.200000,0.093583
-0.459459,0.100000,2.200000,0.093614
-0.458759,0.100000,2.200000,0.093645
-0.458058,0.100000,2.200000,0.093677
-0.457357,0.100000,2.200000,0.093709
-0.456657,0.100000,2.200000,0.093741
-0.455956,0.100000,2.200000,0.093773
-0.455255,0.100000,2.200000,0.093805
-0.454555,0.100000,2.200000,0.093838
-0.453854,0.100000,2.200000,0.093871
-0.453153,0.100000,2.200000,0.093905
-0.452452,0.100000,2.200000,0.093938
-0.451752,0.100000,2.200000,0.093972
-0.451051,0.100000,2.200000,0.094007
-0.450350,0.100000,2.200000,0.094041
-0.449650,0.100000,2.200000,0.094076
-0.448949,0.100000,2.200000,0.094112
-0.448248,0.100000,2.200000,0.094147
-0.447548,0.100000,2.200000,0.094183
-0.446847,0.100000,2.200000,0.094219
-0.446146,0.100000,2.200000,0.094256
-0.445445,0.100000,2.200000,0.094293
-0.444745,0.100000,2.200000,0.094331
-0.444044,0.100000,2.200000,0.094368
-0.443343,0.100000,2.200000,0.094406
-0.442643,0.100000,2.200000,0.094445
-0.441942,0.100000,2.200000,0.094484
-0.441241,0.100000,2.200000,0.094523
-0.440541,0.100000,2.200000,0.094563
-0.439840,0.100000,2.200000,0.094603
-0.439139,0.100000,2.200000,0.094643
-0.438438,0.100000,2.200000,0.094684
-0.437738,0.100000,2.200000,0.094726
-0.437037,0.100000,2.200000,0.094767
-0.436336,0.100000,2.200000,0.094809
-0.435636,0.100000,2.200000,0.094852
-0.434935,0.100000,2.200000,0.094895
-0.434234,0.100000,2.200000,0.094939
-0.433534,0.100000,2.200000,0.094983
-0.432833,0.100000,2.200000,0.095028
-0.432132,0.100000,2.200000,0.095073
-0.431431,0.100000,2.200000,0.095118
-0.430731,0.100000,2.200000,0.095164
-0.430030,0.100000,2.200000,0.095211
-0.429329,0.100000,2.200000,0.095258
-0.428629,0.100000,2.200000,0.095305
-0.427928,0.100000,2.200000,0.095353
-0.427227,0.100000,2.200000,0.095402
-0.426527,0.100000,2.200000,0.095451
-0.425826,0.100000,2.200000,0.095501
-0.425125,0.100000,2.200000,0.095552
-0.424424,0.100000,2.200000,0.095602
-0.423724,0.100000,2.200000,0.095654
-0.423023,0.100000,2.200000,0.095706
-0.422322,0.100000,2.200000,0.095759
-0.421622,0.100000,2.200000,0.095812
-0.420921,0.100000,2.200000,0.095866
-0.420220,0.100000,2.200000,0.095921
-0.419520,0.100000,2.200000,0.095976
-0.418819,0.100000,2.200000,0.096032
-0.418118,0.100000,2.200000,0.096089
-0.417417,0.100000,2.200000,0.096146
-0.416717,0.100000,2.200000,0.096205
-0.416016,0.100000,2.200000,0.096263
-0.415315,0.100000,2.200000,0.096323
-0.414615,0.100000,2.200000,0.096383
-0.413914,0.100000,2.200000,0.096444
-0.413213,0.100000,2.200000,0.096506
-0.412513,0.100000,2.200000,0.096568
-0.411812,0.100000,2.200000,0.096632
-0.411111,0.100000,2.200000,0.096696
-0.410410,0.100000,2.200000,0.096761
-0.409710,0.100000,2.200000,0.096826
-0.409009,0.100000,2.200000,0.096893
-0.408308,0.100000,2.200000,0.096960
-0.407608,0.100000,2.200000,0.097029
-0.406907,0.100000,2.200000,0.097098
-0.406206,0.100000,2.200000,0.097168
-0.405506,0.100000,2.200000,0.097239
-0.404805,0.100000,2.200000,0.097311
-0.404104,0.100000,2.200000,0.097384
-0.403403,0.100000,2.200000,0.097458
-0.402703,0.100000,2.200000,0.097532
-0.402002,0.100000,2.200000,0.097608
-0.401301,0.100000,2.200000,0.097685
-0.400601,0.100000,2.200000,0.097762
-0.399900,0.100000,2.200000,0.097841
-0.399199,0.100000,2.200000,0.097921
-0.398498,0.100000,2.200000,0.098002
-0.397798,0.100000,2.200000,0.098084
-0.397097,0.100000,2.200000,0.098167
-0.396396,0.100000,2.200000,0.098251
-0.395696,0.100000,2.200000,0.098336
-0.394995,0.100000,2.200000,0.098423
-0.394294,0.100000,2.200000,0.098510
-0.393594,0.100000,2.200000,0.098599
-0.392893,0.100000,2.200000,0.098689
-0.392192,0.100000,2.200000,0.098780
-0.391491,0.100000,2.200000,0.098873
-0.390791,0.100000,2.200000,0.098966
-0.390090,0.100000,2.200000,0.099061
-0.389389,0.100000,2.200000,0.099157
-0.388689,0.100000,2.200000,0.099255
-0.387988,0.100000,2.200000,0.099353
-0.387287,0.100000,2.200000,0.099454
-0.386587,0.100000,2.200000,0.099555
-0.385886,0.100000,2.200000,0.099658
-0.385185,0.100000,2.200000,0.099762
-0.384484,0.100000,2.200000,0.099868
-0.383784,0.100000,2.200000,0.099975
-0.383083,0.100000,2.200000,0.100084
-0.382382,0.100000,2.200000,0.100194
-0.381682,0.100000,2.200000,0.100305
-0.380981,0.100000,2.200000,0.100418
-0.380280,0.100000,2.200000,0.100533
-0.379580,0.100000,2.200000,0.100649
-0.378879,0.100000,2.200000,0.100766
-0.378178,0.100000,2.200000,0.100886
-0.377477,0.100000,2.200000,0.101006
-0.376777,0.100000,2.200000,0.101129
-0.376076,0.100000,2.200000,0.101253
-0.375375,0.100000,2.200000,0.101379
-0.374675,0.100000,2.200000,0.101506
-0.373974,0.100000,2.200000,0.101635
-0.373273,0.100000,2.200000,0.101766
-0.372573,0.100000,2.200000,0.101899
-0.371872,0.100000,2.200000,0.102033
-0.371171,0.100000,2.200000,0.102169
-0.370470,0.100000,2.200000,0.102307
-0.369770,0.100000,2.200000,0.102447
-0.369069,0.100000,2.200000,0.102588
-0.368368,0.100000,2.200000,0.102731
-0.367668,0.100000,2.200000,0.102877
-0.366967,0.100000,2.200000,0.103024
-0.366266,0.100000,2.200000,0.103173
-0.365566,0.100000,2.200000,0.103323
-0.364865,0.100000,2.200000,0.103476
-0.364164,0.100000,2.200000,0.103631
-0.363463,0.100000,2.200000,0.103788
-0.362763,0.100000,2.200000,0.103946
-0.362062,0.100000,2.200000,0.104107
-0.361361,0.100000,2.200000,0.104270
-0.360661,0.100000,2.200000,0.104434
-0.359960,0.100000,2.200000,0.104601
-0.359259,0.100000,2.200000,0.104770
-0.358559,0.100000,2.200000,0.104940
-0.357858,0.100000,2.200000,0.105113
-0.357157,0.100000,2.200000,0.105288
-0.356456,0.100000,2.200000,0.105465
-0.355756,0.100000,2.200000,0.105644
-0.355055,0.100000,2.200000,0.105825
-0.354354,0.100000,2.200000,0.106008
-0.353654,0.100000,2.200000,0.106193
-0.352953,0.100000,2.200000,0.106380
-0.352252,0.100000,2.200000,0.106570
-0.351552,0.100000,2.200000,0.106761
-0.350851,0.100000,2.200000,0.106955
-0.350150,0.100000,2.200000,0.107151
-0.349449,0.100000,2.200000,0.107348
-0.348749,0.100000,2.200000,0.107548
-0.348048,0.100000,2.200000,0.107750
-0.347347,0.100000,2.200000,0.107955
-0.346647,0.100000,2.200000,0.108161
-0.345946,0.100000,2.200000,0.108369
-0.345245,0.100000,2.200000,0.108579
-0.344545,0.100000,2.200000,0.108791
-0.343844,0.100000,2.200000,0.109006
-0.343143,0.100000,2.200000,0.109222
-0.342442,0.100000,2.200000,0.109441
-0.341742,0.100000,2.200000,0.109661
-0.341041,0.100000,2.200000,0.109883
-0.340340,0.100000,2.200000,0.110108
-0.339640,0.100000,2.200000,0.110334
-0.338939,0.100000,2.200000,0.110562
-0.338238,0.100000,2.200000,0.110792
-0.337538,0.100000,2.200000,0.111024
-0.336837,0.100000,2.200000,0.111257
-0.336136,0.100000,2.200000,0.111493
-0.335435,0.100000,2.200000,0.111730
-0.334735,0.100000,2.200000,0.111969
-0.334034,0.100000,2.200000,0.112209
-0.333333,0.100000,2.200000,0.112451
-0.332633,0.100000,2.200000,0.112695
-0.331932,0.100000,2.200000,0.112940
-0.331231,0.100000,2.200000,0.113186
-0.330531,0.100000,2.200000,0.113434
-0.329830,0.100000,2.200000,0.113684
-0.329129,0.100000,2.200000,0.113934
-0.328428,0.100000,2.200000,0.114186
-0.327728,0.100000,2.200000,0.114439
-0.327027,0.100000,2.200000,0.114693
-0.326326,0.100000,2.200000,0.114948
-0.325626,0.100000,2.200000,0.115204
-0.324925,0.100000,2.200000,0.115461
-0.324224,0.100000,2.200000,0.115719
-0.323524,0.100000,2.200000,0.115977
-0.322823,0.100000,2.200000,0.116236
-0.322122,0.100000,2.200000,0.116496
-0.321421,0.100000,2.200000,0.116756
-0.320721,0.100000,2.200000,0.117016
-0.320020,0.100000,2.200000,0.117277
-0.319319,0.100000,2.200000,0.117538
-0.318619,0.100000,2.200000,0.117799
-0.317918,0.100000,2.200000,0.118059
-0.317217,0.100000,2.200000,0.118320
-0.316517,0.100000,2.200000,0.118580
-0.315816,0.100000,2.200000,0.118840
-0.315115,0.100000,2.200000,0.119099
-0.314414,0.100000,2.200000,0.119358
-0.313714,0.100000,2.200000,0.119615
-0.313013,0.100000,2.200000,0.119872
-0.312312,0.100000,2.200000,0.120128
-0.311612,0.100000,2.200000,0.120382
-0.310911,0.100000,2.200000,0.120635
-0.310210,0.100000,2.200000,0.120887
-0.309510,0.100000,2.200000,0.121137
-0.308809,0.100000,2.200000,0.121384
-0.308108,0.100000,2.200000,0.121630
-0.307407,0.100000,2.200000,0.121874
-0.306707,0.100000,2.200000,0.122115
-0.306006,0.100000,2.200000,0.122353
-0.305305,0.100000,2.200000,0.122589
-0.304605,0.100000,2.200000,0.122821
-0.303904,0.100000,2.200000,0.123051
-0.303203,0.100000,2.200000,0.123276
-0.302503,0.100000,2.200000,0.123499
-0.301802,0.100000,2.200000,0.123717
-0.301101,0.100000,2.200000,0.123931
-0.300400,0.100000,2.200000,0.124140
-0.299700,0.100000,2.200000,0.124345
-0.298999,0.100000,2.200000,0.124545
-0.298298,0.100000,2.200000,0.124740
-0.297598,0.100000,2.200000,0.124929
-0.296897,0.100000,2.200000,0.125113
-0.296196,0.100000,2.200000,0.125290
-0.295495,0.100000,2.200000,0.125461
-0.294795,0.100000,2.200000,0.125625
-0.294094,0.100000,2.200000,0.125782
-0.293393,0.100000,2.200000,0.125931
-0.292693,0.100000,2.200000,0.126073
-0.291992,0.100000,2.200000,0.126206
-0.291291,0.100000,2.200000,0.126330
-0.290591,0.100000,2.200000,0.126446
-0.289890,0.100000,2.200000,0.126552
-0.289189,0.100000,2.200000,0.126649
-0.288488,0.100000,2.200000,0.126735
-0.287788,0.100000,2.200000,0.126810
-0.287087,0.100000,2.200000,0.126875
-0.286386,0.100000,2.200000,0.126927
-0.285686,0.100000,2.200000,0.126968
-0.284985,0.100000,2.200000,0.126996
-0.284284,0.100000,2.200000,0.127011
-0.283584,0.100000,2.200000,0.127013
-0.282883,0.100000,2.200000,0.127000
-0.282182,0.100000,2.200000,0.126973
-0.281481,0.100000,2.200000,0.126932
-0.280781,0.100000,2.200000,0.126875
-0.280080,0.100000,2.200000,0.126802
-0.279379,0.100000,2.200000,0.126713
-0.278679,0.100000,2.200000,0.126607
-0.277978,0.100000,2.200000,0.126485
-0.277277,0.100000,2.200000,0.126345
-0.276577,0.100000,2.200000,0.126188
-0.275876,0.100000,2.200000,0.126013
-0.275175,0.100000,2.200000,0.125819
-0.274474,0.100000,2.200000,0.125608
-0.273774,0.100000,2.200000,0.125378
-0.273073,0.100000,2.200000,0.125129
-0.272372,0.100000,2.200000,0.124863
-0.271672,0.100000,2.200000,0.124577
-0.270971,0.100000,2.200000,0.124274
-0.270270,0.100000,2.200000,0.123953
-0.269570,0.100000,2.200000,0.123614
-0.268869,0.100000,2.200000,0.123258
-0.268168,0.100000,2.200000,0.122885
-0.267467,0.100000,2.200000,0.122496
-0.266767,0.100000,2.200000,0.122092
-0.266066,0.100000,2.200000,0.121673
-0.265365,0.100000,2.200000,0.121240
-0.264665,0.100000,2.200000,0.120795
-0.263964,0.100000,2.200000,0.120338
-0.263263,0.100000,2.200000,0.119870
-0.262563,0.100000,2.200000,0.119392
-0.261862,0.100000,2.200000,0.118907
-0.261161,0.100000,2.200000,0.118415
-0.260460,0.100000,2.200000,0.117916
-0.259760,0.100000,2.200000,0.117414
-0.259059,0.100000,2.200000,0.116909
-0.258358,0.100000,2.200000,0.116402
-0.257658,0.100000,2.200000,0.115895
-0.256957,0.100000,2.200000,0.115390
-0.256256,0.100000,2.200000,0.114887
-0.255556,0.100000,2.200000,0.114387
-0.254855,0.100000,2.200000,0.113893
-0.254154,0.100000,2.200000,0.113405
-0.253453,0.100000,2.200000,0.112925
-0.252753,0.100000,2.200000,0.112453
-0.252052,0.100000,2.200000,0.111990
-0.251351,0.100000,2.200000,0.111537
-0.250651,0.100000,2.200000,0.111095
-0.249950,0.100000,2.200000,0.110664
-0.249249,0.100000,2.200000,0.110246
-0.248549,0.100000,2.200000,0.109840
-0.247848,0.100000,2.200000,0.109447
-0.247147,0.100000,2.200000,0.109068
-0.246446,0.100000,2.200000,0.108701
-0.245746,0.100000,2.200000,0.108348
-0.245045,0.100000,2.200000,0.108009
-0.244344,0.100000,2.200000,0.107683
-0.243644,0.100000,2.200000,0.107371
-0.242943,0.100000,2.200000,0.107072
-0.242242,0.100000,2.200000,0.106786
-0.241542,0.100000,2.200000,0.106512
-0.240841,0.100000,2.200000,0.106252
-0.240140,0.100000,2.200000,0.106003
-0.239439,0.100000,2.200000,0.105767
-0.238739,0.100000,2.200000,0.105542
-0.238038,0.100000,2.200000,0.105328
-0.237337,0.100000,2.200000,0.105125
-0.236637,0.100000,2.200000,0.104932
-0.235936,0.100000,2.200000,0.104749
-0.235235,0.100000,2.200000,0.104575
-0.234535,0.100000,2.200000,0.104411
-0.233834,0.100000,2.200000,0.104255
-0.233133,0.100000,2.200000,0.104108
-0.232432,0.100000,2.200000,0.103969
-0.231732,0.100000,2.200000,0.103837
-0.231031,0.100000,2.200000,0.103712
-0.230330,0.100000,2.200000,0.103595
-0.229630,0.100000,2.200000,0.103483
-0.228929,0.100000,2.200000,0.103378
-0.228228,0.100000,2.200000,0.103279
-0.227528,0.100000,2.200000,0.103185
-0.226827,0.100000,2.200000,0.103097
-0.226126,0.100000,2.200000,0.103013
-0.225425,0.100000,2.200000,0.102934
-0.224725,0.100000,2.200000,0.102860
-0.224024,0.100000,2.200000,0.102790
-0.223323,0.100000,2.200000,0.102724
-0.222623,0.100000,2.200000,0.102661
-0.221922,0.100000,2.200000,0.102603
-0.221221,0.100000,2.200000,0.102547
-0.220521,0.100000,2.200000,0.102495
-0.219820,0.100000,2.200000,0.102446
-0.219119,0.100000,2.200000,0.102399
-0.218418,0.100000,2.200000,0.102356
-0.217718,0.100000,2.200000,0.102314
-0.217017,0.100000,2.200000,0.102276
-0.216316,0.100000,2.200000,0.102239
-0.215616,0.100000,2.200000,0.102205
-0.214915,0.100000,2.200000,0.102173
-0.214214,0.100000,2.200000,0.102142
-0.213514,0.100000,2.200000,0.102114
-0.212813,0.100000,2.200000,0.102087
-0.212112,0.100000,2.200000,0.102062
-0.211411,0.100000,2.200000,0.102038
-0.210711,0.100000,2.200000,0.102016
-0.210010,0.100000,2.200000,0.101995
-0.209309,0.100000,2.200000,0.101976
-0.208609,0.100000,2.200000,0.101957
-0.207908,0.100000,2.200000,0.101940
-0.207207,0.100000,2.200000,0.101924
-0.206507,0.100000,2.200000,0.101910
-0.205806,0.100000,2.200000,0.101896
-0.205105,0.100000,2.200000,0.101883
-0.204404,0.100000,2.200000,0.101871
-0.203704,0.100000,2.200000,0.101860
-0.203003,0.100000,2.200000,0.101850
-0.202302,0.100000,2.200000,0.101840
-0.201602,0.100000,2.200000,0.101831
-0.200901,0.100000,2.200000,0.101823
-0.200200,0.100000,2.200000,0.101816
-0.199499,0.100000,2.200000,0.101809
-0.198799,0.100000,2.200000,0.101803
-0.198098,0.100000,2.200000,0.101798
-0.197397,0.100000,2.200000,0.101793
-0.196697,0.100000,2.200000,0.101788
-0.195996,0.100000,2.200000,0.101784
-0.195295,0.100000,2.200000,0.101781
-0.194595,0.100000,2.200000,0.101778
-0.193894,0.100000,2.200000,0.101775
-0.193193,0.100000,2.200000,0.101773
-0.192492,0.100000,2.200000,0.101772
-0.191792,0.100000,2.200000,0.101770
-0.191091,0.100000,2.200000,0.101770
-0.190390,0.100000,2.200000,0.101769
-0.189690,0.100000,2.200000,0.101769
-0.188989,0.100000,2.200000,0.101769
-0.188288,0.100000,2.200000,0.101769
-0.187588,0.100000,2.200000,0.101770
-0.186887,0.100000,2.200000,0.101771
-0.186186,0.100000,2.200000,0.101772
-0.185485,0.100000,2.200000,0.101774
-0.184785,0.100000,2.200000,0.101776
-0.184084,0.100000,2.200000,0.101778
-0.183383,0.100000,2.200000,0.101780
-0.182683,0.100000,2.200000,0.101783
-0.181982,0.100000,2.200000,0.101786
-0.181281,0.100000,2.200000,0.101789
-0.180581,0.100000,2.200000,0.101792
-0.179880,0.100000,2.200000,0.101796
-0.179179,0.100000,2.200000,0.101800
-0.178478,0.100000,2.200000,0.101804
-0.177778,0.100000,2.200000,0.101808
-0.177077,0.100000,2.200000,0.101812
-0.176376,0.100000,2.200000,0.101817
-0.175676,0.100000,2.200000,0.101822
-0.174975,0.100000,2.200000,0.101827
-0.174274,0.100000,2.200000,0.101832
-0.173574,0.100000,2.200000,0.101837
-0.172873,0.100000,2.200000,0.101842
-0.172172,0.100000,2.200000,0.101848
-0.171471,0.100000,2.200000,0.101854
-0.170771,0.100000,2.200000,0.101860
-0.170070,0.100000,2.200000,0.101866
-0.169369,0.100000,2.200000,0.101872
-0.168669,0.100000,2.200000,0.101878
-0.167968,0.100000,2.200000,0.101885
-0.167267,0.100000,2.200000,0.101892
-0.166567,0.100000,2.200000,0.101899
-0.165866,0.100000,2.200000,0.101906
-0.165165,0.100000,2.200000,0.101913
-0.164464,0.100000,2.200000,0.101921
-0.163764,0.100000,2.200000,0.101928
-0.163063,0.100000,2.200000,0.101936
-0.162362,0.100000,2.200000,0.101944
-0.161662,0.100000,2.200000,0.101952
-0.160961,0.100000,2.200000,0.101960
-0.160260,0.100000,2.200000,0.101969
-0.159560,0.100000,2.200000,0.101977
-0.158859,0.100000,2.200000,0.101986
-0.158158,0.100000,2.200000,0.101995
-0.157457,0.100000,2.200000,0.102004
-0.156757,0.100000,2.200000,0.102013
-0.156056,0.100000,2.200000,0.102023
-0.155355,0.100000,2.200000,0.102032
-0.154655,0.100000,2.200000,0.102042
-0.153954,0.100000,2.200000,0.102052
-0.153253,0.100000,2.200000,0.102062
-0.152553,0.100000,2.200000,0.102072
-0.151852,0.100000,2.200000,0.102083
-0.151151,0.100000,2.200000,0.102094
-0.150450,0.100000,2.200000,0.102105
-0.149750,0.100000,2.200000,0.102116
-0.149049,0.100000,2.200000,0.102127
-0.148348,0.100000,2.200000,0.102138
-0.147648,0.100000,2.200000,0.102150
-0.146947,0.100000,2.200000,0.102162
-0.146246,0.100000,2.200000,0.102174
-0.145546,0.100000,2.200000,0.102187
-0.144845,0.100000,2.200000,0.102199
-0.144144,0.100000,2.200000,0.102212
-0.143443,0.100000,2.200000,0.102225
-0.142743,0.100000,2.200000,0.102238
-0.142042,0.100000,2.200000,0.102252
-0.141341,0.100000,2.200000,0.102265
-0.140641,0.100000,2.200000,0.102279
-0.139940,0.100000,2.200000,0.102294
-0.139239,0.100000,2.200000,0.102308
-0.138539,0.100000,2.200000,0.102323
-0.137838,0.100000,2.200000,0.102338
-0.137137,0.100000,2.200000,0.102353
-0.136436,0.100000,2.200000,0.102369
-0.135736,0.100000,2.200000,0.102385
-0.135035,0.100000,2.200000,0.102401
-0.134334,0.100000,2.200000,0.102418
-0.133634,0.100000,2.200000,0.102435
-0.132933,0.100000,2.200000,0.102452
-0.132232,0.100000,2.200000,0.102470
-0.131532,0.100000,2.200000,0.102487
-0.130831,0.100000,2.200000,0.102505
-0.130130,0.100000,2.200000,0.102524
-0.129429,0.100000,2.200000,0.102543
-0.128729,0.100000,2.200000,0.102562
-0.128028,0.100000,2.200000,0.102582
-0.127327,0.100000,2.200000,0.102602
-0.126627,0.100000,2.200000,0.102623
-0.125926,0.100000,2.200000,0.102644
-0.125225,0.100000,2.200000,0.102665
-0.124525,0.100000,2.200000,0.102687
-0.123824,0.100000,2.200000,0.102710
-0.123123,0.100000,2.200000,0.102732
-0.122422,0.100000,2.200000,0.102756
-0.121722,0.100000,2.200000,0.102779
-0.121021,0.100000,2.200000,0.102804
-0.120320,0.100000,2.200000,0.102828
-0.119620,0.100000,2.200000,0.102854
-0.118919,0.100000,2.200000,0.102880
-0.118218,0.100000,2.200000,0.102906
-0.117518,0.100000,2.200000,0.102933
-0.116817,0.100000,2.200000,0.102961
-0.116116,0.100000,2.200000,0.102989
-0.115415,0.100000,2.200000,0.103018
-0.114715,0.100000,2.200000,0.103048
-0.114014,0.100000,2.200000,0.103078
-0.113313,0.100000,2.200000,0.103109
-0.112613,0.100000,2.200000,0.103141
-0.111912,0.100000,2.200000,0.103174
-0.111211,0.100000,2.200000,0.103207
-0.110511,0.100000,2.200000,0.103241
-0.109810,0.100000,2.200000,0.103276
-0.109109,0.100000,2.200000,0.103312
-0.108408,0.100000,2.200000,0.103348
-0.107708,0.100000,2.200000,0.103386
-0.107007,0.100000,2.200000,0.103424
-0.106306,0.100000,2.200000,0.103464
-0.105606,0.100000,2.200000,0.103504
-0.104905,0.100000,2.200000,0.103545
-0.104204,0.100000,2.200000,0.103588
-0.103504,0.100000,2.200000,0.103631
-0.102803,0.100000,2.200000,0.103676
-0.102102,0.100000,2.200000,0.103722
-0.101401,0.100000,2.200000,0.103768
-0.100701,0.100000,2.200000,0.103817
-0.100000,0.100000,2.200000,0.103866
-0.800000,0.100000,2.500000,0.090991
-0.799299,0.100000,2.500000,0.091000
-0.798599,0.100000,2.500000,0.091009
-0.797898,0.100000,2.500000,0.091018
-0.797197,0.100000,2.500000,0.091027
-0.796496,0.100000,2.500000,0.091037
-0.795796,0.100000,2.500000,0.091046
-0.795095,0.100000,2.500000,0.091055
-0.794394,0.100000,2.500000,0.091065
-0.793694,0.100000,2.500000,0.091074
-0.792993,0.100000,2.500000,0.091084
-0.792292,0.100000,2.500000,0.091093
-0.791592,0.100000,2.500000,0.091103
-0.790891,0.100000,2.500000,0.091112
-0.790190,0.100000,2.500000,0.091122
-0.789489,0.100000,2.500000,0.091132
-0.788789,0.100000,2.500000,0.091141
-0.788088,0.100000,2.500000,0.091151
-0.787387,0.100000,2.500000,0.091161
-0.786687,0.100000,2.500000,0.091171
-0.785986,0.100000,2.500000,0.091180
-0.785285,0.100000,2.500000,0.091190
-0.784585,0.100000,2.500000,0.091200
-0.783884,0.100000,2.500000,0.091210
-0.783183,0.100000,2.500000,0.091220
-0.782482,0.100000,2.500000,0.091230
-0.781782,0.100000,2.500000,0.091240
-0.781081,0.100000,2.500000,0.091250
-0.780380,0.100000,2.500000,0.091260
-0.779680,0.100000,2.500000,0.091270
-0.778979,0.100000,2.500000,0.091280
-0.778278,0.100000,2.500000,0.091291
-0.777578,0.100000,2.500000,0.091301
-0.776877,0.100000,2.500000,0.091311
-0.776176,0.100000,2.500000,0.091322
-0.775475,0.100000,2.500000,0.091332
-0.774775,0.100000,2.500000,0.091342
-0.774074,0.100000,2.500000,0.091353
-0.773373,0.100000,2.500000,0.091363
-0.772673,0.100000,2.500000,0.091374
-0.771972,0.100000,2.500000,0.091384
-0.771271,0.100000,2.500000,0.091395
-0.770571,0.100000,2.500000,0.091405
-0.769870,0.100000,2.500000,0.091416
-0.769169,0.100000,2.500000,0.091427
-0.768468,0.100000,2.500000,0.091437
-0.767768,0.100000,2.500000,0.091448
-0.767067,0.100000,2.500000,0.091459
-0.766366,0.100000,2.500000,0.091470
-0.765666,0.100000,2.500000,0.091480
-0.764965,0.100000,2.500000,0.091491
-0.764264,0.100000,2.500000,0.091502
-0.763564,0.100000,2.500000,0.091513
-0.762863,0.100000,2.500000,0.091524
-0.762162,0.100000,2.500000,0.091535
-0.761461,0.100000,2.500000,0.091546
-0.760761,0.100000,2.500000,0.091557
-0.760060,0.100000,2.500000,0.091569
-0.759359,0.100000,2.500000,0.091580
-0.758659,0.100000,2.500000,0.091591
-0.757958,0.100000,2.500000,0.091602
-0.757257,0.100000,2.500000,0.091613
-0.756557,0.100000,2.500000,0.091625
-0.755856,0.100000,2.500000,0.091636
-0.755155,0.100000,2.500000,0.091648
-0.754454,0.100000,2.500000,0.091659
-0.753754,0.100000,2.500000,0.091670
-0.753053,0.100000,2.500000,0.091682
-0.752352,0.100000,2.500000,0.091693
-0.751652,0.100000,2.500000,0.091705
-0.750951,0.100000,2.500000,0.091717
-0.750250,0.100000,2.500000,0.091728
-0.749550,0.100000,2.500000,0.091740
-0.748849,0.100000,2.500000,0.091752
-0.748148,0.100000,2.500000,0.091764
-0.747447,0.100000,2.500000,0.091775
-0.746747,0.100000,2.500000,0.091787
-0.746046,0.100000,2.500000,0.091799
-0.745345,0.100000,2.500000,0.091811
-0.744645,0.100000,2.500000,0.091823
-0.743944,0.100000,2.500000,0.091835
-0.743243,0.100000,2.500000,0.091847
-0.742543,0.100000,2.500000,0.091859
-0.741842,0.100000,2.500000,0.091871
-0.741141,0.100000,2.500000,0.091883
-0.740440,0.100000,2.500000,0.091895
-0.739740,0.100000,2.500000,0.091907
-0.739039,0.100000,2.500000,0.091920
-0.738338,0.100000,2.500000,0.091932
-0.737638,0.100000,2.500000,0.091944
-0.736937,0.100000,2.500000,0.091957
-0.736236,0.100000,2.500000,0.091969
-0.735536,0.100000,2.500000,0.091982
-0.734835,0.100000,2.500000,0.091994
-0.734134,0.100000,2.500000,0.092006
-0.733433,0.100000,2.500000,0.092019
-0.732733,0.100000,2.500000,0.092032
-0.732032,0.100000,2.500000,0.092044
-0.731331,0.100000,2.500000,0.092057
-0.730631,0.100000,2.500000,0.092070
-0.729930,0.100000,2.500000,0.092082
-0.729229,0.100000,2.500000,0.092095
-0.728529,0.100000,2.500000,0.092108
-0.727828,0.100000,2.500000,0.092121
-0.727127,0.100000,2.500000,0.092134
-0.726426,0.100000,2.500000,0.092147
-0.725726,0.100000,2.500000,0.092159
-0.725025,0.100000,2.500000,0.092173
-0.724324,0.100000,2.500000,0.092186
-0.723624,0.100000,2.500000,0.092199
-0.722923,0.100000,2.500000,0.092212
-0.722222,0.100000,2.500000,0.092225
-0.721522,0.100000,2.500000,0.092238
-0.720821,0.100000,2.500000,0.092251
-0.720120,0.100000,2.500000,0.092264
-0.719419,0.100000,2.500000,0.092278
-0.718719,0.100000,2.500000,0.092291
-0.718018,0.100000,2.500000,0.092304
-0.717317,0.100000,2.500000,0.092318
-0.716617,0.100000,2.500000,0.092331
-0.715916,0.100000,2.500000,0.092345
-0.715215,0.100000,2.500000,0.092358
-0.714515,0.100000,2.500000,0.092372
-0.713814,0.100000,2.500000,0.092385
-0.713113,0.100000,2.500000,0.092399
-0.712412,0.100000,2.500000,0.092413
-0.711712,0.100000,2.500000,0.092426
-0.711011,0.100000,2.500000,0.092440
-0.710310,0.100000,2.500000,0.092454
-0.709610,0.100000,2.500000,0.092468
-0.708909,0.100000,2.500000,0.092482
-0.708208,0.100000,2.500000,0.092496
-0.707508,0.100000,2.500000,0.092510
-0.706807,0.100000,2.500000,0.092523
-0.706106,0.100000,2.500000,0.092537
-0.705405,0.100000,2.500000,0.092551
-0.704705,0.100000,2.500000,0.092566
-0.704004,0.100000,2.500000,0.092580
-0.703303,0.100000,2.500000,0.092594
-0.702603,0.100000,2.500000,0.092608
-0.701902,0.100000,2.500000,0.092622
-0.701201,0.100000,2.500000,0.092636
-0.700501,0.100000,2.500000,0.092651
-0.699800,0.100000,2.500000,0.092665
-0.699099,0.100000,2.500000,0.092680
-0.698398,0.100000,2.500000,0.092694
-0.697698,0.100000,2.500000,0.092708
-0.696997,0.100000,2.500000,0.092723
-0.696296,0.100000,2.500000,0.092738
-0.695596,0.100000,2.500000,0.092752
-0.694895,0.100000,2.500000,0.092767
-0.694194,0.100000,2.500000,0.092781
-0.693493,0.100000,2.500000,0.092796
-0.692793,0.100000,2.500000,0.092811
-0.692092,0.100000,2.500000,0.092825
-0.691391,0.100000,2.500000,0.092840
-0.690691,0.100000,2.500000,0.092855
-0.689990,0.100000,2.500000,0.092870
-0.689289,0.100000,2.500000,0.092885
-0.688589,0.100000,2.500000,0.092900
-0.687888,0.100000,2.500000,0.092915
-0.687187,0.100000,2.500000,0.092930
-0.686486,0.100000,2.500000,0.092945
-0.685786,0.100000,2.500000,0.092960
-0.685085,0.100000,2.500000,0.092975
-0.684384,0.100000,2.500000,0.092990
-0.683684,0.100000,2.500000,0.093005
-0.682983,0.100000,2.500000,0.093021
-0.682282,0.100000,2.500000,0.093036
-0.681582,0.100000,2.500000,0.093051
-0.680881,0.100000,2.500000,0.093067
-0.680180,0.100000,2.500000,0.093082
-0.679479,0.100000,2.500000,0.093098
-0.678779,0.100000,2.500000,0.093113
-0.678078,0.100000,2.500000,0.093129
-0.677377,0.100000,2.500000,0.093144
-0.676677,0.100000,2.500000,0.093160
-0.675976,0.100000,2.500000,0.093175
-0.675275,0.100000,2.500000,0.093191
-0.674575,0.100000,2.500000,0.093207
-0.673874,0.100000,2.500000,0.093222
-0.673173,0.100000,2.500000,0.093238
-0.672472,0.100000,2.500000,0.093254
-0.671772,0.100000,2.500000,0.093270
-0.671071,0.100000,2.500000,0.093286
-0.670370,0.100000,2.500000,0.093302
-0.669670,0.100000,2.500000,0.093317
-0.668969,0.100000,2.500000,0.093333
-0.668268,0.100000,2.500000,0.093350
-0.667568,0.100000,2.500000,0.093366
-0.666867,0.100000,2.500000,0.093382
-0.666166,0.100000,2.500000,0.093398
-0.665465,0.100000,2.500000,0.093414
-0.664765,0.100000,2.500000,0.093430
-0.664064,0.100000,2.500000,0.093446
-0.663363,0.100000,2.500000,0.093463
-0.662663,0.100000,2.500000,0.093479
-0.661962,0.100000,2.500000,0.093495
-0.661261,0.100000,2.500000,0.093512
-0.660561,0.100000,2.500000,0.093528
-0.659860,0.100000,2.500000,0.093545
-0.659159,0.100000,2.500000,0.093561
-0.658458,0.100000,2.500000,0.093578
-0.657758,0.100000,2.500000,0.093594
-0.657057,0.100000,2.500000,0.093611
-0.656356,0.100000,2.500000,0.093628
-0.655656,0.100000,2.500000,0.093644
-0.654955,0.100000,2.500000,0.093661
-0.654254,0.100000,2.500000,0.093678
-0.653554,0.100000,2.500000,0.093695
-0.652853,0.100000,2.500000,0.093711
-0.652152,0.100000,2.500000,0.093728
-0.651451,0.100000,2.500000,0.093745
-0.650751,0.100000,2.500000,0.093762
-0.650050,0.100000,2.500000,0.093779
-0.649349,0.100000,2.500000,0.093796
-0.648649,0.100000,2.500000,0.093813
-0.647948,0.100000,2.500000,0.093830
-0.647247,0.100000,2.500000,0.093847
-0.646547,0.100000,2.500000,0.093864
-0.645846,0.100000,2.500000,0.093882
-0.645145,0.100000,2.500000,0.093899
-0.644444,0.100000,2.500000,0.093916
-0.643744,0.100000,2.500000,0.093934
-0.643043,0.100000,2.500000,0.093951
-0.642342,0.100000,2.500000,0.093968
-0.641642,0.100000,2.500000,0.093986
-0.640941,0.100000,2.500000,0.094003
-0.640240,0.100000,2.500000,0.094021
-0.639540,0.100000,2.500000,0.094038
-0.638839,0.100000,2.500000,0.094056
-0.638138,0.100000,2.500000,0.094073
-0.637437,0.100000,2.500000,0.094091
-0.636737,0.100000,2.500000,0.094109
-0.636036,0.100000,2.500000,0.094126
-0.635335,0.100000,2.500000,0.094144
-0.634635,0.100000,2.500000,0.094162
-0.633934,0.100000,2.500000,0.094180
-0.633233,0.100000,2.500000,0.094197
-0.632533,0.100000,2.500000,0.094215
-0.631832,0.100000,2.500000,0.094233
-0.631131,0.100000,2.500000,0.094251
-0.630430,0.100000,2.500000,0.094269
-0.629730,0.100000,2.500000,0.094287
-0.629029,0.100000,2.500000,0.094305
-0.628328,0.100000,2.500000,0.094324
-0.627628,0.100000,2.500000,0.094342
-0.626927,0.100000,2.500000,0.094360
-0.626226,0.100000,2.500000,0.094378
-0.625526,0.100000,2.500000,0.094396
-0.624825,0.100000,2.500000,0.094415
-0.624124,0.100000,2.500000,0.094433
-0.623423,0.100000,2.500000,0.094451
-0.622723,0.100000,2.500000,0.094470
-0.622022,0.100000,2.500000,0.094488
-0.621321,0.100000,2.500000,0.094507
-0.620621,0.100000,2.500000,0.094525
-0.619920,0.100000,2.500000,0.094544
-0.619219,0.100000,2.500000,0.094562
-0.618519,0.100000,2.500000,0.094581
-0.617818,0.100000,2.500000,0.094600
-0.617117,0.100000,2.500000,0.094618
-0.616416,0.100000,2.500000,0.094637
-0.615716,0.100000,2.500000,0.094656
-0.615015,0.100000,2.500000,0.094675
-0.614314,0.100000,2.500000,0.094693
-0.613614,0.100000,2.500000,0.094712
-0.612913,0.100000,2.500000,0.094731
-0.612212,0.100000,2.500000,0.094750
-0.611512,0.100000,2.500000,0.094769
-0.610811,0.100000,2.500000,0.094788
-0.610110,0.100000,2.500000,0.094807
-0.609409,0.100000,2.500000,0.094827
-0.608709,0.100000,2.500000,0.094846
-0.608008,0.100000,2.500000,0.094865
-0.607307,0.100000,2.500000,0.094884
-0.606607,0.100000,2.500000,0.094903
-0.605906,0.100000,2.500000,0.094923
-0.605205,0.100000,2.500000,0.094942
-0.604505,0.100000,2.500000,0.094961
-0.603804,0.100000,2.500000,0.094981
-0.603103,0.100000,2.500000,0.095000
-0.602402,0.100000,2.500000,0.095020
-0.601702,0.100000,2.500000,0.095039
-0.601001,0.100000,2.500000,0.095059
-0.600300,0.100000,2.500000,0.095079
-0.599600,0.100000,2.500000,0.095098
-0.598899,0.100000,2.500000,0.095118
-0.598198,0.100000,2.500000,0.095138
-0.597497,0.100000,2.500000,0.095157
-0.596797,0.100000,2.500000,0.095177
-0.596096,0.100000,2.500000,0.095197
-0.595395,0.100000,2.500000,0.095217
-0.594695,0.100000,2.500000,0.095237
-0.593994,0.100000,2.500000,0.095257
-0.593293,0.100000,2.500000,0.095277
-0.592593,0.100000,2.500000,0.095297
-0.591892,0.100000,2.500000,0.095317
-0.591191,0.100000,2.500000,0.095337
-0.590490,0.100000,2.500000,0.095358
-0.589790,0.100000,2.500000,0.095378
-0.589089,0.100000,2.500000,0.095398
-0.588388,0.100000,2.500000,0.095418
-0.587688,0.100000,2.500000,0.095439
-0.586987,0.100000,2.500000,0.095459
-0.586286,0.100000,2.500000,0.095480
-0.585586,0.100000,2.500000,0.095500
-0.584885,0.100000,2.500000,0.095521
-0.584184,0.100000,2.500000,0.095541
-0.583483,0.100000,2.500000,0.095562
-0.582783,0.100000,2.500000,0.095583
-0.582082,0.100000,2.500000,0.095603
-0.581381,0.100000,2.500000,0.095624
-0.580681,0.100000,2.500000,0.095645
-0.579980,0.100000,2.500000,0.095666
-0.579279,0.100000,2.500000,0.095687
-0.578579,0.100000,2.500000,0.095707
-0.577878,0.100000,2.500000,0.095728
-0.577177,0.100000,2.500000,0.095749
-0.576476,0.100000,2.500000,0.095771
-0.575776,0.100000,2.500000,0.095792
-0.575075,0.100000,2.500000,0.095813
-0.574374,0.100000,2.500000,0.095834
-0.573674,0.100000,2.500000,0.095855
-0.572973,0.100000,2.500000,0.095877
-0.572272,0.100000,2.500000,0.095898
-0.571572,0.100000,2.500000,0.095920
-0.570871,0.100000,2.500000,0.095941
-0.570170,0.100000,2.500000,0.095963
-0.569469,0.100000,2.500000,0.095984
-0.568769,0.100000,2.500000,0.096006
-0.568068,0.100000,2.500000,0.096027
-0.567367,0.100000,2.500000,0.096049
-0.566667,0.100000,2.500000,0.096071
-0.565966,0.100000,2.500000,0.096093
-0.565265,0.100000,2.500000,0.096115
-0.564565,0.100000,2.500000,0.096137
-0.563864,0.100000,2.500000,0.096159
-0.563163,0.100000,2.500000,0.096181
-0.562462,0.100000,2.500000,0.096203
-0.561762,0.100000,2.500000,0.096225
-0.561061,0.100000,2.500000,0.096247
-0.560360,0.100000,2.500000,0.096270
-0.559660,0.100000,2.500000,0.096292
-0.558959,0.100000,2.500000,0.096314
-0.558258,0.100000,2.500000,0.096337
-0.557558,0.100000,2.500000,0.096359
-0.556857,0.100000,2.500000,0.096382
-0.556156,0.100000,2.500000,0.096405
-0.555455,0.100000,2.500000,0.096428
-0.554755,0.100000,2.500000,0.096450
-0.554054,0.100000,2.500000,0.096473
-0.553353,0.100000,2.500000,0.096496
-0.552653,0.100000,2.500000,0.096519
-0.551952,0.100000,2.500000,0.096542
-0.551251,0.100000,2.500000,0.096565
-0.550551,0.100000,2.500000,0.096588
-0.549850,0.100000,2.500000,0.096612
-0.549149,0.100000,2.500000,0.096635
-0.548448,0.100000,2.500000,0.096659
-0.547748,0.100000,2.500000,0.096682
-0.547047,0.100000,2.500000,0.096706
-0.546346,0.100000,2.500000,0.096729
-0.545646,0.100000,2.500000,0.096753
-0.544945,0.100000,2.500000,0.096777
-0.544244,0.100000,2.500000,0.096801
-0.543544,0.100000,2.500000,0.096825
-0.542843,0.100000,2.500000,0.096849
-0.542142,0.100000,2.500000,0.096873
-0.541441,0.100000,2.500000,0.096897
-0.540741,0.100000,2.500000,0.096921
-0.540040,0.100000,2.500000,0.096946
-0.539339,0.100000,2.500000,0.096970
-0.538639,0.100000,2.500000,0.096995
-0.537938,0.100000,2.500000,0.097019
-0.537237,0.100000,2.500000,0.097044
-0.536537,0.100000,2.500000,0.097069
-0.535836,0.100000,2.500000,0.097094
-0.535135,0.100000,2.500000,0.097119
-0.534434,0.100000,2.500000,0.097144
-0.533734,0.100000,2.500000,0.097169
-0.533033,0.100000,2.500000,0.097194
-0.532332,0.100000,2.500000,0.097220
-0.531632,0.100000,2.500000,0.097245
-0.530931,0.100000,2.500000,0.097271
-0.530230,0.100000,2.500000,0.097296
-0.529530,0.100000,2.500000,0.097322
-0.528829,0.100000,2.500000,0.097348
-0.528128,0.100000,2.500000,0.097374
-0.527427,0.100000,2.500000,0.097400
-0.526727,0.100000,2.500000,0.097427
-0.526026,0.100000,2.500000,0.097453
-0.525325,0.100000,2.500000,0.097479
-0.524625,0.100000,2.500000,0.097506
-0.523924,0.100000,2.500000,0.097533
-0.523223,0.100000,2.500000,0.097560
-0.522523,0.100000,2.500000,0.097587
-0.521822,0.100000,2.500000,0.097614
-0.521121,0.100000,2.500000,0.097641
-0.520420,0.100000,2.500000,0.097668
-0.519720,0.100000,2.500000,0.097696
-0.519019,0.100000,2.500000,0.097723
-0.518318,0.100000,2.500000,0.097751
-0.517618,0.100000,2.500000,0.097779
-0.516917,0.100000,2.500000,0.097807
-0.516216,0.100000,2.500000,0.097835
-0.515516,0.100000,2.500000,0.097864
-0.514815,0.100000,2.500000,0.097892
-0.514114,0.100000,2.500000,0.097921
-0.513413,0.100000,2.500000,0.097950
-0.512713,0.100000,2.500000,0.097978
-0.512012,0.100000,2.500000,0.098008
-0.511311,0.100000,2.500000,0.098037
-0.510611,0.100000,2.500000,0.098066
-0.509910,0.100000,2.500000,0.098096
-0.509209,0.100000,2.500000,0.098126
-0.508509,0.100000,2.500000,0.098156
-0.507808,0.100000,2.500000,0.098186
-0.507107,0.100000,2.500000,0.098216
-0.506406,0.100000,2.500000,0.098246
-0.505706,0.100000,2.500000,0.098277
-0.505005,0.100000,2.500000,0.098308
-0.504304,0.100000,2.500000,0.098339
-0.503604,0.100000,2.500000,0.098370
-0.502903,0.100000,2.500000,0.098402
-0.502202,0.100000,2.500000,0.098433
-0.501502,0.100000,2.500000,0.098465
-0.500801,0.100000,2.500000,0.098497
-0.500100,0.100000,2.500000,0.098530
-0.499399,0.100000,2.500000,0.098562
-0.498699,0.100000,2.500000,0.098595
-0.497998,0.100000,2.500000,0.098628
-0.497297,0.100000,2.500000,0.098661
-0.496597,0.100000,2.500000,0.098694
-0.495896,0.100000,2.500000,0.098728
-0.495195,0.100000,2.500000,0.098762
-0.494494,0.100000,2.500000,0.098796
-0.493794,0.100000,2.500000,0.098831
-0.493093,0.100000,2.500000,0.098865
-0.492392,0.100000,2.500000,0.098900
-0.491692,0.100000,2.500000,0.098935
-0.490991,0.100000,2.500000,0.098971
-0.490290,0.100000,2.500000,0.099006
-0.489590,0.100000,2.500000,0.099042
-0.488889,0.100000,2.500000,0.099079
-0.488188,0.100000,2.500000,0.099115
-0.487487,0.100000,2.500000,0.099152
-0.486787,0.100000,2.500000,0.099189
-0.486086,0.100000,2.500000,0.099227
-0.485385,0.100000,2.500000,0.099264
-0.484685,0.100000,2.500000,0.099302
-0.483984,0.100000,2.500000,0.099341
-0.483283,0.100000,2.500000,0.099380
-0.482583,0.100000,2.500000,0.099419
-0.481882,0.100000,2.500000,0.099458
-0.481181,0.100000,2.500000,0.099498
-0.480480,0.100000,2.500000,0.099538
-0.479780,0.100000,2.500000,0.099578
-0.479079,0.100000,2.500000,0.099619
-0.478378,0.100000,2.500000,0.099660
-0.477678,0.100000,2.500000,0.099702
-0.476977,0.100000,2.500000,0.099744
-0.476276,0.100000,2.500000,0.099786
-0.475576,0.100000,2.500000,0.099829
-0.474875,0.100000,2.500000,0.099872
-0.474174,0.100000,2.500000,0.099915
-0.473473,0.100000,2.500000,0.099959
-0.472773,0.100000,2.500000,0.100004
-0.472072,0.100000,2.500000,0.100049
-0.471371,0.100000,2.500000,0.100094
-0.470671,0.100000,2.500000,0.100140
-0.469970,0.100000,2.500000,0.100186
-0.469269,0.100000,2.500000,0.100232
-0.468569,0.100000,2.500000,0.100279
-0.467868,0.100000,2.500000,0.100327
-0.467167,0.100000,2.500000,0.100375
-0.466466,0.100000,2.500000,0.100424
-0.465766,0.100000,2.500000,0.100473
-0.465065,0.100000,2.500000,0.100522
-0.464364,0.100000,2.500000,0.100572
-0.463664,0.100000,2.500000,0.100623
-0.462963,0.100000,2.500000,0.100674
-0.462262,0.100000,2.500000,0.100726
-0.461562,0.100000,2.500000,0.100778
-0.460861,0.100000,2.500000,0.100831
-0.460160,0.100000,2.500000,0.100884
-0.459459,0.100000,2.500000,0.100938
-0.458759,0.100000,2.500000,0.100993
-0.458058,0.100000,2.500000,0.101048
-0.457357,0.100000,2.500000,0.101104
-0.456657,0.100000,2.500000,0.101160
-0.455956,0.100000,2.500000,0.101217
-0.455255,0.100000,2.500000,0.101275
-0.454555,0.100000,2.500000,0.101333
-0.453854,0.100000,2.500000,0.101392
-0.453153,0.100000,2.500000,0.101452
-0.452452,0.100000,2.500000,0.101513
-0.451752,0.100000,2.500000,0.101574
-0.451051,0.100000,2.500000,0.101636
-0.450350,0.100000,2.500000,0.101698
-0.449650,0.100000,2.500000,0.101762
-0.448949,0.100000,2.500000,0.101826
-0.448248,0.100000,2.500000,0.101891
-0.447548,0.100000,2.500000,0.101956
-0.446847,0.100000,2.500000,0.102023
-0.446146,0.100000,2.500000,0.102090
-0.445445,0.100000,2.500000,0.102158
-0.444745,0.100000,2.500000,0.102227
-0.444044,0.100000,2.500000,0.102297
-0.443343,0.100000,2.500000,0.102367
-0.442643,0.100000,2.500000,0.102439
-0.441942,0.100000,2.500000,0.102511
-0.441241,0.100000,2.500000,0.102584
-0.440541,0.100000,2.500000,0.102659
-0.439840,0.100000,2.500000,0.102734
-0.439139,0.100000,2.500000,0.102810
-0.438438,0.100000,2.500000,0.102887
-0.437738,0.100000,2.500000,0.102964
-0.437037,0.100000,2.500000,0.103043
-0.436336,0.100000,2.500000,0.103123
-0.435636,0.100000,2.500000,0.103204
-0.434935,0.100000,2.500000,0.103286
-0.434234,0.100000,2.500000,0.103369
-0.433534,0.100000,2.500000,0.103453
-0.432833,0.100000,2.500000,0.103539
-0.432132,0.100000,2.500000,0.103625
-0.431431,0.100000,2.500000,0.103712
-0.430731,0.100000,2.500000,0.103801
-0.430030,0.100000,2.500000,0.103890
-0.429329,0.100000,2.500000,0.103981
-0.428629,0.100000,2.500000,0.104073
-0.427928,0.100000,2.500000,0.104166
-0.427227,0.100000,2.500000,0.104260
-0.426527,0.100000,2.500000,0.104356
-0.425826,0.100000,2.500000,0.104453
-0.425125,0.100000,2.500000,0.104551
-0.424424,0.100000,2.500000,0.104650
-0.423724,0.100000,2.500000,0.104750
-0.423023,0.100000,2.500000,0.104852
-0.422322,0.100000,2.500000,0.104956
-0.421622,0.100000,2.500000,0.105060
-0.420921,0.100000,2.500000,0.105166
-0.420220,0.100000,2.500000,0.105273
-0.419520,0.100000,2.500000,0.105382
-0.418819,0.100000,2.500000,0.105492
-0.418118,0.100000,2.500000,0.105603
-0.417417,0.100000,2.500000,0.105716
-0.416717,0.100000,2.500000,0.105830
-0.416016,0.100000,2.500000,0.105946
-0.415315,0.100000,2.500000,0.106063
-0.414615,0.100000,2.500000,0.106182
-0.413914,0.100000,2.500000,0.106302
-0.413213,0.100000,2.500000,0.106424
-0.412513,0.100000,2.500000,0.106547
-0.411812,0.100000,2.500000,0.106672
-0.411111,0.100000,2.500000,0.106798
-0.410410,0.100000,2.500000,0.106926
-0.409710,0.100000,2.500000,0.107056
-0.409009,0.100000,2.500000,0.107187
-0.408308,0.100000,2.500000,0.107320
-0.407608,0.100000,2.500000,0.107454
-0.406907,0.100000,2.500000,0.107591
-0.406206,0.100000,2.500000,0.107728
-0.405506,0.100000,2.500000,0.107868
-0.404805,0.100000,2.500000,0.108009
-0.404104,0.100000,2.500000,0.108152
-0.403403,0.100000,2.500000,0.108296
-0.402703,0.100000,2.500000,0.108443
-0.402002,0.100000,2.500000,0.108590
-0.401301,0.100000,2.500000,0.108740
-0.400601,0.100000,2.500000,0.108892
-0.399900,0.100000,2.500000,0.109045
-0.399199,0.100000,2.500000,0.109200
-0.398498,0.100000,2.500000,0.109356
-0.397798,0.100000,2.500000,0.109515
-0.397097,0.100000,2.500000,0.109675
-0.396396,0.100000,2.500000,0.109837
-0.395696,0.100000,2.500000,0.110001
-0.394995,0.100000,2.500000,0.110167
-0.394294,0.100000,2.500000,0.110334
-0.393594,0.100000,2.500000,0.110504
-0.392893,0.100000,2.500000,0.110674
-0.392192,0.100000,2.500000,0.110847
-0.391491,0.100000,2.500000,0.111022
-0.390791,0.100000,2.500000,0.111198
-0.390090,0.100000,2.500000,0.111376
-0.389389,0.100000,2.500000,0.111556
-0.388689,0.100000,2.500000,0.111738
-0.387988,0.100000,2.500000,0.111921
-0.387287,0.100000,2.500000,0.112106
-0.386587,0.100000,2.500000,0.112293
-0.385886,0.100000,2.500000,0.112482
-0.385185,0.100000,2.500000,0.112672
-0.384484,0.100000,2.500000,0.112864
-0.383784,0.100000,2.500000,0.113057
-0.383083,0.100000,2.500000,0.113252
-0.382382,0.100000,2.500000,0.113449
-0.381682,0.100000,2.500000,0.113647
-0.380981,0.100000,2.500000,0.113848
-0.380280,0.100000,2.500000,0.114049
-0.379580,0.100000,2.500000,0.114252
-0.378879,0.100000,2.500000,0.114456
-0.378178,0.100000,2.500000,0.114662
-0.377477,0.100000,2.500000,0.114870
-0.376777,0.100000,2.500000,0.115078
-0.376076,0.100000,2.500000,0.115288
-0.375375,0.100000,2.500000,0.115500
-0.374675,0.100000,2.500000,0.115712
-0.373974,0.100000,2.500000,0.115926
-0.373273,0.100000,2.500000,0.116141
-0.372573,0.100000,2.500000,0.116357
-0.371872,0.100000,2.500000,0.116573
-0.371171,0.100000,2.500000,0.116791
-0.370470,0.100000,2.500000,0.117010
-0.369770,0.100000,2.500000,0.117230
-0.369069,0.100000,2.500000,0.117450
-0.368368,0.100000,2.500000,0.117671
-0.367668,0.100000,2.500000,0.117893
-0.366967,0.100000,2.500000,0.118115
-0.366266,0.100000,2.500000,0.118338
-0.365566,0.100000,2.500000,0.118561
-0.364865,0.100000,2.500000,0.118784
-0.364164,0.100000,2.500000,0.119008
-0.363463,0.100000,2.500000,0.119232
-0.362763,0.100000,2.500000,0.119455
-0.362062,0.100000,2.500000,0.119679
-0.361361,0.100000,2.500000,0.119902
-0.360661,0.100000,2.500000,0.120125
-0.359960,0.100000,2.500000,0.120348
-0.359259,0.100000,2.500000,0.120570
-0.358559,0.100000,2.500000,0.120791
-0.357858,0.100000,2.500000,0.121011
-0.357157,0.100000,2.500000,0.121231
-0.356456,0.100000,2.500000,0.121449
-0.355756,0.100000,2.500000,0.121666
-0.355055,0.100000,2.500000,0.121882
-0.354354,0.100000,2.500000,0.122096
-0.353654,0.100000,2.500000,0.122308
-0.352953,0.100000,2.500000,0.122519
-0.352252,0.100000,2.500000,0.122727
-0.351552,0.100000,2.500000,0.122933
-0.350851,0.100000,2.500000,0.123137
-0.350150,0.100000,2.500000,0.123338
-0.349449,0.100000,2.500000,0.123536
-0.348749,0.100000,2.500000,0.123731
-0.348048,0.100000,2.500000,0.123922
-0.347347,0.100000,2.500000,0.124110
-0.346647,0.100000,2.500000,0.124295
-0.345946,0.100000,2.500000,0.124475
-0.345245,0.100000,2.500000,0.124651
-0.344545,0.100000,2.500000,0.124822
-0.343844,0.100000,2.500000,0.124989
-0.343143,0.100000,2.500000,0.125150
-0.342442,0.100000,2.500000,0.125306
-0.341742,0.100000,2.500000,0.125456
-0.341041,0.100000,2.500000,0.125601
-0.340340,0.100000,2.500000,0.125738
-0.339640,0.100000,2.500000,0.125869
-0.338939,0.100000,2.500000,0.125993
-0.338238,0.100000,2.500000,0.126110
-0.337538,0.100000,2.500000,0.126218
-0.336837,0.100000,2.500000,0.126319
-0.336136,0.100000,2.500000,0.126411
-0.335435,0.100000,2.500000,0.126494
-0.334735,0.100000,2.500000,0.126567
-0.334034,0.100000,2.500000,0.126630
-0.333333,0.100000,2.500000,0.126684
-0.332633,0.100000,2.500000,0.126726
-0.331932,0.100000,2.500000,0.126757
-0.331231,0.100000,2.500000,0.126777
-0.330531,0.100000,2.500000,0.126785
-0.329830,0.100000,2.500000,0.126780
-0.329129,0.100000,2.500000,0.126761
-0.328428,0.100000,2.500000,0.126730
-0.327728,0.100000,2.500000,0.126684
-0.327027,0.100000,2.500000,0.126624
-0.326326,0.100000,2.500000,0.126550
-0.325626,0.100000,2.500000,0.126460
-0.324925,0.100000,2.500000,0.126355
-0.324224,0.100000,2.500000,0.126233
-0.323524,0.100000,2.500000,0.126095
-0.322823,0.100000,2.500000,0.125940
-0.322122,0.100000,2.500000,0.125769
-0.321421,0.100000,2.500000,0.125580
-0.320721,0.100000,2.500000,0.125374
-0.320020,0.100000,2.500000,0.125150
-0.319319,0.100000,2.500000,0.124908
-0.318619,0.100000,2.500000,0.124649
-0.317918,0.100000,2.500000,0.124372
-0.317217,0.100000,2.500000,0.124078
-0.316517,0.100000,2.500000,0.123767
-0.315816,0.100000,2.500000,0.123438
-0.315115,0.100000,2.500000,0.123092
-0.314414,0.100000,2.500000,0.122731
-0.313714,0.100000,2.500000,0.122353
-0.313013,0.100000,2.500000,0.121960
-0.312312,0.100000,2.500000,0.121553
-0.311612,0.100000,2.500000,0.121132
-0.310911,0.100000,2.500000,0.120699
-0.310210,0.100000,2.500000,0.120253
-0.309510,0.100000,2.500000,0.119797
-0.308809,0.100000,2.500000,0.119331
-0.308108,0.100000,2.500000,0.118856
-0.307407,0.100000,2.500000,0.118374
-0.306707,0.100000,2.500000,0.117886
-0.306006,0.100000,2.500000,0.117393
-0.305305,0.100000,2.500000,0.116897
-0.304605,0.100000,2.500000,0.116399
-0.303904,0.100000,2.500000,0.115900
-0.303203,0.100000,2.500000,0.115401
-0.302503,0.100000,2.500000,0.114904
-0.301802,0.100000,2.500000,0.114411
-0.301101,0.100000,2.500000,0.113922
-0.300400,0.100000,2.500000,0.113438
-0.299700,0.100000,2.500000,0.112962
-0.298999,0.100000,2.500000,0.112492
-0.298298,0.100000,2.500000,0.112032
-0.297598,0.100000,2.500000,0.111581
-0.296897,0.100000,2.500000,0.111141
-0.296196,0.100000,2.500000,0.110711
-0.295495,0.100000,2.500000,0.110293
-0.294795,0.100000,2.500000,0.109888
-0.294094,0.100000,2.500000,0.109495
-0.293393,0.100000,2.500000,0.109115
-0.292693,0.100000,2.500000,0.108747
-0.291992,0.100000,2.500000,0.108394
-0.291291,0.100000,2.500000,0.108053
-0.290591,0.100000,2.500000,0.107726
-0.289890,0.100000,2.500000,0.107412
-0.289189,0.100000,2.500000,0.107112
-0.288488,0.100000,2.500000,0.106824
-0.287788,0.100000,2.500000,0.106550
-0.287087,0.100000,2.500000,0.106287
-0.286386,0.100000,2.500000,0.106038
-0.285686,0.100000,2.500000,0.105799
-0.284985,0.100000,2.500000,0.105573
-0.284284,0.100000,2.500000,0.105358
-0.283584,0.100000,2.500000,0.105153
-0.282883,0.100000,2.500000,0.104959
-0.282182,0.100000,2.500000,0.104775
-0.281481,0.100000,2.500000,0.104601
-0.280781,0.100000,2.500000,0.104435
-0.280080,0.100000,2.500000,0.104279
-0.279379,0.100000,2.500000,0.104131
-0.278679,0.100000,2.500000,0.103991
-0.277978,0.100000,2.500000,0.103858
-0.277277,0.100000,2.500000,0.103733
-0.276577,0.100000,2.500000,0.103615
-0.275876,0.100000,2.500000,0.103503
-0.275175,0.100000,2.500000,0.103397
-0.274474,0.100000,2.500000,0.103298
-0.273774,0.100000,2.500000,0.103204
-0.273073,0.100000,2.500000,0.103115
-0.272372,0.100000,2.500000,0.103031
-0.271672,0.100000,2.500000,0.102952
-0.270971,0.100000,2.500000,0.102877
-0.270270,0.100000,2.500000,0.102807
-0.269570,0.100000,2.500000,0.102741
-0.268869,0.100000,2.500000,0.102678
-0.268168,0.100000,2.500000,0.102619
-0.267467,0.100000,2.500000,0.102564
-0.266767,0.100000,2.500000,0.102511
-0.266066,0.100000,2.500000,0.102462
-0.265365,0.100000,2.500000,0.102415
-0.264665,0.100000,2.500000,0.102371
-0.263964,0.100000,2.500000,0.102330
-0.263263,0.100000,2.500000,0.102291
-0.262563,0.100000,2.500000,0.102254
-0.261862,0.100000,2.500000,0.102219
-0.261161,0.100000,2.500000,0.102187
-0.260460,0.100000,2.500000,0.102156
-0.259760,0.100000,2.500000,0.102127
-0.259059,0.100000,2.500000,0.102100
-0.258358,0.100000,2.500000,0.102074
-0.257658,0.100000,2.500000,0.102050
-0.256957,0.100000,2.500000,0.102028
-0.256256,0.100000,2.500000,0.102007
-0.255556,0.100000,2.500000,0.101987
-0.254855,0.100000,2.500000,0.101968
-0.254154,0.100000,2.500000,0.101950
-0.253453,0.100000,2.500000,0.101934
-0.252753,0.100000,2.500000,0.101918
-0.252052,0.100000,2.500000,0.101903
-0.251351,0.100000,2.500000,0.101890
-0.250651,0.100000,2.500000,0.101877
-0.249950,0.100000,2.500000,0.101865
-0.249249,0.100000,2.500000,0.101854
-0.248549,0.100000,2.500000,0.101844
-0.247848,0.100000,2.500000,0.101834
-0.247147,0.100000,2.500000,0.101825
-0.246446,0.100000,2.500000,0.101816
-0.245746,0.100000,2.500000,0.101808
-0.245045,0.100000,2.500000,0.101801
-0.244344,0.100000,2.500000,0.101794
-0.243644,0.100000,2.500000,0.101788
-0.242943,0.100000,2.500000,0.101783
-0.242242,0.100000,2.500000,0.101777
-0.241542,0.100000,2.500000,0.101772
-0.240841,0.100000,2.500000,0.101768
-0.240140,0.100000,2.500000,0.101764
-0.239439,0.100000,2.500000,0.101761
-0.238739,0.100000,2.500000,0.101757
-0.238038,0.100000,2.500000,0.101754
-0.237337,0.100000,2.500000,0.101752
-0.236637,0.100000,2.500000,0.101749
-0.235936,0.100000,2.500000,0.101747
-0.235235,0.100000,2.500000,0.101745
-0.234535,0.100000,2.500000,0.101744
-0.233834,0.100000,2.500000,0.101743
-0.233133,0.100000,2.500000,0.101742
-0.232432,0.100000,2.500000,0.101741
-0.231732,0.100000,2.500000,0.101741
-0.231031,0.100000,2.500000,0.101740
-0.230330,0.100000,2.500000,0.101740
-0.229630,0.100000,2.500000,0.101740
-0.228929,0.100000,2.500000,0.101740
-0.228228,0.100000,2.500000,0.101741
-0.227528,0.100000,2.500000,0.101742
-0.226827,0.100000,2.500000,0.101742
-0.226126,0.100000,2.500000,0.101743
-0.225425,0.100000,2.500000,0.101744
-0.224725,0.100000,2.500000,0.101745
-0.224024,0.100000,2.500000,0.101747
-0.223323,0.100000,2.500000,0.101748
-0.222623,0.100000,2.500000,0.101750
-0.221922,0.100000,2.500000,0.101752
-0.221221,0.100000,2.500000,0.101753
-0.220521,0.100000,2.500000,0.101755
-0.219820,0.100000,2.500000,0.101757
-0.219119,0.100000,2.500000,0.101759
-0.218418,0.100000,2.500000,0.101762
-0.217718,0.100000,2.500000,0.101764
-0.217017,0.100000,2.500000,0.101766
-0.216316,0.100000,2.500000,0.101769
-0.215616,0.100000,2.500000,0.101772
-0.214915,0.100000,2.500000,0.101774
-0.214214,0.100000,2.500000,0.101777
-0.213514,0.100000,2.500000,0.101780
-0.212813,0.100000,2.500000,0.101783
-0.212112,0.100000,2.500000,0.101786
-0.211411,0.100000,2.500000,0.101789
-0.210711,0.100000,2.500000,0.101792
-0.210010,0.100000,2.500000,0.101795
-0.209309,0.100000,2.500000,0.101799
-0.208609,0.100000,2.500000,0.101802
-0.207908,0.100000,2.500000,0.101805
-0.207207,0.100000,2.500000,0.101809
-0.206507,0.100000,2.500000,0.101813
-0.205806,0.100000,2.500000,0.101816
-0.205105,0.100000,2.500000,0.101820
-0.204404,0.100000,2.500000,0.101823
-0.203704,0.100000,2.500000,0.101827
-0.203003,0.100000,2.500000,0.101831
-0.202302,0.100000,2.500000,0.101835
-0.201602,0.100000,2.500000,0.101839
-0.200901,0.100000,2.500000,0.101843
-0.200200,0.100000,2.500000,0.101847
-0.199499,0.100000,2.500000,0.101851
-0.198799,0.100000,2.500000,0.101855
-0.198098,0.100000,2.500000,0.101860
-0.197397,0.100000,2.500000,0.101864
-0.196697,0.100000,2.500000,0.101868
-0.195996,0.100000,2.500000,0.101873
-0.195295,0.100000,2.500000,0.101877
-0.194595,0.100000,2.500000,0.101882
-0.193894,0.100000,2.500000,0.101887
-0.193193,0.100000,2.500000,0.101891
-0.192492,0.100000,2.500000,0.101896
-0.191792,0.100000,2.500000,0.101901
-0.191091,0.100000,2.500000,0.101905
-0.190390,0.100000,2.500000,0.101910
-0.189690,0.100000,2.500000,0.101915
-0.188989,0.100000,2.500000,0.101920
-0.188288,0.100000,2.500000,0.101925
-0.187588,0.100000,2.500000,0.101930
-0.186887,0.100000,2.500000,0.101935
-0.186186,0.100000,2.500000,0.101941
-0.185485,0.100000,2.500000,0.101946
-0.184785,0.100000,2.500000,0.101951
-0.184084,0.100000,2.500000,0.101957
-0.183383,0.100000,2.500000,0.101962
-0.182683,0.100000,2.500000,0.101968
-0.181982,0.100000,2.500000,0.101973
-0.181281,0.100000,2.500000,0.101979
-0.180581,0.100000,2.500000,0.101985
-0.179880,0.100000,2.500000,0.101990
-0.179179,0.100000,2.500000,0.101996
-0.178478,0.100000,2.500000,0.102002
-0.177778,0.100000,2.500000,0.102008
-0.177077,0.100000,2.500000,0.102014
-0.176376,0.100000,2.500000,0.102021
-0.175676,0.100000,2.500000,0.102027
-0.174975,0.100000,2.500000,0.102033
-0.174274,0.100000,2.500000,0.102039
-0.173574,0.100000,2.500000,0.102046
-0.172873,0.100000,2.500000,0.102052
-0.172172,0.100000,2.500000,0.102059
-0.171471,0.100000,2.500000,0.102066
-0.170771,0.100000,2.500000,0.102072
-0.170070,0.100000,2.500000,0.102079
-0.169369,0.100000,2.500000,0.102086
-0.168669,0.100000,2.500000,0.102093
-0.167968,0.100000,2.500000,0.102101
-0.167267,0.100000,2.500000,0.102108
-0.166567,0.100000,2.500000,0.102115
-0.165866,0.100000,2.500000,0.102122
-0.165165,0.100000,2.500000,0.102130
-0.164464,0.100000,2.500000,0.102138
-0.163764,0.100000,2.500000,0.102145
-0.163063,0.100000,2.500000,0.102153
-0.162362,0.100000,2.500000,0.102161
-0.161662,0.100000,2.500000,0.102169
-0.160961,0.100000,2.500000,0.102177
-0.160260,0.100000,2.500000,0.102186
-0.159560,0.100000,2.500000,0.102194
-0.158859,0.100000,2.500000,0.102203
-0.158158,0.100000,2.500000,0.102211
-0.157457,0.100000,2.500000,0.102220
-0.156757,0.100000,2.500000,0.102229
-0.156056,0.100000,2.500000,0.102238
-0.155355,0.100000,2.500000,0.102247
-0.154655,0.100000,2.500000,0.102256
-0.153954,0.100000,2.500000,0.102266
-0.153253,0.100000,2.500000,0.102275
-0.152553,0.100000,2.500000,0.102285
-0.151852,0.100000,2.500000,0.102295
-0.151151,0.100000,2.500000,0.102305
-0.150450,0.100000,2.500000,0.102315
-0.149750,0.100000,2.500000,0.102325
-0.149049,0.100000,2.500000,0.102336
-0.148348,0.100000,2.500000,0.102347
-0.147648,0.100000,2.500000,0.102357
-0.146947,0.100000,2.500000,0.102368
-0.146246,0.100000,2.500000,0.102380
-0.145546,0.100000,2.500000,0.102391
-0.144845,0.100000,2.500000,0.102402
-0.144144,0.100000,2.500000,0.102414
-0.143443,0.100000,2.500000,0.102426
-0.142743,0.100000,2.500000,0.102438
-0.142042,0.100000,2.500000,0.102451
-0.141341,0.100000,2.500000,0.102463
-0.140641,0.100000,2.500000,0.102476
-0.139940,0.100000,2.500000,0.102489
-0.139239,0.100000,2.500000,0.102502
-0.138539,0.100000,2.500000,0.102516
-0.137838,0.100000,2.500000,0.102529
-0.137137,0.100000,2.500000,0.102543
-0.136436,0.100000,2.500000,0.102557
-0.135736,0.100000,2.500000,0.102572
-0.135035,0.100000,2.500000,0.102587
-0.134334,0.100000,2.500000,0.102602
-0.133634,0.100000,2.500000,0.102617
-0.132933,0.100000,2.500000,0.102632
-0.132232,0.100000,2.500000,0.102648
-0.131532,0.100000,2.500000,0.102664
-0.130831,0.100000,2.500000,0.102681
-0.130130,0.100000,2.500000,0.102697
-0.129429,0.100000,2.500000,0.102714
-0.128729,0.100000,2.500000,0.102732
-0.128028,0.100000,2.500000,0.102749
-0.127327,0.100000,2.500000,0.102768
-0.126627,0.100000,2.500000,0.102786
-0.125926,0.100000,2.500000,0.102805
-0.125225,0.100000,2.500000,0.102824
-0.124525,0.100000,2.500000,0.102843
-0.123824,0.100000,2.500000,0.102863
-0.123123,0.100000,2.500000,0.102884
-0.122422,0.100000,2.500000,0.102904
-0.121722,0.100000,2.500000,0.102926
-0.121021,0.100000,2.500000,0.102947
-0.120320,0.100000,2.500000,0.102969
-0.119620,0.100000,2.500000,0.102992
-0.118919,0.100000,2.500000,0.103015
-0.118218,0.100000,2.500000,0.103038
-0.117518,0.100000,2.500000,0.103063
-0.116817,0.100000,2.500000,0.103087
-0.116116,0.100000,2.500000,0.103112
-0.115415,0.100000,2.500000,0.103138
-0.114715,0.100000,2.500000,0.103164
-0.114014,0.100000,2.500000,0.103191
-0.113313,0.100000,2.500000,0.103218
-0.112613,0.100000,2.500000,0.103246
-0.111912,0.100000,2.500000,0.103274
-0.111211,0.100000,2.500000,0.103304
-0.110511,0.100000,2.500000,0.103334
-0.109810,0.100000,2.500000,0.103364
-0.109109,0.100000,2.500000,0.103396
-0.108408,0.100000,2.500000,0.103428
-0.107708,0.100000,2.500000,0.103461
-0.107007,0.100000,2.500000,0.103494
-0.106306,0.100000,2.500000,0.103528
-0.105606,0.100000,2.500000,0.103564
-0.104905,0.100000,2.500000,0.103600
-0.104204,0.100000,2.500000,0.103637
-0.103504,0.100000,2.500000,0.103674
-0.102803,0.100000,2.500000,0.103713
-0.102102,0.100000,2.500000,0.103753
-0.101401,0.100000,2.500000,0.103794
-0.100701,0.100000,2.500000,0.103835
-0.100000,0.100000,2.500000,0.103878
-0.800000,0.100000,3.000000,0.097736
-0.799299,0.100000,3.000000,0.097757
-0.798599,0.100000,3.000000,0.097777
-0.797898,0.100000,3.000000,0.097798
-0.797197,0.100000,3.000000,0.097819
-0.796496,0.100000,3.000000,0.097839
-0.795796,0.100000,3.000000,0.097860
-0.795095,0.100000,3.000000,0.097881
-0.794394,0.100000,3.000000,0.097901
-0.793694,0.100000,3.000000,0.097922
-0.792993,0.100000,3.000000,0.097943
-0.792292,0.100000,3.000000,0.097964
-0.791592,0.100000,3.000000,0.097985
-0.790891,0.100000,3.000000,0.098005
-0.790190,0.100000,3.000000,0.098026
-0.789489,0.100000,3.000000,0.098047
-0.788789,0.100000,3.000000,0.098068
-0.788088,0.100000,3.000000,0.098089
-0.787387,0.100000,3.000000,0.098110
-0.786687,0.100000,3.000000,0.098130
-0.785986,0.100000,3.000000,0.098151
-0.785285,0.100000,3.000000,0.098172
-0.784585,0.100000,3.000000,0.098193
-0.783884,0.100000,3.000000,0.098214
-0.783183,0.100000,3.000000,0.098235
-0.782482,0.100000,3.000000,0.098256
-0.781782,0.100000,3.000000,0.098277
-0.781081,0.100000,3.000000,0.098298
-0.780380,0.100000,3.000000,0.098319
-0.779680,0.100000,3.000000,0.098340
-0.778979,0.100000,3.000000,0.098361
-0.778278,0.100000,3.000000,0.098382
-0.777578,0.100000,3.000000,0.098403
-0.776877,0.100000,3.000000,0.098424
-0.776176,0.100000,3.000000,0.098445
-0.775475,0.100000,3.000000,0.098466
-0.774775,0.100000,3.000000,0.098487
-0.774074,0.100000,3.000000,0.098508
-0.773373,0.100000,3.000000,0.098529
-0.772673,0.100000,3.000000,0.098550
-0.771972,0.100000,3.000000,0.098571
-0.771271,0.100000,3.000000,0.098592
-0.770571,0.100000,3.000000,0.098614
-0.769870,0.100000,3.000000,0.098635
-0.769169,0.100000,3.000000,0.098656
-0.768468,0.100000,3.000000,0.098677
-0.767768,0.100000,3.000000,0.098698
-0.767067,0.100000,3.000000,0.098719
-0.766366,0.100000,3.000000,0.098740
-0.765666,0.100000,3.000000,0.098762
-0.764965,0.100000,3.000000,0.098783
-0.764264,0.100000,3.000000,0.098804
-0.763564,0.100000,3.000000,0.098825
-0.762863,0.100000,3.000000,0.098846
-0.762162,0.100000,3.000000,0.098867
-0.761461,0.100000,3.000000,0.098889
-0.760761,0.100000,3.000000,0.098910
-0.760060,0.100000,3.000000,0.098931
-0.759359,0.100000,3.000000,0.098952
-0.758659,0.100000,3.000000,0.098973
-0.757958,0.100000,3.000000,0.098995
-0.757257,0.100000,3.000000,0.099016
-0.756557,0.100000,3.000000,0.099037
-0.755856,0.100000,3.000000,0.099058
-0.755155,0.100000,3.000000,0.099080
-0.754454,0.100000,3.000000,0.099101
-0.753754,0.100000,3.000000,0.099122
-0.753053,0.100000,3.000000,0.099143
-0.752352,0.100000,3.000000,0.099164
-0.751652,0.100000,3.000000,0.099186
-0.750951,0.100000,3.000000,0.099207
-0.750250,0.100000,3.000000,0.099228
-0.749550,0.100000,3.000000,0.099250
-0.748849,0.100000,3.000000,0.099271
-0.748148,0.100000,3.000000,0.099292
-0.747447,0.100000,3.000000,0.099313
-0.746747,0.100000,3.000000,0.099335
-0.746046,0.100000,3.000000,0.099356
-0.745345,0.100000,3.000000,0.099377
-0.744645,0.100000,3.000000,0.099398
-0.743944,0.100000,3.000000,0.099420
-0.743243,0.100000,3.000000,0.099441
-0.742543,0.100000,3.000000,0.099462
-0.741842,0.100000,3.000000,0.099483
-0.741141,0.100000,3.000000,0.099505
-0.740440,0.100000,3.000000,0.099526
-0.739740,0.100000,3.000000,0.099547
-0.739039,0.100000,3.000000,0.099569
-0.738338,0.100000,3.000000,0.099590
-0.737638,0.100000,3.000000,0.099611
-0.736937,0.100000,3.000000,0.099632
-0.736236,0.100000,3.000000,0.099654
-0.735536,0.100000,3.000000,0.099675
-0.734835,0.100000,3.000000,0.099696
-0.734134,0.100000,3.000000,0.099717
-0.733433,0.100000,3.000000,0.099739
-0.732733,0.100000,3.000000,0.099760
-0.732032,0.100000,3.000000,0.099781
-0.731331,0.100000,3.000000,0.099802
-0.730631,0.100000,3.000000,0.099824
-0.729930,0.100000,3.000000,0.099845
-0.729229,0.100000,3.000000,0.099866
-0.728529,0.100000,3.000000,0.099887
-0.727828,0.100000,3.000000,0.099909
-0.727127,0.100000,3.000000,0.099930
-0.726426,0.100000,3.000000,0.099951
-0.725726,0.100000,3.000000,0.099972
-0.725025,0.100000,3.000000,0.099994
-0.724324,0.100000,3.000000,0.100015
-0.723624,0.100000,3.000000,0.100036
-0.722923,0.100000,3.000000,0.100057
-0.722222,0.100000,3.000000,0.100079
-0.721522,0.100000,3.000000,0.100100
-0.720821,0.100000,3.000000,0.100121
-0.720120,0.100000,3.000000,0.100142
-0.719419,0.100000,3.000000,0.100163
-0.718719,0.100000,3.000000,0.100185
-0.718018,0.100000,3.000000,0.100206
-0.717317,0.100000,3.000000,0.100227
-0.716617,0.100000,3.000000,0.100248
-0.715916,0.100000,3.000000,0.100269
-0.715215,0.100000,3.000000,0.100291
-0.714515,0.100000,3.000000,0.100312
-0.713814,0.100000,3.000000,0.100333
-0.713113,0.100000,3.000000,0.100354
-0.712412,0.100000,3.000000,0.100375
-0.711712,0.100000,3.000000,0.100396
-0.711011,0.100000,3.000000,0.100418
-0.710310,0.100000,3.000000,0.100439
-0.709610,0.100000,3.000000,0.100460
-0.708909,0.100000,3.000000,0.100481
-0.708208,0.100000,3.000000,0.100502
-0.707508,0.100000,3.000000,0.100523
-0.706807,0.100000,3.000000,0.100544
-0.706106,0.100000,3.000000,0.100565
-0.705405,0.100000,3.000000,0.100586
-0.704705,0.100000,3.000000,0.100608
-0.704004,0.100000,3.000000,0.100629
-0.703303,0.100000,3.000000,0.100650
-0.702603,0.100000,3.000000,0.100671
-0.701902,0.100000,3.000000,0.100692
-0.701201,0.100000,3.000000,0.100713
-0.700501,0.100000,3.000000,0.100734
-0.699800,0.100000,3.000000,0.100755
-0.699099,0.100000,3.000000,0.100776
-0.698398,0.100000,3.000000,0.100797
-0.697698,0.100000,3.000000,0.100818
-0.696997,0.100000,3.000000,0.100839
-0.696296,0.100000,3.000000,0.100860
-0.695596,0.100000,3.000000,0.100881
-0.694895,0.100000,3.000000,0.100902
-0.694194,0.100000,3.000000,0.100923
-0.693493,0.100000,3.000000,0.100944
-0.692793,0.100000,3.000000,0.100965
-0.692092,0.100000,3.000000,0.100986
-0.691391,0.100000,3.000000,0.101007
-0.690691,0.100000,3.000000,0.101028
-0.689990,0.100000,3.000000,0.101049
-0.689289,0.100000,3.000000,0.101070
-0.688589,0.100000,3.000000,0.101091
-0.687888,0.100000,3.000000,0.101112
-0.687187,0.100000,3.000000,0.101133
-0.686486,0.100000,3.000000,0.101153
-0.685786,0.100000,3.000000,0.101174
-0.685085,0.100000,3.000000,0.101195
-0.684384,0.100000,3.000000,0.101216
-0.683684,0.100000,3.000000,0.101237
-0.682983,0.100000,3.000000,0.101258
-0.682282,0.100000,3.000000,0.101279
-0.681582,0.100000,3.000000,0.101299
-0.680881,0.100000,3.000000,0.101320
-0.680180,0.100000,3.000000,0.101341
-0.679479,0.100000,3.000000,0.101362
-0.678779,0.100000,3.000000,0.101383
-0.678078,0.100000,3.000000,0.101403
-0.677377,0.100000,3.000000,0.101424
-0.676677,0.100000,3.000000,0.101445
-0.675976,0.100000,3.000000,0.101466
-0.675275,0.100000,3.000000,0.101487
-0.674575,0.100000,3.000000,0.101507
-0.673874,0.100000,3.000000,0.101528
-0.673173,0.100000,3.000000,0.101549
-0.672472,0.100000,3.000000,0.101570
-0.671772,0.100000,3.000000,0.101590
-0.671071,0.100000,3.000000,0.101611
-0.670370,0.100000,3.000000,0.101632
-0.669670,0.100000,3.000000,0.101653
-0.668969,0.100000,3.000000,0.101673
-0.668268,0.100000,3.000000,0.101694
-0.667568,0.100000,3.000000,0.101715
-0.666867,0.100000,3.000000,0.101735
-0.666166,0.100000,3.000000,0.101756
-0.665465,0.100000,3.000000,0.101777
-0.664765,0.100000,3.000000,0.101797
-0.664064,0.100000,3.000000,0.101818
-0.663363,0.100000,3.000000,0.101839
-0.662663,0.100000,3.000000,0.101859
-0.661962,0.100000,3.000000,0.101880
-0.661261,0.100000,3.000000,0.101901
-0.660561,0.100000,3.000000,0.101921
-0.659860,0.100000,3.000000,0.101942
-0.659159,0.100000,3.000000,0.101963
-0.658458,0.100000,3.000000,0.101983
-0.657758,0.100000,3.000000,0.102004
-0.657057,0.100000,3.000000,0.102024
-0.656356,0.100000,3.000000,0.102045
-0.655656,0.100000,3.000000,0.102066
-0.654955,0.100000,3.000000,0.102086
-0.654254,0.100000,3.000000,0.102107
-0.653554,0.100000,3.000000,0.102127
-0.652853,0.100000,3.000000,0.102148
-0.652152,0.100000,3.000000,0.102169
-0.651451,0.100000,3.000000,0.102189
-0.650751,0.100000,3.000000,0.102210
-0.650050,0.100000,3.000000,0.102230
-0.649349,0.100000,3.000000,0.102251
-0.648649,0.100000,3.000000,0.102271
-0.647948,0.100000,3.000000,0.102292
-0.647247,0.100000,3.000000,0.102312
-0.646547,0.100000,3.000000,0.102333
-0.645846,0.100000,3.000000,0.102354
-0.645145,0.100000,3.000000,0.102374
-0.644444,0.100000,3.000000,0.102395
-0.643744,0.100000,3.000000,0.102415
-0.643043,0.100000,3.000000,0.102436
-0.642342,0.100000,3.000000,0.102457
-0.641642,0.100000,3.000000,0.102477
-0.640941,0.100000,3.000000,0.102498
-0.640240,0.100000,3.000000,0.102518
-0.639540,0.100000,3.000000,0.102539
-0.638839,0.100000,3.000000,0.102559
-0.638138,0.100000,3.000000,0.102580
-0.637437,0.100000,3.000000,0.102601
-0.636737,0.100000,3.000000,0.102621
-0.636036,0.100000,3.000000,0.102642
-0.635335,0.100000,3.000000,0.102663
-0.634635,0.100000,3.000000,0.102683
-0.633934,0.100000,3.000000,0.102704
-0.633233,0.100000,3.000000,0.102724
-0.632533,0.100000,3.000000,0.102745
-0.631832,0.100000,3.000000,0.102766
-0.631131,0.100000,3.000000,0.102786
-0.630430,0.100000,3.000000,0.102807
-0.629730,0.100000,3.000000,0.102828
-0.629029,0.100000,3.000000,0.102848
-0.628328,0.100000,3.000000,0.102869
-0.627628,0.100000,3.000000,0.102890
-0.626927,0.100000,3.000000,0.102911
-0.626226,0.100000,3.000000,0.102931
-0.625526,0.100000,3.000000,0.102952
-0.624825,0.100000,3.000000,0.102973
-0.624124,0.100000,3.000000,0.102994
-0.623423,0.100000,3.000000,0.103015
-0.622723,0.100000,3.000000,0.103035
-0.622022,0.100000,3.000000,0.103056
-0.621321,0.100000,3.000000,0.103077
-0.620621,0.100000,3.000000,0.103098
-0.619920,0.100000,3.000000,0.103119
-0.619219,0.100000,3.000000,0.103140
-0.618519,0.100000,3.000000,0.103161
-0.617818,0.100000,3.000000,0.103182
-0.617117,0.100000,3.000000,0.103203
-0.616416,0.100000,3.000000,0.103224
-0.615716,0.100000,3.000000,0.103245
-0.615015,0.100000,3.000000,0.103266
-0.614314,0.100000,3.000000,0.103287
-0.613614,0.100000,3.000000,0.103308
-0.612913,0.100000,3.000000,0.103329
-0.612212,0.100000,3.000000,0.103350
-0.611512,0.100000,3.000000,0.103372
-0.610811,0.100000,3.000000,0.103393
-0.610110,0.100000,3.000000,0.103414
-0.609409,0.100000,3.000000,0.103435
-0.608709,0.100000,3.000000,0.103457
-0.608008,0.100000,3.000000,0.103478
-0.607307,0.100000,3.000000,0.103500
-0.606607,0.100000,3.000000,0.103521
-0.605906,0.100000,3.000000,0.103542
-0.605205,0.100000,3.000000,0.103564
-0.604505,0.100000,3.000000,0.103586
-0.603804,0.100000,3.000000,0.103607
-0.603103,0.100000,3.000000,0.103629
-0.602402,0.100000,3.000000,0.103651
-0.601702,0.100000,3.000000,0.103672
-0.601001,0.100000,3.000000,0.103694
-0.600300,0.100000,3.000000,0.103716
-0.599600,0.100000,3.000000,0.103738
-0.598899,0.100000,3.000000,0.103760
-0.598198,0.100000,3.000000,0.103782
-0.597497,0.100000,3.000000,0.103804
-0.596797,0.100000,3.000000,0.103826
-0.596096,0.100000,3.000000,0.103849
-0.595395,0.100000,3.000000,0.103871
-0.594695,0.100000,3.000000,0.103893
-0.593994,0.100000,3.000000,0.103916
-0.593293,0.100000,3.000000,0.103938
-0.592593,0.100000,3.000000,0.103961
-0.591892,0.100000,3.000000,0.103983
-0.591191,0.100000,3.000000,0.104006
-0.590490,0.100000,3.000000,0.104029
-0.589790,0.100000,3.000000,0.104052
-0.589089,0.100000,3.000000,0.104075
-0.588388,0.100000,3.000000,0.104098
-0.587688,0.100000,3.000000,0.104121
-0.586987,0.100000,3.000000,0.104144
-0.586286,0.100000,3.000000,0.104167
-0.585586,0.100000,3.000000,0.104190
-0.584885,0.100000,3.000000,0.104214
-0.584184,0.100000,3.000000,0.104238
-0.583483,0.100000,3.000000,0.104261
-0.582783,0.100000,3.000000,0.104285
-0.582082,0.100000,3.000000,0.104309
-0.581381,0.100000,3.000000,0.104333
-0.580681,0.100000,3.000000,0.104357
-0.579980,0.100000,3.000000,0.104381
-0.579279,0.100000,3.000000,0.104405
-0.578579,0.100000,3.000000,0.104429
-0.577878,0.100000,3.000000,0.104454
-0.577177,0.100000,3.000000,0.104479
-0.576476,0.100000,3.000000,0.104503
-0.575776,0.100000,3.000000,0.104528
-0.575075,0.100000,3.000000,0.104553
-0.574374,0.100000,3.000000,0.104578
-0.573674,0.100000,3.000000,0.104603
-0.572973,0.100000,3.000000,0.104629
-0.572272,0.100000,3.000000,0.104654
-0.571572,0.100000,3.000000,0.104680
-0.570871,0.100000,3.000000,0.104706
-0.570170,0.100000,3.000000,0.104732
-0.569469,0.100000,3.000000,0.104758
-0.568769,0.100000,3.000000,0.104784
-0.568068,0.100000,3.000000,0.104810
-0.567367,0.100000,3.000000,0.104837
-0.566667,0.100000,3.000000,0.104864
-0.565966,0.100000,3.000000,0.104891
-0.565265,0.100000,3.000000,0.104918
-0.564565,0.100000,3.000000,0.104945
-0.563864,0.100000,3.000000,0.104972
-0.563163,0.100000,3.000000,0.105000
-0.562462,0.100000,3.000000,0.105028
-0.561762,0.100000,3.000000,0.105056
-0.561061,0.100000,3.000000,0.105084
-0.560360,0.100000,3.000000,0.105112
-0.559660,0.100000,3.000000,0.105141
-0.558959,0.100000,3.000000,0.105170
-0.558258,0.100000,3.000000,0.105199
-0.557558,0.100000,3.000000,0.105228
-0.556857,0.100000,3.000000,0.105257
-0.556156,0.100000,3.000000,0.105287
-0.555455,0.100000,3.000000,0.105317
-0.554755,0.100000,3.000000,0.105347
-0.554054,0.100000,3.000000,0.105378
-0.553353,0.100000,3.000000,0.105408
-0.552653,0.100000,3.000000,0.105439
-0.551952,0.100000,3.000000,0.105470
-0.551251,0.100000,3.000000,0.105502
-0.550551,0.100000,3.000000,0.105533
-0.549850,0.100000,3.000000,0.105565
-0.549149,0.100000,3.000000,0.105597
-0.548448,0.100000,3.000000,0.105630
-0.547748,0.100000,3.000000,0.105663
-0.547047,0.100000,3.000000,0.105696
-0.546346,0.100000,3.000000,0.105729
-0.545646,0.100000,3.000000,0.105763
-0.544945,0.100000,3.000000,0.105797
-0.544244,0.100000,3.000000,0.105831
-0.543544,0.100000,3.000000,0.105865
-0.542843,0.100000,3.000000,0.105900
-0.542142,0.100000,3.000000,0.105936
-0.541441,0.100000,3.000000,0.105971
-0.540741,0.100000,3.000000,0.106007
-0.540040,0.100000,3.000000,0.106044
-0.539339,0.100000,3.000000,0.106080
-0.538639,0.100000,3.000000,0.106117
-0.537938,0.100000,3.000000,0.106155
-0.537237,0.100000,3.000000,0.106193
-0.536537,0.100000,3.000000,0.106231
-0.535836,0.100000,3.000000,0.106269
-0.535135,0.100000,3.000000,0.106308
-0.534434,0.100000,3.000000,0.106348
-0.533734,0.100000,3.000000,0.106387
-0.533033,0.100000,3.000000,0.106428
-0.532332,0.100000,3.000000,0.106469
-0.531632,0.100000,3.000000,0.106510
-0.530931,0.100000,3.000000,0.106551
-0.530230,0.100000,3.000000,0.106593
-0.529530,0.100000,3.000000,0.106636
-0.528829,0.100000,3.000000,0.106679
-0.528128,0.100000,3.000000,0.106722
-0.527427,0.100000,3.000000,0.106766
-0.526727,0.100000,3.000000,0.106811
-0.526026,0.100000,3.000000,0.106856
-0.525325,0.100000,3.000000,0.106901
-0.524625,0.100000,3.000000,0.106947
-0.523924,0.100000,3.000000,0.106994
-0.523223,0.100000,3.000000,0.107041
-0.522523,0.100000,3.000000,0.107089
-0.521822,0.100000,3.000000,0.107137
-0.521121,0.100000,3.000000,0.107185
-0.520420,0.100000,3.000000,0.107235
-0.519720,0.100000,3.000000,0.107285
-0.519019,0.100000,3.000000,0.107336
-0.518318,0.100000,3.000000,0.107387
-0.517618,0.100000,3.000000,0.107439
-0.516917,0.100000,3.000000,0.107491
-0.516216,0.100000,3.000000,0.107544
-0.515516,0.100000,3.000000,0.107598
-0.514815,0.100000,3.000000,0.107653
-0.514114,0.100000,3.000000,0.107708
-0.513413,0.100000,3.000000,0.107764
-0.512713,0.100000,3.000000,0.107820
-0.512012,0.100000,3.000000,0.107878
-0.511311,0.100000,3.000000,0.107935
-0.510611,0.100000,3.000000,0.107994
-0.509910,0.100000,3.000000,0.108054
-0.509209,0.100000,3.000000,0.108114
-0.508509,0.100000,3.000000,0.108175
-0.507808,0.100000,3.000000,0.108237
-0.507107,0.100000,3.000000,0.108300
-0.506406,0.100000,3.000000,0.108363
-0.505706,0.100000,3.000000,0.108427
-0.505005,0.100000,3.000000,0.108492
-0.504304,0.100000,3.000000,0.108558
-0.503604,0.100000,3.000000,0.108625
-0.502903,0.100000,3.000000,0.108693
-0.502202,0.100000,3.000000,0.108761
-0.501502,0.100000,3.000000,0.108831
-0.500801,0.100000,3.000000,0.108901
-0.500100,0.100000,3.000000,0.108973
-0.499399,0.100000,3.000000,0.109045
-0.498699,0.100000,3.000000,0.109118
-0.497998,0.100000,3.000000,0.109192
-0.497297,0.100000,3.000000,0.109268
-0.496597,0.100000,3.000000,0.109344
-0.495896,0.100000,3.000000,0.109421
-0.495195,0.100000,3.000000,0.109499
-0.494494,0.100000,3.000000,0.109579
-0.493794,0.100000,3.000000,0.109659
-0.493093,0.100000,3.000000,0.109740
-0.492392,0.100000,3.000000,0.109823
-0.491692,0.100000,3.000000,0.109906
-0.490991,0.100000,3.000000,0.109991
-0.490290,0.100000,3.000000,0.110077
-0.489590,0.100000,3.000000,0.110163
-0.488889,0.100000,3.000000,0.110252
-0.488188,0.100000,3.000000,0.110341
-0.487487,0.100000,3.000000,0.110431
-0.486787,0.100000,3.000000,0.110523
-0.486086,0.100000,3.000000,0.110616
-0.485385,0.100000,3.000000,0.110709
-0.484685,0.100000,3.000000,0.110805
-0.483984,0.100000,3.000000,0.110901
-0.483283,0.100000,3.000000,0.110999
-0.482583,0.100000,3.000000,0.111098
-0.481882,0.100000,3.000000,0.111198
-0.481181,0.100000,3.000000,0.111300
-0.480480,0.100000,3.000000,0.111402
-0.479780,0.100000,3.000000,0.111507
-0.479079,0.100000,3.000000,0.111612
-0.478378,0.100000,3.000000,0.111719
-0.477678,0.100000,3.000000,0.111827
-0.476977,0.100000,3.000000,0.111937
-0.476276,0.100000,3.000000,0.112048
-0.475576,0.100000,3.000000,0.112160
-0.474875,0.100000,3.000000,0.112274
-0.474174,0.100000,3.000000,0.112389
-0.473473,0.100000,3.000000,0.112505
-0.472773,0.100000,3.000000,0.112623
-0.472072,0.100000,3.000000,0.112742
-0.471371,0.100000,3.000000,0.112863
-0.470671,0.100000,3.000000,0.112985
-0.469970,0.100000,3.000000,0.113109
-0.469269,0.100000,3.000000,0.113234
-0.468569,0.100000,3.000000,0.113361
-0.467868,0.100000,3.000000,0.113489
-0.467167,0.100000,3.000000,0.113618
-0.466466,0.100000,3.000000,0.113749
-0.465766,0.100000,3.000000,0.113882
-0.465065,0.100000,3.000000,0.114016
-0.464364,0.100000,3.000000,0.114151
-0.463664,0.100000,3.000000,0.114288
-0.462963,0.100000,3.000000,0.114426
-0.462262,0.100000,3.000000,0.114566
-0.461562,0.100000,3.000000,0.114707
-0.460861,0.100000,3.000000,0.114850
-0.460160,0.100000,3.000000,0.114994
-0.459459,0.100000,3.000000,0.115140
-0.458759,0.100000,3.000000,0.115287
-0.458058,0.100000,3.000000,0.115436
-0.457357,0.100000,3.000000,0.115586
-0.456657,0.100000,3.000000,0.115737
-0.455956,0.100000,3.000000,0.115890
-0.455255,0.100000,3.000000,0.116044
-0.454555,0.100000,3.000000,0.116200
-0.453854,0.100000,3.000000,0.116357
-0.453153,0.100000,3.000000,0.116515
-0.452452,0.100000,3.000000,0.116675
-0.451752,0.100000,3.000000,0.116836
-0.451051,0.100000,3.000000,0.116998
-0.450350,0.100000,3.000000,0.117161
-0.449650,0.100000,3.000000,0.117326
-0.448949,0.100000,3.000000,0.117492
-0.448248,0.100000,3.000000,0.117659
-0.447548,0.100000,3.000000,0.117828
-0.446847,0.100000,3.000000,0.117997
-0.446146,0.100000,3.000000,0.118167
-0.445445,0.100000,3.000000,0.118339
-0.444745,0.100000,3.000000,0.118511
-0.444044,0.100000,3.000000,0.118684
-0.443343,0.100000,3.000000,0.118859
-0.442643,0.100000,3.000000,0.119034
-0.441942,0.100000,3.000000,0.119210
-0.441241,0.100000,3.000000,0.119386
-0.440541,0.100000,3.000000,0.119564
-0.439840,0.100000,3.000000,0.119742
-0.439139,0.100000,3.000000,0.119920
-0.438438,0.100000,3.000000,0.120099
-0.437738,0.100000,3.000000,0.120278
-0.437037,0.100000,3.000000,0.120458
-0.436336,0.100000,3.000000,0.120638
-0.435636,0.100000,3.000000,0.120818
-0.434935,0.100000,3.000000,0.120998
-0.434234,0.100000,3.000000,0.121179
-0.433534,0.100000,3.000000,0.121359
-0.432833,0.100000,3.000000,0.121538
-0.432132,0.100000,3.000000,0.121718
-0.431431,0.100000,3.000000,0.121897
-0.430731,0.100000,3.000000,0.122076
-0.430030,0.100000,3.000000,0.122254
-0.429329,0.100000,3.000000,0.122431
-0.428629,0.100000,3.000000,0.122608
-0.427928,0.100000,3.000000,0.122783
-0.427227,0.100000,3.000000,0.122958
-0.426527,0.100000,3.000000,0.123131
-0.425826,0.100000,3.000000,0.123302
-0.425125,0.100000,3.000000,0.123472
-0.424424,0.100000,3.000000,0.123640
-0.423724,0.100000,3.000000,0.123806
-0.423023,0.100000,3.000000,0.123971
-0.422322,0.100000,3.000000,0.124133
-0.421622,0.100000,3.000000,0.124292
-0.420921,0.100000,3.000000,0.124449
-0.420220,0.100000,3.000000,0.124602
-0.419520,0.100000,3.000000,0.124753
-0.418819,0.100000,3.000000,0.124901
-0.418118,0.100000,3.000000,0.125044
-0.417417,0.100000,3.000000,0.125184
-0.416717,0.100000,3.000000,0.125320
-0.416016,0.100000,3.000000,0.125452
-0.415315,0.100000,3.000000,0.125579
-0.414615,0.100000,3.000000,0.125702
-0.413914,0.100000,3.000000,0.125819
-0.413213,0.100000,3.000000,0.125931
-0.412513,0.100000,3.000000,0.126037
-0.411812,0.100000,3.000000,0.126137
-0.411111,0.100000,3.000000,0.126230
-0.410410,0.100000,3.000000,0.126317
-0.409710,0.100000,3.000000,0.126397
-0.409009,0.100000,3.000000,0.126469
-0.408308,0.100000,3.000000,0.126534
-0.407608,0.100000,3.000000,0.126591
-0.406907,0.100000,3.000000,0.126639
-0.406206,0.100000,3.000000,0.126678
-0.405506,0.100000,3.000000,0.126707
-0.404805,0.100000,3.000000,0.126727
-0.404104,0.100000,3.000000,0.126737
-0.403403,0.100000,3.000000,0.126737
-0.402703,0.100000,3.000000,0.126725
-0.402002,0.100000,3.000000,0.126702
-0.401301,0.100000,3.000000,0.126667
-0.400601,0.100000,3.000000,0.126620
-0.399900,0.100000,3.000000,0.126560
-0.399199,0.100000,3.000000,0.126488
-0.398498,0.100000,3.000000,0.126402
-0.397798,0.100000,3.000000,0.126302
-0.397097,0.100000,3.000000,0.126188
-0.396396,0.100000,3.000000,0.126059
-0.395696,0.100000,3.000000,0.125915
-0.394995,0.100000,3.000000,0.125757
-0.394294,0.100000,3.000000,0.125583
-0.393594,0.100000,3.000000,0.125393
-0.392893,0.100000,3.000000,0.125187
-0.392192,0.100000,3.000000,0.124966
-0.391491,0.100000,3.000000,0.124728
-0.390791,0.100000,3.000000,0.124475
-0.390090,0.100000,3.000000,0.124205
-0.389389,0.100000,3.000000,0.123919
-0.388689,0.100000,3.000000,0.123618
-0.387988,0.100000,3.000000,0.123300
-0.387287,0.100000,3.000000,0.122967
-0.386587,0.100000,3.000000,0.122620
-0.385886,0.100000,3.000000,0.122257
-0.385185,0.100000,3.000000,0.121881
-0.384484,0.100000,3.000000,0.121491
-0.383784,0.100000,3.000000,0.121088
-0.383083,0.100000,3.000000,0.120673
-0.382382,0.100000,3.000000,0.120246
-0.381682,0.100000,3.000000,0.119810
-0.380981,0.100000,3.000000,0.119364
-0.380280,0.100000,3.000000,0.118909
-0.379580,0.100000,3.000000,0.118447
-0.378879,0.100000,3.000000,0.117979
-0.378178,0.100000,3.000000,0.117506
-0.377477,0.100000,3.000000,0.117029
-0.376777,0.100000,3.000000,0.116549
-0.376076,0.100000,3.000000,0.116068
-0.375375,0.100000,3.000000,0.115586
-0.374675,0.100000,3.000000,0.115106
-0.373974,0.100000,3.000000,0.114627
-0.373273,0.100000,3.000000,0.114152
-0.372573,0.100000,3.000000,0.113681
-0.371872,0.100000,3.000000,0.113216
-0.371171,0.100000,3.000000,0.112758
-0.370470,0.100000,3.000000,0.112306
-0.369770,0.100000,3.000000,0.111863
-0.369069,0.100000,3.000000,0.111430
-0.368368,0.100000,3.000000,0.111006
-0.367668,0.100000,3.000000,0.110592
-0.366967,0.100000,3.000000,0.110189
-0.366266,0.100000,3.000000,0.109798
-0.365566,0.100000,3.000000,0.109419
-0.364865,0.100000,3.000000,0.109052
-0.364164,0.100000,3.000000,0.108698
-0.363463,0.100000,3.000000,0.108356
-0.362763,0.100000,3.000000,0.108026
-0.362062,0.100000,3.000000,0.107710
-0.361361,0.100000,3.000000,0.107406
-0.360661,0.100000,3.000000,0.107114
-0.359960,0.100000,3.000000,0.106835
-0.359259,0.100000,3.000000,0.106568
-0.358559,0.100000,3.000000,0.106313
-0.357858,0.100000,3.000000,0.106069
-0.357157,0.100000,3.000000,0.105837
-0.356456,0.100000,3.000000,0.105616
-0.355756,0.100000,3.000000,0.105406
-0.355055,0.100000,3.000000,0.105206
-0.354354,0.100000,3.000000,0.105016
-0.353654,0.100000,3.000000,0.104835
-0.352953,0.100000,3.000000,0.104664
-0.352252,0.100000,3.000000,0.104502
-0.351552,0.100000,3.000000,0.104348
-0.350851,0.100000,3.000000,0.104202
-0.350150,0.100000,3.000000,0.104064
-0.349449,0.100000,3.000000,0.103934
-0.348749,0.100000,3.000000,0.103810
-0.348048,0.100000,3.000000,0.103694
-0.347347,0.100000,3.000000,0.103583
-0.346647,0.100000,3.000000,0.103479
-0.345946,0.100000,3.000000,0.103380
-0.345245,0.100000,3.000000,0.103287
-0.344545,0.100000,3.000000,0.103199
-0.343844,0.100000,3.000000,0.103115
-0.343143,0.100000,3.000000,0.103037
-0.342442,0.100000,3.000000,0.102962
-0.341742,0.100000,3.000000,0.102892
-0.341041,0.100000,3.000000,0.102826
-0.340340,0.100000,3.000000,0.102764
-0.339640,0.100000,3.000000,0.102705
-0.338939,0.100000,3.000000,0.102649
-0.338238,0.100000,3.000000,0.102597
-0.337538,0.100000,3.000000,0.102547
-0.336837,0.100000,3.000000,0.102500
-0.336136,0.100000,3.000000,0.102456
-0.335435,0.100000,3.000000,0.102415
-0.334735,0.100000,3.000000,0.102376
-0.334034,0.100000,3.000000,0.102339
-0.333333,0.100000,3.000000,0.102304
-0.332633,0.100000,3.000000,0.102271
-0.331932,0.100000,3.000000,0.102240
-0.331231,0.100000,3.000000,0.102210
-0.330531,0.100000,3.000000,0.102183
-0.329830,0.100000,3.000000,0.102157
-0.329129,0.100000,3.000000,0.102132
-0.328428,0.100000,3.000000,0.102109
-0.327728,0.100000,3.000000,0.102087
-0.327027,0.100000,3.000000,0.102067
-0.326326,0.100000,3.000000,0.102047
-0.325626,0.100000,3.000000,0.102029
-0.324925,0.100000,3.000000,0.102012
-0.324224,0.100000,3.000000,0.101996
-0.323524,0.100000,3.000000,0.101981
-0.322823,0.100000,3.000000,0.101966
-0.322122,0.100000,3.000000,0.101953
-0.321421,0.100000,3.000000,0.101940
-0.320721,0.100000,3.000000,0.101928
-0.320020,0.100000,3.000000,0.101917
-0.319319,0.100000,3.000000,0.101907
-0.318619,0.100000,3.000000,0.101897
-0.317918,0.100000,3.000000,0.101888
-0.317217,0.100000,3.000000,0.101879
-0.316517,0.100000,3.000000,0.101871
-0.315816,0.100000,3.000000,0.101864
-0.315115,0.100000,3.000000,0.101857
-0.314414,0.100000,3.000000,0.101850
-0.313714,0.100000,3.000000,0.101844
-0.313013,0.100000,3.000000,0.101838
-0.312312,0.100000,3.000000,0.101833
-0.311612,0.100000,3.000000,0.101828
-0.310911,0.100000,3.000000,0.101823
-0.310210,0.100000,3.000000,0.101819
-0.309510,0.100000,3.000000,0.101815
-0.308809,0.100000,3.000000,0.101812
-0.308108,0.100000,3.000000,0.101808
-0.307407,0.100000,3.000000,0.101805
-0.306707,0.100000,3.000000,0.101803
-0.306006,0.100000,3.000000,0.101800
-0.305305,0.100000,3.000000,0.101798
-0.304605,0.100000,3.000000,0.101796
-0.303904,0.100000,3.000000,0.101794
-0.303203,0.100000,3.000000,0.101792
-0.302503,0.100000,3.000000,0.101791
-0.301802,0.100000,3.000000,0.101789
-0.301101,0.100000,3.000000,0.101788
-0.300400,0.100000,3.000000,0.101787
-0.299700,0.100000,3.000000,0.101787
-0.298999,0.100000,3.000000,0.101786
-0.298298,0.100000,3.000000,0.101785
-0.297598,0.100000,3.000000,0.101785
-0.296897,0.100000,3.000000,0.101785
-0.296196,0.100000,3.000000,0.101785
-0.295495,0.100000,3.000000,0.101785
-0.294795,0.100000,3.000000,0.101785
-0.294094,0.100000,3.000000,0.101785
-0.293393,0.100000,3.000000,0.101785
-0.292693,0.100000,3.000000,0.101786
-0.291992,0.100000,3.000000,0.101786
-0.291291,0.100000,3.000000,0.101787
-0.290591,0.100000,3.000000,0.101787
-0.289890,0.100000,3.000000,0.101788
-0.289189,0.100000,3.000000,0.101789
-0.288488,0.100000,3.000000,0.101790
-0.287788,0.100000,3.000000,0.101791
-0.287087,0.100000,3.000000,0.101792
-0.286386,0.100000,3.000000,0.101793
-0.285686,0.100000,3.000000,0.101794
-0.284985,0.100000,3.000000,0.101795
-0.284284,0.100000,3.000000,0.101796
-0.283584,0.100000,3.000000,0.101797
-0.282883,0.100000,3.000000,0.101799
-0.282182,0.100000,3.000000,0.101800
-0.281481,0.100000,3.000000,0.101801
-0.280781,0.100000,3.000000,0.101803
-0.280080,0.100000,3.000000,0.101804
-0.279379,0.100000,3.000000,0.101806
-0.278679,0.100000,3.000000,0.101807
-0.277978,0.100000,3.000000,0.101809
-0.277277,0.100000,3.000000,0.101811
-0.276577,0.100000,3.000000,0.101812
-0.275876,0.100000,3.000000,0.101814
-0.275175,0.100000,3.000000,0.101816
-0.274474,0.100000,3.000000,0.101817
-0.273774,0.100000,3.000000,0.101819
-0.273073,0.100000,3.000000,0.101821
-0.272372,0.100000,3.000000,0.101823
-0.271672,0.100000,3.000000,0.101824
-0.270971,0.100000,3.000000,0.101826
-0.270270,0.100000,3.000000,0.101828
-0.269570,0.100000,3.000000,0.101830
-0.268869,0.100000,3.000000,0.101832
-0.268168,0.100000,3.000000,0.101834
-0.267467,0.100000,3.000000,0.101836
-0.266767,0.100000,3.000000,0.101838
-0.266066,0.100000,3.000000,0.101840
-0.265365,0.100000,3.000000,0.101842
-0.264665,0.100000,3.000000,0.101844
-0.263964,0.100000,3.000000,0.101846
-0.263263,0.100000,3.000000,0.101848
-0.262563,0.100000,3.000000,0.101850
-0.261862,0.100000,3.000000,0.101852
-0.261161,0.100000,3.000000,0.101854
-0.260460,0.100000,3.000000,0.101856
-0.259760,0.100000,3.000000,0.101858
-0.259059,0.100000,3.000000,0.101860
-0.258358,0.100000,3.000000,0.101863
-0.257658,0.100000,3.000000,0.101865
-0.256957,0.100000,3.000000,0.101867
-0.256256,0.100000,3.000000,0.101869
-0.255556,0.100000,3.000000,0.101871
-0.254855,0.100000,3.000000,0.101873
-0.254154,0.100000,3.000000,0.101876
-0.253453,0.100000,3.000000,0.101878
-0.252753,0.100000,3.000000,0.101880
-0.252052,0.100000,3.000000,0.101882
-0.251351,0.100000,3.000000,0.101885
-0.250651,0.100000,3.000000,0.101887
-0.249950,0.100000,3.000000,0.101889
-0.249249,0.100000,3.000000,0.101891
-0.248549,0.100000,3.000000,0.101894
-0.247848,0.100000,3.000000,0.101896
-0.247147,0.100000,3.000000,0.101898
-0.246446,0.100000,3.000000,0.101901
-0.245746,0.100000,3.000000,0.101903
-0.245045,0.100000,3.000000,0.101906
-0.244344,0.100000,3.000000,0.101908
-0.243644,0.100000,3.000000,0.101910
-0.242943,0.100000,3.000000,0.101913
-0.242242,0.100000,3.000000,0.101915
-0.241542,0.100000,3.000000,0.101918
-0.240841,0.100000,3.000000,0.101920
-0.240140,0.100000,3.000000,0.101923
-0.239439,0.100000,3.000000,0.101925
-0.238739,0.100000,3.000000,0.101928
-0.238038,0.100000,3.000000,0.101930
-0.237337,0.100000,3.000000,0.101933
-0.236637,0.100000,3.000000,0.101935
-0.235936,0.100000,3.000000,0.101938
-0.235235,0.100000,3.000000,0.101940
-0.234535,0.100000,3.000000,0.101943
-0.233834,0.100000,3.000000,0.101946
-0.233133,0.100000,3.000000,0.101948
-0.232432,0.100000,3.000000,0.101951
-0.231732,0.100000,3.000000,0.101954
-0.231031,0.100000,3.000000,0.101956
-0.230330,0.100000,3.000000,0.101959
-0.229630,0.100000,3.000000,0.101962
-0.228929,0.100000,3.000000,0.101964
-0.228228,0.100000,3.000000,0.101967
-0.227528,0.100000,3.000000,0.101970
-0.226827,0.100000,3.000000,0.101973
-0.226126,0.100000,3.000000,0.101976
-0.225425,0.100000,3.000000,0.101978
-0.224725,0.100000,3.000000,0.101981
-0.224024,0.100000,3.000000,0.101984
-0.223323,0.100000,3.000000,0.101987
-0.222623,0.100000,3.000000,0.101990
-0.221922,0.100000,3.000000,0.101993
-0.221221,0.100000,3.000000,0.101996
-0.220521,0.100000,3.000000,0.101998
-0.219820,0.100000,3.000000,0.102001
-0.219119,0.100000,3.000000,0.102004
-0.218418,0.100000,3.000000,0.102007
-0.217718,0.100000,3.000000,0.102011
-0.217017,0.100000,3.000000,0.102014
-0.216316,0.100000,3.000000,0.102017
-0.215616,0.100000,3.000000,0.102020
-0.214915,0.100000,3.000000,0.102023
-0.214214,0.100000,3.000000,0.102026
-0.213514,0.100000,3.000000,0.102029
-0.212813,0.100000,3.000000,0.102032
-0.212112,0.100000,3.000000,0.102036
-0.211411,0.100000,3.000000,0.102039
-0.210711,0.100000,3.000000,0.102042
-0.210010,0.100000,3.000000,0.102046
-0.209309,0.100000,3.000000,0.102049
-0.208609,0.100000,3.000000,0.102052
-0.207908,0.100000,3.000000,0.102056
-0.207207,0.100000,3.000000,0.102059
-0.206507,0.100000,3.000000,0.102063
-0.205806,0.100000,3.000000,0.102066
-0.205105,0.100000,3.000000,0.102070
-0.204404,0.100000,3.000000,0.102073
-0.203704,0.100000,3.000000,0.102077
-0.203003,0.100000,3.000000,0.102080
-0.202302,0.100000,3.000000,0.102084
-0.201602,0.100000,3.000000,0.102088
-0.200901,0.100000,3.000000,0.102091
-0.200200,0.100000,3.000000,0.102095
-0.199499,0.100000,3.000000,0.102099
-0.198799,0.100000,3.000000,0.102103
-0.198098,0.100000,3.000000,0.102107
-0.197397,0.100000,3.000000,0.102111
-0.196697,0.100000,3.000000,0.102114
-0.195996,0.100000,3.000000,0.102118
-0.195295,0.100000,3.000000,0.102122
-0.194595,0.100000,3.000000,0.102126
-0.193894,0.100000,3.000000,0.102131
-0.193193,0.100000,3.000000,0.102135
-0.192492,0.100000,3.000000,0.102139
-0.191792,0.100000,3.000000,0.102143
-0.191091,0.100000,3.000000,0.102147
-0.190390,0.100000,3.000000,0.102152
-0.189690,0.100000,3.000000,0.102156
-0.188989,0.100000,3.000000,0.102160
-0.188288,0.100000,3.000000,0.102165
-0.187588,0.100000,3.000000,0.102169
-0.186887,0.100000,3.000000,0.102174
-0.186186,0.100000,3.000000,0.102178
-0.185485,0.100000,3.000000,0.102183
-0.184785,0.100000,3.000000,0.102188
-0.184084,0.100000,3.000000,0.102192
-0.183383,0.100000,3.000000,0.102197
-0.182683,0.100000,3.000000,0.102202
-0.181982,0.100000,3.000000,0.102207
-0.181281,0.100000,3.000000,0.102212
-0.180581,0.100000,3.000000,0.102217
-0.179880,0.100000,3.000000,0.102222
-0.179179,0.100000,3.000000,0.102227
-0.178478,0.100000,3.000000,0.102232
-0.177778,0.100000,3.000000,0.102237
-0.177077,0.100000,3.000000,0.102243
-0.176376,0.100000,3.000000,0.102248
-0.175676,0.100000,3.000000,0.102253
-0.174975,0.100000,3.000000,0.102259
-0.174274,0.100000,3.000000,0.102264
-0.173574,0.100000,3.000000,0.102270
-0.172873,0.100000,3.000000,0.102275
-0.172172,0.100000,3.000000,0.102281
-0.171471,0.100000,3.000000,0.102287
-0.170771,0.100000,3.000000,0.102293
-0.170070,0.100000,3.000000,0.102299
-0.169369,0.100000,3.000000,0.102305
-0.168669,0.100000,3.000000,0.102311
-0.167968,0.100000,3.000000,0.102317
-0.167267,0.100000,3.000000,0.102324
-0.166567,0.100000,3.000000,0.102330
-0.165866,0.100000,3.000000,0.102336
-0.165165,0.100000,3.000000,0.102343
-0.164464,0.100000,3.000000,0.102349
-0.163764,0.100000,3.000000,0.102356
-0.163063,0.100000,3.000000,0.102363
-0.162362,0.100000,3.000000,0.102370
-0.161662,0.100000,3.000000,0.102377
-0.160961,0.100000,3.000000,0.102384
-0.160260,0.100000,3.000000,0.102391
-0.159560,0.100000,3.000000,0.102398
-0.158859,0.100000,3.000000,0.102405
-0.158158,0.100000,3.000000,0.102413
-0.157457,0.100000,3.000000,0.102420
-0.156757,0.100000,3.000000,0.102428
-0.156056,0.100000,3.000000,0.102436
-0.155355,0.100000,3.000000,0.102444
-0.154655,0.100000,3.000000,0.102451
-0.153954,0.100000,3.000000,0.102459
-0.153253,0.100000,3.000000,0.102468
-0.152553,0.100000,3.000000,0.102476
-0.151852,0.100000,3.000000,0.102484
-0.151151,0.100000,3.000000,0.102493
-0.150450,0.100000,3.000000,0.102502
-0.149750,0.100000,3.000000,0.102511
-0.149049,0.100000,3.000000,0.102520
-0.148348,0.100000,3.000000,0.102529
-0.147648,0.100000,3.000000,0.102538
-0.146947,0.100000,3.000000,0.102547
-0.146246,0.100000,3.000000,0.102557
-0.145546,0.100000,3.000000,0.102567
-0.144845,0.100000,3.000000,0.102576
-0.144144,0.100000,3.000000,0.102586
-0.143443,0.100000,3.000000,0.102596
-0.142743,0.100000,3.000000,0.102607
-0.142042,0.100000,3.000000,0.102617
-0.141341,0.100000,3.000000,0.102628
-0.140641,0.100000,3.000000,0.102638
-0.139940,0.100000,3.000000,0.102649
-0.139239,0.100000,3.000000,0.102661
-0.138539,0.100000,3.000000,0.102672
-0.137838,0.100000,3.000000,0.102683
-0.137137,0.100000,3.000000,0.102695
-0.136436,0.100000,3.000000,0.102707
-0.135736,0.100000,3.000000,0.102719
-0.135035,0.100000,3.000000,0.102731
-0.134334,0.100000,3.000000,0.102744
-0.133634,0.100000,3.000000,0.102757
-0.132933,0.100000,3.000000,0.102769
-0.132232,0.100000,3.000000,0.102783
-0.131532,0.100000,3.000000,0.102796
-0.130831,0.100000,3.000000,0.102810
-0.130130,0.100000,3.000000,0.102824
-0.129429,0.100000,3.000000,0.102838
-0.128729,0.100000,3.000000,0.102852
-0.128028,0.100000,3.000000,0.102867
-0.127327,0.100000,3.000000,0.102882
-0.126627,0.100000,3.000000,0.102897
-0.125926,0.100000,3.000000,0.102912
-0.125225,0.100000,3.000000,0.102928
-0.124525,0.100000,3.000000,0.102944
-0.123824,0.100000,3.000000,0.102960
-0.123123,0.100000,3.000000,0.102977
-0.122422,0.100000,3.000000,0.102994
-0.121722,0.100000,3.000000,0.103011
-0.121021,0.100000,3.000000,0.103029
-0.120320,0.100000,3.000000,0.103047
-0.119620,0.100000,3.000000,0.103065
-0.118919,0.100000,3.000000,0.103084
-0.118218,0.100000,3.000000,0.103102
-0.117518,0.100000,3.000000,0.103122
-0.116817,0.100000,3.000000,0.103141
-0.116116,0.100000,3.000000,0.103162
-0.115415,0.100000,3.000000,0.103182
-0.114715,0.100000,3.000000,0.103203
-0.114014,0.100000,3.000000,0.103225
-0.113313,0.100000,3.000000,0.103246
-0.112613,0.100000,3.000000,0.103269
-0.111912,0.100000,3.000000,0.103291
-0.111211,0.100000,3.000000,0.103315
-0.110511,0.100000,3.000000,0.103338
-0.109810,0.100000,3.000000,0.103363
-0.109109,0.100000,3.000000,0.103387
-0.108408,0.100000,3.000000,0.103413
-0.107708,0.100000,3.000000,0.103438
-0.107007,0.100000,3.000000,0.103465
-0.106306,0.100000,3.000000,0.103492
-0.105606,0.100000,3.000000,0.103519
-0.104905,0.100000,3.000000,0.103547
-0.104204,0.100000,3.000000,0.103576
-0.103504,0.100000,3.000000,0.103605
-0.102803,0.100000,3.000000,0.103635
-0.102102,0.100000,3.000000,0.103666
-0.101401,0.100000,3.000000,0.103697
-0.100701,0.100000,3.000000,0.103729
-0.100000,0.100000,3.000000,0.103762
-0.800000,1.000000,0.200000,0.081604
-0.799299,1.000000,0.200000,0.081596
-0.798599,1.000000,0.200000,0.081587
-0.797898,1.000000,0.200000,0.081579
-0.797197,1.000000,0.200000,0.081571
-0.796496,1.000000,0.200000,0.081563
-0.795796,1.000000,0.200000,0.081555
-0.795095,1.000000,0.200000,0.081546
-0.794394,1.000000,0.200000,0.081538
-0.793694,1.000000,0.200000,0.081530
-0.792993,1.000000,0.200000,0.081521
-0.792292,1.000000,0.200000,0.081513
-0.791592,1.000000,0.200000,0.081505
-0.790891,1.000000,0.200000,0.081497
-0.790190,1.000000,0.200000,0.081488
-0.789489,1.000000,0.200000,0.081480
-0.788789,1.000000,0.200000,0.081472
-0.788088,1.000000,0.200000,0.081463
-0.787387,1.000000,0.200000,0.081455
-0.786687,1.000000,0.200000,0.081447
-0.785986,1.000000,0.200000,0.081438
-0.785285,1.000000,0.200000,0.081430
-0.784585,1.000000,0.200000,0.081422
-0.783884,1.000000,0.200000,0.081414
-0.783183,1.000000,0.200000,0.081405
-0.782482,1.000000,0.200000,0.081397
-0.781782,1.000000,0.200000,0.081388
-0.781081,1.000000,0.200000,0.081380
-0.780380,1.000000,0.200000,0.081372
-0.779680,1.000000,0.200000,0.081363
-0.778979,1.000000,0.200000,0.081355
-0.778278,1.000000,0.200000,0.081347
-0.777578,1.000000,0.200000,0.081338
-0.776877,1.000000,0.200000,0.081330
-0.776176,1.000000,0.200000,0.081322
-0.775475,1.000000,0.200000,0.081313
-0.774775,1.000000,0.200000,0.081305
-0.774074,1.000000,0.200000,0.081297
-0.773373,1.000000,0.200000,0.081288
-0.772673,1.000000,0.200000,0.081280
-0.771972,1.000000,0.200000,0.081271
-0.771271,1.000000,0.200000,0.081263
-0.770571,1.000000,0.200000,0.081255
-0.769870,1.000000,0.200000,0.081246
-0.769169,1.000000,0.200000,0.081238
-0.768468,1.000000,0.200000,0.081229
-0.767768,1.000000,0.200000,0.081221
-0.767067,1.000000,0.200000,0.081213
-0.766366,1.000000,0.200000,0.081204
-0.765666,1.000000,0.200000,0.081196
-0.764965,1.000000,0.200000,0.081187
-0.764264,1.000000,0.200000,0.081179
-0.763564,1.000000,0.200000,0.081170
-0.762863,1.000000,0.200000,0.081162
-0.762162,1.000000,0.200000,0.081154
-0.761461,1.000000,0.200000,0.081145
-0.760761,1.000000,0.200000,0.081137
-0.760060,1.000000,0.200000,0.081128
-0.759359,1.000000,0.200000,0.081120
-0.758659,1.000000,0.200000,0.081111
-0.757958,1.000000,0.200000,0.081103
-0.757257,1.000000,0.200000,0.081094
-0.756557,1.000000,0.200000,0.081086
-0.755856,1.000000,0.200000,0.081078
-0.755155,1.000000,0.200000,0.081069
-0.754454,1.000000,0.200000,0.081060
-0.753754,1.000000,0.200000,0.081052
-0.753053,1.000000,0.200000,0.081044
-0.752352,1.000000,0.200000,0.081035
-0.751652,1.000000,0.200000,0.081027
-0.750951,1.000000,0.200000,0.081018
-0.750250,1.000000,0.200000,0.081010
-0.749550,1.000000,0.200000,0.081001
-0.748849,1.000000,0.200000,0.080993
-0.748148,1.000000,0.200000,0.080984
-0.747447,1.000000,0.200000,0.080976
-0.746747,1.000000,0.200000,0.080967
-0.746046,1.000000,0.200000,0.080959
-0.745345,1.000000,0.200000,0.080950
-0.744645,1.000000,0.200000,0.080942
-0.743944,1.000000,0.200000,0.080933
-0.743243,1.000000,0.200000,0.080924
-0.742543,1.000000,0.200000,0.080916
-0.741842,1.000000,0.200000,0.080907
-0.741141,1.000000,0.200000,0.080899
-0.740440,1.000000,0.200000,0.080890
-0.739740,1.000000,0.200000,0.080882
-0.739039,1.000000,0.200000,0.080873
-0.738338,1.000000,0.200000,0.080865
-0.737638,1.000000,0.200000,0.080856
-0.736937,1.000000,0.200000,0.080848
-0.736236,1.000000,0.200000,0.080839
-0.735536,1.000000,0.200000,0.080830
-0.734835,1.000000,0.200000,0.080822
-0.734134,1.000000,0.200000,0.080813
-0.733433,1.000000,0.200000,0.080805
-0.732733,1.000000,0.200000,0.080796
-0.732032,1.000000,0.200000,0.080788
-0.731331,1.000000,0.200000,0.080779
-0.730631,1.000000,0.200000,0.080771
-0.729930,1.000000,0.200000,0.080762
-0.729229,1.000000,0.200000,0.080753
-0.728529,1.000000,0.200000,0.080745
-0.727828,1.000000,0.200000,0.080736
-0.727127,1.000000,0.200000,0.080728
-0.726426,1.000000,0.200000,0.080719
-0.725726,1.000000,0.200000,0.080710
-0.725025,1.000000,0.200000,0.080702
-0.724324,1.000000,0.200000,0.080693
-0.723624,1.000000,0.200000,0.080685
-0.722923,1.000000,0.200000,0.080676
-0.722222,1.000000,0.200000,0.080667
-0.721522,1.000000,0.200000,0.080659
-0.720821,1.000000,0.200000,0.080650
-0.720120,1.000000,0.200000,0.080641
-0.719419,1.000000,0.200000,0.080633
-0.718719,1.000000,0.200000,0.080624
-0.718018,1.000000,0.200000,0.080616
-0.717317,1.000000,0.200000,0.080607
-0.716617,1.000000,0.200000,0.080598
-0.715916,1.000000,0.200000,0.080590
-0.715215,1.000000,0.200000,0.080581
-0.714515,1.000000,0.200000,0.080573
-0.713814,1.000000,0.200000,0.080564
-0.713113,1.000000,0.200000,0.080555
-0.712412,1.000000,0.200000,0.080547
-0.711712,1.000000,0.200000,0.080538
-0.711011,1.000000,0.200000,0.080529
-0.710310,1.000000,0.200000,0.080521
-0.709610,1.000000,0.200000,0.080512
-0.708909,1.000000,0.200000,0.080503
-0.708208,1.000000,0.200000,0.080495
-0.707508,1.000000,0.200000,0.080486
-0.706807,1.000000,0.200000,0.080478
-0.706106,1.000000,0.200000,0.080469
-0.705405,1.000000,0.200000,0.080460
-0.704705,1.000000,0.200000,0.080451
-0.704004,1.000000,0.200000,0.080443
-0.703303,1.000000,0.200000,0.080434
-0.702603,1.000000,0.200000,0.080425
-0.701902,1.000000,0.200000,0.080417
-0.701201,1.000000,0.200000,0.080408
-0.700501,1.000000,0.200000,0.080399
-0.699800,1.000000,0.200000,0.080391
-0.699099,1.000000,0.200000,0.080382
-0.698398,1.000000,0.200000,0.080373
-0.697698,1.000000,0.200000,0.080365
-0.696997,1.000000,0.200000,0.080356
-0.696296,1.000000,0.200000,0.080347
-0.695596,1.000000,0.200000,0.080339
-0.694895,1.000000,0.200000,0.080330
-0.694194,1.000000,0.200000,0.080321
-0.693493,1.000000,0.200000,0.080313
-0.692793,1.000000,0.200000,0.080304
-0.692092,1.000000,0.200000,0.080295
-0.691391,1.000000,0.200000,0.080287
-0.690691,1.000000,0.200000,0.080278
-0.689990,1.000000,0.200000,0.080269
-0.689289,1.000000,0.200000,0.080261
-0.688589,1.000000,0.200000,0.080252
-0.687888,1.000000,0.200000,0.080243
-0.687187,1.000000,0.200000,0.080234
-0.686486,1.000000,0.200000,0.080226
-0.685786,1.000000,0.200000,0.080217
-0.685085,1.000000,0.200000,0.080208
-0.684384,1.000000,0.200000,0.080200
-0.683684,1.000000,0.200000,0.080191
-0.682983,1.000000,0.200000,0.080182
-0.682282,1.000000,0.200000,0.080174
-0.681582,1.000000,0.200000,0.080165
-0.680881,1.000000,0.200000,0.080156
-0.680180,1.000000,0.200000,0.080148
-0.679479,1.000000,0.200000,0.080139
-0.678779,1.000000,0.200000,0.080130
-0.678078,1.000000,0.200000,0.080121
-0.677377,1.000000,0.200000,0.080113
-0.676677,1.000000,0.200000,0.080104
-0.675976,1.000000,0.200000,0.080095
-0.675275,1.000000,0.200000,0.080087
-0.674575,1.000000,0.200000,0.080078
-0.673874,1.000000,0.200000,0.080069
-0.673173,1.000000,0.200000,0.080060
-0.672472,1.000000,0.200000,0.080052
-0.671772,1.000000,0.200000,0.080043
-0.671071,1.000000,0.200000,0.080034
-0.670370,1.000000,0.200000,0.080026
-0.669670,1.000000,0.200000,0.080017
-0.668969,1.000000,0.200000,0.080008
-0.668268,1.000000,0.200000,0.079999
-0.667568,1.000000,0.200000,0.079991
-0.666867,1.000000,0.200000,0.079982
-0.666166,1.000000,0.200000,0.079973
-0.665465,1.000000,0.200000,0.079965
-0.664765,1.000000,0.200000,0.079956
-0.664064,1.000000,0.200000,0.079947
-0.663363,1.000000,0.200000,0.079938
-0.662663,1.000000,0.200000,0.079930
-0.661962,1.000000,0.200000,0.079921
-0.661261,1.000000,0.200000,0.079912
-0.660561,1.000000,0.200000,0.079904
-0.659860,1.000000,0.200000,0.079895
-0.659159,1.000000,0.200000,0.079886
-0.658458,1.000000,0.200000,0.079877
-0.657758,1.000000,0.200000,0.079869
-0.657057,1.000000,0.200000,0.079860
-0.656356,1.000000,0.200000,0.079851
-0.655656,1.000000,0.200000,0.079843
-0.654955,1.000000,0.200000,0.079834
-0.654254,1.000000,0.200000,0.079825
-0.653554,1.000000,0.200000,0.079817
-0.652853,1.000000,0.200000,0.079808
-0.652152,1.000000,0.200000,0.079799
-0.651451,1.000000,0.200000,0.079791
-0.650751,1.000000,0.200000,0.079782
-0.650050,1.000000,0.200000,0.079773
-0.649349,1.000000,0.200000,0.079764
-0.648649,1.000000,0.200000,0.079756
-0.647948,1.000000,0.200000,0.079747
-0.647247,1.000000,0.200000,0.079738
-0.646547,1.000000,0.200000,0.079730
-0.645846,1.000000,0.200000,0.079721
-0.645145,1.000000,0.200000,0.079712
-0.644444,1.000000,0.200000,0.079704
-0.643744,1.000000,0.200000,0.079695
-0.643043,1.000000,0.200000,0.079686
-0.642342,1.000000,0.200000,0.079678
-0.641642,1.000000,0.200000,0.079669
-0.640941,1.000000,0.200000,0.079660
-0.640240,1.000000,0.200000,0.079652
-0.639540,1.000000,0.200000,0.079643
-0.638839,1.000000,0.200000,0.079634
-0.638138,1.000000,0.200000,0.079625
-0.637437,1.000000,0.200000,0.079617
-0.636737,1.000000,0.200000,0.079608
-0.636036,1.000000,0.200000,0.079599
-0.635335,1.000000,0.200000,0.079591
-0.634635,1.000000,0.200000,0.079582
-0.633934,1.000000,0.200000,0.079573
-0.633233,1.000000,0.200000,0.079565
-0.632533,1.000000,0.200000,0.079556
-0.631832,1.000000,0.200000,0.079547
-0.631131,1.000000,0.200000,0.079539
-0.630430,1.000000,0.200000,0.079530
-0.629730,1.000000,0.200000,0.079521
-0.629029,1.000000,0.200000,0.079513
-0.628328,1.000000,0.200000,0.079504
-0.627628,1.000000,0.200000,0.079496
-0.626927,1.000000,0.200000,0.079487
-0.626226,1.000000,0.200000,0.079478
-0.625526,1.000000,0.200000,0.079469
-0.624825,1.000000,0.200000,0.079461
-0.624124,1.000000,0.200000,0.079452
-0.623423,1.000000,0.200000,0.079444
-0.622723,1.000000,0.200000,0.079435
-0.622022,1.000000,0.200000,0.079426
-0.621321,1.000000,0.200000,0.079418
-0.620621,1.000000,0.200000,0.079409
-0.619920,1.000000,0.200000,0.079401
-0.619219,1.000000,0.200000,0.079392
-0.618519,1.000000,0.200000,0.079383
-0.617818,1.000000,0.200000,0.079375
-0.617117,1.000000,0.200000,0.079366
-0.616416,1.000000,0.200000,0.079357
-0.615716,1.000000,0.200000,0.079349
-0.615015,1.000000,0.200000,0.079340
-0.614314,1.000000,0.200000,0.079332
-0.613614,1.000000,0.200000,0.079323
-0.612913,1.000000,0.200000,0.079315
-0.612212,1.000000,0.200000,0.079306
-0.611512,1.000000,0.200000,0.079297
-0.610811,1.000000,0.200000,0.079289
-0.610110,1.000000,0.200000,0.079280
-0.609409,1.000000,0.200000,0.079272
-0.608709,1.000000,0.200000,0.079263
-0.608008,1.000000,0.200000,0.079255
-0.607307,1.000000,0.200000,0.079246
-0.606607,1.000000,0.200000,0.079237
-0.605906,1.000000,0.200000,0.079229
-0.605205,1.000000,0.200000,0.079220
-0.604505,1.000000,0.200000,0.079212
-0.603804,1.000000,0.200000,0.079203
-0.603103,1.000000,0.200000,0.079195
-0.602402,1.000000,0.200000,0.079186
-0.601702,1.000000,0.200000,0.079178
-0.601001,1.000000,0.200000,0.079169
-0.600300,1.000000,0.200000,0.079161
-0.599600,1.000000,0.200000,0.079152
-0.598899,1.000000,0.200000,0.079144
-0.598198,1.000000,0.200000,0.079135
-0.597497,1.000000,0.200000,0.079127
-0.596797,1.000000,0.200000,0.079118
-0.596096,1.000000,0.200000,0.079110
-0.595395,1.000000,0.200000,0.079101
-0.594695,1.000000,0.200000,0.079093
-0.593994,1.000000,0.200000,0.079084
-0.593293,1.000000,0.200000,0.079076
-0.592593,1.000000,0.200000,0.079067
-0.591892,1.000000,0.200000,0.079059
-0.591191,1.000000,0.200000,0.079050
-0.590490,1.000000,0.200000,0.079042
-0.589790,1.000000,0.200000,0.079034
-0.589089,1.000000,0.200000,0.079025
-0.588388,1.000000,0.200000,0.079017
-0.587688,1.000000,0.200000,0.079008
-0.586987,1.000000,0.200000,0.079000
-0.586286,1.000000,0.200000,0.078991
-0.585586,1.000000,0.200000,0.078983
-0.584885,1.000000,0.200000,0.078975
-0.584184,1.000000,0.200000,0.078966
-0.583483,1.000000,0.200000,0.078958
-0.582783,1.000000,0.200000,0.078949
-0.582082,1.000000,0.200000,0.078941
-0.581381,1.000000,0.200000,0.078933
-0.580681,1.000000,0.200000,0.078924
-0.579980,1.000000,0.200000,0.078916
-0.579279,1.000000,0.200000,0.078908
-0.578579,1.000000,0.200000,0.078899
-0.577878,1.000000,0.200000,0.078891
-0.577177,1.000000,0.200000,0.078883
-0.576476,1.000000,0.200000,0.078874
-0.575776,1.000000,0.200000,0.078866
-0.575075,1.000000,0.200000,0.078858
-0.574374,1.000000,0.200000,0.078849
-0.573674,1.000000,0.200000,0.078841
-0.572973,1.000000,0.200000,0.078833
-0.572272,1.000000,0.200000,0.078824
-0.571572,1.000000,0.200000,0.078816
-0.570871,1.000000,0.200000,0.078808
-0.570170,1.000000,0.200000,0.078800
-0.569469,1.000000,0.200000,0.078792
-0.568769,1.000000,0.200000,0.078783
-0.568068,1.000000,0.200000,0.078775
-0.567367,1.000000,0.200000,0.078767
-0.566667,1.000000,0.200000,0.078758
-0.565966,1.000000,0.200000,0.078750
-0.565265,1.000000,0.200000,0.078742
-0.564565,1.000000,0.200000,0.078734
-0.563864,1.000000,0.200000,0.078726
-0.563163,1.000000,0.200000,0.078718
-0.562462,1.000000,0.200000,0.078709
-0.561762,1.000000,0.200000,0.078701
-0.561061,1.000000,0.200000,0.078693
-0.560360,1.000000,0.200000,0.078685
-0.559660,1.000000,0.200000,0.078677
-0.558959,1.000000,0.200000,0.078669
-0.558258,1.000000,0.200000,0.078661
-0.557558,1.000000,0.200000,0.078652
-0.556857,1.000000,0.200000,0.078644
-0.556156,1.000000,0.200000,0.078636
-0.555455,1.000000,0.200000,0.078628
-0.554755,1.000000,0.200000,0.078620
-0.554054,1.000000,0.200000,0.078612
-0.553353,1.000000,0.200000,0.078604
-0.552653,1.000000,0.200000,0.078596
-0.551952,1.000000,0.200000,0.078588
-0.551251,1.000000,0.200000,0.078580
-0.550551,1.000000,0.200000,0.078572
-0.549850,1.000000,0.200000,0.078564
-0.549149,1.000000,0.200000,0.078556
-0.548448,1.000000,0.200000,0.078548
-0.547748,1.000000,0.200000,0.078540
-0.547047,1.000000,0.200000,0.078532
-0.546346,1.000000,0.200000,0.078524
-0.545646,1.000000,0.200000,0.078516
-0.544945,1.000000,0.200000,0.078508
-0.544244,1.000000,0.200000,0.078500
-0.543544,1.000000,0.200000,0.078492
-0.542843,1.000000,0.200000,0.078484
-0.542142,1.000000,0.200000,0.078477
-0.541441,1.000000,0.200000,0.078469
-0.540741,1.000000,0.200000,0.078461
-0.540040,1.000000,0.200000,0.078453
-0.539339,1.000000,0.200000,0.078445
-0.538639,1.000000,0.200000,0.078437
-0.537938,1.000000,0.200000,0.078429
-0.537237,1.000000,0.200000,0.078422
-0.536537,1.000000,0.200000,0.078414
-0.535836,1.000000,0.200000,0.078406
-0.535135,1.000000,0.200000,0.078398
-0.534434,1.000000,0.200000,0.078390
-0.533734,1.000000,0.200000,0.078383
-0.533033,1.000000,0.200000,0.078375
-0.532332,1.000000,0.200000,0.078367
-0.531632,1.000000,0.200000,0.078360
-0.530931,1.000000,0.200000,0.078352
-0.530230,1.000000,0.200000,0.078344
-0.529530,1.000000,0.200000,0.078337
-0.528829,1.000000,0.200000,0.078329
-0.528128,1.000000,0.200000,0.078321
-0.527427,1.000000,0.200000,0.078314
-0.526727,1.000000,0.200000,0.078306
-0.526026,1.000000,0.200000,0.078298
-0.525325,1.000000,0.200000,0.078291
-0.524625,1.000000,0.200000,0.078283
-0.523924,1.000000,0.200000,0.078276
-0.523223,1.000000,0.200000,0.078268
-0.522523,1.000000,0.200000,0.078261
-0.521822,1.000000,0.200000,0.078253
-0.521121,1.000000,0.200000,0.078246
-0.520420,1.000000,0.200000,0.078238
-0.519720,1.000000,0.200000,0.078231
-0.519019,1.000000,0.200000,0.078223
-0.518318,1.000000,0.200000,0.078216
-0.517618,1.000000,0.200000,0.078208
-0.516917,1.000000,0.200000,0.078201
-0.516216,1.000000,0.200000,0.078193
-0.515516,1.000000,0.200000,0.078186
-0.514815,1.000000,0.200000,0.078179
-0.514114,1.000000,0.200000,0.078171
-0.513413,1.000000,0.200000,0.078164
-0.512713,1.000000,0.200000,0.078157
-0.512012,1.000000,0.200000,0.078149
-0.511311,1.000000,0.200000,0.078142
-0.510611,1.000000,0.200000,0.078135
-0.509910,1.000000,0.200000,0.078127
-0.509209,1.000000,0.200000,0.078120
-0.508509,1.000000,0.200000,0.078113
-0.507808,1.000000,0.200000,0.078106
-0.507107,1.000000,0.200000,0.078099
-0.506406,1.000000,0.200000,0.078092
-0.505706,1.000000,0.200000,0.078084
-0.505005,1.000000,0.200000,0.078077
-0.504304,1.000000,0.200000,0.078070
-0.503604,1.000000,0.200000,0.078063
-0.502903,1.000000,0.200000,0.078056
-0.502202,1.000000,0.200000,0.078049
-0.501502,1.000000,0.200000,0.078042
-0.500801,1.000000,0.200000,0.078035
-0.500100,1.000000,0.200000,0.078028
-0.499399,1.000000,0.200000,0.078021
-0.498699,1.000000,0.200000,0.078014
-0.497998,1.000000,0.200000,0.078007
-0.497297,1.000000,0.200000,0.078000
-0.496597,1.000000,0.200000,0.077993
-0.495896,1.000000,0.200000,0.077986
-0.495195,1.000000,0.200000,0.077979
-0.494494,1.000000,0.200000,0.077972
-0.493794,1.000000,0.200000,0.077965
-0.493093,1.000000,0.200000,0.077959
-0.492392,1.000000,0.200000,0.077952
-0.491692,1.000000,0.200000,0.077945
-0.490991,1.000000,0.200000,0.077938
-0.490290,1.000000,0.200000,0.077931
-0.489590,1.000000,0.200000,0.077925
-0.488889,1.000000,0.200000,0.077918
-0.488188,1.000000,0.200000,0.077911
-0.487487,1.000000,0.200000,0.077905
-0.486787,1.000000,0.200000,0.077898
-0.486086,1.000000,0.200000,0.077891
-0.485385,1.000000,0.200000,0.077885
-0.484685,1.000000,0.200000,0.077878
-0.483984,1.000000,0.200000,0.077872
-0.483283,1.000000,0.200000,0.077865
-0.482583,1.000000,0.200000,0.077859
-0.481882,1.000000,0.200000,0.077852
-0.481181,1.000000,0.200000,0.077846
-0.480480,1.000000,0.200000,0.077839
-0.479780,1.000000,0.200000,0.077833
-0.479079,1.000000,0.200000,0.077826
-0.478378,1.000000,0.200000,0.077820
-0.477678,1.000000,0.200000,0.077814
-0.476977,1.000000,0.200000,0.077807
-0.476276,1.000000,0.200000,0.077801
-0.475576,1.000000,0.200000,0.077795
-0.474875,1.000000,0.200000,0.077789
-0.474174,1.000000,0.200000,0.077782
-0.473473,1.000000,0.200000,0.077776
-0.472773,1.000000,0.200000,0.077770
-0.472072,1.000000,0.200000,0.077764
-0.471371,1.000000,0.200000,0.077758
-0.470671,1.000000,0.200000,0.077752
-0.469970,1.000000,0.200000,0.077745
-0.469269,1.000000,0.200000,0.077739
-0.468569,1.000000,0.200000,0.077733
-0.467868,1.000000,0.200000,0.077727
-0.467167,1.000000,0.200000,0.077721
-0.466466,1.000000,0.200000,0.077715
-0.465766,1.000000,0.200000,0.077709
-0.465065,1.000000,0.200000,0.077704
-0.464364,1.000000,0.200000,0.077698
-0.463664,1.000000,0.200000,0.077692
-0.462963,1.000000,0.200000,0.077686
-0.462262,1.000000,0.200000,0.077680
-0.461562,1.000000,0.200000,0.077675
-0.460861,1.000000,0.200000,0.077669
-0.460160,1.000000,0.200000,0.077663
-0.459459,1.000000,0.200000,0.077658
-0.458759,1.000000,0.200000,0.077652
-0.458058,1.000000,0.200000,0.077646
-0.457357,1.000000,0.200000,0.077641
-0.456657,1.000000,0.200000,0.077635
-0.455956,1.000000,0.200000,0.077629
-0.455255,1.000000,0.200000,0.077624
-0.454555,1.000000,0.200000,0.077618
-0.453854,1.000000,0.200000,0.077613
-0.453153,1.000000,0.200000,0.077608
-0.452452,1.000000,0.200000,0.077602
-0.451752,1.000000,0.200000,0.077597
-0.451051,1.000000,0.200000,0.077592
-0.450350,1.000000,0.200000,0.077586
-0.449650,1.000000,0.200000,0.077581
-0.448949,1.000000,0.200000,0.077576
-0.448248,1.000000,0.200000,0.077571
-0.447548,1.000000,0.200000,0.077565
-0.446847,1.000000,0.200000,0.077560
-0.446146,1.000000,0.200000,0.077555
-0.445445,1.000000,0.200000,0.077550
-0.444745,1.000000,0.200000,0.077545
-0.444044,1.000000,0.200000,0.077540
-0.443343,1.000000,0.200000,0.077535
-0.442643,1.000000,0.200000,0.077530
-0.441942,1.000000,0.200000,0.077525
-0.441241,1.000000,0.200000,0.077521
-0.440541,1.000000,0.200000,0.077516
-0.439840,1.000000,0.200000,0.077511
-0.439139,1.000000,0.200000,0.077506
-0.438438,1.000000,0.200000,0.077501
-0.437738,1.000000,0.200000,0.077497
-0.437037,1.000000,0.200000,0.077492
-0.436336,1.000000,0.200000,0.077488
-0.435636,1.000000,0.200000,0.077483
-0.434935,1.000000,0.200000,0.077478
-0.434234,1.000000,0.200000,0.077474
-0.433534,1.000000,0.200000,0.077470
-0.432833,1.000000,0.200000,0.077465
-0.432132,1.000000,0.200000,0.077461
-0.431431,1.000000,0.200000,0.077456
-0.430731,1.000000,0.200000,0.077452
-0.430030,1.000000,0.200000,0.077448
-0.429329,1.000000,0.200000,0.077444
-0.428629,1.000000,0.200000,0.077439
-0.427928,1.000000,0.200000,0.077435
-0.427227,1.000000,0.200000,0.077431
-0.426527,1.000000,0.200000,0.077427
-0.425826,1.000000,0.200000,0.077423
-0.425125,1.000000,0.200000,0.077419
-0.424424,1.000000,0.200000,0.077415
-0.423724,1.000000,0.200000,0.077411
-0.423023,1.000000,0.200000,0.077407
-0.422322,1.000000,0.200000,0.077404
-0.421622,1.000000,0.200000,0.077400
-0.420921,1.000000,0.200000,0.077396
-0.420220,1.000000,0.200000,0.077392
-0.419520,1.000000,0.200000,0.077389
-0.418819,1.000000,0.200000,0.077385
-0.418118,1.000000,0.200000,0.077382
-0.417417,1.000000,0.200000,0.077378
-0.416717,1.000000,0.200000,0.077375
-0.416016,1.000000,0.200000,0.077371
-0.415315,1.000000,0.200000,0.077368
-0.414615,1.000000,0.200000,0.077364
-0.413914,1.000000,0.200000,0.077361
-0.413213,1.000000,0.200000,0.077358
-0.412513,1.000000,0.200000,0.077355
-0.411812,1.000000,0.200000,0.077352
-0.411111,1.000000,0.200000,0.077349
-0.410410,1.000000,0.200000,0.077346
-0.409710,1.000000,0.200000,0.077343
-0.409009,1.000000,0.200000,0.077340
-0.408308,1.000000,0.200000,0.077337
-0.407608,1.000000,0.200000,0.077334
-0.406907,1.000000,0.200000,0.077331
-0.406206,1.000000,0.200000,0.077328
-0.405506,1.000000,0.200000,0.077326
-0.404805,1.000000,0.200000,0.077323
-0.404104,1.000000,0.200000,0.077320
-0.403403,1.000000,0.200000,0.077318
-0.402703,1.000000,0.200000,0.077315
-0.402002,1.000000,0.200000,0.077313
-0.401301,1.000000,0.200000,0.077311
-0.400601,1.000000,0.200000,0.077308
-0.399900,1.000000,0.200000,0.077306
-0.399199,1.000000,0.200000,0.077304
-0.398498,1.000000,0.200000,0.077302
-0.397798,1.000000,0.200000,0.077300
-0.397097,1.000000,0.200000,0.077298
-0.396396,1.000000,0.200000,0.077296
-0.395696,1.000000,0.200000,0.077294
-0.394995,1.000000,0.200000,0.077292
-0.394294,1.000000,0.200000,0.077290
-0.393594,1.000000,0.200000,0.077288
-0.392893,1.000000,0.200000,0.077286
-0.392192,1.000000,0.200000,0.077285
-0.391491,1.000000,0.200000,0.077283
-0.390791,1.000000,0.200000,0.077282
-0.390090,1.000000,0.200000,0.077280
-0.389389,1.000000,0.200000,0.077279
-0.388689,1.000000,0.200000,0.077278
-0.387988,1.000000,0.200000,0.077276
-0.387287,1.000000,0.200000,0.077275
-0.386587,1.000000,0.200000,0.077274
-0.385886,1.000000,0.200000,0.077273
-0.385185,1.000000,0.200000,0.077272
-0.384484,1.000000,0.200000,0.077271
-0.383784,1.000000,0.200000,0.077270
-0.383083,1.000000,0.200000,0.077269
-0.382382,1.000000,0.200000,0.077268
-0.381682,1.000000,0.200000,0.077268
-0.380981,1.000000,0.200000,0.077267
-0.380280,1.000000,0.200000,0.077267
-0.379580,1.000000,0.200000,0.077266
-0.378879,1.000000,0.200000,0.077266
-0.378178,1.000000,0.200000,0.077265
-0.377477,1.000000,0.200000,0.077265
-0.376777,1.000000,0.200000,0.077265
-0.376076,1.000000,0.200000,0.077265
-0.375375,1.000000,0.200000,0.077265
-0.374675,1.000000,0.200000,0.077265
-0.373974,1.000000,0.200000,0.077265
-0.373273,1.000000,0.200000,0.077265
-0.372573,1.000000,0.200000,0.077265
-0.371872,1.000000,0.200000,0.077265
-0.371171,1.000000,0.200000,0.077266
-0.370470,1.000000,0.200000,0.077266
-0.369770,1.000000,0.200000,0.077267
-0.369069,1.000000,0.200000,0.077267
-0.368368,1.000000,0.200000,0.077268
-0.367668,1.000000,0.200000,0.077269
-0.366967,1.000000,0.200000,0.077270
-0.366266,1.000000,0.200000,0.077271
-0.365566,1.000000,0.200000,0.077272
-0.364865,1.000000,0.200000,0.077273
-0.364164,1.000000,0.200000,0.077274
-0.363463,1.000000,0.200000,0.077275
-0.362763,1.000000,0.200000,0.077276
-0.362062,1.000000,0.200000,0.077278
-0.361361,1.000000,0.200000,0.077279
-0.360661,1.000000,0.200000,0.077281
-0.359960,1.000000,0.200000,0.077283
-0.359259,1.000000,0.200000,0.077284
-0.358559,1.000000,0.200000,0.077286
-0.357858,1.000000,0.200000,0.077288
-0.357157,1.000000,0.200000,0.077290
-0.356456,1.000000,0.200000,0.077292
-0.355756,1.000000,0.200000,0.077295
-0.355055,1.000000,0.200000,0.077297
-0.354354,1.000000,0.200000,0.077299
-0.353654,1.000000,0.200000,0.077302
-0.352953,1.000000,0.200000,0.077305
-0.352252,1.000000,0.200000,0.077307
-0.351552,1.000000,0.200000,0.077310
-0.350851,1.000000,0.200000,0.077313
-0.350150,1.000000,0.200000,0.077316
-0.349449,1.000000,0.200000,0.077319
-0.348749,1.000000,0.200000,0.077322
-0.348048,1.000000,0.200000,0.077325
-0.347347,1.000000,0.200000,0.077329
-0.346647,1.000000,0.200000,0.077332
-0.345946,1.000000,0.200000,0.077336
-0.345245,1.000000,0.200000,0.077340
-0.344545,1.000000,0.200000,0.077343
-0.343844,1.000000,0.200000,0.077347
-0.343143,1.000000,0.200000,0.077351
-0.342442,1.000000,0.200000,0.077356
-0.341742,1.000000,0.200000,0.077360
-0.341041,1.000000,0.200000,0.077364
-0.340340,1.000000,0.200000,0.077369
-0.339640,1.000000,0.200000,0.077373
-0.338939,1.000000,0.200000,0.077378
-0.338238,1.000000,0.200000,0.077383
-0.337538,1.000000,0.200000,0.077388
-0.336837,1.000000,0.200000,0.077393
-0.336136,1.000000,0.200000,0.077398
-0.335435,1.000000,0.200000,0.077403
-0.334735,1.000000,0.200000,0.077408
-0.334034,1.000000,0.200000,0.077414
-0.333333,1.000000,0.200000,0.077420
-0.332633,1.000000,0.200000,0.077425
-0.331932,1.000000,0.200000,0.077431
-0.331231,1.000000,0.200000,0.077437
-0.330531,1.000000,0.200000,0.077443
-0.329830,1.000000,0.200000,0.077450
-0.329129,1.000000,0.200000,0.077456
-0.328428,1.000000,0.200000,0.077462
-0.327728,1.000000,0.200000,0.077469
-0.327027,1.000000,0.200000,0.077476
-0.326326,1.000000,0.200000,0.077483
-0.325626,1.000000,0.200000,0.077490
-0.324925,1.000000,0.200000,0.077497
-0.324224,1.000000,0.200000,0.077504
-0.323524,1.000000,0.200000,0.077512
-0.322823,1.000000,0.200000,0.077520
-0.322122,1.000000,0.200000,0.077527
-0.321421,1.000000,0.200000,0.077535
-0.320721,1.000000,0.200000,0.077543
-0.320020,1.000000,0.200000,0.077552
-0.319319,1.000000,0.200000,0.077560
-0.318619,1.000000,0.200000,0.077568
-0.317918,1.000000,0.200000,0.077577
-0.317217,1.000000,0.200000,0.077586
-0.316517,1.000000,0.200000,0.077595
-0.315816,1.000000,0.200000,0.077604
-0.315115,1.000000,0.200000,0.077613
-0.314414,1.000000,0.200000,0.077623
-0.313714,1.000000,0.200000,0.077632
-0.313013,1.000000,0.200000,0.077642
-0.312312,1.000000,0.200000,0.077652
-0.311612,1.000000,0.200000,0.077662
-0.310911,1.000000,0.200000,0.077672
-0.310210,1.000000,0.200000,0.077683
-0.309510,1.000000,0.200000,0.077693
-0.308809,1.000000,0.200000,0.077704
-0.308108,1.000000,0.200000,0.077715
-0.307407,1.000000,0.200000,0.077726
-0.306707,1.000000,0.200000,0.077737
-0.306006,1.000000,0.200000,0.077749
-0.305305,1.000000,0.200000,0.077761
-0.304605,1.000000,0.200000,0.077772
-0.303904,1.000000,0.200000,0.077784
-0.303203,1.000000,0.200000,0.077797
-0.302503,1.000000,0.200000,0.077809
-0.301802,1.000000,0.200000,0.077822
-0.301101,1.000000,0.200000,0.077834
-0.300400,1.000000,0.200000,0.077847
-0.299700,1.000000,0.200000,0.077861
-0.298999,1.000000,0.200000,0.077874
-0.298298,1.000000,0.200000,0.077888
-0.297598,1.000000,0.200000,0.077901
-0.296897,1.000000,0.200000,0.077915
-0.296196,1.000000,0.200000,0.077930
-0.295495,1.000000,0.200000,0.077944
-0.294795,1.000000,0.200000,0.077959
-0.294094,1.000000,0.200000,0.077974
-0.293393,1.000000,0.200000,0.077989
-0.292693,1.000000,0.200000,0.078004
-0.291992,1.000000,0.200000,0.078019
-0.291291,1.000000,0.200000,0.078035
-0.290591,1.000000,0.200000,0.078051
-0.289890,1.000000,0.200000,0.078067
-0.289189,1.000000,0.200000,0.078084
-0.288488,1.000000,0.200000,0.078100
-0.287788,1.000000,0.200000,0.078117
-0.287087,1.000000,0.200000,0.078134
-0.286386,1.000000,0.200000,0.078152
-0.285686,1.000000,0.200000,0.078169
-0.284985,1.000000,0.200000,0.078187
-0.284284,1.000000,0.200000,0.078205
-0.283584,1.000000,0.200000,0.078224
-0.282883,1.000000,0.200000,0.078243
-0.282182,1.000000,0.200000,0.078261
-0.281481,1.000000,0.200000,0.078281
-0.280781,1.000000,0.200000,0.078300
-0.280080,1.000000,0.200000,0.078320
-0.279379,1.000000,0.200000,0.078340
-0.278679,1.000000,0.200000,0.078360
-0.277978,1.000000,0.200000,0.078380
-0.277277,1.000000,0.200000,0.078401
-0.276577,1.000000,0.200000,0.078422
-0.275876,1.000000,0.200000,0.078444
-0.275175,1.000000,0.200000,0.078465
-0.274474,1.000000,0.200000,0.078487
-0.273774,1.000000,0.200000,0.078509
-0.273073,1.000000,0.200000,0.078532
-0.272372,1.000000,0.200000,0.078555
-0.271672,1.000000,0.200000,0.078578
-0.270971,1.000000,0.200000,0.078601
-0.270270,1.000000,0.200000,0.078625
-0.269570,1.000000,0.200000,0.078649
-0.268869,1.000000,0.200000,0.078674
-0.268168,1.000000,0.200000,0.078698
-0.267467,1.000000,0.200000,0.078723
-0.266767,1.000000,0.200000,0.078749
-0.266066,1.000000,0.200000,0.078775
-0.265365,1.000000,0.200000,0.078801
-0.264665,1.000000,0.200000,0.078827
-0.263964,1.000000,0.200000,0.078854
-0.263263,1.000000,0.200000,0.078881
-0.262563,1.000000,0.200000,0.078908
-0.261862,1.000000,0.200000,0.078936
-0.261161,1.000000,0.200000,0.078964
-0.260460,1.000000,0.200000,0.078993
-0.259760,1.000000,0.200000,0.079022
-0.259059,1.000000,0.200000,0.079051
-0.258358,1.000000,0.200000,0.079081
-0.257658,1.000000,0.200000,0.079111
-0.256957,1.000000,0.200000,0.079141
-0.256256,1.000000,0.200000,0.079172
-0.255556,1.000000,0.200000,0.079204
-0.254855,1.000000,0.200000,0.079235
-0.254154,1.000000,0.200000,0.079267
-0.253453,1.000000,0.200000,0.079300
-0.252753,1.000000,0.200000,0.079333
-0.252052,1.000000,0.200000,0.079366
-0.251351,1.000000,0.200000,0.079400
-0.250651,1.000000,0.200000,0.079434
-0.249950,1.000000,0.200000,0.079469
-0.249249,1.000000,0.200000,0.079504
-0.248549,1.000000,0.200000,0.079539
-0.247848,1.000000,0.200000,0.079575
-0.247147,1.000000,0.200000,0.079612
-0.246446,1.000000,0.200000,0.079649
-0.245746,1.000000,0.200000,0.079686
-0.245045,1.000000,0.200000,0.079724
-0.244344,1.000000,0.200000,0.079762
-0.243644,1.000000,0.200000,0.079801
-0.242943,1.000000,0.200000,0.079840
-0.242242,1.000000,0.200000,0.079880
-0.241542,1.000000,0.200000,0.079921
-0.240841,1.000000,0.200000,0.079961
-0.240140,1.000000,0.200000,0.080003
-0.239439,1.000000,0.200000,0.080045
-0.238739,1.000000,0.200000,0.080087
-0.238038,1.000000,0.200000,0.080130
-0.237337,1.000000,0.200000,0.080173
-0.236637,1.000000,0.200000,0.080217
-0.235936,1.000000,0.200000,0.080262
-0.235235,1.000000,0.200000,0.080307
-0.234535,1.000000,0.200000,0.080353
-0.233834,1.000000,0.200000,0.080399
-0.233133,1.000000,0.200000,0.080446
-0.232432,1.000000,0.200000,0.080493
-0.231732,1.000000,0.200000,0.080541
-0.231031,1.000000,0.200000,0.080590
-0.230330,1.000000,0.200000,0.080639
-0.229630,1.000000,0.200000,0.080689
-0.228929,1.000000,0.200000,0.080740
-0.228228,1.000000,0.200000,0.080791
-0.227528,1.000000,0.200000,0.080843
-0.226827,1.000000,0.200000,0.080895
-0.226126,1.000000,0.200000,0.080948
-0.225425,1.000000,0.200000,0.081002
-0.224725,1.000000,0.200000,0.081056
-0.224024,1.000000,0.200000,0.081111
-0.223323,1.000000,0.200000,0.081167
-0.222623,1.000000,0.200000,0.081223
-0.221922,1.000000,0.200000,0.081280
-0.221221,1.000000,0.200000,0.081338
-0.220521,1.000000,0.200000,0.081397
-0.219820,1.000000,0.200000,0.081456
-0.219119,1.000000,0.200000,0.081516
-0.218418,1.000000,0.200000,0.081577
-0.217718,1.000000,0.200000,0.081638
-0.217017,1.000000,0.200000,0.081701
-0.216316,1.000000,0.200000,0.081764
-0.215616,1.000000,0.200000,0.081827
-0.214915,1.000000,0.200000,0.081892
-0.214214,1.000000,0.200000,0.081957
-0.213514,1.000000,0.200000,0.082024
-0.212813,1.000000,0.200000,0.082090
-0.212112,1.000000,0.200000,0.082158
-0.211411,1.000000,0.200000,0.082227
-0.210711,1.000000,0.200000,0.082296
-0.210010,1.000000,0.200000,0.082367
-0.209309,1.000000,0.200000,0.082438
-0.208609,1.000000,0.200000,0.082510
-0.207908,1.000000,0.200000,0.082583
-0.207207,1.000000,0.200000,0.082657
-0.206507,1.000000,0.200000,0.082731
-0.205806,1.000000,0.200000,0.082807
-0.205105,1.000000,0.200000,0.082883
-0.204404,1.000000,0.200000,0.082961
-0.203704,1.000000,0.200000,0.083039
-0.203003,1.000000,0.200000,0.083118
-0.202302,1.000000,0.200000,0.083199
-0.201602,1.000000,0.200000,0.083280
-0.200901,1.000000,0.200000,0.083362
-0.200200,1.000000,0.200000,0.083445
-0.199499,1.000000,0.200000,0.083529
-0.198799,1.000000,0.200000,0.083614
-0.198098,1.000000,0.200000,0.083701
-0.197397,1.000000,0.200000,0.083788
-0.196697,1.000000,0.200000,0.083876
-0.195996,1.000000,0.200000,0.083965
-0.195295,1.000000,0.200000,0.084056
-0.194595,1.000000,0.200000,0.084147
-0.193894,1.000000,0.200000,0.084240
-0.193193,1.000000,0.200000,0.084333
-0.192492,1.000000,0.200000,0.084428
-0.191792,1.000000,0.200000,0.084524
-0.191091,1.000000,0.200000,0.084621
-0.190390,1.000000,0.200000,0.084719
-0.189690,1.000000,0.200000,0.084818
-0.188989,1.000000,0.200000,0.084918
-0.188288,1.000000,0.200000,0.085020
-0.187588,1.000000,0.200000,0.085122
-0.186887,1.000000,0.200000,0.085226
-0.186186,1.000000,0.200000,0.085331
-0.185485,1.000000,0.200000,0.085438
-0.184785,1.000000,0.200000,0.085545
-0.184084,1.000000,0.200000,0.085654
-0.183383,1.000000,0.200000,0.085764
-0.182683,1.000000,0.200000,0.085875
-0.181982,1.000000,0.200000,0.085988
-0.181281,1.000000,0.200000,0.086101
-0.180581,1.000000,0.200000,0.086216
-0.179880,1.000000,0.200000,0.086333
-0.179179,1.000000,0.200000,0.086450
-0.178478,1.000000,0.200000,0.086569
-0.177778,1.000000,0.200000,0.086690
-0.177077,1.000000,0.200000,0.086812
-0.176376,1.000000,0.200000,0.086935
-0.175676,1.000000,0.200000,0.087059
-0.174975,1.000000,0.200000,0.087185
-0.174274,1.000000,0.200000,0.087312
-0.173574,1.000000,0.200000,0.087440
-0.172873,1.000000,0.200000,0.087570
-0.172172,1.000000,0.200000,0.087702
-0.171471,1.000000,0.200000,0.087835
-0.170771,1.000000,0.200000,0.087969
-0.170070,1.000000,0.200000,0.088105
-0.169369,1.000000,0.200000,0.088242
-0.168669,1.000000,0.200000,0.088380
-0.167968,1.000000,0.200000,0.088520
-0.167267,1.000000,0.200000,0.088662
-0.166567,1.000000,0.200000,0.088805
-0.165866,1.000000,0.200000,0.088950
-0.165165,1.000000,0.200000,0.089096
-0.164464,1.000000,0.200000,0.089243
-0.163764,1.000000,0.200000,0.089393
-0.163063,1.000000,0.200000,0.089543
-0.162362,1.000000,0.200000,0.089696
-0.161662,1.000000,0.200000,0.089850
-0.160961,1.000000,0.200000,0.090005
-0.160260,1.000000,0.200000,0.090162
-0.159560,1.000000,0.200000,0.090321
-0.158859,1.000000,0.200000,0.090481
-0.158158,1.000000,0.200000,0.090643
-0.157457,1.000000,0.200000,0.090807
-0.156757,1.000000,0.200000,0.090972
-0.156056,1.000000,0.200000,0.091139
-0.155355,1.000000,0.200000,0.091307
-0.154655,1.000000,0.200000,0.091477
-0.153954,1.000000,0.200000,0.091649
-0.153253,1.000000,0.200000,0.091823
-0.152553,1.000000,0.200000,0.091998
-0.151852,1.000000,0.200000,0.092175
-0.151151,1.000000,0.200000,0.092353
-0.150450,1.000000,0.200000,0.092534
-0.149750,1.000000,0.200000,0.092716
-0.149049,1.000000,0.200000,0.092900
-0.148348,1.000000,0.200000,0.093085
-0.147648,1.000000,0.200000,0.093272
-0.146947,1.000000,0.200000,0.093461
-0.146246,1.000000,0.200000,0.093652
-0.145546,1.000000,0.200000,0.093844
-0.144845,1.000000,0.200000,0.094039
-0.144144,1.000000,0.200000,0.094235
-0.143443,1.000000,0.200000,0.094433
-0.142743,1.000000,0.200000,0.094632
-0.142042,1.000000,0.200000,0.094833
-0.141341,1.000000,0.200000,0.095037
-0.140641,1.000000,0.200000,0.095242
-0.139940,1.000000,0.200000,0.095448
-0.139239,1.000000,0.200000,0.095657
-0.138539,1.000000,0.200000,0.095868
-0.137838,1.000000,0.200000,0.096080
-0.137137,1.000000,0.200000,0.096294
-0.136436,1.000000,0.200000,0.096510
-0.135736,1.000000,0.200000,0.096728
-0.135035,1.000000,0.200000,0.096948
-0.134334,1.000000,0.200000,0.097169
-0.133634,1.000000,0.200000,0.097392
-0.132933,1.000000,0.200000,0.097618
-0.132232,1.000000,0.200000,0.097845
-0.131532,1.000000,0.200000,0.098074
-0.130831,1.000000,0.200000,0.098305
-0.130130,1.000000,0.200000,0.098538
-0.129429,1.000000,0.200000,0.098773
-0.128729,1.000000,0.200000,0.099010
-0.128028,1.000000,0.200000,0.099249
-0.127327,1.000000,0.200000,0.099489
-0.126627,1.000000,0.200000,0.099732
-0.125926,1.000000,0.200000,0.099977
-0.125225,1.000000,0.200000,0.100223
-0.124525,1.000000,0.200000,0.100472
-0.123824,1.000000,0.200000,0.100722
-0.123123,1.000000,0.200000,0.100975
-0.122422,1.000000,0.200000,0.101230
-0.121722,1.000000,0.200000,0.101487
-0.121021,1.000000,0.200000,0.101745
-0.120320,1.000000,0.200000,0.102006
-0.119620,1.000000,0.200000,0.102269
-0.118919,1.000000,0.200000,0.102534
-0.118218,1.000000,0.200000,0.102802
-0.117518,1.000000,0.200000,0.103071
-0.116817,1.000000,0.200000,0.103343
-0.116116,1.000000,0.200000,0.103616
-0.115415,1.000000,0.200000,0.103892
-0.114715,1.000000,0.200000,0.104171
-0.114014,1.000000,0.200000,0.104451
-0.113313,1.000000,0.200000,0.104734
-0.112613,1.000000,0.200000,0.105019
-0.111912,1.000000,0.200000,0.105307
-0.111211,1.000000,0.200000,0.105597
-0.110511,1.000000,0.200000,0.105890
-0.109810,1.000000,0.200000,0.106184
-0.109109,1.000000,0.200000,0.106482
-0.108408,1.000000,0.200000,0.106782
-0.107708,1.000000,0.200000,0.107085
-0.107007,1.000000,0.200000,0.107390
-0.106306,1.000000,0.200000,0.107698
-0.105606,1.000000,0.200000,0.108009
-0.104905,1.000000,0.200000,0.108323
-0.104204,1.000000,0.200000,0.108639
-0.103504,1.000000,0.200000,0.108959
-0.102803,1.000000,0.200000,0.109281
-0.102102,1.000000,0.200000,0.109607
-0.101401,1.000000,0.200000,0.109936
-0.100701,1.000000,0.200000,0.110268
-0.100000,1.000000,0.200000,0.110604
-0.800000,1.000000,0.400000,0.083881
-0.799299,1.000000,0.400000,0.083875
-0.798599,1.000000,0.400000,0.083869
-0.797898,1.000000,0.400000,0.083862
-0.797197,1.000000,0.400000,0.083856
-0.796496,1.000000,0.400000,0.083850
-0.795796,1.000000,0.400000,0.083843
-0.795095,1.000000,0.400000,0.083837
-0.794394,1.000000,0.400000,0.083831
-0.793694,1.000000,0.400000,0.083824
-0.792993,1.000000,0.400000,0.083818
-0.792292,1.000000,0.400000,0.083812
-0.791592,1.000000,0.400000,0.083805
-0.790891,1.000000,0.400000,0.083799
-0.790190,1.000000,0.400000,0.083793
-0.789489,1.000000,0.400000,0.083786
-0.788789,1.000000,0.400000,0.083780
-0.788088,1.000000,0.400000,0.083774
-0.787387,1.000000,0.400000,0.083767
-0.786687,1.000000,0.400000,0.083761
-0.785986,1.000000,0.400000,0.083755
-0.785285,1.000000,0.400000,0.083748
-0.784585,1.000000,0.400000,0.083742
-0.783884,1.000000,0.400000,0.083736
-0.783183,1.000000,0.400000,0.083729
-0.782482,1.000000,0.400000,0.083723
-0.781782,1.000000,0.400000,0.083716
-0.781081,1.000000,0.400000,0.083710
-0.780380,1.000000,0.400000,0.083704
-0.779680,1.000000,0.400000,0.083697
-0.778979,1.000000,0.400000,0.083691
-0.778278,1.000000,0.400000,0.083684
-0.777578,1.000000,0.400000,0.083678
-0.776877,1.000000,0.400000,0.083672
-0.776176,1.000000,0.400000,0.083665
-0.775475,1.000000,0.400000,0.083659
-0.774775,1.000000,0.400000,0.083652
-0.774074,1.000000,0.400000,0.083646
-0.773373,1.000000,0.400000,0.083640
-0.772673,1.000000,0.400000,0.083633
-0.771972,1.000000,0.400000,0.083627
-0.771271,1.000000,0.400000,0.083620
-0.770571,1.000000,0.400000,0.083614
-0.769870,1.000000,0.400000,0.083608
-0.769169,1.000000,0.400000,0.083601
-0.768468,1.000000,0.400000,0.083595
-0.767768,1.000000,0.400000,0.083588
-0.767067,1.000000,0.400000,0.083582
-0.766366,1.000000,0.400000,0.083576
-0.765666,1.000000,0.400000,0.083569
-0.764965,1.000000,0.400000,0.083563
-0.764264,1.000000,0.400000,0.083556
-0.763564,1.000000,0.400000,0.083550
-0.762863,1.000000,0.400000,0.083543
-0.762162,1.000000,0.400000,0.083537
-0.761461,1.000000,0.400000,0.083531
-0.760761,1.000000,0.400000,0.083524
-0.760060,1.000000,0.400000,0.083518
-0.759359,1.000000,0.400000,0.083511
-0.758659,1.000000,0.400000,0.083505
-0.757958,1.000000,0.400000,0.083498
-0.757257,1.000000,0.400000,0.083492
-0.756557,1.000000,0.400000,0.083485
-0.755856,1.000000,0.400000,0.083479
-0.755155,1.000000,0.400000,0.083472
-0.754454,1.000000,0.400000,0.083466
-0.753754,1.000000,0.400000,0.083459
-0.753053,1.000000,0.400000,0.083453
-0.752352,1.000000,0.400000,0.083446
-0.751652,1.000000,0.400000,0.083440
-0.750951,1.000000,0.400000,0.083433
-0.750250,1.000000,0.400000,0.083427
-0.749550,1.000000,0.400000,0.083420
-0.748849,1.000000,0.400000,0.083414
-0.748148,1.000000,0.400000,0.083407
-0.747447,1.000000,0.400000,0.083401
-0.746747,1.000000,0.400000,0.083395
-0.746046,1.000000,0.400000,0.083388
-0.745345,1.000000,0.400000,0.083382
-0.744645,1.000000,0.400000,0.083375
-0.743944,1.000000,0.400000,0.083369
-0.743243,1.000000,0.400000,0.083362
-0.742543,1.000000,0.400000,0.083356
-0.741842,1.000000,0.400000,0.083349
-0.741141,1.000000,0.400000,0.083342
-0.740440,1.000000,0.400000,0.083336
-0.739740,1.000000,0.400000,0.083330
-0.739039,1.000000,0.400000,0.083323
-0.738338,1.000000,0.400000,0.083316
-0.737638,1.000000,0.400000,0.083310
-0.736937,1.000000,0.400000,0.083304
-0.736236,1.000000,0.400000,0.083297
-0.735536,1.000000,0.400000,0.083290
-0.734835,1.000000,0.400000,0.083284
-0.734134,1.000000,0.400000,0.083277
-0.733433,1.000000,0.400000,0.083271
-0.732733,1.000000,0.400000,0.083264
-0.732032,1.000000,0.400000,0.083258
-0.731331,1.000000,0.400000,0.083251
-0.730631,1.000000,0.400000,0.083245
-0.729930,1.000000,0.400000,0.083238
-0.729229,1.000000,0.400000,0.083232
-0.728529,1.000000,0.400000,0.083225
-0.727828,1.000000,0.400000,0.083219
-0.727127,1.000000,0.400000,0.083212
-0.726426,1.000000,0.400000,0.083205
-0.725726,1.000000,0.400000,0.083199
-0.725025,1.000000,0.400000,0.083192
-0.724324,1.000000,0.400000,0.083186
-0.723624,1.000000,0.400000,0.083179
-0.722923,1.000000,0.400000,0.083173
-0.722222,1.000000,0.400000,0.083166
-0.721522,1.000000,0.400000,0.083160
-0.720821,1.000000,0.400000,0.083153
-0.720120,1.000000,0.400000,0.083146
-0.719419,1.000000,0.400000,0.083140
-0.718719,1.000000,0.400000,0.083133
-0.718018,1.000000,0.400000,0.083127
-0.717317,1.000000,0.400000,0.083120
-0.716617,1.000000,0.400000,0.083114
-0.715916,1.000000,0.400000,0.083107
-0.715215,1.000000,0.400000,0.083100
-0.714515,1.000000,0.400000,0.083094
-0.713814,1.000000,0.400000,0.083087
-0.713113,1.000000,0.400000,0.083081
-0.712412,1.000000,0.400000,0.083074
-0.711712,1.000000,0.400000,0.083068
-0.711011,1.000000,0.400000,0.083061
-0.710310,1.000000,0.400000,0.083055
-0.709610,1.000000,0.400000,0.083048
-0.708909,1.000000,0.400000,0.083041
-0.708208,1.000000,0.400000,0.083035
-0.707508,1.000000,0.400000,0.083028
-0.706807,1.000000,0.400000,0.083022
-0.706106,1.000000,0.400000,0.083015
-0.705405,1.000000,0.400000,0.083009
-0.704705,1.000000,0.400000,0.083002
-0.704004,1.000000,0.400000,0.082995
-0.703303,1.000000,0.400000,0.082989
-0.702603,1.000000,0.400000,0.082982
-0.701902,1.000000,0.400000,0.082976
-0.701201,1.000000,0.400000,0.082969
-0.700501,1.000000,0.400000,0.082963
-0.699800,1.000000,0.400000,0.082956
-0.699099,1.000000,0.400000,0.082949
-0.698398,1.000000,0.400000,0.082943
-0.697698,1.000000,0.400000,0.082936
-0.696997,1.000000,0.400000,0.082930
-0.696296,1.000000,0.400000,0.082923
-0.695596,1.000000,0.400000,0.082916
-0.694895,1.000000,0.400000,0.082910
-0.694194,1.000000,0.400000,0.082903
-0.693493,1.000000,0.400000,0.082897
-0.692793,1.000000,0.400000,0.082890
-0.692092,1.000000,0.400000,0.082883
-0.691391,1.000000,0.400000,0.082877
-0.690691,1.000000,0.400000,0.082870
-0.689990,1.000000,0.400000,0.082864
-0.689289,1.000000,0.400000,0.082857
-0.688589,1.000000,0.400000,0.082851
-0.687888,1.000000,0.400000,0.082844
-0.687187,1.000000,0.400000,0.082837
-0.686486,1.000000,0.400000,0.082831
-0.685786,1.000000,0.400000,0.082824
-0.685085,1.000000,0.400000,0.082818
-0.684384,1.000000,0.400000,0.082811
-0.683684,1.000000,0.400000,0.082805
-0.682983,1.000000,0.400000,0.082798
-0.682282,1.000000,0.400000,0.082791
-0.681582,1.000000,0.400000,0.082785
-0.680881,1.000000,0.400000,0.082778
-0.680180,1.000000,0.400000,0.082772
-0.679479,1.000000,0.400000,0.082765
-0.678779,1.000000,0.400000,0.082758
-0.678078,1.000000,0.400000,0.082752
-0.677377,1.000000,0.400000,0.082745
-0.676677,1.000000,0.400000,0.082739
-0.675976,1.000000,0.400000,0.082732
-0.675275,1.000000,0.400000,0.082726
-0.674575,1.000000,0.400000,0.082719
-0.673874,1.000000,0.400000,0.082712
-0.673173,1.000000,0.400000,0.082706
-0.672472,1.000000,0.400000,0.082699
-0.671772,1.000000,0.400000,0.082693
-0.671071,1.000000,0.400000,0.082686
-0.670370,1.000000,0.400000,0.082680
-0.669670,1.000000,0.400000,0.082673
-0.668969,1.000000,0.400000,0.082666
-0.668268,1.000000,0.400000,0.082660
-0.667568,1.000000,0.400000,0.082653
-0.666867,1.000000,0.400000,0.082647
-0.666166,1.000000,0.400000,0.082640
-0.665465,1.000000,0.400000,0.082634
-0.664765,1.000000,0.400000,0.082627
-0.664064,1.000000,0.400000,0.082620
-0.663363,1.000000,0.400000,0.082614
-0.662663,1.000000,0.400000,0.082607
-0.661962,1.000000,0.400000,0.082601
-0.661261,1.000000,0.400000,0.082594
-0.660561,1.000000,0.400000,0.082588
-0.659860,1.000000,0.400000,0.082581
-0.659159,1.000000,0.400000,0.082575
-0.658458,1.000000,0.400000,0.082568
-0.657758,1.000000,0.400000,0.082561
-0.657057,1.000000,0.400000,0.082555
-0.656356,1.000000,0.400000,0.082548
-0.655656,1.000000,0.400000,0.082542
-0.654955,1.000000,0.400000,0.082535
-0.654254,1.000000,0.400000,0.082529
-0.653554,1.000000,0.400000,0.082522
-0.652853,1.000000,0.400000,0.082516
-0.652152,1.000000,0.400000,0.082509
-0.651451,1.000000,0.400000,0.082503
-0.650751,1.000000,0.400000,0.082496
-0.650050,1.000000,0.400000,0.082490
-0.649349,1.000000,0.400000,0.082483
-0.648649,1.000000,0.400000,0.082477
-0.647948,1.000000,0.400000,0.082470
-0.647247,1.000000,0.400000,0.082463
-0.646547,1.000000,0.400000,0.082457
-0.645846,1.000000,0.400000,0.082450
-0.645145,1.000000,0.400000,0.082444
-0.644444,1.000000,0.400000,0.082437
-0.643744,1.000000,0.400000,0.082431
-0.643043,1.000000,0.400000,0.082424
-0.642342,1.000000,0.400000,0.082418
-0.641642,1.000000,0.400000,0.082411
-0.640941,1.000000,0.400000,0.082405
-0.640240,1.000000,0.400000,0.082398
-0.639540,1.000000,0.400000,0.082392
-0.638839,1.000000,0.400000,0.082385
-0.638138,1.000000,0.400000,0.082379
-0.637437,1.000000,0.400000,0.082373
-0.636737,1.000000,0.400000,0.082366
-0.636036,1.000000,0.400000,0.082359
-0.635335,1.000000,0.400000,0.082353
-0.634635,1.000000,0.400000,0.082347
-0.633934,1.000000,0.400000,0.082340
-0.633233,1.000000,0.400000,0.082334
-0.632533,1.000000,0.400000,0.082327
-0.631832,1.000000,0.400000,0.082321
-0.631131,1.000000,0.400000,0.082314
-0.630430,1.000000,0.400000,0.082308
-0.629730,1.000000,0.400000,0.082301
-0.629029,1.000000,0.400000,0.082295
-0.628328,1.000000,0.400000,0.082289
-0.627628,1.000000,0.400000,0.082282
-0.626927,1.000000,0.400000,0.082276
-0.626226,1.000000,0.400000,0.082269
-0.625526,1.000000,0.400000,0.082263
-0.624825,1.000000,0.400000,0.082256
-0.624124,1.000000,0.400000,0.082250
-0.623423,1.000000,0.400000,0.082243
-0.622723,1.000000,0.400000,0.082237
-0.622022,1.000000,0.400000,0.082231
-0.621321,1.000000,0.400000,0.082224
-0.620621,1.000000,0.400000,0.082218
-0.619920,1.000000,0.400000,0.082211
-0.619219,1.000000,0.400000,0.082205
-0.618519,1.000000,0.400000,0.082199
-0.617818,1.000000,0.400000,0.082192
-0.617117,1.000000,0.400000,0.082186
-0.616416,1.000000,0.400000,0.082180
-0.615716,1.000000,0.400000,0.082173
-0.615015,1.000000,0.400000,0.082167
-0.614314,1.000000,0.400000,0.082160
-0.613614,1.000000,0.400000,0.082154
-0.612913,1.000000,0.400000,0.082148
-0.612212,1.000000,0.400000,0.082141
-0.611512,1.000000,0.400000,0.082135
-0.610811,1.000000,0.400000,0.082129
-0.610110,1.000000,0.400000,0.082122
-0.609409,1.000000,0.400000,0.082116
-0.608709,1.000000,0.400000,0.082110
-0.608008,1.000000,0.400000,0.082104
-0.607307,1.000000,0.400000,0.082097
-0.606607,1.000000,0.400000,0.082091
-0.605906,1.000000,0.400000,0.082085
-0.605205,1.000000,0.400000,0.082078
-0.604505,1.000000,0.400000,0.082072
-0.603804,1.000000,0.400000,0.082066
-0.603103,1.000000,0.400000,0.082059
-0.602402,1.000000,0.400000,0.082053
-0.601702,1.000000,0.400000,0.082047
-0.601001,1.000000,0.400000,0.082041
-0.600300,1.000000,0.400000,0.082034
-0.599600,1.000000,0.400000,0.082028
-0.598899,1.000000,0.400000,0.082022
-0.598198,1.000000,0.400000,0.082016
-0.597497,1.000000,0.400000,0.082009
-0.596797,1.000000,0.400000,0.082003
-0.596096,1.000000,0.400000,0.081997
-0.595395,1.000000,0.400000,0.081991
-0.594695,1.000000,0.400000,0.081984
-0.593994,1.000000,0.400000,0.081978
-0.593293,1.000000,0.400000,0.081972
-0.592593,1.000000,0.400000,0.081966
-0.591892,1.000000,0.400000,0.081960
-0.591191,1.000000,0.400000,0.081954
-0.590490,1.000000,0.400000,0.081947
-0.589790,1.000000,0.400000,0.081941
-0.589089,1.000000,0.400000,0.081935
-0.588388,1.000000,0.400000,0.081929
-0.587688,1.000000,0.400000,0.081923
-0.586987,1.000000,0.400000,0.081917
-0.586286,1.000000,0.400000,0.081911
-0.585586,1.000000,0.400000,0.081904
-0.584885,1.000000,0.400000,0.081898
-0.584184,1.000000,0.400000,0.081892
-0.583483,1.000000,0.400000,0.081886
-0.582783,1.000000,0.400000,0.081880
-0.582082,1.000000,0.400000,0.081874
-0.581381,1.000000,0.400000,0.081868
-0.580681,1.000000,0.400000,0.081862
-0.579980,1.000000,0.400000,0.081856
-0.579279,1.000000,0.400000,0.081850
-0.578579,1.000000,0.400000,0.081844
-0.577878,1.000000,0.400000,0.081838
-0.577177,1.000000,0.400000,0.081832
-0.576476,1.000000,0.400000,0.081826
-0.575776,1.000000,0.400000,0.081820
-0.575075,1.000000,0.400000,0.081814
-0.574374,1.000000,0.400000,0.081808
-0.573674,1.000000,0.400000,0.081802
-0.572973,1.000000,0.400000,0.081796
-0.572272,1.000000,0.400000,0.081790
-0.571572,1.000000,0.400000,0.081784
-0.570871,1.000000,0.400000,0.081778
-0.570170,1.000000,0.400000,0.081772
-0.569469,1.000000,0.400000,0.081766
-0.568769,1.000000,0.400000,0.081760
-0.568068,1.000000,0.400000,0.081754
-0.567367,1.000000,0.400000,0.081748
-0.566667,1.000000,0.400000,0.081742
-0.565966,1.000000,0.400000,0.081736
-0.565265,1.000000,0.400000,0.081731
-0.564565,1.000000,0.400000,0.081725
-0.563864,1.000000,0.400000,0.081719
-0.563163,1.000000,0.400000,0.081713
-0.562462,1.000000,0.400000,0.081707
-0.561762,1.000000,0.400000,0.081701
-0.561061,1.000000,0.400000,0.081695
-0.560360,1.000000,0.400000,0.081690
-0.559660,1.000000,0.400000,0.081684
-0.558959,1.000000,0.400000,0.081678
-0.558258,1.000000,0.400000,0.081672
-0.557558,1.000000,0.400000,0.081667
-0.556857,1.000000,0.400000,0.081661
-0.556156,1.000000,0.400000,0.081655
-0.555455,1.000000,0.400000,0.081649
-0.554755,1.000000,0.400000,0.081644
-0.554054,1.000000,0.400000,0.081638
-0.553353,1.000000,0.400000,0.081632
-0.552653,1.000000,0.400000,0.081627
-0.551952,1.000000,0.400000,0.081621
-0.551251,1.000000,0.400000,0.081615
-0.550551,1.000000,0.400000,0.081610
-0.549850,1.000000,0.400000,0.081604
-0.549149,1.000000,0.400000,0.081598
-0.548448,1.000000,0.400000,0.081593
-0.547748,1.000000,0.400000,0.081587
-0.547047,1.000000,0.400000,0.081581
-0.546346,1.000000,0.400000,0.081576
-0.545646,1.000000,0.400000,0.081570
-0.544945,1.000000,0.400000,0.081565
-0.544244,1.000000,0.400000,0.081559
-0.543544,1.000000,0.400000,0.081554
-0.542843,1.000000,0.400000,0.081548
-0.542142,1.000000,0.400000,0.081543
-0.541441,1.000000,0.400000,0.081537
-0.540741,1.000000,0.400000,0.081532
-0.540040,1.000000,0.400000,0.081526
-0.539339,1.000000,0.400000,0.081521
-0.538639,1.000000,0.400000,0.081515
-0.537938,1.000000,0.400000,0.081510
-0.537237,1.000000,0.400000,0.081504
-0.536537,1.000000,0.400000,0.081499
-0.535836,1.000000,0.400000,0.081494
-0.535135,1.000000,0.400000,0.081488
-0.534434,1.000000,0.400000,0.081483
-0.533734,1.000000,0.400000,0.081478
-0.533033,1.000000,0.400000,0.081472
-0.532332,1.000000,0.400000,0.081467
-0.531632,1.000000,0.400000,0.081462
-0.530931,1.000000,0.400000,0.081456
-0.530230,1.000000,0.400000,0.081451
-0.529530,1.000000,0.400000,0.081446
-0.528829,1.000000,0.400000,0.081441
-0.528128,1.000000,0.400000,0.081435
-0.527427,1.000000,0.400000,0.081430
-0.526727,1.000000,0.400000,0.081425
-0.526026,1.000000,0.400000,0.081420
-0.525325,1.000000,0.400000,0.081415
-0.524625,1.000000,0.400000,0.081409
-0.523924,1.000000,0.400000,0.081404
-0.523223,1.000000,0.400000,0.081399
-0.522523,1.000000,0.400000,0.081394
-0.521822,1.000000,0.400000,0.081389
-0.521121,1.000000,0.400000,0.081384
-0.520420,1.000000,0.400000,0.081379
-0.519720,1.000000,0.400000,0.081374
-0.519019,1.000000,0.400000,0.081369
-0.518318,1.000000,0.400000,0.081364
-0.517618,1.000000,0.400000,0.081359
-0.516917,1.000000,0.400000,0.081354
-0.516216,1.000000,0.400000,0.081349
-0.515516,1.000000,0.400000,0.081344
-0.514815,1.000000,0.400000,0.081339
-0.514114,1.000000,0.400000,0.081334
-0.513413,1.000000,0.400000,0.081329
-0.512713,1.000000,0.400000,0.081324
-0.512012,1.000000,0.400000,0.081319
-0.511311,1.000000,0.400000,0.081315
-0.510611,1.000000,0.400000,0.081310
-0.509910,1.000000,0.400000,0.081305
-0.509209,1.000000,0.400000,0.081300
-0.508509,1.000000,0.400000,0.081295
-0.507808,1.000000,0.400000,0.081291
-0.507107,1.000000,0.400000,0.081286
-0.506406,1.000000,0.400000,0.081281
-0.505706,1.000000,0.400000,0.081276
-0.505005,1.000000,0.400000,0.081272
-0.504304,1.000000,0.400000,0.081267
-0.503604,1.000000,0.400000,0.081263
-0.502903,1.000000,0.400000,0.081258
-0.502202,1.000000,0.400000,0.081253
-0.501502,1.000000,0.400000,0.081249
-0.500801,1.000000,0.400000,0.081244
-0.500100,1.000000,0.400000,0.081240
-0.499399,1.000000,0.400000,0.081235
-0.498699,1.000000,0.400000,0.081231
-0.497998,1.000000,0.400000,0.081226
-0.497297,1.000000,0.400000,0.081222
-0.496597,1.000000,0.400000,0.081217
-0.495896,1.000000,0.400000,0.081213
-0.495195,1.000000,0.400000,0.081209
-0.494494,1.000000,0.400000,0.081204
-0.493794,1.000000,0.400000,0.081200
-0.493093,1.000000,0.400000,0.081195
-0.492392,1.000000,0.400000,0.081191
-0.491692,1.000000,0.400000,0.081187
-0.490991,1.000000,0.400000,0.081183
-0.490290,1.000000,0.400000,0.081178
-0.489590,1.000000,0.400000,0.081174
-0.488889,1.000000,0.400000,0.081170
-0.488188,1.000000,0.400000,0.081166
-0.487487,1.000000,0.400000,0.081162
-0.486787,1.000000,0.400000,0.081158
-0.486086,1.000000,0.400000,0.081153
-0.485385,1.000000,0.400000,0.081149
-0.484685,1.000000,0.400000,0.081145
-0.483984,1.000000,0.400000,0.081141
-0.483283,1.000000,0.400000,0.081137
-0.482583,1.000000,0.400000,0.081133
-0.481882,1.000000,0.400000,0.081129
-0.481181,1.000000,0.400000,0.081126
-0.480480,1.000000,0.400000,0.081122
-0.479780,1.000000,0.400000,0.081118
-0.479079,1.000000,0.400000,0.081114
-0.478378,1.000000,0.400000,0.081110
-0.477678,1.000000,0.400000,0.081106
-0.476977,1.000000,0.400000,0.081102
-0.476276,1.000000,0.400000,0.081099
-0.475576,1.000000,0.400000,0.081095
-0.474875,1.000000,0.400000,0.081091
-0.474174,1.000000,0.400000,0.081088
-0.473473,1.000000,0.400000,0.081084
-0.472773,1.000000,0.400000,0.081080
-0.472072,1.000000,0.400000,0.081077
-0.471371,1.000000,0.400000,0.081073
-0.470671,1.000000,0.400000,0.081070
-0.469970,1.000000,0.400000,0.081066
-0.469269,1.000000,0.400000,0.081063
-0.468569,1.000000,0.400000,0.081059
-0.467868,1.000000,0.400000,0.081056
-0.467167,1.000000,0.400000,0.081052
-0.466466,1.000000,0.400000,0.081049
-0.465766,1.000000,0.400000,0.081046
-0.465065,1.000000,0.400000,0.081042
-0.464364,1.000000,0.400000,0.081039
-0.463664,1.000000,0.400000,0.081036
-0.462963,1.000000,0.400000,0.081033
-0.462262,1.000000,0.400000,0.081029
-0.461562,1.000000,0.400000,0.081026
-0.460861,1.000000,0.400000,0.081023
-0.460160,1.000000,0.400000,0.081020
-0.459459,1.000000,0.400000,0.081017
-0.458759,1.000000,0.400000,0.081014
-0.458058,1.000000,0.400000,0.081011
-0.457357,1.000000,0.400000,0.081008
-0.456657,1.000000,0.400000,0.081005
-0.455956,1.000000,0.400000,0.081002
-0.455255,1.000000,0.400000,0.080999
-0.454555,1.000000,0.400000,0.080996
-0.453854,1.000000,0.400000,0.080993
-0.453153,1.000000,0.400000,0.080991
-0.452452,1.000000,0.400000,0.080988
-0.451752,1.000000,0.400000,0.080985
-0.451051,1.000000,0.400000,0.080983
-0.450350,1.000000,0.400000,0.080980
-0.449650,1.000000,0.400000,0.080977
-0.448949,1.000000,0.400000,0.080975
-0.448248,1.000000,0.400000,0.080972
-0.447548,1.000000,0.400000,0.080970
-0.446847,1.000000,0.400000,0.080967
-0.446146,1.000000,0.400000,0.080965
-0.445445,1.000000,0.400000,0.080962
-0.444745,1.000000,0.400000,0.080960
-0.444044,1.000000,0.400000,0.080958
-0.443343,1.000000,0.400000,0.080955
-0.442643,1.000000,0.400000,0.080953
-0.441942,1.000000,0.400000,0.080951
-0.441241,1.000000,0.400000,0.080949
-0.440541,1.000000,0.400000,0.080946
-0.439840,1.000000,0.400000,0.080944
-0.439139,1.000000,0.400000,0.080942
-0.438438,1.000000,0.400000,0.080940
-0.437738,1.000000,0.400000,0.080938
-0.437037,1.000000,0.400000,0.080936
-0.436336,1.000000,0.400000,0.080934
-0.435636,1.000000,0.400000,0.080932
-0.434935,1.000000,0.400000,0.080931
-0.434234,1.000000,0.400000,0.080929
-0.433534,1.000000,0.400000,0.080927
-0.432833,1.000000,0.400000,0.080925
-0.432132,1.000000,0.400000,0.080924
-0.431431,1.000000,0.400000,0.080922
-0.430731,1.000000,0.400000,0.080920
-0.430030,1.000000,0.400000,0.080919
-0.429329,1.000000,0.400000,0.080917
-0.428629,1.000000,0.400000,0.080916
-0.427928,1.000000,0.400000,0.080914
-0.427227,1.000000,0.400000,0.080913
-0.426527,1.000000,0.400000,0.080912
-0.425826,1.000000,0.400000,0.080910
-0.425125,1.000000,0.400000,0.080909
-0.424424,1.000000,0.400000,0.080908
-0.423724,1.000000,0.400000,0.080907
-0.423023,1.000000,0.400000,0.080905
-0.422322,1.000000,0.400000,0.080904
-0.421622,1.000000,0.400000,0.080903
-0.420921,1.000000,0.400000,0.080902
-0.420220,1.000000,0.400000,0.080901
-0.419520,1.000000,0.400000,0.080900
-0.418819,1.000000,0.400000,0.080900
-0.418118,1.000000,0.400000,0.080899
-0.417417,1.000000,0.400000,0.080898
-0.416717,1.000000,0.400000,0.080897
-0.416016,1.000000,0.400000,0.080897
-0.415315,1.000000,0.400000,0.080896
-0.414615,1.000000,0.400000,0.080895
-0.413914,1.000000,0.400000,0.080895
-0.413213,1.000000,0.400000,0.080895
-0.412513,1.000000,0.400000,0.080894
-0.411812,1.000000,0.400000,0.080894
-0.411111,1.000000,0.400000,0.080893
-0.410410,1.000000,0.400000,0.080893
-0.409710,1.000000,0.400000,0.080893
-0.409009,1.000000,0.400000,0.080893
-0.408308,1.000000,0.400000,0.080893
-0.407608,1.000000,0.400000,0.080893
-0.406907,1.000000,0.400000,0.080893
-0.406206,1.000000,0.400000,0.080893
-0.405506,1.000000,0.400000,0.080893
-0.404805,1.000000,0.400000,0.080893
-0.404104,1.000000,0.400000,0.080893
-0.403403,1.000000,0.400000,0.080893
-0.402703,1.000000,0.400000,0.080894
-0.402002,1.000000,0.400000,0.080894
-0.401301,1.000000,0.400000,0.080895
-0.400601,1.000000,0.400000,0.080895
-0.399900,1.000000,0.400000,0.080895
-0.399199,1.000000,0.400000,0.080896
-0.398498,1.000000,0.400000,0.080897
-0.397798,1.000000,0.400000,0.080897
-0.397097,1.000000,0.400000,0.080898
-0.396396,1.000000,0.400000,0.080899
-0.395696,1.000000,0.400000,0.080900
-0.394995,1.000000,0.400000,0.080901
-0.394294,1.000000,0.400000,0.080902
-0.393594,1.000000,0.400000,0.080903
-0.392893,1.000000,0.400000,0.080904
-0.392192,1.000000,0.400000,0.080905
-0.391491,1.000000,0.400000,0.080907
-0.390791,1.000000,0.400000,0.080908
-0.390090,1.000000,0.400000,0.080909
-0.389389,1.000000,0.400000,0.080911
-0.388689,1.000000,0.400000,0.080912
-0.387988,1.000000,0.400000,0.080914
-0.387287,1.000000,0.400000,0.080915
-0.386587,1.000000,0.400000,0.080917
-0.385886,1.000000,0.400000,0.080919
-0.385185,1.000000,0.400000,0.080921
-0.384484,1.000000,0.400000,0.080923
-0.383784,1.000000,0.400000,0.080925
-0.383083,1.000000,0.400000,0.080927
-0.382382,1.000000,0.400000,0.080929
-0.381682,1.000000,0.400000,0.080931
-0.380981,1.000000,0.400000,0.080933
-0.380280,1.000000,0.400000,0.080936
-0.379580,1.000000,0.400000,0.080938
-0.378879,1.000000,0.400000,0.080940
-0.378178,1.000000,0.400000,0.080943
-0.377477,1.000000,0.400000,0.080946
-0.376777,1.000000,0.400000,0.080948
-0.376076,1.000000,0.400000,0.080951
-0.375375,1.000000,0.400000,0.080954
-0.374675,1.000000,0.400000,0.080957
-0.373974,1.000000,0.400000,0.080960
-0.373273,1.000000,0.400000,0.080963
-0.372573,1.000000,0.400000,0.080966
-0.371872,1.000000,0.400000,0.080969
-0.371171,1.000000,0.400000,0.080973
-0.370470,1.000000,0.400000,0.080976
-0.369770,1.000000,0.400000,0.080979
-0.369069,1.000000,0.400000,0.080983
-0.368368,1.000000,0.400000,0.080987
-0.367668,1.000000,0.400000,0.080990
-0.366967,1.000000,0.400000,0.080994
-0.366266,1.000000,0.400000,0.080998
-0.365566,1.000000,0.400000,0.081002
-0.364865,1.000000,0.400000,0.081006
-0.364164,1.000000,0.400000,0.081010
-0.363463,1.000000,0.400000,0.081014
-0.362763,1.000000,0.400000,0.081018
-0.362062,1.000000,0.400000,0.081023
-0.361361,1.000000,0.400000,0.081027
-0.360661,1.000000,0.400000,0.081032
-0.359960,1.000000,0.400000,0.081037
-0.359259,1.000000,0.400000,0.081041
-0.358559,1.000000,0.400000,0.081046
-0.357858,1.000000,0.400000,0.081051
-0.357157,1.000000,0.400000,0.081056
-0.356456,1.000000,0.400000,0.081061
-0.355756,1.000000,0.400000,0.081066
-0.355055,1.000000,0.400000,0.081072
-0.354354,1.000000,0.400000,0.081077
-0.353654,1.000000,0.400000,0.081082
-0.352953,1.000000,0.400000,0.081088
-0.352252,1.000000,0.400000,0.081094
-0.351552,1.000000,0.400000,0.081099
-0.350851,1.000000,0.400000,0.081105
-0.350150,1.000000,0.400000,0.081111
-0.349449,1.000000,0.400000,0.081117
-0.348749,1.000000,0.400000,0.081124
-0.348048,1.000000,0.400000,0.081130
-0.347347,1.000000,0.400000,0.081136
-0.346647,1.000000,0.400000,0.081143
-0.345946,1.000000,0.400000,0.081149
-0.345245,1.000000,0.400000,0.081156
-0.344545,1.000000,0.400000,0.081163
-0.343844,1.000000,0.400000,0.081170
-0.343143,1.000000,0.400000,0.081177
-0.342442,1.000000,0.400000,0.081184
-0.341742,1.000000,0.400000,0.081191
-0.341041,1.000000,0.400000,0.081199
-0.340340,1.000000,0.400000,0.081206
-0.339640,1.000000,0.400000,0.081214
-0.338939,1.000000,0.400000,0.081221
-0.338238,1.000000,0.400000,0.081229
-0.337538,1.000000,0.400000,0.081237
-0.336837,1.000000,0.400000,0.081245
-0.336136,1.000000,0.400000,0.081253
-0.335435,1.000000,0.400000,0.081262
-0.334735,1.000000,0.400000,0.081270
-0.334034,1.000000,0.400000,0.081279
-0.333333,1.000000,0.400000,0.081287
-0.332633,1.000000,0.400000,0.081296
-0.331932,1.000000,0.400000,0.081305
-0.331231,1.000000,0.400000,0.081314
-0.330531,1.000000,0.400000,0.081323
-0.329830,1.000000,0.400000,0.081333
-0.329129,1.000000,0.400000,0.081342
-0.328428,1.000000,0.400000,0.081352
-0.327728,1.000000,0.400000,0.081361
-0.327027,1.000000,0.400000,0.081371
-0.326326,1.000000,0.400000,0.081381
-0.325626,1.000000,0.400000,0.081391
-0.324925,1.000000,0.400000,0.081401
-0.324224,1.000000,0.400000,0.081412
-0.323524,1.000000,0.400000,0.081422
-0.322823,1.000000,0.400000,0.081433
-0.322122,1.000000,0.400000,0.081444
-0.321421,1.000000,0.400000,0.081455
-0.320721,1.000000,0.400000,0.081466
-0.320020,1.000000,0.400000,0.081477
-0.319319,1.000000,0.400000,0.081489
-0.318619,1.000000,0.400000,0.081500
-0.317918,1.000000,0.400000,0.081512
-0.317217,1.000000,0.400000,0.081524
-0.316517,1.000000,0.400000,0.081536
-0.315816,1.000000,0.400000,0.081548
-0.315115,1.000000,0.400000,0.081560
-0.314414,1.000000,0.400000,0.081573
-0.313714,1.000000,0.400000,0.081585
-0.313013,1.000000,0.400000,0.081598
-0.312312,1.000000,0.400000,0.081611
-0.311612,1.000000,0.400000,0.081625
-0.310911,1.000000,0.400000,0.081638
-0.310210,1.000000,0.400000,0.081651
-0.309510,1.000000,0.400000,0.081665
-0.308809,1.000000,0.400000,0.081679
-0.308108,1.000000,0.400000,0.081693
-0.307407,1.000000,0.400000,0.081707
-0.306707,1.000000,0.400000,0.081722
-0.306006,1.000000,0.400000,0.081736
-0.305305,1.000000,0.400000,0.081751
-0.304605,1.000000,0.400000,0.081766
-0.303904,1.000000,0.400000,0.081781
-0.303203,1.000000,0.400000,0.081796
-0.302503,1.000000,0.400000,0.081812
-0.301802,1.000000,0.400000,0.081827
-0.301101,1.000000,0.400000,0.081843
-0.300400,1.000000,0.400000,0.081859
-0.299700,1.000000,0.400000,0.081876
-0.298999,1.000000,0.400000,0.081892
-0.298298,1.000000,0.400000,0.081909
-0.297598,1.000000,0.400000,0.081926
-0.296897,1.000000,0.400000,0.081943
-0.296196,1.000000,0.400000,0.081960
-0.295495,1.000000,0.400000,0.081977
-0.294795,1.000000,0.400000,0.081995
-0.294094,1.000000,0.400000,0.082013
-0.293393,1.000000,0.400000,0.082031
-0.292693,1.000000,0.400000,0.082050
-0.291992,1.000000,0.400000,0.082068
-0.291291,1.000000,0.400000,0.082087
-0.290591,1.000000,0.400000,0.082106
-0.289890,1.000000,0.400000,0.082125
-0.289189,1.000000,0.400000,0.082145
-0.288488,1.000000,0.400000,0.082165
-0.287788,1.000000,0.400000,0.082185
-0.287087,1.000000,0.400000,0.082205
-0.286386,1.000000,0.400000,0.082225
-0.285686,1.000000,0.400000,0.082246
-0.284985,1.000000,0.400000,0.082267
-0.284284,1.000000,0.400000,0.082288
-0.283584,1.000000,0.400000,0.082309
-0.282883,1.000000,0.400000,0.082331
-0.282182,1.000000,0.400000,0.082353
-0.281481,1.000000,0.400000,0.082375
-0.280781,1.000000,0.400000,0.082398
-0.280080,1.000000,0.400000,0.082421
-0.279379,1.000000,0.400000,0.082444
-0.278679,1.000000,0.400000,0.082467
-0.277978,1.000000,0.400000,0.082490
-0.277277,1.000000,0.400000,0.082514
-0.276577,1.000000,0.400000,0.082538
-0.275876,1.000000,0.400000,0.082563
-0.275175,1.000000,0.400000,0.082588
-0.274474,1.000000,0.400000,0.082612
-0.273774,1.000000,0.400000,0.082638
-0.273073,1.000000,0.400000,0.082663
-0.272372,1.000000,0.400000,0.082689
-0.271672,1.000000,0.400000,0.082715
-0.270971,1.000000,0.400000,0.082742
-0.270270,1.000000,0.400000,0.082769
-0.269570,1.000000,0.400000,0.082796
-0.268869,1.000000,0.400000,0.082823
-0.268168,1.000000,0.400000,0.082851
-0.267467,1.000000,0.400000,0.082879
-0.266767,1.000000,0.400000,0.082908
-0.266066,1.000000,0.400000,0.082936
-0.265365,1.000000,0.400000,0.082965
-0.264665,1.000000,0.400000,0.082995
-0.263964,1.000000,0.400000,0.083024
-0.263263,1.000000,0.400000,0.083055
-0.262563,1.000000,0.400000,0.083085
-0.261862,1.000000,0.400000,0.083116
-0.261161,1.000000,0.400000,0.083147
-0.260460,1.000000,0.400000,0.083179
-0.259760,1.000000,0.400000,0.083211
-0.259059,1.000000,0.400000,0.083243
-0.258358,1.000000,0.400000,0.083275
-0.257658,1.000000,0.400000,0.083308
-0.256957,1.000000,0.400000,0.083342
-0.256256,1.000000,0.400000,0.083376
-0.255556,1.000000,0.400000,0.083410
-0.254855,1.000000,0.400000,0.083445
-0.254154,1.000000,0.400000,0.083479
-0.253453,1.000000,0.400000,0.083515
-0.252753,1.000000,0.400000,0.083551
-0.252052,1.000000,0.400000,0.083587
-0.251351,1.000000,0.400000,0.083624
-0.250651,1.000000,0.400000,0.083661
-0.249950,1.000000,0.400000,0.083698
-0.249249,1.000000,0.400000,0.083736
-0.248549,1.000000,0.400000,0.083775
-0.247848,1.000000,0.400000,0.083814
-0.247147,1.000000,0.400000,0.083853
-0.246446,1.000000,0.400000,0.083893
-0.245746,1.000000,0.400000,0.083933
-0.245045,1.000000,0.400000,0.083974
-0.244344,1.000000,0.400000,0.084015
-0.243644,1.000000,0.400000,0.084057
-0.242943,1.000000,0.400000,0.084099
-0.242242,1.000000,0.400000,0.084142
-0.241542,1.000000,0.400000,0.084185
-0.240841,1.000000,0.400000,0.084228
-0.240140,1.000000,0.400000,0.084272
-0.239439,1.000000,0.400000,0.084317
-0.238739,1.000000,0.400000,0.084362
-0.238038,1.000000,0.400000,0.084408
-0.237337,1.000000,0.400000,0.084455
-0.236637,1.000000,0.400000,0.084501
-0.235936,1.000000,0.400000,0.084549
-0.235235,1.000000,0.400000,0.084597
-0.234535,1.000000,0.400000,0.084645
-0.233834,1.000000,0.400000,0.084694
-0.233133,1.000000,0.400000,0.084744
-0.232432,1.000000,0.400000,0.084794
-0.231732,1.000000,0.400000,0.084845
-0.231031,1.000000,0.400000,0.084896
-0.230330,1.000000,0.400000,0.084948
-0.229630,1.000000,0.400000,0.085001
-0.228929,1.000000,0.400000,0.085054
-0.228228,1.000000,0.400000,0.085108
-0.227528,1.000000,0.400000,0.085162
-0.226827,1.000000,0.400000,0.085217
-0.226126,1.000000,0.400000,0.085273
-0.225425,1.000000,0.400000,0.085329
-0.224725,1.000000,0.400000,0.085386
-0.224024,1.000000,0.400000,0.085444
-0.223323,1.000000,0.400000,0.085503
-0.222623,1.000000,0.400000,0.085562
-0.221922,1.000000,0.400000,0.085621
-0.221221,1.000000,0.400000,0.085682
-0.220521,1.000000,0.400000,0.085743
-0.219820,1.000000,0.400000,0.085805
-0.219119,1.000000,0.400000,0.085868
-0.218418,1.000000,0.400000,0.085931
-0.217718,1.000000,0.400000,0.085995
-0.217017,1.000000,0.400000,0.086060
-0.216316,1.000000,0.400000,0.086126
-0.215616,1.000000,0.400000,0.086192
-0.214915,1.000000,0.400000,0.086259
-0.214214,1.000000,0.400000,0.086327
-0.213514,1.000000,0.400000,0.086396
-0.212813,1.000000,0.400000,0.086465
-0.212112,1.000000,0.400000,0.086536
-0.211411,1.000000,0.400000,0.086607
-0.210711,1.000000,0.400000,0.086679
-0.210010,1.000000,0.400000,0.086752
-0.209309,1.000000,0.400000,0.086826
-0.208609,1.000000,0.400000,0.086900
-0.207908,1.000000,0.400000,0.086975
-0.207207,1.000000,0.400000,0.087052
-0.206507,1.000000,0.400000,0.087129
-0.205806,1.000000,0.400000,0.087207
-0.205105,1.000000,0.400000,0.087286
-0.204404,1.000000,0.400000,0.087366
-0.203704,1.000000,0.400000,0.087447
-0.203003,1.000000,0.400000,0.087529
-0.202302,1.000000,0.400000,0.087612
-0.201602,1.000000,0.400000,0.087695
-0.200901,1.000000,0.400000,0.087780
-0.200200,1.000000,0.400000,0.087866
-0.199499,1.000000,0.400000,0.087952
-0.198799,1.000000,0.400000,0.088040
-0.198098,1.000000,0.400000,0.088129
-0.197397,1.000000,0.400000,0.088219
-0.196697,1.000000,0.400000,0.088309
-0.195996,1.000000,0.400000,0.088401
-0.195295,1.000000,0.400000,0.088494
-0.194595,1.000000,0.400000,0.088588
-0.193894,1.000000,0.400000,0.088683
-0.193193,1.000000,0.400000,0.088779
-0.192492,1.000000,0.400000,0.088876
-0.191792,1.000000,0.400000,0.088975
-0.191091,1.000000,0.400000,0.089074
-0.190390,1.000000,0.400000,0.089175
-0.189690,1.000000,0.400000,0.089277
-0.188989,1.000000,0.400000,0.089379
-0.188288,1.000000,0.400000,0.089484
-0.187588,1.000000,0.400000,0.089589
-0.186887,1.000000,0.400000,0.089695
-0.186186,1.000000,0.400000,0.089803
-0.185485,1.000000,0.400000,0.089912
-0.184785,1.000000,0.400000,0.090022
-0.184084,1.000000,0.400000,0.090134
-0.183383,1.000000,0.400000,0.090246
-0.182683,1.000000,0.400000,0.090360
-0.181982,1.000000,0.400000,0.090476
-0.181281,1.000000,0.400000,0.090592
-0.180581,1.000000,0.400000,0.090710
-0.179880,1.000000,0.400000,0.090829
-0.179179,1.000000,0.400000,0.090949
-0.178478,1.000000,0.400000,0.091071
-0.177778,1.000000,0.400000,0.091195
-0.177077,1.000000,0.400000,0.091319
-0.176376,1.000000,0.400000,0.091445
-0.175676,1.000000,0.400000,0.091572
-0.174975,1.000000,0.400000,0.091701
-0.174274,1.000000,0.400000,0.091831
-0.173574,1.000000,0.400000,0.091963
-0.172873,1.000000,0.400000,0.092096
-0.172172,1.000000,0.400000,0.092231
-0.171471,1.000000,0.400000,0.092367
-0.170771,1.000000,0.400000,0.092504
-0.170070,1.000000,0.400000,0.092643
-0.169369,1.000000,0.400000,0.092783
-0.168669,1.000000,0.400000,0.092925
-0.167968,1.000000,0.400000,0.093069
-0.167267,1.000000,0.400000,0.093214
-0.166567,1.000000,0.400000,0.093361
-0.165866,1.000000,0.400000,0.093509
-0.165165,1.000000,0.400000,0.093659
-0.164464,1.000000,0.400000,0.093810
-0.163764,1.000000,0.400000,0.093963
-0.163063,1.000000,0.400000,0.094117
-0.162362,1.000000,0.400000,0.094274
-0.161662,1.000000,0.400000,0.094432
-0.160961,1.000000,0.400000,0.094591
-0.160260,1.000000,0.400000,0.094752
-0.159560,1.000000,0.400000,0.094915
-0.158859,1.000000,0.400000,0.095080
-0.158158,1.000000,0.400000,0.095246
-0.157457,1.000000,0.400000,0.095414
-0.156757,1.000000,0.400000,0.095583
-0.156056,1.000000,0.400000,0.095755
-0.155355,1.000000,0.400000,0.095928
-0.154655,1.000000,0.400000,0.096103
-0.153954,1.000000,0.400000,0.096280
-0.153253,1.000000,0.400000,0.096458
-0.152553,1.000000,0.400000,0.096638
-0.151852,1.000000,0.400000,0.096820
-0.151151,1.000000,0.400000,0.097004
-0.150450,1.000000,0.400000,0.097190
-0.149750,1.000000,0.400000,0.097378
-0.149049,1.000000,0.400000,0.097567
-0.148348,1.000000,0.400000,0.097758
-0.147648,1.000000,0.400000,0.097951
-0.146947,1.000000,0.400000,0.098147
-0.146246,1.000000,0.400000,0.098343
-0.145546,1.000000,0.400000,0.098542
-0.144845,1.000000,0.400000,0.098743
-0.144144,1.000000,0.400000,0.098946
-0.143443,1.000000,0.400000,0.099150
-0.142743,1.000000,0.400000,0.099357
-0.142042,1.000000,0.400000,0.099565
-0.141341,1.000000,0.400000,0.099776
-0.140641,1.000000,0.400000,0.099988
-0.139940,1.000000,0.400000,0.100203
-0.139239,1.000000,0.400000,0.100419
-0.138539,1.000000,0.400000,0.100637
-0.137838,1.000000,0.400000,0.100858
-0.137137,1.000000,0.400000,0.101080
-0.136436,1.000000,0.400000,0.101305
-0.135736,1.000000,0.400000,0.101532
-0.135035,1.000000,0.400000,0.101760
-0.134334,1.000000,0.400000,0.101991
-0.133634,1.000000,0.400000,0.102224
-0.132933,1.000000,0.400000,0.102459
-0.132232,1.000000,0.400000,0.102696
-0.131532,1.000000,0.400000,0.102935
-0.130831,1.000000,0.400000,0.103177
-0.130130,1.000000,0.400000,0.103420
-0.129429,1.000000,0.400000,0.103666
-0.128729,1.000000,0.400000,0.103914
-0.128028,1.000000,0.400000,0.104164
-0.127327,1.000000,0.400000,0.104416
-0.126627,1.000000,0.400000,0.104671
-0.125926,1.000000,0.400000,0.104928
-0.125225,1.000000,0.400000,0.105187
-0.124525,1.000000,0.400000,0.105449
-0.123824,1.000000,0.400000,0.105713
-0.123123,1.000000,0.400000,0.105979
-0.122422,1.000000,0.400000,0.106247
-0.121722,1.000000,0.400000,0.106518
-0.121021,1.000000,0.400000,0.106792
-0.120320,1.000000,0.400000,0.107068
-0.119620,1.000000,0.400000,0.107346
-0.118919,1.000000,0.400000,0.107627
-0.118218,1.000000,0.400000,0.107910
-0.117518,1.000000,0.400000,0.108196
-0.116817,1.000000,0.400000,0.108484
-0.116116,1.000000,0.400000,0.108776
-0.115415,1.000000,0.400000,0.109070
-0.114715,1.000000,0.400000,0.109366
-0.114014,1.000000,0.400000,0.109665
-0.113313,1.000000,0.400000,0.109968
-0.112613,1.000000,0.400000,0.110273
-0.111912,1.000000,0.400000,0.110581
-0.111211,1.000000,0.400000,0.110891
-0.110511,1.000000,0.400000,0.111205
-0.109810,1.000000,0.400000,0.111523
-0.109109,1.000000,0.400000,0.111842
-0.108408,1.000000,0.400000,0.112166
-0.107708,1.000000,0.400000,0.112493
-0.107007,1.000000,0.400000,0.112823
-0.106306,1.000000,0.400000,0.113156
-0.105606,1.000000,0.400000,0.113493
-0.104905,1.000000,0.400000,0.113834
-0.104204,1.000000,0.400000,0.114178
-0.103504,1.000000,0.400000,0.114526
-0.102803,1.000000,0.400000,0.114878
-0.102102,1.000000,0.400000,0.115234
-0.101401,1.000000,0.400000,0.115594
-0.100701,1.000000,0.400000,0.115959
-0.100000,1.000000,0.400000,0.116328
-0.800000,1.000000,0.600000,0.085691
-0.799299,1.000000,0.600000,0.085687
-0.798599,1.000000,0.600000,0.085682
-0.797898,1.000000,0.600000,0.085678
-0.797197,1.000000,0.600000,0.085674
-0.796496,1.000000,0.600000,0.085669
-0.795796,1.000000,0.600000,0.085665
-0.795095,1.000000,0.600000,0.085660
-0.794394,1.000000,0.600000,0.085656
-0.793694,1.000000,0.600000,0.085651
-0.792993,1.000000,0.600000,0.085647
-0.792292,1.000000,0.600000,0.085642
-0.791592,1.000000,0.600000,0.085638
-0.790891,1.000000,0.600000,0.085633
-0.790190,1.000000,0.600000,0.085629
-0.789489,1.000000,0.600000,0.085624
-0.788789,1.000000,0.600000,0.085620
-0.788088,1.000000,0.600000,0.085615
-0.787387,1.000000,0.600000,0.085611
-0.786687,1.000000,0.600000,0.085606
-0.785986,1.000000,0.600000,0.085602
-0.785285,1.000000,0.600000,0.085598
-0.784585,1.000000,0.600000,0.085593
-0.783884,1.000000,0.600000,0.085589
-0.783183,1.000000,0.600000,0.085584
-0.782482,1.000000,0.600000,0.085580
-0.781782,1.000000,0.600000,0.085575
-0.781081,1.000000,0.600000,0.085571
-0.780380,1.000000,0.600000,0.085566
-0.779680,1.000000,0.600000,0.085562
-0.778979,1.000000,0.600000,0.085557
-0.778278,1.000000,0.600000,0.085553
-0.777578,1.000000,0.600000,0.085548
-0.776877,1.000000,0.600000,0.085544
-0.776176,1.000000,0.600000,0.085539
-0.775475,1.000000,0.600000,0.085535
-0.774775,1.000000,0.600000,0.085530
-0.774074,1.000000,0.600000,0.085526
-0.773373,1.000000,0.600000,0.085521
-0.772673,1.000000,0.600000,0.085517
-0.771972,1.000000,0.600000,0.085512
-0.771271,1.000000,0.600000,0.085508
-0.770571,1.000000,0.600000,0.085504
-0.769870,1.000000,0.600000,0.085499
-0.769169,1.000000,0.600000,0.085495
-0.768468,1.000000,0.600000,0.085490
-0.767768,1.000000,0.600000,0.085486
-0.767067,1.000000,0.600000,0.085481
-0.766366,1.000000,0.600000,0.085476
-0.765666,1.000000,0.600000,0.085472
-0.764965,1.000000,0.600000,0.085468
-0.764264,1.000000,0.600000,0.085463
-0.763564,1.000000,0.600000,0.085459
-0.762863,1.000000,0.600000,0.085454
-0.762162,1.000000,0.600000,0.085450
-0.761461,1.000000,0.600000,0.085445
-0.760761,1.000000,0.600000,0.085441
-0.760060,1.000000,0.600000,0.085436
-0.759359,1.000000,0.600000,0.085432
-0.758659,1.000000,0.600000,0.085427
-0.757958,1.000000,0.600000,0.085423
-0.757257,1.000000,0.600000,0.085418
-0.756557,1.000000,0.600000,0.085414
-0.755856,1.000000,0.600000,0.085409
-0.755155,1.000000,0.600000,0.085405
-0.754454,1.000000,0.600000,0.085400
-0.753754,1.000000,0.600000,0.085396
-0.753053,1.000000,0.600000,0.085391
-0.752352,1.000000,0.600000,0.085387
-0.751652,1.000000,0.600000,0.085382
-0.750951,1.000000,0.600000,0.085378
-0.750250,1.000000,0.600000,0.085373
-0.749550,1.000000,0.600000,0.085369
-0.748849,1.000000,0.600000,0.085364
-0.748148,1.000000,0.600000,0.085360
-0.747447,1.000000,0.600000,0.085355
-0.746747,1.000000,0.600000,0.085351
-0.746046,1.000000,0.600000,0.085346
-0.745345,1.000000,0.600000,0.085342
-0.744645,1.000000,0.600000,0.085337
-0.743944,1.000000,0.600000,0.085333
-0.743243,1.000000,0.600000,0.085328
-0.742543,1.000000,0.600000,0.085324
-0.741842,1.000000,0.600000,0.085319
-0.741141,1.000000,0.600000,0.085315
-0.740440,1.000000,0.600000,0.085310
-0.739740,1.000000,0.600000,0.085306
-0.739039,1.000000,0.600000,0.085301
-0.738338,1.000000,0.600000,0.085297
-0.737638,1.000000,0.600000,0.085292
-0.736937,1.000000,0.600000,0.085288
-0.736236,1.000000,0.600000,0.085283
-0.735536,1.000000,0.600000,0.085279
-0.734835,1.000000,0.600000,0.085275
-0.734134,1.000000,0.600000,0.085270
-0.733433,1.000000,0.600000,0.085266
-0.732733,1.000000,0.600000,0.085261
-0.732032,1.000000,0.600000,0.085257
-0.731331,1.000000,0.600000,0.085252
-0.730631,1.000000,0.600000,0.085248
-0.729930,1.000000,0.600000,0.085243
-0.729229,1.000000,0.600000,0.085239
-0.728529,1.000000,0.600000,0.085234
-0.727828,1.000000,0.600000,0.085230
-0.727127,1.000000,0.600000,0.085225
-0.726426,1.000000,0.600000,0.085221
-0.725726,1.000000,0.600000,0.085216
-0.725025,1.000000,0.600000,0.085212
-0.724324,1.000000,0.600000,0.085207
-0.723624,1.000000,0.600000,0.085203
-0.722923,1.000000,0.600000,0.085198
-0.722222,1.000000,0.600000,0.085194
-0.721522,1.000000,0.600000,0.085190
-0.720821,1.000000,0.600000,0.085185
-0.720120,1.000000,0.600000,0.085181
-0.719419,1.000000,0.600000,0.085176
-0.718719,1.000000,0.600000,0.085172
-0.718018,1.000000,0.600000,0.085167
-0.717317,1.000000,0.600000,0.085163
-0.716617,1.000000,0.600000,0.085158
-0.715916,1.000000,0.600000,0.085154
-0.715215,1.000000,0.600000,0.085149
-0.714515,1.000000,0.600000,0.085145
-0.713814,1.000000,0.600000,0.085141
-0.713113,1.000000,0.600000,0.085136
-0.712412,1.000000,0.600000,0.085132
-0.711712,1.000000,0.600000,0.085127
-0.711011,1.000000,0.600000,0.085123
-0.710310,1.000000,0.600000,0.085118
-0.709610,1.000000,0.600000,0.085114
-0.708909,1.000000,0.600000,0.085109
-0.708208,1.000000,0.600000,0.085105
-0.707508,1.000000,0.600000,0.085101
-0.706807,1.000000,0.600000,0.085096
-0.706106,1.000000,0.600000,0.085092
-0.705405,1.000000,0.600000,0.085087
-0.704705,1.000000,0.600000,0.085083
-0.704004,1.000000,0.600000,0.085078
-0.703303,1.000000,0.600000,0.085074
-0.702603,1.000000,0.600000,0.085070
-0.701902,1.000000,0.600000,0.085065
-0.701201,1.000000,0.600000,0.085061
-0.700501,1.000000,0.600000,0.085056
-0.699800,1.000000,0.600000,0.085052
-0.699099,1.000000,0.600000,0.085047
-0.698398,1.000000,0.600000,0.085043
-0.697698,1.000000,0.600000,0.085039
-0.696997,1.000000,0.600000,0.085034
-0.696296,1.000000,0.600000,0.085030
-0.695596,1.000000,0.600000,0.085026
-0.694895,1.000000,0.600000,0.085021
-0.694194,1.000000,0.600000,0.085017
-0.693493,1.000000,0.600000,0.085012
-0.692793,1.000000,0.600000,0.085008
-0.692092,1.000000,0.600000,0.085004
-0.691391,1.000000,0.600000,0.084999
-0.690691,1.000000,0.600000,0.084995
-0.689990,1.000000,0.600000,0.084990
-0.689289,1.000000,0.600000,0.084986
-0.688589,1.000000,0.600000,0.084982
-0.687888,1.000000,0.600000,0.084977
-0.687187,1.000000,0.600000,0.084973
-0.686486,1.000000,0.600000,0.084969
-0.685786,1.000000,0.600000,0.084964
-0.685085,1.000000,0.600000,0.084960
-0.684384,1.000000,0.600000,0.084955
-0.683684,1.000000,0.600000,0.084951
-0.682983,1.000000,0.600000,0.084947
-0.682282,1.000000,0.600000,0.084942
-0.681582,1.000000,0.600000,0.084938
-0.680881,1.000000,0.600000,0.084934
-0.680180,1.000000,0.600000,0.084929
-0.679479,1.000000,0.600000,0.084925
-0.678779,1.000000,0.600000,0.084921
-0.678078,1.000000,0.600000,0.084916
-0.677377,1.000000,0.600000,0.084912
-0.676677,1.000000,0.600000,0.084908
-0.675976,1.000000,0.600000,0.084903
-0.675275,1.000000,0.600000,0.084899
-0.674575,1.000000,0.600000,0.084895
-0.673874,1.000000,0.600000,0.084890
-0.673173,1.000000,0.600000,0.084886
-0.672472,1.000000,0.600000,0.084882
-0.671772,1.000000,0.600000,0.084878
-0.671071,1.000000,0.600000,0.084873
-0.670370,1.000000,0.600000,0.084869
-0.669670,1.000000,0.600000,0.084865
-0.668969,1.000000,0.600000,0.084860
-0.668268,1.000000,0.600000,0.084856
-0.667568,1.000000,0.600000,0.084852
-0.666867,1.000000,0.600000,0.084848
-0.666166,1.000000,0.600000,0.084843
-0.665465,1.000000,0.600000,0.084839
-0.664765,1.000000,0.600000,0.084835
-0.664064,1.000000,0.600000,0.084831
-0.663363,1.000000,0.600000,0.084826
-0.662663,1.000000,0.600000,0.084822
-0.661962,1.000000,0.600000,0.084818
-0.661261,1.000000,0.600000,0.084814
-0.660561,1.000000,0.600000,0.084809
-0.659860,1.000000,0.600000,0.084805
-0.659159,1.000000,0.600000,0.084801
-0.658458,1.000000,0.600000,0.084797
-0.657758,1.000000,0.600000,0.084793
-0.657057,1.000000,0.600000,0.084788
-0.656356,1.000000,0.600000,0.084784
-0.655656,1.000000,0.600000,0.084780
-0.654955,1.000000,0.600000,0.084776
-0.654254,1.000000,0.600000,0.084771
-0.653554,1.000000,0.600000,0.084767
-0.652853,1.000000,0.600000,0.084763
-0.652152,1.000000,0.600000,0.084759
-0.651451,1.000000,0.600000,0.084755
-0.650751,1.000000,0.600000,0.084751
-0.650050,1.000000,0.600000,0.084746
-0.649349,1.000000,0.600000,0.084742
-0.648649,1.000000,0.600000,0.084738
-0.647948,1.000000,0.600000,0.084734
-0.647247,1.000000,0.600000,0.084730
-0.646547,1.000000,0.600000,0.084726
-0.645846,1.000000,0.600000,0.084722
-0.645145,1.000000,0.600000,0.084717
-0.644444,1.000000,0.600000,0.084713
-0.643744,1.000000,0.600000,0.084709
-0.643043,1.000000,0.600000,0.084705
-0.642342,1.000000,0.600000,0.084701
-0.641642,1.000000,0.600000,0.084697
-0.640941,1.000000,0.600000,0.084693
-0.640240,1.000000,0.600000,0.084689
-0.639540,1.000000,0.600000,0.084685
-0.638839,1.000000,0.600000,0.084681
-0.638138,1.000000,0.600000,0.084676
-0.637437,1.000000,0.600000,0.084673
-0.636737,1.000000,0.600000,0.084668
-0.636036,1.000000,0.600000,0.084664
-0.635335,1.000000,0.600000,0.084660
-0.634635,1.000000,0.600000,0.084656
-0.633934,1.000000,0.600000,0.084652
-0.633233,1.000000,0.600000,0.084648
-0.632533,1.000000,0.600000,0.084644
-0.631832,1.000000,0.600000,0.084640
-0.631131,1.000000,0.600000,0.084636
-0.630430,1.000000,0.600000,0.084632
-0.629730,1.000000,0.600000,0.084628
-0.629029,1.000000,0.600000,0.084624
-0.628328,1.000000,0.600000,0.084620
-0.627628,1.000000,0.600000,0.084616
-0.626927,1.000000,0.600000,0.084612
-0.626226,1.000000,0.600000,0.084608
-0.625526,1.000000,0.600000,0.084604
-0.624825,1.000000,0.600000,0.084600
-0.624124,1.000000,0.600000,0.084597
-0.623423,1.000000,0.600000,0.084593
-0.622723,1.000000,0.600000,0.084589
-0.622022,1.000000,0.600000,0.084585
-0.621321,1.000000,0.600000,0.084581
-0.620621,1.000000,0.600000,0.084577
-0.619920,1.000000,0.600000,0.084573
-0.619219,1.000000,0.600000,0.084569
-0.618519,1.000000,0.600000,0.084565
-0.617818,1.000000,0.600000,0.084561
-0.617117,1.000000,0.600000,0.084558
-0.616416,1.000000,0.600000,0.084554
-0.615716,1.000000,0.600000,0.084550
-0.615015,1.000000,0.600000,0.084546
-0.614314,1.000000,0.600000,0.084542
-0.613614,1.000000,0.600000,0.084538
-0.612913,1.000000,0.600000,0.084535
-0.612212,1.000000,0.600000,0.084531
-0.611512,1.000000,0.600000,0.084527
-0.610811,1.000000,0.600000,0.084523
-0.610110,1.000000,0.600000,0.084519
-0.609409,1.000000,0.600000,0.084516
-0.608709,1.000000,0.600000,0.084512
-0.608008,1.000000,0.600000,0.084508
-0.607307,1.000000,0.600000,0.084504
-0.606607,1.000000,0.600000,0.084501
-0.605906,1.000000,0.600000,0.084497
-0.605205,1.000000,0.600000,0.084493
-0.604505,1.000000,0.600000,0.084490
-0.603804,1.000000,0.600000,0.084486
-0.603103,1.000000,0.600000,0.084482
-0.602402,1.000000,0.600000,0.084478
-0.601702,1.000000,0.600000,0.084475
-0.601001,1.000000,0.600000,0.084471
-0.600300,1.000000,0.600000,0.084467
-0.599600,1.000000,0.600000,0.084464
-0.598899,1.000000,0.600000,0.084460
-0.598198,1.000000,0.600000,0.084457
-0.597497,1.000000,0.600000,0.084453
-0.596797,1.000000,0.600000,0.084449
-0.596096,1.000000,0.600000,0.084446
-0.595395,1.000000,0.600000,0.084442
-0.594695,1.000000,0.600000,0.084438
-0.593994,1.000000,0.600000,0.084435
-0.593293,1.000000,0.600000,0.084431
-0.592593,1.000000,0.600000,0.084428
-0.591892,1.000000,0.600000,0.084424
-0.591191,1.000000,0.600000,0.084421
-0.590490,1.000000,0.600000,0.084417
-0.589790,1.000000,0.600000,0.084414
-0.589089,1.000000,0.600000,0.084410
-0.588388,1.000000,0.600000,0.084407
-0.587688,1.000000,0.600000,0.084403
-0.586987,1.000000,0.600000,0.084400
-0.586286,1.000000,0.600000,0.084396
-0.585586,1.000000,0.600000,0.084393
-0.584885,1.000000,0.600000,0.084389
-0.584184,1.000000,0.600000,0.084386
-0.583483,1.000000,0.600000,0.084383
-0.582783,1.000000,0.600000,0.084379
-0.582082,1.000000,0.600000,0.084376
-0.581381,1.000000,0.600000,0.084372
-0.580681,1.000000,0.600000,0.084369
-0.579980,1.000000,0.600000,0.084366
-0.579279,1.000000,0.600000,0.084362
-0.578579,1.000000,0.600000,0.084359
-0.577878,1.000000,0.600000,0.084356
-0.577177,1.000000,0.600000,0.084352
-0.576476,1.000000,0.600000,0.084349
-0.575776,1.000000,0.600000,0.084346
-0.575075,1.000000,0.600000,0.084343
-0.574374,1.000000,0.600000,0.084339
-0.573674,1.000000,0.600000,0.084336
-0.572973,1.000000,0.600000,0.084333
-0.572272,1.000000,0.600000,0.084330
-0.571572,1.000000,0.600000,0.084326
-0.570871,1.000000,0.600000,0.084323
-0.570170,1.000000,0.600000,0.084320
-0.569469,1.000000,0.600000,0.084317
-0.568769,1.000000,0.600000,0.084314
-0.568068,1.000000,0.600000,0.084311
-0.567367,1.000000,0.600000,0.084308
-0.566667,1.000000,0.600000,0.084304
-0.565966,1.000000,0.600000,0.084301
-0.565265,1.000000,0.600000,0.084298
-0.564565,1.000000,0.600000,0.084295
-0.563864,1.000000,0.600000,0.084292
-0.563163,1.000000,0.600000,0.084289
-0.562462,1.000000,0.600000,0.084286
-0.561762,1.000000,0.600000,0.084283
-0.561061,1.000000,0.600000,0.084280
-0.560360,1.000000,0.600000,0.084277
-0.559660,1.000000,0.600000,0.084274
-0.558959,1.000000,0.600000,0.084271
-0.558258,1.000000,0.600000,0.084268
-0.557558,1.000000,0.600000,0.084265
-0.556857,1.000000,0.600000,0.084262
-0.556156,1.000000,0.600000,0.084259
-0.555455,1.000000,0.600000,0.084257
-0.554755,1.000000,0.600000,0.084254
-0.554054,1.000000,0.600000,0.084251
-0.553353,1.000000,0.600000,0.084248
-0.552653,1.000000,0.600000,0.084245
-0.551952,1.000000,0.600000,0.084242
-0.551251,1.000000,0.600000,0.084239
-0.550551,1.000000,0.600000,0.084237
-0.549850,1.000000,0.600000,0.084234
-0.549149,1.000000,0.600000,0.084231
-0.548448,1.000000,0.600000,0.084229
-0.547748,1.000000,0.600000,0.084226
-0.547047,1.000000,0.600000,0.084223
-0.546346,1.000000,0.600000,0.084220
-0.545646,1.000000,0.600000,0.084218
-0.544945,1.000000,0.600000,0.084215
-0.544244,1.000000,0.600000,0.084212
-0.543544,1.000000,0.600000,0.084210
-0.542843,1.000000,0.600000,0.084207
-0.542142,1.000000,0.600000,0.084205
-0.541441,1.000000,0.600000,0.084202
-0.540741,1.000000,0.600000,0.084199
-0.540040,1.000000,0.600000,0.084197
-0.539339,1.000000,0.600000,0.084195
-0.538639,1.000000,0.600000,0.084192
-0.537938,1.000000,0.600000,0.084189
-0.537237,1.000000,0.600000,0.084187
-0.536537,1.000000,0.600000,0.084185
-0.535836,1.000000,0.600000,0.084182
-0.535135,1.000000,0.600000,0.084180
-0.534434,1.000000,0.600000,0.084177
-0.533734,1.000000,0.600000,0.084175
-0.533033,1.000000,0.600000,0.084173
-0.532332,1.000000,0.600000,0.084170
-0.531632,1.000000,0.600000,0.084168
-0.530931,1.000000,0.600000,0.084166
-0.530230,1.000000,0.600000,0.084163
-0.529530,1.000000,0.600000,0.084161
-0.528829,1.000000,0.600000,0.084159
-0.528128,1.000000,0.600000,0.084157
-0.527427,1.000000,0.600000,0.084154
-0.526727,1.000000,0.600000,0.084152
-0.526026,1.000000,0.600000,0.084150
-0.525325,1.000000,0.600000,0.084148
-0.524625,1.000000,0.600000,0.084146
-0.523924,1.000000,0.600000,0.084144
-0.523223,1.000000,0.600000,0.084142
-0.522523,1.000000,0.600000,0.084140
-0.521822,1.000000,0.600000,0.084138
-0.521121,1.000000,0.600000,0.084136
-0.520420,1.000000,0.600000,0.084133
-0.519720,1.000000,0.600000,0.084132
-0.519019,1.000000,0.600000,0.084130
-0.518318,1.000000,0.600000,0.084128
-0.517618,1.000000,0.600000,0.084126
-0.516917,1.000000,0.600000,0.084124
-0.516216,1.000000,0.600000,0.084122
-0.515516,1.000000,0.600000,0.084120
-0.514815,1.000000,0.600000,0.084118
-0.514114,1.000000,0.600000,0.084117
-0.513413,1.000000,0.600000,0.084115
-0.512713,1.000000,0.600000,0.084113
-0.512012,1.000000,0.600000,0.084111
-0.511311,1.000000,0.600000,0.084110
-0.510611,1.000000,0.600000,0.084108
-0.509910,1.000000,0.600000,0.084106
-0.509209,1.000000,0.600000,0.084105
-0.508509,1.000000,0.600000,0.084103
-0.507808,1.000000,0.600000,0.084101
-0.507107,1.000000,0.600000,0.084100
-0.506406,1.000000,0.600000,0.084098
-0.505706,1.000000,0.600000,0.084097
-0.505005,1.000000,0.600000,0.084095
-0.504304,1.000000,0.600000,0.084094
-0.503604,1.000000,0.600000,0.084092
-0.502903,1.000000,0.600000,0.084091
-0.502202,1.000000,0.600000,0.084089
-0.501502,1.000000,0.600000,0.084088
-0.500801,1.000000,0.600000,0.084087
-0.500100,1.000000,0.600000,0.084085
-0.499399,1.000000,0.600000,0.084084
-0.498699,1.000000,0.600000,0.084083
-0.497998,1.000000,0.600000,0.084081
-0.497297,1.000000,0.600000,0.084080
-0.496597,1.000000,0.600000,0.084079
-0.495896,1.000000,0.600000,0.084078
-0.495195,1.000000,0.600000,0.084077
-0.494494,1.000000,0.600000,0.084076
-0.493794,1.000000,0.600000,0.084074
-0.493093,1.000000,0.600000,0.084073
-0.492392,1.000000,0.600000,0.084072
-0.491692,1.000000,0.600000,0.084071
-0.490991,1.000000,0.600000,0.084070
-0.490290,1.000000,0.600000,0.084069
-0.489590,1.000000,0.600000,0.084069
-0.488889,1.000000,0.600000,0.084068
-0.488188,1.000000,0.600000,0.084067
-0.487487,1.000000,0.600000,0.084066
-0.486787,1.000000,0.600000,0.084065
-0.486086,1.000000,0.600000,0.084064
-0.485385,1.000000,0.600000,0.084063
-0.484685,1.000000,0.600000,0.084063
-0.483984,1.000000,0.600000,0.084062
-0.483283,1.000000,0.600000,0.084061
-0.482583,1.000000,0.600000,0.084061
-0.481882,1.000000,0.600000,0.084060
-0.481181,1.000000,0.600000,0.084059
-0.480480,1.000000,0.600000,0.084059
-0.479780,1.000000,0.600000,0.084058
-0.479079,1.000000,0.600000,0.084058
-0.478378,1.000000,0.600000,0.084057
-0.477678,1.000000,0.600000,0.084057
-0.476977,1.000000,0.600000,0.084057
-0.476276,1.000000,0.600000,0.084056
-0.475576,1.000000,0.600000,0.084056
-0.474875,1.000000,0.600000,0.084056
-0.474174,1.000000,0.600000,0.084055
-0.473473,1.000000,0.600000,0.084055
-0.472773,1.000000,0.600000,0.084055
-0.472072,1.000000,0.600000,0.084055
-0.471371,1.000000,0.600000,0.084054
-0.470671,1.000000,0.600000,0.084054
-0.469970,1.000000,0.600000,0.084054
-0.469269,1.000000,0.600000,0.084054
-0.468569,1.000000,0.600000,0.084054
-0.467868,1.000000,0.600000,0.084054
-0.467167,1.000000,0.600000,0.084054
-0.466466,1.000000,0.600000,0.084054
-0.465766,1.000000,0.600000,0.084054
-0.465065,1.000000,0.600000,0.084055
-0.464364,1.000000,0.600000,0.084055
-0.463664,1.000000,0.600000,0.084055
-0.462963,1.000000,0.600000,0.084055
-0.462262,1.000000,0.600000,0.084056
-0.461562,1.000000,0.600000,0.084056
-0.460861,1.000000,0.600000,0.084056
-0.460160,1.000000,0.600000,0.084057
-0.459459,1.000000,0.600000,0.084057
-0.458759,1.000000,0.600000,0.084058
-0.458058,1.000000,0.600000,0.084058
-0.457357,1.000000,0.600000,0.084059
-0.456657,1.000000,0.600000,0.084059
-0.455956,1.000000,0.600000,0.084060
-0.455255,1.000000,0.600000,0.084060
-0.454555,1.000000,0.600000,0.084061
-0.453854,1.000000,0.600000,0.084062
-0.453153,1.000000,0.600000,0.084063
-0.452452,1.000000,0.600000,0.084063
-0.451752,1.000000,0.600000,0.084064
-0.451051,1.000000,0.600000,0.084065
-0.450350,1.000000,0.600000,0.084066
-0.449650,1.000000,0.600000,0.084067
-0.448949,1.000000,0.600000,0.084068
-0.448248,1.000000,0.600000,0.084069
-0.447548,1.000000,0.600000,0.084070
-0.446847,1.000000,0.600000,0.084071
-0.446146,1.000000,0.600000,0.084073
-0.445445,1.000000,0.600000,0.084074
-0.444745,1.000000,0.600000,0.084075
-0.444044,1.000000,0.600000,0.084076
-0.443343,1.000000,0.600000,0.084078
-0.442643,1.000000,0.600000,0.084079
-0.441942,1.000000,0.600000,0.084080
-0.441241,1.000000,0.600000,0.084082
-0.440541,1.000000,0.600000,0.084083
-0.439840,1.000000,0.600000,0.084085
-0.439139,1.000000,0.600000,0.084086
-0.438438,1.000000,0.600000,0.084088
-0.437738,1.000000,0.600000,0.084090
-0.437037,1.000000,0.600000,0.084092
-0.436336,1.000000,0.600000,0.084093
-0.435636,1.000000,0.600000,0.084095
-0.434935,1.000000,0.600000,0.084097
-0.434234,1.000000,0.600000,0.084099
-0.433534,1.000000,0.600000,0.084101
-0.432833,1.000000,0.600000,0.084103
-0.432132,1.000000,0.600000,0.084105
-0.431431,1.000000,0.600000,0.084107
-0.430731,1.000000,0.600000,0.084109
-0.430030,1.000000,0.600000,0.084111
-0.429329,1.000000,0.600000,0.084114
-0.428629,1.000000,0.600000,0.084116
-0.427928,1.000000,0.600000,0.084118
-0.427227,1.000000,0.600000,0.084121
-0.426527,1.000000,0.600000,0.084123
-0.425826,1.000000,0.600000,0.084125
-0.425125,1.000000,0.600000,0.084128
-0.424424,1.000000,0.600000,0.084130
-0.423724,1.000000,0.600000,0.084133
-0.423023,1.000000,0.600000,0.084136
-0.422322,1.000000,0.600000,0.084139
-0.421622,1.000000,0.600000,0.084141
-0.420921,1.000000,0.600000,0.084144
-0.420220,1.000000,0.600000,0.084147
-0.419520,1.000000,0.600000,0.084150
-0.418819,1.000000,0.600000,0.084153
-0.418118,1.000000,0.600000,0.084156
-0.417417,1.000000,0.600000,0.084159
-0.416717,1.000000,0.600000,0.084162
-0.416016,1.000000,0.600000,0.084165
-0.415315,1.000000,0.600000,0.084169
-0.414615,1.000000,0.600000,0.084172
-0.413914,1.000000,0.600000,0.084175
-0.413213,1.000000,0.600000,0.084179
-0.412513,1.000000,0.600000,0.084182
-0.411812,1.000000,0.600000,0.084186
-0.411111,1.000000,0.600000,0.084189
-0.410410,1.000000,0.600000,0.084193
-0.409710,1.000000,0.600000,0.084197
-0.409009,1.000000,0.600000,0.084200
-0.408308,1.000000,0.600000,0.084204
-0.407608,1.000000,0.600000,0.084208
-0.406907,1.000000,0.600000,0.084212
-0.406206,1.000000,0.600000,0.084216
-0.405506,1.000000,0.600000,0.084220
-0.404805,1.000000,0.600000,0.084224
-0.404104,1.000000,0.600000,0.084229
-0.403403,1.000000,0.600000,0.084233
-0.402703,1.000000,0.600000,0.084237
-0.402002,1.000000,0.600000,0.084242
-0.401301,1.000000,0.600000,0.084246
-0.400601,1.000000,0.600000,0.084250
-0.399900,1.000000,0.600000,0.084255
-0.399199,1.000000,0.600000,0.084260
-0.398498,1.000000,0.600000,0.084264
-0.397798,1.000000,0.600000,0.084269
-0.397097,1.000000,0.600000,0.084274
-0.396396,1.000000,0.600000,0.084279
-0.395696,1.000000,0.600000,0.084284
-0.394995,1.000000,0.600000,0.084289
-0.394294,1.000000,0.600000,0.084294
-0.393594,1.000000,0.600000,0.084299
-0.392893,1.000000,0.600000,0.084304
-0.392192,1.000000,0.600000,0.084309
-0.391491,1.000000,0.600000,0.084315
-0.390791,1.000000,0.600000,0.084320
-0.390090,1.000000,0.600000,0.084326
-0.389389,1.000000,0.600000,0.084331
-0.388689,1.000000,0.600000,0.084337
-0.387988,1.000000,0.600000,0.084343
-0.387287,1.000000,0.600000,0.084348
-0.386587,1.000000,0.600000,0.084354
-0.385886,1.000000,0.600000,0.084360
-0.385185,1.000000,0.600000,0.084366
-0.384484,1.000000,0.600000,0.084372
-0.383784,1.000000,0.600000,0.084378
-0.383083,1.000000,0.600000,0.084384
-0.382382,1.000000,0.600000,0.084391
-0.381682,1.000000,0.600000,0.084397
-0.380981,1.000000,0.600000,0.084403
-0.380280,1.000000,0.600000,0.084410
-0.379580,1.000000,0.600000,0.084417
-0.378879,1.000000,0.600000,0.084423
-0.378178,1.000000,0.600000,0.084430
-0.377477,1.000000,0.600000,0.084437
-0.376777,1.000000,0.600000,0.084444
-0.376076,1.000000,0.600000,0.084451
-0.375375,1.000000,0.600000,0.084458
-0.374675,1.000000,0.600000,0.084465
-0.373974,1.000000,0.600000,0.084472
-0.373273,1.000000,0.600000,0.084479
-0.372573,1.000000,0.600000,0.084487
-0.371872,1.000000,0.600000,0.084494
-0.371171,1.000000,0.600000,0.084502
-0.370470,1.000000,0.600000,0.084510
-0.369770,1.000000,0.600000,0.084517
-0.369069,1.000000,0.600000,0.084525
-0.368368,1.000000,0.600000,0.084533
-0.367668,1.000000,0.600000,0.084541
-0.366967,1.000000,0.600000,0.084549
-0.366266,1.000000,0.600000,0.084557
-0.365566,1.000000,0.600000,0.084566
-0.364865,1.000000,0.600000,0.084574
-0.364164,1.000000,0.600000,0.084583
-0.363463,1.000000,0.600000,0.084591
-0.362763,1.000000,0.600000,0.084600
-0.362062,1.000000,0.600000,0.084608
-0.361361,1.000000,0.600000,0.084617
-0.360661,1.000000,0.600000,0.084626
-0.359960,1.000000,0.600000,0.084635
-0.359259,1.000000,0.600000,0.084644
-0.358559,1.000000,0.600000,0.084653
-0.357858,1.000000,0.600000,0.084663
-0.357157,1.000000,0.600000,0.084672
-0.356456,1.000000,0.600000,0.084682
-0.355756,1.000000,0.600000,0.084691
-0.355055,1.000000,0.600000,0.084701
-0.354354,1.000000,0.600000,0.084711
-0.353654,1.000000,0.600000,0.084721
-0.352953,1.000000,0.600000,0.084731
-0.352252,1.000000,0.600000,0.084741
-0.351552,1.000000,0.600000,0.084751
-0.350851,1.000000,0.600000,0.084762
-0.350150,1.000000,0.600000,0.084772
-0.349449,1.000000,0.600000,0.084783
-0.348749,1.000000,0.600000,0.084793
-0.348048,1.000000,0.600000,0.084804
-0.347347,1.000000,0.600000,0.084815
-0.346647,1.000000,0.600000,0.084826
-0.345946,1.000000,0.600000,0.084837
-0.345245,1.000000,0.600000,0.084848
-0.344545,1.000000,0.600000,0.084859
-0.343844,1.000000,0.600000,0.084871
-0.343143,1.000000,0.600000,0.084882
-0.342442,1.000000,0.600000,0.084894
-0.341742,1.000000,0.600000,0.084906
-0.341041,1.000000,0.600000,0.084918
-0.340340,1.000000,0.600000,0.084930
-0.339640,1.000000,0.600000,0.084942
-0.338939,1.000000,0.600000,0.084954
-0.338238,1.000000,0.600000,0.084967
-0.337538,1.000000,0.600000,0.084979
-0.336837,1.000000,0.600000,0.084992
-0.336136,1.000000,0.600000,0.085005
-0.335435,1.000000,0.600000,0.085018
-0.334735,1.000000,0.600000,0.085031
-0.334034,1.000000,0.600000,0.085044
-0.333333,1.000000,0.600000,0.085057
-0.332633,1.000000,0.600000,0.085070
-0.331932,1.000000,0.600000,0.085084
-0.331231,1.000000,0.600000,0.085098
-0.330531,1.000000,0.600000,0.085112
-0.329830,1.000000,0.600000,0.085126
-0.329129,1.000000,0.600000,0.085140
-0.328428,1.000000,0.600000,0.085154
-0.327728,1.000000,0.600000,0.085168
-0.327027,1.000000,0.600000,0.085183
-0.326326,1.000000,0.600000,0.085197
-0.325626,1.000000,0.600000,0.085212
-0.324925,1.000000,0.600000,0.085227
-0.324224,1.000000,0.600000,0.085242
-0.323524,1.000000,0.600000,0.085258
-0.322823,1.000000,0.600000,0.085273
-0.322122,1.000000,0.600000,0.085289
-0.321421,1.000000,0.600000,0.085304
-0.320721,1.000000,0.600000,0.085320
-0.320020,1.000000,0.600000,0.085336
-0.319319,1.000000,0.600000,0.085352
-0.318619,1.000000,0.600000,0.085369
-0.317918,1.000000,0.600000,0.085385
-0.317217,1.000000,0.600000,0.085402
-0.316517,1.000000,0.600000,0.085419
-0.315816,1.000000,0.600000,0.085436
-0.315115,1.000000,0.600000,0.085453
-0.314414,1.000000,0.600000,0.085470
-0.313714,1.000000,0.600000,0.085487
-0.313013,1.000000,0.600000,0.085505
-0.312312,1.000000,0.600000,0.085523
-0.311612,1.000000,0.600000,0.085541
-0.310911,1.000000,0.600000,0.085559
-0.310210,1.000000,0.600000,0.085577
-0.309510,1.000000,0.600000,0.085596
-0.308809,1.000000,0.600000,0.085615
-0.308108,1.000000,0.600000,0.085633
-0.307407,1.000000,0.600000,0.085653
-0.306707,1.000000,0.600000,0.085672
-0.306006,1.000000,0.600000,0.085691
-0.305305,1.000000,0.600000,0.085711
-0.304605,1.000000,0.600000,0.085731
-0.303904,1.000000,0.600000,0.085751
-0.303203,1.000000,0.600000,0.085771
-0.302503,1.000000,0.600000,0.085791
-0.301802,1.000000,0.600000,0.085812
-0.301101,1.000000,0.600000,0.085833
-0.300400,1.000000,0.600000,0.085854
-0.299700,1.000000,0.600000,0.085875
-0.298999,1.000000,0.600000,0.085896
-0.298298,1.000000,0.600000,0.085918
-0.297598,1.000000,0.600000,0.085940
-0.296897,1.000000,0.600000,0.085962
-0.296196,1.000000,0.600000,0.085984
-0.295495,1.000000,0.600000,0.086006
-0.294795,1.000000,0.600000,0.086029
-0.294094,1.000000,0.600000,0.086052
-0.293393,1.000000,0.600000,0.086075
-0.292693,1.000000,0.600000,0.086099
-0.291992,1.000000,0.600000,0.086122
-0.291291,1.000000,0.600000,0.086146
-0.290591,1.000000,0.600000,0.086170
-0.289890,1.000000,0.600000,0.086194
-0.289189,1.000000,0.600000,0.086219
-0.288488,1.000000,0.600000,0.086244
-0.287788,1.000000,0.600000,0.086269
-0.287087,1.000000,0.600000,0.086294
-0.286386,1.000000,0.600000,0.086319
-0.285686,1.000000,0.600000,0.086345
-0.284985,1.000000,0.600000,0.086371
-0.284284,1.000000,0.600000,0.086398
-0.283584,1.000000,0.600000,0.086424
-0.282883,1.000000,0.600000,0.086451
-0.282182,1.000000,0.600000,0.086478
-0.281481,1.000000,0.600000,0.086505
-0.280781,1.000000,0.600000,0.086533
-0.280080,1.000000,0.600000,0.086561
-0.279379,1.000000,0.600000,0.086589
-0.278679,1.000000,0.600000,0.086617
-0.277978,1.000000,0.600000,0.086646
-0.277277,1.000000,0.600000,0.086675
-0.276577,1.000000,0.600000,0.086704
-0.275876,1.000000,0.600000,0.086734
-0.275175,1.000000,0.600000,0.086764
-0.274474,1.000000,0.600000,0.086794
-0.273774,1.000000,0.600000,0.086824
-0.273073,1.000000,0.600000,0.086855
-0.272372,1.000000,0.600000,0.086886
-0.271672,1.000000,0.600000,0.086918
-0.270971,1.000000,0.600000,0.086949
-0.270270,1.000000,0.600000,0.086981
-0.269570,1.000000,0.600000,0.087014
-0.268869,1.000000,0.600000,0.087046
-0.268168,1.000000,0.600000,0.087079
-0.267467,1.000000,0.600000,0.087113
-0.266767,1.000000,0.600000,0.087146
-0.266066,1.000000,0.600000,0.087180
-0.265365,1.000000,0.600000,0.087215
-0.264665,1.000000,0.600000,0.087250
-0.263964,1.000000,0.600000,0.087285
-0.263263,1.000000,0.600000,0.087320
-0.262563,1.000000,0.600000,0.087356
-0.261862,1.000000,0.600000,0.087392
-0.261161,1.000000,0.600000,0.087428
-0.260460,1.000000,0.600000,0.087465
-0.259760,1.000000,0.600000,0.087503
-0.259059,1.000000,0.600000,0.087540
-0.258358,1.000000,0.600000,0.087578
-0.257658,1.000000,0.600000,0.087617
-0.256957,1.000000,0.600000,0.087656
-0.256256,1.000000,0.600000,0.087695
-0.255556,1.000000,0.600000,0.087735
-0.254855,1.000000,0.600000,0.087775
-0.254154,1.000000,0.600000,0.087815
-0.253453,1.000000,0.600000,0.087856
-0.252753,1.000000,0.600000,0.087897
-0.252052,1.000000,0.600000,0.087939
-0.251351,1.000000,0.600000,0.087981
-0.250651,1.000000,0.600000,0.088024
-0.249950,1.000000,0.600000,0.088067
-0.249249,1.000000,0.600000,0.088110
-0.248549,1.000000,0.600000,0.088154
-0.247848,1.000000,0.600000,0.088199
-0.247147,1.000000,0.600000,0.088244
-0.246446,1.000000,0.600000,0.088289
-0.245746,1.000000,0.600000,0.088335
-0.245045,1.000000,0.600000,0.088381
-0.244344,1.000000,0.600000,0.088428
-0.243644,1.000000,0.600000,0.088475
-0.242943,1.000000,0.600000,0.088523
-0.242242,1.000000,0.600000,0.088571
-0.241542,1.000000,0.600000,0.088620
-0.240841,1.000000,0.600000,0.088670
-0.240140,1.000000,0.600000,0.088720
-0.239439,1.000000,0.600000,0.088770
-0.238739,1.000000,0.600000,0.088821
-0.238038,1.000000,0.600000,0.088872
-0.237337,1.000000,0.600000,0.088925
-0.236637,1.000000,0.600000,0.088977
-0.235936,1.000000,0.600000,0.089030
-0.235235,1.000000,0.600000,0.089084
-0.234535,1.000000,0.600000,0.089138
-0.233834,1.000000,0.600000,0.089193
-0.233133,1.000000,0.600000,0.089249
-0.232432,1.000000,0.600000,0.089305
-0.231732,1.000000,0.600000,0.089361
-0.231031,1.000000,0.600000,0.089419
-0.230330,1.000000,0.600000,0.089477
-0.229630,1.000000,0.600000,0.089535
-0.228929,1.000000,0.600000,0.089594
-0.228228,1.000000,0.600000,0.089654
-0.227528,1.000000,0.600000,0.089715
-0.226827,1.000000,0.600000,0.089776
-0.226126,1.000000,0.600000,0.089838
-0.225425,1.000000,0.600000,0.089900
-0.224725,1.000000,0.600000,0.089963
-0.224024,1.000000,0.600000,0.090027
-0.223323,1.000000,0.600000,0.090092
-0.222623,1.000000,0.600000,0.090157
-0.221922,1.000000,0.600000,0.090223
-0.221221,1.000000,0.600000,0.090290
-0.220521,1.000000,0.600000,0.090358
-0.219820,1.000000,0.600000,0.090426
-0.219119,1.000000,0.600000,0.090495
-0.218418,1.000000,0.600000,0.090564
-0.217718,1.000000,0.600000,0.090635
-0.217017,1.000000,0.600000,0.090706
-0.216316,1.000000,0.600000,0.090778
-0.215616,1.000000,0.600000,0.090851
-0.214915,1.000000,0.600000,0.090925
-0.214214,1.000000,0.600000,0.090999
-0.213514,1.000000,0.600000,0.091075
-0.212813,1.000000,0.600000,0.091151
-0.212112,1.000000,0.600000,0.091228
-0.211411,1.000000,0.600000,0.091306
-0.210711,1.000000,0.600000,0.091385
-0.210010,1.000000,0.600000,0.091464
-0.209309,1.000000,0.600000,0.091545
-0.208609,1.000000,0.600000,0.091626
-0.207908,1.000000,0.600000,0.091709
-0.207207,1.000000,0.600000,0.091792
-0.206507,1.000000,0.600000,0.091876
-0.205806,1.000000,0.600000,0.091961
-0.205105,1.000000,0.600000,0.092047
-0.204404,1.000000,0.600000,0.092134
-0.203704,1.000000,0.600000,0.092222
-0.203003,1.000000,0.600000,0.092311
-0.202302,1.000000,0.600000,0.092401
-0.201602,1.000000,0.600000,0.092492
-0.200901,1.000000,0.600000,0.092585
-0.200200,1.000000,0.600000,0.092678
-0.199499,1.000000,0.600000,0.092772
-0.198799,1.000000,0.600000,0.092867
-0.198098,1.000000,0.600000,0.092963
-0.197397,1.000000,0.600000,0.093061
-0.196697,1.000000,0.600000,0.093159
-0.195996,1.000000,0.600000,0.093259
-0.195295,1.000000,0.600000,0.093360
-0.194595,1.000000,0.600000,0.093461
-0.193894,1.000000,0.600000,0.093564
-0.193193,1.000000,0.600000,0.093668
-0.192492,1.000000,0.600000,0.093774
-0.191792,1.000000,0.600000,0.093880
-0.191091,1.000000,0.600000,0.093988
-0.190390,1.000000,0.600000,0.094097
-0.189690,1.000000,0.600000,0.094207
-0.188989,1.000000,0.600000,0.094319
-0.188288,1.000000,0.600000,0.094431
-0.187588,1.000000,0.600000,0.094545
-0.186887,1.000000,0.600000,0.094660
-0.186186,1.000000,0.600000,0.094777
-0.185485,1.000000,0.600000,0.094895
-0.184785,1.000000,0.600000,0.095014
-0.184084,1.000000,0.600000,0.095134
-0.183383,1.000000,0.600000,0.095256
-0.182683,1.000000,0.600000,0.095379
-0.181982,1.000000,0.600000,0.095504
-0.181281,1.000000,0.600000,0.095630
-0.180581,1.000000,0.600000,0.095757
-0.179880,1.000000,0.600000,0.095886
-0.179179,1.000000,0.600000,0.096016
-0.178478,1.000000,0.600000,0.096148
-0.177778,1.000000,0.600000,0.096281
-0.177077,1.000000,0.600000,0.096416
-0.176376,1.000000,0.600000,0.096552
-0.175676,1.000000,0.600000,0.096689
-0.174975,1.000000,0.600000,0.096828
-0.174274,1.000000,0.600000,0.096969
-0.173574,1.000000,0.600000,0.097112
-0.172873,1.000000,0.600000,0.097255
-0.172172,1.000000,0.600000,0.097401
-0.171471,1.000000,0.600000,0.097548
-0.170771,1.000000,0.600000,0.097696
-0.170070,1.000000,0.600000,0.097847
-0.169369,1.000000,0.600000,0.097999
-0.168669,1.000000,0.600000,0.098152
-0.167968,1.000000,0.600000,0.098307
-0.167267,1.000000,0.600000,0.098464
-0.166567,1.000000,0.600000,0.098623
-0.165866,1.000000,0.600000,0.098783
-0.165165,1.000000,0.600000,0.098945
-0.164464,1.000000,0.600000,0.099109
-0.163764,1.000000,0.600000,0.099275
-0.163063,1.000000,0.600000,0.099442
-0.162362,1.000000,0.600000,0.099611
-0.161662,1.000000,0.600000,0.099782
-0.160961,1.000000,0.600000,0.099955
-0.160260,1.000000,0.600000,0.100129
-0.159560,1.000000,0.600000,0.100306
-0.158859,1.000000,0.600000,0.100484
-0.158158,1.000000,0.600000,0.100664
-0.157457,1.000000,0.600000,0.100846
-0.156757,1.000000,0.600000,0.101031
-0.156056,1.000000,0.600000,0.101217
-0.155355,1.000000,0.600000,0.101404
-0.154655,1.000000,0.600000,0.101594
-0.153954,1.000000,0.600000,0.101786
-0.153253,1.000000,0.600000,0.101980
-0.152553,1.000000,0.600000,0.102176
-0.151852,1.000000,0.600000,0.102374
-0.151151,1.000000,0.600000,0.102573
-0.150450,1.000000,0.600000,0.102775
-0.149750,1.000000,0.600000,0.102979
-0.149049,1.000000,0.600000,0.103185
-0.148348,1.000000,0.600000,0.103393
-0.147648,1.000000,0.600000,0.103604
-0.146947,1.000000,0.600000,0.103816
-0.146246,1.000000,0.600000,0.104030
-0.145546,1.000000,0.600000,0.104247
-0.144845,1.000000,0.600000,0.104465
-0.144144,1.000000,0.600000,0.104686
-0.143443,1.000000,0.600000,0.104910
-0.142743,1.000000,0.600000,0.105135
-0.142042,1.000000,0.600000,0.105362
-0.141341,1.000000,0.600000,0.105592
-0.140641,1.000000,0.600000,0.105824
-0.139940,1.000000,0.600000,0.106058
-0.139239,1.000000,0.600000,0.106294
-0.138539,1.000000,0.600000,0.106533
-0.137838,1.000000,0.600000,0.106774
-0.137137,1.000000,0.600000,0.107018
-0.136436,1.000000,0.600000,0.107263
-0.135736,1.000000,0.600000,0.107511
-0.135035,1.000000,0.600000,0.107762
-0.134334,1.000000,0.600000,0.108015
-0.133634,1.000000,0.600000,0.108270
-0.132933,1.000000,0.600000,0.108527
-0.132232,1.000000,0.600000,0.108787
-0.131532,1.000000,0.600000,0.109050
-0.130831,1.000000,0.600000,0.109315
-0.130130,1.000000,0.600000,0.109582
-0.129429,1.000000,0.600000,0.109852
-0.128729,1.000000,0.600000,0.110125
-0.128028,1.000000,0.600000,0.110400
-0.127327,1.000000,0.600000,0.110677
-0.126627,1.000000,0.600000,0.110957
-0.125926,1.000000,0.600000,0.111240
-0.125225,1.000000,0.600000,0.111526
-0.124525,1.000000,0.600000,0.111814
-0.123824,1.000000,0.600000,0.112105
-0.123123,1.000000,0.600000,0.112398
-0.122422,1.000000,0.600000,0.112695
-0.121722,1.000000,0.600000,0.112994
-0.121021,1.000000,0.600000,0.113296
-0.120320,1.000000,0.600000,0.113601
-0.119620,1.000000,0.600000,0.113908
-0.118919,1.000000,0.600000,0.114219
-0.118218,1.000000,0.600000,0.114533
-0.117518,1.000000,0.600000,0.114850
-0.116817,1.000000,0.600000,0.115170
-0.116116,1.000000,0.600000,0.115493
-0.115415,1.000000,0.600000,0.115819
-0.114715,1.000000,0.600000,0.116149
-0.114014,1.000000,0.600000,0.116482
-0.113313,1.000000,0.600000,0.116819
-0.112613,1.000000,0.600000,0.117159
-0.111912,1.000000,0.600000,0.117502
-0.111211,1.000000,0.600000,0.117849
-0.110511,1.000000,0.600000,0.118200
-0.109810,1.000000,0.600000,0.118555
-0.109109,1.000000,0.600000,0.118914
-0.108408,1.000000,0.600000,0.119277
-0.107708,1.000000,0.600000,0.119644
-0.107007,1.000000,0.600000,0.120015
-0.106306,1.000000,0.600000,0.120391
-0.105606,1.000000,0.600000,0.120771
-0.104905,1.000000,0.600000,0.121156
-0.104204,1.000000,0.600000,0.121546
-0.103504,1.000000,0.600000,0.121941
-0.102803,1.000000,0.600000,0.122341
-0.102102,1.000000,0.600000,0.122747
-0.101401,1.000000,0.600000,0.123158
-0.100701,1.000000,0.600000,0.123575
-0.100000,1.000000,0.600000,0.123998
-0.800000,1.000000,0.800000,0.087130
-0.799299,1.000000,0.800000,0.087127
-0.798599,1.000000,0.800000,0.087124
-0.797898,1.000000,0.800000,0.087122
-0.797197,1.000000,0.800000,0.087119
-0.796496,1.000000,0.800000,0.087116
-0.795796,1.000000,0.800000,0.087114
-0.795095,1.000000,0.800000,0.087111
-0.794394,1.000000,0.800000,0.087108
-0.793694,1.000000,0.800000,0.087106
-0.792993,1.000000,0.800000,0.087103
-0.792292,1.000000,0.800000,0.087100
-0.791592,1.000000,0.800000,0.087097
-0.790891,1.000000,0.800000,0.087095
-0.790190,1.000000,0.800000,0.087092
-0.789489,1.000000,0.800000,0.087089
-0.788789,1.000000,0.800000,0.087087
-0.788088,1.000000,0.800000,0.087084
-0.787387,1.000000,0.800000,0.087082
-0.786687,1.000000,0.800000,0.087079
-0.785986,1.000000,0.800000,0.087076
-0.785285,1.000000,0.800000,0.087073
-0.784585,1.000000,0.800000,0.087071
-0.783884,1.000000,0.800000,0.087068
-0.783183,1.000000,0.800000,0.087066
-0.782482,1.000000,0.800000,0.087063
-0.781782,1.000000,0.800000,0.087060
-0.781081,1.000000,0.800000,0.087058
-0.780380,1.000000,0.800000,0.087055
-0.779680,1.000000,0.800000,0.087052
-0.778979,1.000000,0.800000,0.087050
-0.778278,1.000000,0.800000,0.087047
-0.777578,1.000000,0.800000,0.087045
-0.776877,1.000000,0.800000,0.087042
-0.776176,1.000000,0.800000,0.087039
-0.775475,1.000000,0.800000,0.087037
-0.774775,1.000000,0.800000,0.087034
-0.774074,1.000000,0.800000,0.087031
-0.773373,1.000000,0.800000,0.087029
-0.772673,1.000000,0.800000,0.087026
-0.771972,1.000000,0.800000,0.087024
-0.771271,1.000000,0.800000,0.087021
-0.770571,1.000000,0.800000,0.087018
-0.769870,1.000000,0.800000,0.087016
-0.769169,1.000000,0.800000,0.087013
-0.768468,1.000000,0.800000,0.087011
-0.767768,1.000000,0.800000,0.087008
-0.767067,1.000000,0.800000,0.087005
-0.766366,1.000000,0.800000,0.087003
-0.765666,1.000000,0.800000,0.087000
-0.764965,1.000000,0.800000,0.086998
-0.764264,1.000000,0.800000,0.086995
-0.763564,1.000000,0.800000,0.086993
-0.762863,1.000000,0.800000,0.086990
-0.762162,1.000000,0.800000,0.086987
-0.761461,1.000000,0.800000,0.086985
-0.760761,1.000000,0.800000,0.086982
-0.760060,1.000000,0.800000,0.086980
-0.759359,1.000000,0.800000,0.086977
-0.758659,1.000000,0.800000,0.086975
-0.757958,1.000000,0.800000,0.086972
-0.757257,1.000000,0.800000,0.086970
-0.756557,1.000000,0.800000,0.086967
-0.755856,1.000000,0.800000,0.086964
-0.755155,1.000000,0.800000,0.086962
-0.754454,1.000000,0.800000,0.086959
-0.753754,1.000000,0.800000,0.086957
-0.753053,1.000000,0.800000,0.086954
-0.752352,1.000000,0.800000,0.086952
-0.751652,1.000000,0.800000,0.086949
-0.750951,1.000000,0.800000,0.086947
-0.750250,1.000000,0.800000,0.086944
-0.749550,1.000000,0.800000,0.086942
-0.748849,1.000000,0.800000,0.086939
-0.748148,1.000000,0.800000,0.086937
-0.747447,1.000000,0.800000,0.086934
-0.746747,1.000000,0.800000,0.086932
-0.746046,1.000000,0.800000,0.086929
-0.745345,1.000000,0.800000,0.086927
-0.744645,1.000000,0.800000,0.086924
-0.743944,1.000000,0.800000,0.086922
-0.743243,1.000000,0.800000,0.086919
-0.742543,1.000000,0.800000,0.086917
-0.741842,1.000000,0.800000,0.086914
-0.741141,1.000000,0.800000,0.086912
-0.740440,1.000000,0.800000,0.086910
-0.739740,1.000000,0.800000,0.086907
-0.739039,1.000000,0.800000,0.086905
-0.738338,1.000000,0.800000,0.086902
-0.737638,1.000000,0.800000,0.086900
-0.736937,1.000000,0.800000,0.086897
-0.736236,1.000000,0.800000,0.086895
-0.735536,1.000000,0.800000,0.086893
-0.734835,1.000000,0.800000,0.086890
-0.734134,1.000000,0.800000,0.086888
-0.733433,1.000000,0.800000,0.086885
-0.732733,1.000000,0.800000,0.086883
-0.732032,1.000000,0.800000,0.086880
-0.731331,1.000000,0.800000,0.086878
-0.730631,1.000000,0.800000,0.086876
-0.729930,1.000000,0.800000,0.086873
-0.729229,1.000000,0.800000,0.086871
-0.728529,1.000000,0.800000,0.086869
-0.727828,1.000000,0.800000,0.086866
-0.727127,1.000000,0.800000,0.086864
-0.726426,1.000000,0.800000,0.086861
-0.725726,1.000000,0.800000,0.086859
-0.725025,1.000000,0.800000,0.086857
-0.724324,1.000000,0.800000,0.086854
-0.723624,1.000000,0.800000,0.086852
-0.722923,1.000000,0.800000,0.086850
-0.722222,1.000000,0.800000,0.086847
-0.721522,1.000000,0.800000,0.086845
-0.720821,1.000000,0.800000,0.086843
-0.720120,1.000000,0.800000,0.086840
-0.719419,1.000000,0.800000,0.086838
-0.718719,1.000000,0.800000,0.086836
-0.718018,1.000000,0.800000,0.086833
-0.717317,1.000000,0.800000,0.086831
-0.716617,1.000000,0.800000,0.086829
-0.715916,1.000000,0.800000,0.086826
-0.715215,1.000000,0.800000,0.086824
-0.714515,1.000000,0.800000,0.086822
-0.713814,1.000000,0.800000,0.086820
-0.713113,1.000000,0.800000,0.086817
-0.712412,1.000000,0.800000,0.086815
-0.711712,1.000000,0.800000,0.086813
-0.711011,1.000000,0.800000,0.086811
-0.710310,1.000000,0.800000,0.086808
-0.709610,1.000000,0.800000,0.086806
-0.708909,1.000000,0.800000,0.086804
-0.708208,1.000000,0.800000,0.086802
-0.707508,1.000000,0.800000,0.086800
-0.706807,1.000000,0.800000,0.086797
-0.706106,1.000000,0.800000,0.086795
-0.705405,1.000000,0.800000,0.086793
-0.704705,1.000000,0.800000,0.086791
-0.704004,1.000000,0.800000,0.086788
-0.703303,1.000000,0.800000,0.086786
-0.702603,1.000000,0.800000,0.086784
-0.701902,1.000000,0.800000,0.086782
-0.701201,1.000000,0.800000,0.086780
-0.700501,1.000000,0.800000,0.086778
-0.699800,1.000000,0.800000,0.086775
-0.699099,1.000000,0.800000,0.086773
-0.698398,1.000000,0.800000,0.086771
-0.697698,1.000000,0.800000,0.086769
-0.696997,1.000000,0.800000,0.086767
-0.696296,1.000000,0.800000,0.086765
-0.695596,1.000000,0.800000,0.086763
-0.694895,1.000000,0.800000,0.086761
-0.694194,1.000000,0.800000,0.086758
-0.693493,1.000000,0.800000,0.086756
-0.692793,1.000000,0.800000,0.086754
-0.692092,1.000000,0.800000,0.086752
-0.691391,1.000000,0.800000,0.086750
-0.690691,1.000000,0.800000,0.086748
-0.689990,1.000000,0.800000,0.086746
-0.689289,1.000000,0.800000,0.086744
-0.688589,1.000000,0.800000,0.086742
-0.687888,1.000000,0.800000,0.086740
-0.687187,1.000000,0.800000,0.086738
-0.686486,1.000000,0.800000,0.086736
-0.685786,1.000000,0.800000,0.086734
-0.685085,1.000000,0.800000,0.086732
-0.684384,1.000000,0.800000,0.086730
-0.683684,1.000000,0.800000,0.086728
-0.682983,1.000000,0.800000,0.086726
-0.682282,1.000000,0.800000,0.086724
-0.681582,1.000000,0.800000,0.086722
-0.680881,1.000000,0.800000,0.086720
-0.680180,1.000000,0.800000,0.086718
-0.679479,1.000000,0.800000,0.086716
-0.678779,1.000000,0.800000,0.086714
-0.678078,1.000000,0.800000,0.086712
-0.677377,1.000000,0.800000,0.086710
-0.676677,1.000000,0.800000,0.086708
-0.675976,1.000000,0.800000,0.086706
-0.675275,1.000000,0.800000,0.086704
-0.674575,1.000000,0.800000,0.086702
-0.673874,1.000000,0.800000,0.086700
-0.673173,1.000000,0.800000,0.086699
-0.672472,1.000000,0.800000,0.086697
-0.671772,1.000000,0.800000,0.086695
-0.671071,1.000000,0.800000,0.086693
-0.670370,1.000000,0.800000,0.086691
-0.669670,1.000000,0.800000,0.086689
-0.668969,1.000000,0.800000,0.086687
-0.668268,1.000000,0.800000,0.086686
-0.667568,1.000000,0.800000,0.086684
-0.666867,1.000000,0.800000,0.086682
-0.666166,1.000000,0.800000,0.086680
-0.665465,1.000000,0.800000,0.086679
-0.664765,1.000000,0.800000,0.086677
-0.664064,1.000000,0.800000,0.086675
-0.663363,1.000000,0.800000,0.086673
-0.662663,1.000000,0.800000,0.086671
-0.661962,1.000000,0.800000,0.086670
-0.661261,1.000000,0.800000,0.086668
-0.660561,1.000000,0.800000,0.086666
-0.659860,1.000000,0.800000,0.086664
-0.659159,1.000000,0.800000,0.086663
-0.658458,1.000000,0.800000,0.086661
-0.657758,1.000000,0.800000,0.086659
-0.657057,1.000000,0.800000,0.086658
-0.656356,1.000000,0.800000,0.086656
-0.655656,1.000000,0.800000,0.086654
-0.654955,1.000000,0.800000,0.086653
-0.654254,1.000000,0.800000,0.086651
-0.653554,1.000000,0.800000,0.086649
-0.652853,1.000000,0.800000,0.086648
-0.652152,1.000000,0.800000,0.086646
-0.651451,1.000000,0.800000,0.086645
-0.650751,1.000000,0.800000,0.086643
-0.650050,1.000000,0.800000,0.086641
-0.649349,1.000000,0.800000,0.086640
-0.648649,1.000000,0.800000,0.086638
-0.647948,1.000000,0.800000,0.086637
-0.647247,1.000000,0.800000,0.086635
-0.646547,1.000000,0.800000,0.086634
-0.645846,1.000000,0.800000,0.086632
-0.645145,1.000000,0.800000,0.086631
-0.644444,1.000000,0.800000,0.086629
-0.643744,1.000000,0.800000,0.086628
-0.643043,1.000000,0.800000,0.086626
-0.642342,1.000000,0.800000,0.086625
-0.641642,1.000000,0.800000,0.086623
-0.640941,1.000000,0.800000,0.086622
-0.640240,1.000000,0.800000,0.086620
-0.639540,1.000000,0.800000,0.086619
-0.638839,1.000000,0.800000,0.086617
-0.638138,1.000000,0.800000,0.086616
-0.637437,1.000000,0.800000,0.086615
-0.636737,1.000000,0.800000,0.086613
-0.636036,1.000000,0.800000,0.086612
-0.635335,1.000000,0.800000,0.086611
-0.634635,1.000000,0.800000,0.086609
-0.633934,1.000000,0.800000,0.086608
-0.633233,1.000000,0.800000,0.086607
-0.632533,1.000000,0.800000,0.086605
-0.631832,1.000000,0.800000,0.086604
-0.631131,1.000000,0.800000,0.086603
-0.630430,1.000000,0.800000,0.086601
-0.629730,1.000000,0.800000,0.086600
-0.629029,1.000000,0.800000,0.086599
-0.628328,1.000000,0.800000,0.086598
-0.627628,1.000000,0.800000,0.086596
-0.626927,1.000000,0.800000,0.086595
-0.626226,1.000000,0.800000,0.086594
-0.625526,1.000000,0.800000,0.086593
-0.624825,1.000000,0.800000,0.086592
-0.624124,1.000000,0.800000,0.086590
-0.623423,1.000000,0.800000,0.086589
-0.622723,1.000000,0.800000,0.086588
-0.622022,1.000000,0.800000,0.086587
-0.621321,1.000000,0.800000,0.086586
-0.620621,1.000000,0.800000,0.086585
-0.619920,1.000000,0.800000,0.086584
-0.619219,1.000000,0.800000,0.086583
-0.618519,1.000000,0.800000,0.086582
-0.617818,1.000000,0.800000,0.086581
-0.617117,1.000000,0.800000,0.086580
-0.616416,1.000000,0.800000,0.086579
-0.615716,1.000000,0.800000,0.086578
-0.615015,1.000000,0.800000,0.086577
-0.614314,1.000000,0.800000,0.086576
-0.613614,1.000000,0.800000,0.086575
-0.612913,1.000000,0.800000,0.086574
-0.612212,1.000000,0.800000,0.086573
-0.611512,1.000000,0.800000,0.086572
-0.610811,1.000000,0.800000,0.086571
-0.610110,1.000000,0.800000,0.086570
-0.609409,1.000000,0.800000,0.086569
-0.608709,1.000000,0.800000,0.086568
-0.608008,1.000000,0.800000,0.086567
-0.607307,1.000000,0.800000,0.086567
-0.606607,1.000000,0.800000,0.086566
-0.605906,1.000000,0.800000,0.086565
-0.605205,1.000000,0.800000,0.086564
-0.604505,1.000000,0.800000,0.086563
-0.603804,1.000000,0.800000,0.086563
-0.603103,1.000000,0.800000,0.086562
-0.602402,1.000000,0.800000,0.086561
-0.601702,1.000000,0.800000,0.086560
-0.601001,1.000000,0.800000,0.086560
-0.600300,1.000000,0.800000,0.086559
-0.599600,1.000000,0.800000,0.086558
-0.598899,1.000000,0.800000,0.086558
-0.598198,1.000000,0.800000,0.086557
-0.597497,1.000000,0.800000,0.086556
-0.596797,1.000000,0.800000,0.086556
-0.596096,1.000000,0.800000,0.086555
-0.595395,1.000000,0.800000,0.086555
-0.594695,1.000000,0.800000,0.086554
-0.593994,1.000000,0.800000,0.086553
-0.593293,1.000000,0.800000,0.086553
-0.592593,1.000000,0.800000,0.086552
-0.591892,1.000000,0.800000,0.086552
-0.591191,1.000000,0.800000,0.086551
-0.590490,1.000000,0.800000,0.086551
-0.589790,1.000000,0.800000,0.086551
-0.589089,1.000000,0.800000,0.086550
-0.588388,1.000000,0.800000,0.086550
-0.587688,1.000000,0.800000,0.086549
-0.586987,1.000000,0.800000,0.086549
-0.586286,1.000000,0.800000,0.086549
-0.585586,1.000000,0.800000,0.086548
-0.584885,1.000000,0.800000,0.086548
-0.584184,1.000000,0.800000,0.086548
-0.583483,1.000000,0.800000,0.086547
-0.582783,1.000000,0.800000,0.086547
-0.582082,1.000000,0.800000,0.086547
-0.581381,1.000000,0.800000,0.086547
-0.580681,1.000000,0.800000,0.086546
-0.579980,1.000000,0.800000,0.086546
-0.579279,1.000000,0.800000,0.086546
-0.578579,1.000000,0.800000,0.086546
-0.577878,1.000000,0.800000,0.086546
-0.577177,1.000000,0.800000,0.086545
-0.576476,1.000000,0.800000,0.086545
-0.575776,1.000000,0.800000,0.086545
-0.575075,1.000000,0.800000,0.086545
-0.574374,1.000000,0.800000,0.086545
-0.573674,1.000000,0.800000,0.086545
-0.572973,1.000000,0.800000,0.086545
-0.572272,1.000000,0.800000,0.086545
-0.571572,1.000000,0.800000,0.086545
-0.570871,1.000000,0.800000,0.086545
-0.570170,1.000000,0.800000,0.086545
-0.569469,1.000000,0.800000,0.086545
-0.568769,1.000000,0.800000,0.086545
-0.568068,1.000000,0.800000,0.086545
-0.567367,1.000000,0.800000,0.086546
-0.566667,1.000000,0.800000,0.086546
-0.565966,1.000000,0.800000,0.086546
-0.565265,1.000000,0.800000,0.086546
-0.564565,1.000000,0.800000,0.086546
-0.563864,1.000000,0.800000,0.086546
-0.563163,1.000000,0.800000,0.086547
-0.562462,1.000000,0.800000,0.086547
-0.561762,1.000000,0.800000,0.086547
-0.561061,1.000000,0.800000,0.086548
-0.560360,1.000000,0.800000,0.086548
-0.559660,1.000000,0.800000,0.086548
-0.558959,1.000000,0.800000,0.086549
-0.558258,1.000000,0.800000,0.086549
-0.557558,1.000000,0.800000,0.086550
-0.556857,1.000000,0.800000,0.086550
-0.556156,1.000000,0.800000,0.086550
-0.555455,1.000000,0.800000,0.086551
-0.554755,1.000000,0.800000,0.086551
-0.554054,1.000000,0.800000,0.086552
-0.553353,1.000000,0.800000,0.086553
-0.552653,1.000000,0.800000,0.086553
-0.551952,1.000000,0.800000,0.086554
-0.551251,1.000000,0.800000,0.086554
-0.550551,1.000000,0.800000,0.086555
-0.549850,1.000000,0.800000,0.086556
-0.549149,1.000000,0.800000,0.086556
-0.548448,1.000000,0.800000,0.086557
-0.547748,1.000000,0.800000,0.086558
-0.547047,1.000000,0.800000,0.086559
-0.546346,1.000000,0.800000,0.086559
-0.545646,1.000000,0.800000,0.086560
-0.544945,1.000000,0.800000,0.086561
-0.544244,1.000000,0.800000,0.086562
-0.543544,1.000000,0.800000,0.086563
-0.542843,1.000000,0.800000,0.086564
-0.542142,1.000000,0.800000,0.086565
-0.541441,1.000000,0.800000,0.086566
-0.540741,1.000000,0.800000,0.086566
-0.540040,1.000000,0.800000,0.086567
-0.539339,1.000000,0.800000,0.086569
-0.538639,1.000000,0.800000,0.086570
-0.537938,1.000000,0.800000,0.086571
-0.537237,1.000000,0.800000,0.086572
-0.536537,1.000000,0.800000,0.086573
-0.535836,1.000000,0.800000,0.086574
-0.535135,1.000000,0.800000,0.086575
-0.534434,1.000000,0.800000,0.086576
-0.533734,1.000000,0.800000,0.086578
-0.533033,1.000000,0.800000,0.086579
-0.532332,1.000000,0.800000,0.086580
-0.531632,1.000000,0.800000,0.086581
-0.530931,1.000000,0.800000,0.086583
-0.530230,1.000000,0.800000,0.086584
-0.529530,1.000000,0.800000,0.086585
-0.528829,1.000000,0.800000,0.086587
-0.528128,1.000000,0.800000,0.086588
-0.527427,1.000000,0.800000,0.086590
-0.526727,1.000000,0.800000,0.086591
-0.526026,1.000000,0.800000,0.086593
-0.525325,1.000000,0.800000,0.086594
-0.524625,1.000000,0.800000,0.086596
-0.523924,1.000000,0.800000,0.086598
-0.523223,1.000000,0.800000,0.086599
-0.522523,1.000000,0.800000,0.086601
-0.521822,1.000000,0.800000,0.086602
-0.521121,1.000000,0.800000,0.086604
-0.520420,1.000000,0.800000,0.086606
-0.519720,1.000000,0.800000,0.086608
-0.519019,1.000000,0.800000,0.086609
-0.518318,1.000000,0.800000,0.086611
-0.517618,1.000000,0.800000,0.086613
-0.516917,1.000000,0.800000,0.086615
-0.516216,1.000000,0.800000,0.086617
-0.515516,1.000000,0.800000,0.086619
-0.514815,1.000000,0.800000,0.086621
-0.514114,1.000000,0.800000,0.086623
-0.513413,1.000000,0.800000,0.086625
-0.512713,1.000000,0.800000,0.086627
-0.512012,1.000000,0.800000,0.086629
-0.511311,1.000000,0.800000,0.086631
-0.510611,1.000000,0.800000,0.086633
-0.509910,1.000000,0.800000,0.086635
-0.509209,1.000000,0.800000,0.086638
-0.508509,1.000000,0.800000,0.086640
-0.507808,1.000000,0.800000,0.086642
-0.507107,1.000000,0.800000,0.086645
-0.506406,1.000000,0.800000,0.086647
-0.505706,1.000000,0.800000,0.086649
-0.505005,1.000000,0.800000,0.086652
-0.504304,1.000000,0.800000,0.086654
-0.503604,1.000000,0.800000,0.086657
-0.502903,1.000000,0.800000,0.086659
-0.502202,1.000000,0.800000,0.086662
-0.501502,1.000000,0.800000,0.086664
-0.500801,1.000000,0.800000,0.086667
-0.500100,1.000000,0.800000,0.086669
-0.499399,1.000000,0.800000,0.086672
-0.498699,1.000000,0.800000,0.086675
-0.497998,1.000000,0.800000,0.086677
-0.497297,1.000000,0.800000,0.086680
-0.496597,1.000000,0.800000,0.086683
-0.495896,1.000000,0.800000,0.086686
-0.495195,1.000000,0.800000,0.086689
-0.494494,1.000000,0.800000,0.086692
-0.493794,1.000000,0.800000,0.086694
-0.493093,1.000000,0.800000,0.086697
-0.492392,1.000000,0.800000,0.086700
-0.491692,1.000000,0.800000,0.086704
-0.490991,1.000000,0.800000,0.086707
-0.490290,1.000000,0.800000,0.086710
-0.489590,1.000000,0.800000,0.086713
-0.488889,1.000000,0.800000,0.086716
-0.488188,1.000000,0.800000,0.086719
-0.487487,1.000000,0.800000,0.086723
-0.486787,1.000000,0.800000,0.086726
-0.486086,1.000000,0.800000,0.086729
-0.485385,1.000000,0.800000,0.086732
-0.484685,1.000000,0.800000,0.086736
-0.483984,1.000000,0.800000,0.086739
-0.483283,1.000000,0.800000,0.086743
-0.482583,1.000000,0.800000,0.086746
-0.481882,1.000000,0.800000,0.086750
-0.481181,1.000000,0.800000,0.086753
-0.480480,1.000000,0.800000,0.086757
-0.479780,1.000000,0.800000,0.086761
-0.479079,1.000000,0.800000,0.086764
-0.478378,1.000000,0.800000,0.086768
-0.477678,1.000000,0.800000,0.086772
-0.476977,1.000000,0.800000,0.086776
-0.476276,1.000000,0.800000,0.086780
-0.475576,1.000000,0.800000,0.086784
-0.474875,1.000000,0.800000,0.086788
-0.474174,1.000000,0.800000,0.086792
-0.473473,1.000000,0.800000,0.086795
-0.472773,1.000000,0.800000,0.086800
-0.472072,1.000000,0.800000,0.086804
-0.471371,1.000000,0.800000,0.086808
-0.470671,1.000000,0.800000,0.086812
-0.469970,1.000000,0.800000,0.086816
-0.469269,1.000000,0.800000,0.086821
-0.468569,1.000000,0.800000,0.086825
-0.467868,1.000000,0.800000,0.086829
-0.467167,1.000000,0.800000,0.086834
-0.466466,1.000000,0.800000,0.086838
-0.465766,1.000000,0.800000,0.086843
-0.465065,1.000000,0.800000,0.086847
-0.464364,1.000000,0.800000,0.086852
-0.463664,1.000000,0.800000,0.086856
-0.462963,1.000000,0.800000,0.086861
-0.462262,1.000000,0.800000,0.086866
-0.461562,1.000000,0.800000,0.086870
-0.460861,1.000000,0.800000,0.086875
-0.460160,1.000000,0.800000,0.086880
-0.459459,1.000000,0.800000,0.086885
-0.458759,1.000000,0.800000,0.086890
-0.458058,1.000000,0.800000,0.086895
-0.457357,1.000000,0.800000,0.086900
-0.456657,1.000000,0.800000,0.086905
-0.455956,1.000000,0.800000,0.086910
-0.455255,1.000000,0.800000,0.086915
-0.454555,1.000000,0.800000,0.086920
-0.453854,1.000000,0.800000,0.086925
-0.453153,1.000000,0.800000,0.086931
-0.452452,1.000000,0.800000,0.086936
-0.451752,1.000000,0.800000,0.086941
-0.451051,1.000000,0.800000,0.086947
-0.450350,1.000000,0.800000,0.086952
-0.449650,1.000000,0.800000,0.086958
-0.448949,1.000000,0.800000,0.086963
-0.448248,1.000000,0.800000,0.086969
-0.447548,1.000000,0.800000,0.086975
-0.446847,1.000000,0.800000,0.086980
-0.446146,1.000000,0.800000,0.086986
-0.445445,1.000000,0.800000,0.086992
-0.444745,1.000000,0.800000,0.086998
-0.444044,1.000000,0.800000,0.087004
-0.443343,1.000000,0.800000,0.087010
-0.442643,1.000000,0.800000,0.087016
-0.441942,1.000000,0.800000,0.087022
-0.441241,1.000000,0.800000,0.087028
-0.440541,1.000000,0.800000,0.087034
-0.439840,1.000000,0.800000,0.087040
-0.439139,1.000000,0.800000,0.087047
-0.438438,1.000000,0.800000,0.087053
-0.437738,1.000000,0.800000,0.087059
-0.437037,1.000000,0.800000,0.087066
-0.436336,1.000000,0.800000,0.087072
-0.435636,1.000000,0.800000,0.087079
-0.434935,1.000000,0.800000,0.087086
-0.434234,1.000000,0.800000,0.087092
-0.433534,1.000000,0.800000,0.087099
-0.432833,1.000000,0.800000,0.087106
-0.432132,1.000000,0.800000,0.087113
-0.431431,1.000000,0.800000,0.087119
-0.430731,1.000000,0.800000,0.087126
-0.430030,1.000000,0.800000,0.087133
-0.429329,1.000000,0.800000,0.087140
-0.428629,1.000000,0.800000,0.087147
-0.427928,1.000000,0.800000,0.087155
-0.427227,1.000000,0.800000,0.087162
-0.426527,1.000000,0.800000,0.087169
-0.425826,1.000000,0.800000,0.087176
-0.425125,1.000000,0.800000,0.087184
-0.424424,1.000000,0.800000,0.087191
-0.423724,1.000000,0.800000,0.087199
-0.423023,1.000000,0.800000,0.087206
-0.422322,1.000000,0.800000,0.087214
-0.421622,1.000000,0.800000,0.087222
-0.420921,1.000000,0.800000,0.087229
-0.420220,1.000000,0.800000,0.087237
-0.419520,1.000000,0.800000,0.087245
-0.418819,1.000000,0.800000,0.087253
-0.418118,1.000000,0.800000,0.087261
-0.417417,1.000000,0.800000,0.087269
-0.416717,1.000000,0.800000,0.087277
-0.416016,1.000000,0.800000,0.087285
-0.415315,1.000000,0.800000,0.087294
-0.414615,1.000000,0.800000,0.087302
-0.413914,1.000000,0.800000,0.087310
-0.413213,1.000000,0.800000,0.087319
-0.412513,1.000000,0.800000,0.087327
-0.411812,1.000000,0.800000,0.087336
-0.411111,1.000000,0.800000,0.087344
-0.410410,1.000000,0.800000,0.087353
-0.409710,1.000000,0.800000,0.087362
-0.409009,1.000000,0.800000,0.087371
-0.408308,1.000000,0.800000,0.087380
-0.407608,1.000000,0.800000,0.087389
-0.406907,1.000000,0.800000,0.087398
-0.406206,1.000000,0.800000,0.087407
-0.405506,1.000000,0.800000,0.087416
-0.404805,1.000000,0.800000,0.087425
-0.404104,1.000000,0.800000,0.087435
-0.403403,1.000000,0.800000,0.087444
-0.402703,1.000000,0.800000,0.087453
-0.402002,1.000000,0.800000,0.087463
-0.401301,1.000000,0.800000,0.087472
-0.400601,1.000000,0.800000,0.087482
-0.399900,1.000000,0.800000,0.087492
-0.399199,1.000000,0.800000,0.087502
-0.398498,1.000000,0.800000,0.087512
-0.397798,1.000000,0.800000,0.087521
-0.397097,1.000000,0.800000,0.087532
-0.396396,1.000000,0.800000,0.087542
-0.395696,1.000000,0.800000,0.087552
-0.394995,1.000000,0.800000,0.087562
-0.394294,1.000000,0.800000,0.087572
-0.393594,1.000000,0.800000,0.087583
-0.392893,1.000000,0.800000,0.087593
-0.392192,1.000000,0.800000,0.087604
-0.391491,1.000000,0.800000,0.087615
-0.390791,1.000000,0.800000,0.087625
-0.390090,1.000000,0.800000,0.087636
-0.389389,1.000000,0.800000,0.087647
-0.388689,1.000000,0.800000,0.087658
-0.387988,1.000000,0.800000,0.087669
-0.387287,1.000000,0.800000,0.087680
-0.386587,1.000000,0.800000,0.087691
-0.385886,1.000000,0.800000,0.087702
-0.385185,1.000000,0.800000,0.087714
-0.384484,1.000000,0.800000,0.087725
-0.383784,1.000000,0.800000,0.087737
-0.383083,1.000000,0.800000,0.087748
-0.382382,1.000000,0.800000,0.087760
-0.381682,1.000000,0.800000,0.087772
-0.380981,1.000000,0.800000,0.087784
-0.380280,1.000000,0.800000,0.087796
-0.379580,1.000000,0.800000,0.087808
-0.378879,1.000000,0.800000,0.087820
-0.378178,1.000000,0.800000,0.087832
-0.377477,1.000000,0.800000,0.087844
-0.376777,1.000000,0.800000,0.087857
-0.376076,1.000000,0.800000,0.087869
-0.375375,1.000000,0.800000,0.087882
-0.374675,1.000000,0.800000,0.087894
-0.373974,1.000000,0.800000,0.087907
-0.373273,1.000000,0.800000,0.087920
-0.372573,1.000000,0.800000,0.087933
-0.371872,1.000000,0.800000,0.087946
-0.371171,1.000000,0.800000,0.087959
-0.370470,1.000000,0.800000,0.087972
-0.369770,1.000000,0.800000,0.087986
-0.369069,1.000000,0.800000,0.087999
-0.368368,1.000000,0.800000,0.088013
-0.367668,1.000000,0.800000,0.088026
-0.366967,1.000000,0.800000,0.088040
-0.366266,1.000000,0.800000,0.088054
-0.365566,1.000000,0.800000,0.088067
-0.364865,1.000000,0.800000,0.088082
-0.364164,1.000000,0.800000,0.088096
-0.363463,1.000000,0.800000,0.088110
-0.362763,1.000000,0.800000,0.088124
-0.362062,1.000000,0.800000,0.088138
-0.361361,1.000000,0.800000,0.088153
-0.360661,1.000000,0.800000,0.088168
-0.359960,1.000000,0.800000,0.088182
-0.359259,1.000000,0.800000,0.088197
-0.358559,1.000000,0.800000,0.088212
-0.357858,1.000000,0.800000,0.088227
-0.357157,1.000000,0.800000,0.088242
-0.356456,1.000000,0.800000,0.088257
-0.355756,1.000000,0.800000,0.088273
-0.355055,1.000000,0.800000,0.088288
-0.354354,1.000000,0.800000,0.088304
-0.353654,1.000000,0.800000,0.088320
-0.352953,1.000000,0.800000,0.088335
-0.352252,1.000000,0.800000,0.088351
-0.351552,1.000000,0.800000,0.088367
-0.350851,1.000000,0.800000,0.088383
-0.350150,1.000000,0.800000,0.088400
-0.349449,1.000000,0.800000,0.088416
-0.348749,1.000000,0.800000,0.088432
-0.348048,1.000000,0.800000,0.088449
-0.347347,1.000000,0.800000,0.088466
-0.346647,1.000000,0.800000,0.088483
-0.345946,1.000000,0.800000,0.088500
-0.345245,1.000000,0.800000,0.088517
-0.344545,1.000000,0.800000,0.088534
-0.343844,1.000000,0.800000,0.088551
-0.343143,1.000000,0.800000,0.088569
-0.342442,1.000000,0.800000,0.088586
-0.341742,1.000000,0.800000,0.088604
-0.341041,1.000000,0.800000,0.088622
-0.340340,1.000000,0.800000,0.088640
-0.339640,1.000000,0.800000,0.088658
-0.338939,1.000000,0.800000,0.088676
-0.338238,1.000000,0.800000,0.088695
-0.337538,1.000000,0.800000,0.088713
-0.336837,1.000000,0.800000,0.088732
-0.336136,1.000000,0.800000,0.088750
-0.335435,1.000000,0.800000,0.088769
-0.334735,1.000000,0.800000,0.088788
-0.334034,1.000000,0.800000,0.088808
-0.333333,1.000000,0.800000,0.088827
-0.332633,1.000000,0.800000,0.088846
-0.331932,1.000000,0.800000,0.088866
-0.331231,1.000000,0.800000,0.088886
-0.330531,1.000000,0.800000,0.088906
-0.329830,1.000000,0.800000,0.088926
-0.329129,1.000000,0.800000,0.088946
-0.328428,1.000000,0.800000,0.088966
-0.327728,1.000000,0.800000,0.088987
-0.327027,1.000000,0.800000,0.089007
-0.326326,1.000000,0.800000,0.089028
-0.325626,1.000000,0.800000,0.089049
-0.324925,1.000000,0.800000,0.089070
-0.324224,1.000000,0.800000,0.089091
-0.323524,1.000000,0.800000,0.089113
-0.322823,1.000000,0.800000,0.089134
-0.322122,1.000000,0.800000,0.089156
-0.321421,1.000000,0.800000,0.089178
-0.320721,1.000000,0.800000,0.089200
-0.320020,1.000000,0.800000,0.089222
-0.319319,1.000000,0.800000,0.089245
-0.318619,1.000000,0.800000,0.089267
-0.317918,1.000000,0.800000,0.089290
-0.317217,1.000000,0.800000,0.089313
-0.316517,1.000000,0.800000,0.089336
-0.315816,1.000000,0.800000,0.089359
-0.315115,1.000000,0.800000,0.089383
-0.314414,1.000000,0.800000,0.089406
-0.313714,1.000000,0.800000,0.089430
-0.313013,1.000000,0.800000,0.089454
-0.312312,1.000000,0.800000,0.089478
-0.311612,1.000000,0.800000,0.089503
-0.310911,1.000000,0.800000,0.089527
-0.310210,1.000000,0.800000,0.089552
-0.309510,1.000000,0.800000,0.089577
-0.308809,1.000000,0.800000,0.089602
-0.308108,1.000000,0.800000,0.089627
-0.307407,1.000000,0.800000,0.089652
-0.306707,1.000000,0.800000,0.089678
-0.306006,1.000000,0.800000,0.089704
-0.305305,1.000000,0.800000,0.089730
-0.304605,1.000000,0.800000,0.089756
-0.303904,1.000000,0.800000,0.089783
-0.303203,1.000000,0.800000,0.089810
-0.302503,1.000000,0.800000,0.089836
-0.301802,1.000000,0.800000,0.089864
-0.301101,1.000000,0.800000,0.089891
-0.300400,1.000000,0.800000,0.089918
-0.299700,1.000000,0.800000,0.089946
-0.298999,1.000000,0.800000,0.089974
-0.298298,1.000000,0.800000,0.090002
-0.297598,1.000000,0.800000,0.090031
-0.296897,1.000000,0.800000,0.090059
-0.296196,1.000000,0.800000,0.090088
-0.295495,1.000000,0.800000,0.090117
-0.294795,1.000000,0.800000,0.090147
-0.294094,1.000000,0.800000,0.090176
-0.293393,1.000000,0.800000,0.090206
-0.292693,1.000000,0.800000,0.090236
-0.291992,1.000000,0.800000,0.090266
-0.291291,1.000000,0.800000,0.090297
-0.290591,1.000000,0.800000,0.090328
-0.289890,1.000000,0.800000,0.090359
-0.289189,1.000000,0.800000,0.090390
-0.288488,1.000000,0.800000,0.090421
-0.287788,1.000000,0.800000,0.090453
-0.287087,1.000000,0.800000,0.090485
-0.286386,1.000000,0.800000,0.090518
-0.285686,1.000000,0.800000,0.090550
-0.284985,1.000000,0.800000,0.090583
-0.284284,1.000000,0.800000,0.090616
-0.283584,1.000000,0.800000,0.090650
-0.282883,1.000000,0.800000,0.090683
-0.282182,1.000000,0.800000,0.090717
-0.281481,1.000000,0.800000,0.090751
-0.280781,1.000000,0.800000,0.090786
-0.280080,1.000000,0.800000,0.090821
-0.279379,1.000000,0.800000,0.090856
-0.278679,1.000000,0.800000,0.090891
-0.277978,1.000000,0.800000,0.090927
-0.277277,1.000000,0.800000,0.090963
-0.276577,1.000000,0.800000,0.091000
-0.275876,1.000000,0.800000,0.091036
-0.275175,1.000000,0.800000,0.091073
-0.274474,1.000000,0.800000,0.091110
-0.273774,1.000000,0.800000,0.091148
-0.273073,1.000000,0.800000,0.091186
-0.272372,1.000000,0.800000,0.091224
-0.271672,1.000000,0.800000,0.091263
-0.270971,1.000000,0.800000,0.091302
-0.270270,1.000000,0.800000,0.091341
-0.269570,1.000000,0.800000,0.091381
-0.268869,1.000000,0.800000,0.091421
-0.268168,1.000000,0.800000,0.091461
-0.267467,1.000000,0.800000,0.091502
-0.266767,1.000000,0.800000,0.091543
-0.266066,1.000000,0.800000,0.091584
-0.265365,1.000000,0.800000,0.091626
-0.264665,1.000000,0.800000,0.091668
-0.263964,1.000000,0.800000,0.091711
-0.263263,1.000000,0.800000,0.091753
-0.262563,1.000000,0.800000,0.091797
-0.261862,1.000000,0.800000,0.091840
-0.261161,1.000000,0.800000,0.091885
-0.260460,1.000000,0.800000,0.091929
-0.259760,1.000000,0.800000,0.091974
-0.259059,1.000000,0.800000,0.092019
-0.258358,1.000000,0.800000,0.092065
-0.257658,1.000000,0.800000,0.092111
-0.256957,1.000000,0.800000,0.092158
-0.256256,1.000000,0.800000,0.092205
-0.255556,1.000000,0.800000,0.092252
-0.254855,1.000000,0.800000,0.092300
-0.254154,1.000000,0.800000,0.092348
-0.253453,1.000000,0.800000,0.092397
-0.252753,1.000000,0.800000,0.092446
-0.252052,1.000000,0.800000,0.092496
-0.251351,1.000000,0.800000,0.092546
-0.250651,1.000000,0.800000,0.092597
-0.249950,1.000000,0.800000,0.092648
-0.249249,1.000000,0.800000,0.092700
-0.248549,1.000000,0.800000,0.092752
-0.247848,1.000000,0.800000,0.092804
-0.247147,1.000000,0.800000,0.092858
-0.246446,1.000000,0.800000,0.092911
-0.245746,1.000000,0.800000,0.092965
-0.245045,1.000000,0.800000,0.093020
-0.244344,1.000000,0.800000,0.093075
-0.243644,1.000000,0.800000,0.093131
-0.242943,1.000000,0.800000,0.093187
-0.242242,1.000000,0.800000,0.093244
-0.241542,1.000000,0.800000,0.093302
-0.240841,1.000000,0.800000,0.093360
-0.240140,1.000000,0.800000,0.093418
-0.239439,1.000000,0.800000,0.093477
-0.238739,1.000000,0.800000,0.093537
-0.238038,1.000000,0.800000,0.093597
-0.237337,1.000000,0.800000,0.093658
-0.236637,1.000000,0.800000,0.093720
-0.235936,1.000000,0.800000,0.093782
-0.235235,1.000000,0.800000,0.093845
-0.234535,1.000000,0.800000,0.093908
-0.233834,1.000000,0.800000,0.093972
-0.233133,1.000000,0.800000,0.094037
-0.232432,1.000000,0.800000,0.094102
-0.231732,1.000000,0.800000,0.094169
-0.231031,1.000000,0.800000,0.094235
-0.230330,1.000000,0.800000,0.094303
-0.229630,1.000000,0.800000,0.094371
-0.228929,1.000000,0.800000,0.094440
-0.228228,1.000000,0.800000,0.094509
-0.227528,1.000000,0.800000,0.094579
-0.226827,1.000000,0.800000,0.094650
-0.226126,1.000000,0.800000,0.094722
-0.225425,1.000000,0.800000,0.094794
-0.224725,1.000000,0.800000,0.094868
-0.224024,1.000000,0.800000,0.094942
-0.223323,1.000000,0.800000,0.095016
-0.222623,1.000000,0.800000,0.095092
-0.221922,1.000000,0.800000,0.095168
-0.221221,1.000000,0.800000,0.095245
-0.220521,1.000000,0.800000,0.095323
-0.219820,1.000000,0.800000,0.095402
-0.219119,1.000000,0.800000,0.095482
-0.218418,1.000000,0.800000,0.095562
-0.217718,1.000000,0.800000,0.095644
-0.217017,1.000000,0.800000,0.095726
-0.216316,1.000000,0.800000,0.095809
-0.215616,1.000000,0.800000,0.095893
-0.214915,1.000000,0.800000,0.095978
-0.214214,1.000000,0.800000,0.096064
-0.213514,1.000000,0.800000,0.096151
-0.212813,1.000000,0.800000,0.096238
-0.212112,1.000000,0.800000,0.096327
-0.211411,1.000000,0.800000,0.096417
-0.210711,1.000000,0.800000,0.096507
-0.210010,1.000000,0.800000,0.096599
-0.209309,1.000000,0.800000,0.096691
-0.208609,1.000000,0.800000,0.096785
-0.207908,1.000000,0.800000,0.096880
-0.207207,1.000000,0.800000,0.096975
-0.206507,1.000000,0.800000,0.097072
-0.205806,1.000000,0.800000,0.097170
-0.205105,1.000000,0.800000,0.097269
-0.204404,1.000000,0.800000,0.097369
-0.203704,1.000000,0.800000,0.097470
-0.203003,1.000000,0.800000,0.097572
-0.202302,1.000000,0.800000,0.097675
-0.201602,1.000000,0.800000,0.097779
-0.200901,1.000000,0.800000,0.097885
-0.200200,1.000000,0.800000,0.097992
-0.199499,1.000000,0.800000,0.098100
-0.198799,1.000000,0.800000,0.098209
-0.198098,1.000000,0.800000,0.098320
-0.197397,1.000000,0.800000,0.098431
-0.196697,1.000000,0.800000,0.098544
-0.195996,1.000000,0.800000,0.098658
-0.195295,1.000000,0.800000,0.098774
-0.194595,1.000000,0.800000,0.098890
-0.193894,1.000000,0.800000,0.099009
-0.193193,1.000000,0.800000,0.099128
-0.192492,1.000000,0.800000,0.099248
-0.191792,1.000000,0.800000,0.099371
-0.191091,1.000000,0.800000,0.099494
-0.190390,1.000000,0.800000,0.099619
-0.189690,1.000000,0.800000,0.099745
-0.188989,1.000000,0.800000,0.099873
-0.188288,1.000000,0.800000,0.100002
-0.187588,1.000000,0.800000,0.100132
-0.186887,1.000000,0.800000,0.100264
-0.186186,1.000000,0.800000,0.100398
-0.185485,1.000000,0.800000,0.100533
-0.184785,1.000000,0.800000,0.100669
-0.184084,1.000000,0.800000,0.100807
-0.183383,1.000000,0.800000,0.100947
-0.182683,1.000000,0.800000,0.101088
-0.181982,1.000000,0.800000,0.101231
-0.181281,1.000000,0.800000,0.101375
-0.180581,1.000000,0.800000,0.101521
-0.179880,1.000000,0.800000,0.101668
-0.179179,1.000000,0.800000,0.101818
-0.178478,1.000000,0.800000,0.101968
-0.177778,1.000000,0.800000,0.102121
-0.177077,1.000000,0.800000,0.102275
-0.176376,1.000000,0.800000,0.102431
-0.175676,1.000000,0.800000,0.102589
-0.174975,1.000000,0.800000,0.102748
-0.174274,1.000000,0.800000,0.102909
-0.173574,1.000000,0.800000,0.103072
-0.172873,1.000000,0.800000,0.103237
-0.172172,1.000000,0.800000,0.103404
-0.171471,1.000000,0.800000,0.103572
-0.170771,1.000000,0.800000,0.103743
-0.170070,1.000000,0.800000,0.103915
-0.169369,1.000000,0.800000,0.104089
-0.168669,1.000000,0.800000,0.104265
-0.167968,1.000000,0.800000,0.104442
-0.167267,1.000000,0.800000,0.104622
-0.166567,1.000000,0.800000,0.104804
-0.165866,1.000000,0.800000,0.104988
-0.165165,1.000000,0.800000,0.105173
-0.164464,1.000000,0.800000,0.105361
-0.163764,1.000000,0.800000,0.105551
-0.163063,1.000000,0.800000,0.105742
-0.162362,1.000000,0.800000,0.105936
-0.161662,1.000000,0.800000,0.106132
-0.160961,1.000000,0.800000,0.106330
-0.160260,1.000000,0.800000,0.106529
-0.159560,1.000000,0.800000,0.106731
-0.158859,1.000000,0.800000,0.106936
-0.158158,1.000000,0.800000,0.107142
-0.157457,1.000000,0.800000,0.107350
-0.156757,1.000000,0.800000,0.107561
-0.156056,1.000000,0.800000,0.107774
-0.155355,1.000000,0.800000,0.107989
-0.154655,1.000000,0.800000,0.108206
-0.153954,1.000000,0.800000,0.108425
-0.153253,1.000000,0.800000,0.108647
-0.152553,1.000000,0.800000,0.108870
-0.151852,1.000000,0.800000,0.109096
-0.151151,1.000000,0.800000,0.109325
-0.150450,1.000000,0.800000,0.109555
-0.149750,1.000000,0.800000,0.109788
-0.149049,1.000000,0.800000,0.110023
-0.148348,1.000000,0.800000,0.110260
-0.147648,1.000000,0.800000,0.110500
-0.146947,1.000000,0.800000,0.110742
-0.146246,1.000000,0.800000,0.110987
-0.145546,1.000000,0.800000,0.111233
-0.144845,1.000000,0.800000,0.111482
-0.144144,1.000000,0.800000,0.111734
-0.143443,1.000000,0.800000,0.111987
-0.142743,1.000000,0.800000,0.112244
-0.142042,1.000000,0.800000,0.112502
-0.141341,1.000000,0.800000,0.112763
-0.140641,1.000000,0.800000,0.113026
-0.139940,1.000000,0.800000,0.113292
-0.139239,1.000000,0.800000,0.113560
-0.138539,1.000000,0.800000,0.113831
-0.137838,1.000000,0.800000,0.114104
-0.137137,1.000000,0.800000,0.114380
-0.136436,1.000000,0.800000,0.114658
-0.135736,1.000000,0.800000,0.114938
-0.135035,1.000000,0.800000,0.115221
-0.134334,1.000000,0.800000,0.115506
-0.133634,1.000000,0.800000,0.115794
-0.132933,1.000000,0.800000,0.116085
-0.132232,1.000000,0.800000,0.116378
-0.131532,1.000000,0.800000,0.116674
-0.130831,1.000000,0.800000,0.116972
-0.130130,1.000000,0.800000,0.117273
-0.129429,1.000000,0.800000,0.117576
-0.128729,1.000000,0.800000,0.117882
-0.128028,1.000000,0.800000,0.118191
-0.127327,1.000000,0.800000,0.118502
-0.126627,1.000000,0.800000,0.118816
-0.125926,1.000000,0.800000,0.119133
-0.125225,1.000000,0.800000,0.119453
-0.124525,1.000000,0.800000,0.119775
-0.123824,1.000000,0.800000,0.120100
-0.123123,1.000000,0.800000,0.120428
-0.122422,1.000000,0.800000,0.120760
-0.121722,1.000000,0.800000,0.121093
-0.121021,1.000000,0.800000,0.121430
-0.120320,1.000000,0.800000,0.121770
-0.119620,1.000000,0.800000,0.122114
-0.118919,1.000000,0.800000,0.122460
-0.118218,1.000000,0.800000,0.122810
-0.117518,1.000000,0.800000,0.123163
-0.116817,1.000000,0.800000,0.123519
-0.116116,1.000000,0.800000,0.123879
-0.115415,1.000000,0.800000,0.124243
-0.114715,1.000000,0.800000,0.124610
-0.114014,1.000000,0.800000,0.124982
-0.113313,1.000000,0.800000,0.125357
-0.112613,1.000000,0.800000,0.125736
-0.111912,1.000000,0.800000,0.126120
-0.111211,1.000000,0.800000,0.126508
-0.110511,1.000000,0.800000,0.126900
-0.109810,1.000000,0.800000,0.127298
-0.109109,1.000000,0.800000,0.127700
-0.108408,1.000000,0.800000,0.128107
-0.107708,1.000000,0.800000,0.128520
-0.107007,1.000000,0.800000,0.128939
-0.106306,1.000000,0.800000,0.129363
-0.105606,1.000000,0.800000,0.129793
-0.104905,1.000000,0.800000,0.130231
-0.104204,1.000000,0.800000,0.130674
-0.103504,1.000000,0.800000,0.131125
-0.102803,1.000000,0.800000,0.131583
-0.102102,1.000000,0.800000,0.132049
-0.101401,1.000000,0.800000,0.132524
-0.100701,1.000000,0.800000,0.133007
-0.100000,1.000000,0.800000,0.133499
-0.800000,1.000000,1.200000,0.089364
-0.799299,1.000000,1.200000,0.089366
-0.798599,1.000000,1.200000,0.089367
-0.797898,1.000000,1.200000,0.089368
-0.797197,1.000000,1.200000,0.089369
-0.796496,1.000000,1.200000,0.089370
-0.795796,1.000000,1.200000,0.089372
-0.795095,1.000000,1.200000,0.089373
-0.794394,1.000000,1.200000,0.089374
-0.793694,1.000000,1.200000,0.089376
-0.792993,1.000000,1.200000,0.089377
-0.792292,1.000000,1.200000,0.089378
-0.791592,1.000000,1.200000,0.089379
-0.790891,1.000000,1.200000,0.089381
-0.790190,1.000000,1.200000,0.089382
-0.789489,1.000000,1.200000,0.089383
-0.788789,1.000000,1.200000,0.089385
-0.788088,1.000000,1.200000,0.089386
-0.787387,1.000000,1.200000,0.089388
-0.786687,1.000000,1.200000,0.089389
-0.785986,1.000000,1.200000,0.089390
-0.785285,1.000000,1.200000,0.089392
-0.784585,1.000000,1.200000,0.089393
-0.783884,1.000000,1.200000,0.089395
-0.783183,1.000000,1.200000,0.089396
-0.782482,1.000000,1.200000,0.089398
-0.781782,1.000000,1.200000,0.089399
-0.781081,1.000000,1.200000,0.089401
-0.780380,1.000000,1.200000,0.089402
-0.779680,1.000000,1.200000,0.089404
-0.778979,1.000000,1.200000,0.089405
-0.778278,1.000000,1.200000,0.089407
-0.777578,1.000000,1.200000,0.089408
-0.776877,1.000000,1.200000,0.089410
-0.776176,1.000000,1.200000,0.089411
-0.775475,1.000000,1.200000,0.089413
-0.774775,1.000000,1.200000,0.089415
-0.774074,1.000000,1.200000,0.089416
-0.773373,1.000000,1.200000,0.089418
-0.772673,1.000000,1.200000,0.089419
-0.771972,1.000000,1.200000,0.089421
-0.771271,1.000000,1.200000,0.089423
-0.770571,1.000000,1.200000,0.089424
-0.769870,1.000000,1.200000,0.089426
-0.769169,1.000000,1.200000,0.089428
-0.768468,1.000000,1.200000,0.089430
-0.767768,1.000000,1.200000,0.089431
-0.767067,1.000000,1.200000,0.089433
-0.766366,1.000000,1.200000,0.089435
-0.765666,1.000000,1.200000,0.089437
-0.764965,1.000000,1.200000,0.089439
-0.764264,1.000000,1.200000,0.089440
-0.763564,1.000000,1.200000,0.089442
-0.762863,1.000000,1.200000,0.089444
-0.762162,1.000000,1.200000,0.089446
-0.761461,1.000000,1.200000,0.089448
-0.760761,1.000000,1.200000,0.089450
-0.760060,1.000000,1.200000,0.089452
-0.759359,1.000000,1.200000,0.089453
-0.758659,1.000000,1.200000,0.089455
-0.757958,1.000000,1.200000,0.089457
-0.757257,1.000000,1.200000,0.089459
-0.756557,1.000000,1.200000,0.089461
-0.755856,1.000000,1.200000,0.089463
-0.755155,1.000000,1.200000,0.089465
-0.754454,1.000000,1.200000,0.089467
-0.753754,1.000000,1.200000,0.089469
-0.753053,1.000000,1.200000,0.089471
-0.752352,1.000000,1.200000,0.089473
-0.751652,1.000000,1.200000,0.089476
-0.750951,1.000000,1.200000,0.089478
-0.750250,1.000000,1.200000,0.089480
-0.749550,1.000000,1.200000,0.089482
-0.748849,1.000000,1.200000,0.089484
-0.748148,1.000000,1.200000,0.089486
-0.747447,1.000000,1.200000,0.089488
-0.746747,1.000000,1.200000,0.089490
-0.746046,1.000000,1.200000,0.089493
-0.745345,1.000000,1.200000,0.089495
-0.744645,1.000000,1.200000,0.089497
-0.743944,1.000000,1.200000,0.089499
-0.743243,1.000000,1.200000,0.089502
-0.742543,1.000000,1.200000,0.089504
-0.741842,1.000000,1.200000,0.089506
-0.741141,1.000000,1.200000,0.089509
-0.740440,1.000000,1.200000,0.089511
-0.739740,1.000000,1.200000,0.089513
-0.739039,1.000000,1.200000,0.089516
-0.738338,1.000000,1.200000,0.089518
-0.737638,1.000000,1.200000,0.089520
-0.736937,1.000000,1.200000,0.089523
-0.736236,1.000000,1.200000,0.089525
-0.735536,1.000000,1.200000,0.089528
-0.734835,1.000000,1.200000,0.089530
-0.734134,1.000000,1.200000,0.089533
-0.733433,1.000000,1.200000,0.089535
-0.732733,1.000000,1.200000,0.089538
-0.732032,1.000000,1.200000,0.089540
-0.731331,1.000000,1.200000,0.089543
-0.730631,1.000000,1.200000,0.089545
-0.729930,1.000000,1.200000,0.089548
-0.729229,1.000000,1.200000,0.089550
-0.728529,1.000000,1.200000,0.089553
-0.727828,1.000000,1.200000,0.089556
-0.727127,1.000000,1.200000,0.089558
-0.726426,1.000000,1.200000,0.089561
-0.725726,1.000000,1.200000,0.089564
-0.725025,1.000000,1.200000,0.089566
-0.724324,1.000000,1.200000,0.089569
-0.723624,1.000000,1.200000,0.089572
-0.722923,1.000000,1.200000,0.089574
-0.722222,1.000000,1.200000,0.089577
-0.721522,1.000000,1.200000,0.089580
-0.720821,1.000000,1.200000,0.089583
-0.720120,1.000000,1.200000,0.089586
-0.719419,1.000000,1.200000,0.089589
-0.718719,1.000000,1.200000,0.089591
-0.718018,1.000000,1.200000,0.089594
-0.717317,1.000000,1.200000,0.089597
-0.716617,1.000000,1.200000,0.089600
-0.715916,1.000000,1.200000,0.089603
-0.715215,1.000000,1.200000,0.089606
-0.714515,1.000000,1.200000,0.089609
-0.713814,1.000000,1.200000,0.089612
-0.713113,1.000000,1.200000,0.089615
-0.712412,1.000000,1.200000,0.089618
-0.711712,1.000000,1.200000,0.089621
-0.711011,1.000000,1.200000,0.089624
-0.710310,1.000000,1.200000,0.089627
-0.709610,1.000000,1.200000,0.089630
-0.708909,1.000000,1.200000,0.089634
-0.708208,1.000000,1.200000,0.089637
-0.707508,1.000000,1.200000,0.089640
-0.706807,1.000000,1.200000,0.089643
-0.706106,1.000000,1.200000,0.089646
-0.705405,1.000000,1.200000,0.089649
-0.704705,1.000000,1.200000,0.089653
-0.704004,1.000000,1.200000,0.089656
-0.703303,1.000000,1.200000,0.089659
-0.702603,1.000000,1.200000,0.089662
-0.701902,1.000000,1.200000,0.089666
-0.701201,1.000000,1.200000,0.089669
-0.700501,1.000000,1.200000,0.089672
-0.699800,1.000000,1.200000,0.089676
-0.699099,1.000000,1.200000,0.089679
-0.698398,1.000000,1.200000,0.089683
-0.697698,1.000000,1.200000,0.089686
-0.696997,1.000000,1.200000,0.089690
-0.696296,1.000000,1.200000,0.089693
-0.695596,1.000000,1.200000,0.089697
-0.694895,1.000000,1.200000,0.089700
-0.694194,1.000000,1.200000,0.089704
-0.693493,1.000000,1.200000,0.089707
-0.692793,1.000000,1.200000,0.089711
-0.692092,1.000000,1.200000,0.089714
-0.691391,1.000000,1.200000,0.089718
-0.690691,1.000000,1.200000,0.089722
-0.689990,1.000000,1.200000,0.089725
-0.689289,1.000000,1.200000,0.089729
-0.688589,1.000000,1.200000,0.089733
-0.687888,1.000000,1.200000,0.089737
-0.687187,1.000000,1.200000,0.089740
-0.686486,1.000000,1.200000,0.089744
-0.685786,1.000000,1.200000,0.089748
-0.685085,1.000000,1.200000,0.089752
-0.684384,1.000000,1.200000,0.089756
-0.683684,1.000000,1.200000,0.089760
-0.682983,1.000000,1.200000,0.089763
-0.682282,1.000000,1.200000,0.089767
-0.681582,1.000000,1.200000,0.089771
-0.680881,1.000000,1.200000,0.089775
-0.680180,1.000000,1.200000,0.089779
-0.679479,1.000000,1.200000,0.089783
-0.678779,1.000000,1.200000,0.089787
-0.678078,1.000000,1.200000,0.089791
-0.677377,1.000000,1.200000,0.089795
-0.676677,1.000000,1.200000,0.089799
-0.675976,1.000000,1.200000,0.089804
-0.675275,1.000000,1.200000,0.089808
-0.674575,1.000000,1.200000,0.089812
-0.673874,1.000000,1.200000,0.089816
-0.673173,1.000000,1.200000,0.089820
-0.672472,1.000000,1.200000,0.089825
-0.671772,1.000000,1.200000,0.089829
-0.671071,1.000000,1.200000,0.089833
-0.670370,1.000000,1.200000,0.089837
-0.669670,1.000000,1.200000,0.089842
-0.668969,1.000000,1.200000,0.089846
-0.668268,1.000000,1.200000,0.089850
-0.667568,1.000000,1.200000,0.089855
-0.666867,1.000000,1.200000,0.089859
-0.666166,1.000000,1.200000,0.089864
-0.665465,1.000000,1.200000,0.089868
-0.664765,1.000000,1.200000,0.089873
-0.664064,1.000000,1.200000,0.089877
-0.663363,1.000000,1.200000,0.089882
-0.662663,1.000000,1.200000,0.089886
-0.661962,1.000000,1.200000,0.089891
-0.661261,1.000000,1.200000,0.089896
-0.660561,1.000000,1.200000,0.089900
-0.659860,1.000000,1.200000,0.089905
-0.659159,1.000000,1.200000,0.089910
-0.658458,1.000000,1.200000,0.089914
-0.657758,1.000000,1.200000,0.089919
-0.657057,1.000000,1.200000,0.089924
-0.656356,1.000000,1.200000,0.089929
-0.655656,1.000000,1.200000,0.089934
-0.654955,1.000000,1.200000,0.089938
-0.654254,1.000000,1.200000,0.089943
-0.653554,1.000000,1.200000,0.089948
-0.652853,1.000000,1.200000,0.089953
-0.652152,1.000000,1.200000,0.089958
-0.651451,1.000000,1.200000,0.089963
-0.650751,1.000000,1.200000,0.089968
-0.650050,1.000000,1.200000,0.089973
-0.649349,1.000000,1.200000,0.089978
-0.648649,1.000000,1.200000,0.089983
-0.647948,1.000000,1.200000,0.089988
-0.647247,1.000000,1.200000,0.089994
-0.646547,1.000000,1.200000,0.089999
-0.645846,1.000000,1.200000,0.090004
-0.645145,1.000000,1.200000,0.090009
-0.644444,1.000000,1.200000,0.090014
-0.643744,1.000000,1.200000,0.090020
-0.643043,1.000000,1.200000,0.090025
-0.642342,1.000000,1.200000,0.090030
-0.641642,1.000000,1.200000,0.090036
-0.640941,1.000000,1.200000,0.090041
-0.640240,1.000000,1.200000,0.090047
-0.639540,1.000000,1.200000,0.090052
-0.638839,1.000000,1.200000,0.090057
-0.638138,1.000000,1.200000,0.090063
-0.637437,1.000000,1.200000,0.090068
-0.636737,1.000000,1.200000,0.090074
-0.636036,1.000000,1.200000,0.090080
-0.635335,1.000000,1.200000,0.090085
-0.634635,1.000000,1.200000,0.090091
-0.633934,1.000000,1.200000,0.090096
-0.633233,1.000000,1.200000,0.090102
-0.632533,1.000000,1.200000,0.090108
-0.631832,1.000000,1.200000,0.090114
-0.631131,1.000000,1.200000,0.090119
-0.630430,1.000000,1.200000,0.090125
-0.629730,1.000000,1.200000,0.090131
-0.629029,1.000000,1.200000,0.090137
-0.628328,1.000000,1.200000,0.090143
-0.627628,1.000000,1.200000,0.090149
-0.626927,1.000000,1.200000,0.090155
-0.626226,1.000000,1.200000,0.090161
-0.625526,1.000000,1.200000,0.090167
-0.624825,1.000000,1.200000,0.090173
-0.624124,1.000000,1.200000,0.090179
-0.623423,1.000000,1.200000,0.090185
-0.622723,1.000000,1.200000,0.090191
-0.622022,1.000000,1.200000,0.090197
-0.621321,1.000000,1.200000,0.090203
-0.620621,1.000000,1.200000,0.090210
-0.619920,1.000000,1.200000,0.090216
-0.619219,1.000000,1.200000,0.090222
-0.618519,1.000000,1.200000,0.090228
-0.617818,1.000000,1.200000,0.090235
-0.617117,1.000000,1.200000,0.090241
-0.616416,1.000000,1.200000,0.090248
-0.615716,1.000000,1.200000,0.090254
-0.615015,1.000000,1.200000,0.090261
-0.614314,1.000000,1.200000,0.090267
-0.613614,1.000000,1.200000,0.090274
-0.612913,1.000000,1.200000,0.090280
-0.612212,1.000000,1.200000,0.090287
-0.611512,1.000000,1.200000,0.090293
-0.610811,1.000000,1.200000,0.090300
-0.610110,1.000000,1.200000,0.090307
-0.609409,1.000000,1.200000,0.090314
-0.608709,1.000000,1.200000,0.090320
-0.608008,1.000000,1.200000,0.090327
-0.607307,1.000000,1.200000,0.090334
-0.606607,1.000000,1.200000,0.090341
-0.605906,1.000000,1.200000,0.090348
-0.605205,1.000000,1.200000,0.090355
-0.604505,1.000000,1.200000,0.090361
-0.603804,1.000000,1.200000,0.090368
-0.603103,1.000000,1.200000,0.090375
-0.602402,1.000000,1.200000,0.090383
-0.601702,1.000000,1.200000,0.090390
-0.601001,1.000000,1.200000,0.090397
-0.600300,1.000000,1.200000,0.090404
-0.599600,1.000000,1.200000,0.090411
-0.598899,1.000000,1.200000,0.090418
-0.598198,1.000000,1.200000,0.090426
-0.597497,1.000000,1.200000,0.090433
-0.596797,1.000000,1.200000,0.090440
-0.596096,1.000000,1.200000,0.090448
-0.595395,1.000000,1.200000,0.090455
-0.594695,1.000000,1.200000,0.090462
-0.593994,1.000000,1.200000,0.090470
-0.593293,1.000000,1.200000,0.090477
-0.592593,1.000000,1.200000,0.090485
-0.591892,1.000000,1.200000,0.090492
-0.591191,1.000000,1.200000,0.090500
-0.590490,1.000000,1.200000,0.090508
-0.589790,1.000000,1.200000,0.090515
-0.589089,1.000000,1.200000,0.090523
-0.588388,1.000000,1.200000,0.090531
-0.587688,1.000000,1.200000,0.090539
-0.586987,1.000000,1.200000,0.090546
-0.586286,1.000000,1.200000,0.090554
-0.585586,1.000000,1.200000,0.090562
-0.584885,1.000000,1.200000,0.090570
-0.584184,1.000000,1.200000,0.090578
-0.583483,1.000000,1.200000,0.090586
-0.582783,1.000000,1.200000,0.090594
-0.582082,1.000000,1.200000,0.090602
-0.581381,1.000000,1.200000,0.090610
-0.580681,1.000000,1.200000,0.090618
-0.579980,1.000000,1.200000,0.090626
-0.579279,1.000000,1.200000,0.090635
-0.578579,1.000000,1.200000,0.090643
-0.577878,1.000000,1.200000,0.090651
-0.577177,1.000000,1.200000,0.090659
-0.576476,1.000000,1.200000,0.090668
-0.575776,1.000000,1.200000,0.090676
-0.575075,1.000000,1.200000,0.090685
-0.574374,1.000000,1.200000,0.090693
-0.573674,1.000000,1.200000,0.090702
-0.572973,1.000000,1.200000,0.090710
-0.572272,1.000000,1.200000,0.090719
-0.571572,1.000000,1.200000,0.090727
-0.570871,1.000000,1.200000,0.090736
-0.570170,1.000000,1.200000,0.090745
-0.569469,1.000000,1.200000,0.090753
-0.568769,1.000000,1.200000,0.090762
-0.568068,1.000000,1.200000,0.090771
-0.567367,1.000000,1.200000,0.090780
-0.566667,1.000000,1.200000,0.090789
-0.565966,1.000000,1.200000,0.090798
-0.565265,1.000000,1.200000,0.090807
-0.564565,1.000000,1.200000,0.090815
-0.563864,1.000000,1.200000,0.090825
-0.563163,1.000000,1.200000,0.090834
-0.562462,1.000000,1.200000,0.090843
-0.561762,1.000000,1.200000,0.090852
-0.561061,1.000000,1.200000,0.090861
-0.560360,1.000000,1.200000,0.090870
-0.559660,1.000000,1.200000,0.090880
-0.558959,1.000000,1.200000,0.090889
-0.558258,1.000000,1.200000,0.090898
-0.557558,1.000000,1.200000,0.090908
-0.556857,1.000000,1.200000,0.090917
-0.556156,1.000000,1.200000,0.090927
-0.555455,1.000000,1.200000,0.090936
-0.554755,1.000000,1.200000,0.090946
-0.554054,1.000000,1.200000,0.090955
-0.553353,1.000000,1.200000,0.090965
-0.552653,1.000000,1.200000,0.090975
-0.551952,1.000000,1.200000,0.090984
-0.551251,1.000000,1.200000,0.090994
-0.550551,1.000000,1.200000,0.091004
-0.549850,1.000000,1.200000,0.091014
-0.549149,1.000000,1.200000,0.091024
-0.548448,1.000000,1.200000,0.091033
-0.547748,1.000000,1.200000,0.091043
-0.547047,1.000000,1.200000,0.091054
-0.546346,1.000000,1.200000,0.091063
-0.545646,1.000000,1.200000,0.091074
-0.544945,1.000000,1.200000,0.091084
-0.544244,1.000000,1.200000,0.091094
-0.543544,1.000000,1.200000,0.091104
-0.542843,1.000000,1.200000,0.091114
-0.542142,1.000000,1.200000,0.091125
-0.541441,1.000000,1.200000,0.091135
-0.540741,1.000000,1.200000,0.091145
-0.540040,1.000000,1.200000,0.091156
-0.539339,1.000000,1.200000,0.091166
-0.538639,1.000000,1.200000,0.091177
-0.537938,1.000000,1.200000,0.091187
-0.537237,1.000000,1.200000,0.091198
-0.536537,1.000000,1.200000,0.091209
-0.535836,1.000000,1.200000,0.091219
-0.535135,1.000000,1.200000,0.091230
-0.534434,1.000000,1.200000,0.091241
-0.533734,1.000000,1.200000,0.091252
-0.533033,1.000000,1.200000,0.091263
-0.532332,1.000000,1.200000,0.091274
-0.531632,1.000000,1.200000,0.091285
-0.530931,1.000000,1.200000,0.091296
-0.530230,1.000000,1.200000,0.091307
-0.529530,1.000000,1.200000,0.091318
-0.528829,1.000000,1.200000,0.091329
-0.528128,1.000000,1.200000,0.091340
-0.527427,1.000000,1.200000,0.091351
-0.526727,1.000000,1.200000,0.091363
-0.526026,1.000000,1.200000,0.091374
-0.525325,1.000000,1.200000,0.091385
-0.524625,1.000000,1.200000,0.091397
-0.523924,1.000000,1.200000,0.091408
-0.523223,1.000000,1.200000,0.091420
-0.522523,1.000000,1.200000,0.091431
-0.521822,1.000000,1.200000,0.091443
-0.521121,1.000000,1.200000,0.091454
-0.520420,1.000000,1.200000,0.091466
-0.519720,1.000000,1.200000,0.091478
-0.519019,1.000000,1.200000,0.091490
-0.518318,1.000000,1.200000,0.091501
-0.517618,1.000000,1.200000,0.091513
-0.516917,1.000000,1.200000,0.091525
-0.516216,1.000000,1.200000,0.091537
-0.515516,1.000000,1.200000,0.091549
-0.514815,1.000000,1.200000,0.091561
-0.514114,1.000000,1.200000,0.091573
-0.513413,1.000000,1.200000,0.091586
-0.512713,1.000000,1.200000,0.091598
-0.512012,1.000000,1.200000,0.091610
-0.511311,1.000000,1.200000,0.091622
-0.510611,1.000000,1.200000,0.091635
-0.509910,1.000000,1.200000,0.091647
-0.509209,1.000000,1.200000,0.091660
-0.508509,1.000000,1.200000,0.091672
-0.507808,1.000000,1.200000,0.091685
-0.507107,1.000000,1.200000,0.091697
-0.506406,1.000000,1.200000,0.091710
-0.505706,1.000000,1.200000,0.091723
-0.505005,1.000000,1.200000,0.091735
-0.504304,1.000000,1.200000,0.091748
-0.503604,1.000000,1.200000,0.091761
-0.502903,1.000000,1.200000,0.091774
-0.502202,1.000000,1.200000,0.091787
-0.501502,1.000000,1.200000,0.091800
-0.500801,1.000000,1.200000,0.091813
-0.500100,1.000000,1.200000,0.091826
-0.499399,1.000000,1.200000,0.091839
-0.498699,1.000000,1.200000,0.091852
-0.497998,1.000000,1.200000,0.091865
-0.497297,1.000000,1.200000,0.091879
-0.496597,1.000000,1.200000,0.091892
-0.495896,1.000000,1.200000,0.091906
-0.495195,1.000000,1.200000,0.091919
-0.494494,1.000000,1.200000,0.091933
-0.493794,1.000000,1.200000,0.091946
-0.493093,1.000000,1.200000,0.091960
-0.492392,1.000000,1.200000,0.091973
-0.491692,1.000000,1.200000,0.091987
-0.490991,1.000000,1.200000,0.092001
-0.490290,1.000000,1.200000,0.092015
-0.489590,1.000000,1.200000,0.092028
-0.488889,1.000000,1.200000,0.092042
-0.488188,1.000000,1.200000,0.092056
-0.487487,1.000000,1.200000,0.092070
-0.486787,1.000000,1.200000,0.092084
-0.486086,1.000000,1.200000,0.092099
-0.485385,1.000000,1.200000,0.092113
-0.484685,1.000000,1.200000,0.092127
-0.483984,1.000000,1.200000,0.092141
-0.483283,1.000000,1.200000,0.092156
-0.482583,1.000000,1.200000,0.092170
-0.481882,1.000000,1.200000,0.092184
-0.481181,1.000000,1.200000,0.092199
-0.480480,1.000000,1.200000,0.092214
-0.479780,1.000000,1.200000,0.092228
-0.479079,1.000000,1.200000,0.092243
-0.478378,1.000000,1.200000,0.092258
-0.477678,1.000000,1.200000,0.092272
-0.476977,1.000000,1.200000,0.092287
-0.476276,1.000000,1.200000,0.092302
-0.475576,1.000000,1.200000,0.092317
-0.474875,1.000000,1.200000,0.092332
-0.474174,1.000000,1.200000,0.092347
-0.473473,1.000000,1.200000,0.092362
-0.472773,1.000000,1.200000,0.092377
-0.472072,1.000000,1.200000,0.092392
-0.471371,1.000000,1.200000,0.092408
-0.470671,1.000000,1.200000,0.092423
-0.469970,1.000000,1.200000,0.092438
-0.469269,1.000000,1.200000,0.092454
-0.468569,1.000000,1.200000,0.092469
-0.467868,1.000000,1.200000,0.092485
-0.467167,1.000000,1.200000,0.092501
-0.466466,1.000000,1.200000,0.092516
-0.465766,1.000000,1.200000,0.092532
-0.465065,1.000000,1.200000,0.092548
-0.464364,1.000000,1.200000,0.092564
-0.463664,1.000000,1.200000,0.092580
-0.462963,1.000000,1.200000,0.092596
-0.462262,1.000000,1.200000,0.092612
-0.461562,1.000000,1.200000,0.092628
-0.460861,1.000000,1.200000,0.092644
-0.460160,1.000000,1.200000,0.092660
-0.459459,1.000000,1.200000,0.092676
-0.458759,1.000000,1.200000,0.092692
-0.458058,1.000000,1.200000,0.092709
-0.457357,1.000000,1.200000,0.092725
-0.456657,1.000000,1.200000,0.092742
-0.455956,1.000000,1.200000,0.092758
-0.455255,1.000000,1.200000,0.092775
-0.454555,1.000000,1.200000,0.092792
-0.453854,1.000000,1.200000,0.092808
-0.453153,1.000000,1.200000,0.092825
-0.452452,1.000000,1.200000,0.092842
-0.451752,1.000000,1.200000,0.092859
-0.451051,1.000000,1.200000,0.092876
-0.450350,1.000000,1.200000,0.092893
-0.449650,1.000000,1.200000,0.092910
-0.448949,1.000000,1.200000,0.092927
-0.448248,1.000000,1.200000,0.092944
-0.447548,1.000000,1.200000,0.092962
-0.446847,1.000000,1.200000,0.092979
-0.446146,1.000000,1.200000,0.092996
-0.445445,1.000000,1.200000,0.093014
-0.444745,1.000000,1.200000,0.093031
-0.444044,1.000000,1.200000,0.093049
-0.443343,1.000000,1.200000,0.093067
-0.442643,1.000000,1.200000,0.093084
-0.441942,1.000000,1.200000,0.093102
-0.441241,1.000000,1.200000,0.093120
-0.440541,1.000000,1.200000,0.093138
-0.439840,1.000000,1.200000,0.093156
-0.439139,1.000000,1.200000,0.093174
-0.438438,1.000000,1.200000,0.093192
-0.437738,1.000000,1.200000,0.093210
-0.437037,1.000000,1.200000,0.093228
-0.436336,1.000000,1.200000,0.093247
-0.435636,1.000000,1.200000,0.093265
-0.434935,1.000000,1.200000,0.093283
-0.434234,1.000000,1.200000,0.093302
-0.433534,1.000000,1.200000,0.093320
-0.432833,1.000000,1.200000,0.093339
-0.432132,1.000000,1.200000,0.093358
-0.431431,1.000000,1.200000,0.093376
-0.430731,1.000000,1.200000,0.093395
-0.430030,1.000000,1.200000,0.093414
-0.429329,1.000000,1.200000,0.093433
-0.428629,1.000000,1.200000,0.093452
-0.427928,1.000000,1.200000,0.093471
-0.427227,1.000000,1.200000,0.093490
-0.426527,1.000000,1.200000,0.093510
-0.425826,1.000000,1.200000,0.093529
-0.425125,1.000000,1.200000,0.093548
-0.424424,1.000000,1.200000,0.093568
-0.423724,1.000000,1.200000,0.093587
-0.423023,1.000000,1.200000,0.093607
-0.422322,1.000000,1.200000,0.093626
-0.421622,1.000000,1.200000,0.093646
-0.420921,1.000000,1.200000,0.093666
-0.420220,1.000000,1.200000,0.093686
-0.419520,1.000000,1.200000,0.093706
-0.418819,1.000000,1.200000,0.093726
-0.418118,1.000000,1.200000,0.093746
-0.417417,1.000000,1.200000,0.093766
-0.416717,1.000000,1.200000,0.093786
-0.416016,1.000000,1.200000,0.093806
-0.415315,1.000000,1.200000,0.093827
-0.414615,1.000000,1.200000,0.093847
-0.413914,1.000000,1.200000,0.093868
-0.413213,1.000000,1.200000,0.093888
-0.412513,1.000000,1.200000,0.093909
-0.411812,1.000000,1.200000,0.093930
-0.411111,1.000000,1.200000,0.093950
-0.410410,1.000000,1.200000,0.093971
-0.409710,1.000000,1.200000,0.093992
-0.409009,1.000000,1.200000,0.094013
-0.408308,1.000000,1.200000,0.094034
-0.407608,1.000000,1.200000,0.094055
-0.406907,1.000000,1.200000,0.094077
-0.406206,1.000000,1.200000,0.094098
-0.405506,1.000000,1.200000,0.094119
-0.404805,1.000000,1.200000,0.094141
-0.404104,1.000000,1.200000,0.094162
-0.403403,1.000000,1.200000,0.094184
-0.402703,1.000000,1.200000,0.094206
-0.402002,1.000000,1.200000,0.094227
-0.401301,1.000000,1.200000,0.094249
-0.400601,1.000000,1.200000,0.094271
-0.399900,1.000000,1.200000,0.094293
-0.399199,1.000000,1.200000,0.094315
-0.398498,1.000000,1.200000,0.094338
-0.397798,1.000000,1.200000,0.094360
-0.397097,1.000000,1.200000,0.094382
-0.396396,1.000000,1.200000,0.094405
-0.395696,1.000000,1.200000,0.094427
-0.394995,1.000000,1.200000,0.094450
-0.394294,1.000000,1.200000,0.094472
-0.393594,1.000000,1.200000,0.094495
-0.392893,1.000000,1.200000,0.094518
-0.392192,1.000000,1.200000,0.094541
-0.391491,1.000000,1.200000,0.094564
-0.390791,1.000000,1.200000,0.094587
-0.390090,1.000000,1.200000,0.094610
-0.389389,1.000000,1.200000,0.094633
-0.388689,1.000000,1.200000,0.094657
-0.387988,1.000000,1.200000,0.094680
-0.387287,1.000000,1.200000,0.094704
-0.386587,1.000000,1.200000,0.094727
-0.385886,1.000000,1.200000,0.094751
-0.385185,1.000000,1.200000,0.094775
-0.384484,1.000000,1.200000,0.094798
-0.383784,1.000000,1.200000,0.094823
-0.383083,1.000000,1.200000,0.094847
-0.382382,1.000000,1.200000,0.094871
-0.381682,1.000000,1.200000,0.094895
-0.380981,1.000000,1.200000,0.094919
-0.380280,1.000000,1.200000,0.094944
-0.379580,1.000000,1.200000,0.094968
-0.378879,1.000000,1.200000,0.094993
-0.378178,1.000000,1.200000,0.095017
-0.377477,1.000000,1.200000,0.095042
-0.376777,1.000000,1.200000,0.095067
-0.376076,1.000000,1.200000,0.095092
-0.375375,1.000000,1.200000,0.095117
-0.374675,1.000000,1.200000,0.095142
-0.373974,1.000000,1.200000,0.095168
-0.373273,1.000000,1.200000,0.095193
-0.372573,1.000000,1.200000,0.095218
-0.371872,1.000000,1.200000,0.095244
-0.371171,1.000000,1.200000,0.095270
-0.370470,1.000000,1.200000,0.095295
-0.369770,1.000000,1.200000,0.095321
-0.369069,1.000000,1.200000,0.095347
-0.368368,1.000000,1.200000,0.095373
-0.367668,1.000000,1.200000,0.095399
-0.366967,1.000000,1.200000,0.095426
-0.366266,1.000000,1.200000,0.095452
-0.365566,1.000000,1.200000,0.095479
-0.364865,1.000000,1.200000,0.095505
-0.364164,1.000000,1.200000,0.095532
-0.363463,1.000000,1.200000,0.095559
-0.362763,1.000000,1.200000,0.095586
-0.362062,1.000000,1.200000,0.095613
-0.361361,1.000000,1.200000,0.095640
-0.360661,1.000000,1.200000,0.095667
-0.359960,1.000000,1.200000,0.095694
-0.359259,1.000000,1.200000,0.095722
-0.358559,1.000000,1.200000,0.095749
-0.357858,1.000000,1.200000,0.095777
-0.357157,1.000000,1.200000,0.095805
-0.356456,1.000000,1.200000,0.095833
-0.355756,1.000000,1.200000,0.095861
-0.355055,1.000000,1.200000,0.095889
-0.354354,1.000000,1.200000,0.095917
-0.353654,1.000000,1.200000,0.095946
-0.352953,1.000000,1.200000,0.095974
-0.352252,1.000000,1.200000,0.096003
-0.351552,1.000000,1.200000,0.096032
-0.350851,1.000000,1.200000,0.096061
-0.350150,1.000000,1.200000,0.096090
-0.349449,1.000000,1.200000,0.096119
-0.348749,1.000000,1.200000,0.096148
-0.348048,1.000000,1.200000,0.096178
-0.347347,1.000000,1.200000,0.096207
-0.346647,1.000000,1.200000,0.096237
-0.345946,1.000000,1.200000,0.096266
-0.345245,1.000000,1.200000,0.096296
-0.344545,1.000000,1.200000,0.096327
-0.343844,1.000000,1.200000,0.096357
-0.343143,1.000000,1.200000,0.096387
-0.342442,1.000000,1.200000,0.096417
-0.341742,1.000000,1.200000,0.096448
-0.341041,1.000000,1.200000,0.096479
-0.340340,1.000000,1.200000,0.096510
-0.339640,1.000000,1.200000,0.096541
-0.338939,1.000000,1.200000,0.096572
-0.338238,1.000000,1.200000,0.096603
-0.337538,1.000000,1.200000,0.096635
-0.336837,1.000000,1.200000,0.096666
-0.336136,1.000000,1.200000,0.096698
-0.335435,1.000000,1.200000,0.096730
-0.334735,1.000000,1.200000,0.096762
-0.334034,1.000000,1.200000,0.096795
-0.333333,1.000000,1.200000,0.096827
-0.332633,1.000000,1.200000,0.096859
-0.331932,1.000000,1.200000,0.096892
-0.331231,1.000000,1.200000,0.096925
-0.330531,1.000000,1.200000,0.096958
-0.329830,1.000000,1.200000,0.096991
-0.329129,1.000000,1.200000,0.097025
-0.328428,1.000000,1.200000,0.097058
-0.327728,1.000000,1.200000,0.097092
-0.327027,1.000000,1.200000,0.097126
-0.326326,1.000000,1.200000,0.097160
-0.325626,1.000000,1.200000,0.097194
-0.324925,1.000000,1.200000,0.097228
-0.324224,1.000000,1.200000,0.097263
-0.323524,1.000000,1.200000,0.097298
-0.322823,1.000000,1.200000,0.097333
-0.322122,1.000000,1.200000,0.097368
-0.321421,1.000000,1.200000,0.097403
-0.320721,1.000000,1.200000,0.097439
-0.320020,1.000000,1.200000,0.097474
-0.319319,1.000000,1.200000,0.097510
-0.318619,1.000000,1.200000,0.097546
-0.317918,1.000000,1.200000,0.097583
-0.317217,1.000000,1.200000,0.097619
-0.316517,1.000000,1.200000,0.097656
-0.315816,1.000000,1.200000,0.097693
-0.315115,1.000000,1.200000,0.097730
-0.314414,1.000000,1.200000,0.097767
-0.313714,1.000000,1.200000,0.097805
-0.313013,1.000000,1.200000,0.097843
-0.312312,1.000000,1.200000,0.097881
-0.311612,1.000000,1.200000,0.097919
-0.310911,1.000000,1.200000,0.097957
-0.310210,1.000000,1.200000,0.097996
-0.309510,1.000000,1.200000,0.098035
-0.308809,1.000000,1.200000,0.098074
-0.308108,1.000000,1.200000,0.098113
-0.307407,1.000000,1.200000,0.098153
-0.306707,1.000000,1.200000,0.098193
-0.306006,1.000000,1.200000,0.098232
-0.305305,1.000000,1.200000,0.098273
-0.304605,1.000000,1.200000,0.098313
-0.303904,1.000000,1.200000,0.098354
-0.303203,1.000000,1.200000,0.098395
-0.302503,1.000000,1.200000,0.098437
-0.301802,1.000000,1.200000,0.098478
-0.301101,1.000000,1.200000,0.098520
-0.300400,1.000000,1.200000,0.098562
-0.299700,1.000000,1.200000,0.098605
-0.298999,1.000000,1.200000,0.098647
-0.298298,1.000000,1.200000,0.098690
-0.297598,1.000000,1.200000,0.098733
-0.296897,1.000000,1.200000,0.098777
-0.296196,1.000000,1.200000,0.098821
-0.295495,1.000000,1.200000,0.098865
-0.294795,1.000000,1.200000,0.098909
-0.294094,1.000000,1.200000,0.098954
-0.293393,1.000000,1.200000,0.098999
-0.292693,1.000000,1.200000,0.099044
-0.291992,1.000000,1.200000,0.099090
-0.291291,1.000000,1.200000,0.099136
-0.290591,1.000000,1.200000,0.099182
-0.289890,1.000000,1.200000,0.099229
-0.289189,1.000000,1.200000,0.099276
-0.288488,1.000000,1.200000,0.099323
-0.287788,1.000000,1.200000,0.099371
-0.287087,1.000000,1.200000,0.099419
-0.286386,1.000000,1.200000,0.099467
-0.285686,1.000000,1.200000,0.099516
-0.284985,1.000000,1.200000,0.099565
-0.284284,1.000000,1.200000,0.099614
-0.283584,1.000000,1.200000,0.099664
-0.282883,1.000000,1.200000,0.099714
-0.282182,1.000000,1.200000,0.099764
-0.281481,1.000000,1.200000,0.099815
-0.280781,1.000000,1.200000,0.099867
-0.280080,1.000000,1.200000,0.099918
-0.279379,1.000000,1.200000,0.099970
-0.278679,1.000000,1.200000,0.100023
-0.277978,1.000000,1.200000,0.100076
-0.277277,1.000000,1.200000,0.100129
-0.276577,1.000000,1.200000,0.100183
-0.275876,1.000000,1.200000,0.100237
-0.275175,1.000000,1.200000,0.100292
-0.274474,1.000000,1.200000,0.100347
-0.273774,1.000000,1.200000,0.100402
-0.273073,1.000000,1.200000,0.100459
-0.272372,1.000000,1.200000,0.100515
-0.271672,1.000000,1.200000,0.100572
-0.270971,1.000000,1.200000,0.100629
-0.270270,1.000000,1.200000,0.100687
-0.269570,1.000000,1.200000,0.100746
-0.268869,1.000000,1.200000,0.100805
-0.268168,1.000000,1.200000,0.100864
-0.267467,1.000000,1.200000,0.100924
-0.266767,1.000000,1.200000,0.100984
-0.266066,1.000000,1.200000,0.101045
-0.265365,1.000000,1.200000,0.101107
-0.264665,1.000000,1.200000,0.101169
-0.263964,1.000000,1.200000,0.101232
-0.263263,1.000000,1.200000,0.101295
-0.262563,1.000000,1.200000,0.101358
-0.261862,1.000000,1.200000,0.101423
-0.261161,1.000000,1.200000,0.101488
-0.260460,1.000000,1.200000,0.101553
-0.259760,1.000000,1.200000,0.101619
-0.259059,1.000000,1.200000,0.101686
-0.258358,1.000000,1.200000,0.101753
-0.257658,1.000000,1.200000,0.101821
-0.256957,1.000000,1.200000,0.101890
-0.256256,1.000000,1.200000,0.101959
-0.255556,1.000000,1.200000,0.102029
-0.254855,1.000000,1.200000,0.102099
-0.254154,1.000000,1.200000,0.102171
-0.253453,1.000000,1.200000,0.102242
-0.252753,1.000000,1.200000,0.102315
-0.252052,1.000000,1.200000,0.102388
-0.251351,1.000000,1.200000,0.102462
-0.250651,1.000000,1.200000,0.102537
-0.249950,1.000000,1.200000,0.102613
-0.249249,1.000000,1.200000,0.102689
-0.248549,1.000000,1.200000,0.102766
-0.247848,1.000000,1.200000,0.102844
-0.247147,1.000000,1.200000,0.102922
-0.246446,1.000000,1.200000,0.103001
-0.245746,1.000000,1.200000,0.103081
-0.245045,1.000000,1.200000,0.103162
-0.244344,1.000000,1.200000,0.103244
-0.243644,1.000000,1.200000,0.103327
-0.242943,1.000000,1.200000,0.103410
-0.242242,1.000000,1.200000,0.103494
-0.241542,1.000000,1.200000,0.103580
-0.240841,1.000000,1.200000,0.103666
-0.240140,1.000000,1.200000,0.103753
-0.239439,1.000000,1.200000,0.103840
-0.238739,1.000000,1.200000,0.103929
-0.238038,1.000000,1.200000,0.104019
-0.237337,1.000000,1.200000,0.104110
-0.236637,1.000000,1.200000,0.104201
-0.235936,1.000000,1.200000,0.104294
-0.235235,1.000000,1.200000,0.104387
-0.234535,1.000000,1.200000,0.104482
-0.233834,1.000000,1.200000,0.104577
-0.233133,1.000000,1.200000,0.104674
-0.232432,1.000000,1.200000,0.104772
-0.231732,1.000000,1.200000,0.104870
-0.231031,1.000000,1.200000,0.104970
-0.230330,1.000000,1.200000,0.105071
-0.229630,1.000000,1.200000,0.105173
-0.228929,1.000000,1.200000,0.105276
-0.228228,1.000000,1.200000,0.105380
-0.227528,1.000000,1.200000,0.105485
-0.226827,1.000000,1.200000,0.105592
-0.226126,1.000000,1.200000,0.105700
-0.225425,1.000000,1.200000,0.105808
-0.224725,1.000000,1.200000,0.105918
-0.224024,1.000000,1.200000,0.106030
-0.223323,1.000000,1.200000,0.106142
-0.222623,1.000000,1.200000,0.106256
-0.221922,1.000000,1.200000,0.106371
-0.221221,1.000000,1.200000,0.106487
-0.220521,1.000000,1.200000,0.106605
-0.219820,1.000000,1.200000,0.106723
-0.219119,1.000000,1.200000,0.106844
-0.218418,1.000000,1.200000,0.106965
-0.217718,1.000000,1.200000,0.107088
-0.217017,1.000000,1.200000,0.107212
-0.216316,1.000000,1.200000,0.107338
-0.215616,1.000000,1.200000,0.107465
-0.214915,1.000000,1.200000,0.107593
-0.214214,1.000000,1.200000,0.107723
-0.213514,1.000000,1.200000,0.107854
-0.212813,1.000000,1.200000,0.107987
-0.212112,1.000000,1.200000,0.108121
-0.211411,1.000000,1.200000,0.108257
-0.210711,1.000000,1.200000,0.108394
-0.210010,1.000000,1.200000,0.108533
-0.209309,1.000000,1.200000,0.108673
-0.208609,1.000000,1.200000,0.108815
-0.207908,1.000000,1.200000,0.108959
-0.207207,1.000000,1.200000,0.109104
-0.206507,1.000000,1.200000,0.109250
-0.205806,1.000000,1.200000,0.109398
-0.205105,1.000000,1.200000,0.109548
-0.204404,1.000000,1.200000,0.109700
-0.203704,1.000000,1.200000,0.109853
-0.203003,1.000000,1.200000,0.110007
-0.202302,1.000000,1.200000,0.110164
-0.201602,1.000000,1.200000,0.110322
-0.200901,1.000000,1.200000,0.110482
-0.200200,1.000000,1.200000,0.110643
-0.199499,1.000000,1.200000,0.110807
-0.198799,1.000000,1.200000,0.110972
-0.198098,1.000000,1.200000,0.111139
-0.197397,1.000000,1.200000,0.111307
-0.196697,1.000000,1.200000,0.111477
-0.195996,1.000000,1.200000,0.111649
-0.195295,1.000000,1.200000,0.111823
-0.194595,1.000000,1.200000,0.111999
-0.193894,1.000000,1.200000,0.112176
-0.193193,1.000000,1.200000,0.112356
-0.192492,1.000000,1.200000,0.112537
-0.191792,1.000000,1.200000,0.112720
-0.191091,1.000000,1.200000,0.112904
-0.190390,1.000000,1.200000,0.113091
-0.189690,1.000000,1.200000,0.113279
-0.188989,1.000000,1.200000,0.113470
-0.188288,1.000000,1.200000,0.113662
-0.187588,1.000000,1.200000,0.113856
-0.186887,1.000000,1.200000,0.114052
-0.186186,1.000000,1.200000,0.114249
-0.185485,1.000000,1.200000,0.114449
-0.184785,1.000000,1.200000,0.114650
-0.184084,1.000000,1.200000,0.114853
-0.183383,1.000000,1.200000,0.115058
-0.182683,1.000000,1.200000,0.115265
-0.181982,1.000000,1.200000,0.115474
-0.181281,1.000000,1.200000,0.115685
-0.180581,1.000000,1.200000,0.115897
-0.179880,1.000000,1.200000,0.116111
-0.179179,1.000000,1.200000,0.116327
-0.178478,1.000000,1.200000,0.116545
-0.177778,1.000000,1.200000,0.116765
-0.177077,1.000000,1.200000,0.116986
-0.176376,1.000000,1.200000,0.117209
-0.175676,1.000000,1.200000,0.117434
-0.174975,1.000000,1.200000,0.117661
-0.174274,1.000000,1.200000,0.117889
-0.173574,1.000000,1.200000,0.118119
-0.172873,1.000000,1.200000,0.118351
-0.172172,1.000000,1.200000,0.118584
-0.171471,1.000000,1.200000,0.118818
-0.170771,1.000000,1.200000,0.119055
-0.170070,1.000000,1.200000,0.119293
-0.169369,1.000000,1.200000,0.119532
-0.168669,1.000000,1.200000,0.119773
-0.167968,1.000000,1.200000,0.120016
-0.167267,1.000000,1.200000,0.120260
-0.166567,1.000000,1.200000,0.120505
-0.165866,1.000000,1.200000,0.120752
-0.165165,1.000000,1.200000,0.120999
-0.164464,1.000000,1.200000,0.121249
-0.163764,1.000000,1.200000,0.121499
-0.163063,1.000000,1.200000,0.121751
-0.162362,1.000000,1.200000,0.122004
-0.161662,1.000000,1.200000,0.122258
-0.160961,1.000000,1.200000,0.122512
-0.160260,1.000000,1.200000,0.122768
-0.159560,1.000000,1.200000,0.123025
-0.158859,1.000000,1.200000,0.123283
-0.158158,1.000000,1.200000,0.123542
-0.157457,1.000000,1.200000,0.123801
-0.156757,1.000000,1.200000,0.124061
-0.156056,1.000000,1.200000,0.124322
-0.155355,1.000000,1.200000,0.124583
-0.154655,1.000000,1.200000,0.124845
-0.153954,1.000000,1.200000,0.125107
-0.153253,1.000000,1.200000,0.125370
-0.152553,1.000000,1.200000,0.125633
-0.151852,1.000000,1.200000,0.125897
-0.151151,1.000000,1.200000,0.126160
-0.150450,1.000000,1.200000,0.126424
-0.149750,1.000000,1.200000,0.126687
-0.149049,1.000000,1.200000,0.126951
-0.148348,1.000000,1.200000,0.127215
-0.147648,1.000000,1.200000,0.127478
-0.146947,1.000000,1.200000,0.127741
-0.146246,1.000000,1.200000,0.128003
-0.145546,1.000000,1.200000,0.128265
-0.144845,1.000000,1.200000,0.128527
-0.144144,1.000000,1.200000,0.128787
-0.143443,1.000000,1.200000,0.129047
-0.142743,1.000000,1.200000,0.129307
-0.142042,1.000000,1.200000,0.129565
-0.141341,1.000000,1.200000,0.129822
-0.140641,1.000000,1.200000,0.130078
-0.139940,1.000000,1.200000,0.130332
-0.139239,1.000000,1.200000,0.130585
-0.138539,1.000000,1.200000,0.130837
-0.137838,1.000000,1.200000,0.131087
-0.137137,1.000000,1.200000,0.131334
-0.136436,1.000000,1.200000,0.131580
-0.135736,1.000000,1.200000,0.131824
-0.135035,1.000000,1.200000,0.132066
-0.134334,1.000000,1.200000,0.132305
-0.133634,1.000000,1.200000,0.132541
-0.132933,1.000000,1.200000,0.132775
-0.132232,1.000000,1.200000,0.133006
-0.131532,1.000000,1.200000,0.133233
-0.130831,1.000000,1.200000,0.133457
-0.130130,1.000000,1.200000,0.133678
-0.129429,1.000000,1.200000,0.133894
-0.128729,1.000000,1.200000,0.134107
-0.128028,1.000000,1.200000,0.134315
-0.127327,1.000000,1.200000,0.134519
-0.126627,1.000000,1.200000,0.134717
-0.125926,1.000000,1.200000,0.134911
-0.125225,1.000000,1.200000,0.135099
-0.124525,1.000000,1.200000,0.135281
-0.123824,1.000000,1.200000,0.135457
-0.123123,1.000000,1.200000,0.135626
-0.122422,1.000000,1.200000,0.135788
-0.121722,1.000000,1.200000,0.135943
-0.121021,1.000000,1.200000,0.136090
-0.120320,1.000000,1.200000,0.136229
-0.119620,1.000000,1.200000,0.136359
-0.118919,1.000000,1.200000,0.136480
-0.118218,1.000000,1.200000,0.136591
-0.117518,1.000000,1.200000,0.136692
-0.116817,1.000000,1.200000,0.136782
-0.116116,1.000000,1.200000,0.136861
-0.115415,1.000000,1.200000,0.136928
-0.114715,1.000000,1.200000,0.136982
-0.114014,1.000000,1.200000,0.137024
-0.113313,1.000000,1.200000,0.137052
-0.112613,1.000000,1.200000,0.137067
-0.111912,1.000000,1.200000,0.137066
-0.111211,1.000000,1.200000,0.137051
-0.110511,1.000000,1.200000,0.137020
-0.109810,1.000000,1.200000,0.136974
-0.109109,1.000000,1.200000,0.136910
-0.108408,1.000000,1.200000,0.136831
-0.107708,1.000000,1.200000,0.136734
-0.107007,1.000000,1.200000,0.136621
-0.106306,1.000000,1.200000,0.136490
-0.105606,1.000000,1.200000,0.136342
-0.104905,1.000000,1.200000,0.136177
-0.104204,1.000000,1.200000,0.135995
-0.103504,1.000000,1.200000,0.135797
-0.102803,1.000000,1.200000,0.135582
-0.102102,1.000000,1.200000,0.135353
-0.101401,1.000000,1.200000,0.135108
-0.100701,1.000000,1.200000,0.134850
-0.100000,1.000000,1.200000,0.134579
-0.800000,1.000000,1.800000,0.093242
-0.799299,1.000000,1.800000,0.093254
-0.798599,1.000000,1.800000,0.093265
-0.797898,1.000000,1.800000,0.093277
-0.797197,1.000000,1.800000,0.093289
-0.796496,1.000000,1.800000,0.093301
-0.795796,1.000000,1.800000,0.093312
-0.795095,1.000000,1.800000,0.093324
-0.794394,1.000000,1.800000,0.093336
-0.793694,1.000000,1.800000,0.093348
-0.792993,1.000000,1.800000,0.093360
-0.792292,1.000000,1.800000,0.093372
-0.791592,1.000000,1.800000,0.093384
-0.790891,1.000000,1.800000,0.093396
-0.790190,1.000000,1.800000,0.093408
-0.789489,1.000000,1.800000,0.093421
-0.788789,1.000000,1.800000,0.093433
-0.788088,1.000000,1.800000,0.093445
-0.787387,1.000000,1.800000,0.093457
-0.786687,1.000000,1.800000,0.093470
-0.785986,1.000000,1.800000,0.093482
-0.785285,1.000000,1.800000,0.093494
-0.784585,1.000000,1.800000,0.093507
-0.783884,1.000000,1.800000,0.093519
-0.783183,1.000000,1.800000,0.093532
-0.782482,1.000000,1.800000,0.093544
-0.781782,1.000000,1.800000,0.093557
-0.781081,1.000000,1.800000,0.093570
-0.780380,1.000000,1.800000,0.093582
-0.779680,1.000000,1.800000,0.093595
-0.778979,1.000000,1.800000,0.093608
-0.778278,1.000000,1.800000,0.093620
-0.777578,1.000000,1.800000,0.093633
-0.776877,1.000000,1.800000,0.093646
-0.776176,1.000000,1.800000,0.093659
-0.775475,1.000000,1.800000,0.093672
-0.774775,1.000000,1.800000,0.093685
-0.774074,1.000000,1.800000,0.093698
-0.773373,1.000000,1.800000,0.093711
-0.772673,1.000000,1.800000,0.093724
-0.771972,1.000000,1.800000,0.093737
-0.771271,1.000000,1.800000,0.093750
-0.770571,1.000000,1.800000,0.093763
-0.769870,1.000000,1.800000,0.093776
-0.769169,1.000000,1.800000,0.093790
-0.768468,1.000000,1.800000,0.093803
-0.767768,1.000000,1.800000,0.093816
-0.767067,1.000000,1.800000,0.093830
-0.766366,1.000000,1.800000,0.093843
-0.765666,1.000000,1.800000,0.093857
-0.764965,1.000000,1.800000,0.093870
-0.764264,1.000000,1.800000,0.093884
-0.763564,1.000000,1.800000,0.093897
-0.762863,1.000000,1.800000,0.093911
-0.762162,1.000000,1.800000,0.093924
-0.761461,1.000000,1.800000,0.093938
-0.760761,1.000000,1.800000,0.093952
-0.760060,1.000000,1.800000,0.093966
-0.759359,1.000000,1.800000,0.093979
-0.758659,1.000000,1.800000,0.093993
-0.757958,1.000000,1.800000,0.094007
-0.757257,1.000000,1.800000,0.094021
-0.756557,1.000000,1.800000,0.094035
-0.755856,1.000000,1.800000,0.094049
-0.755155,1.000000,1.800000,0.094063
-0.754454,1.000000,1.800000,0.094077
-0.753754,1.000000,1.800000,0.094091
-0.753053,1.000000,1.800000,0.094105
-0.752352,1.000000,1.800000,0.094119
-0.751652,1.000000,1.800000,0.094134
-0.750951,1.000000,1.800000,0.094148
-0.750250,1.000000,1.800000,0.094162
-0.749550,1.000000,1.800000,0.094176
-0.748849,1.000000,1.800000,0.094191
-0.748148,1.000000,1.800000,0.094205
-0.747447,1.000000,1.800000,0.094220
-0.746747,1.000000,1.800000,0.094234
-0.746046,1.000000,1.800000,0.094249
-0.745345,1.000000,1.800000,0.094263
-0.744645,1.000000,1.800000,0.094278
-0.743944,1.000000,1.800000,0.094292
-0.743243,1.000000,1.800000,0.094307
-0.742543,1.000000,1.800000,0.094322
-0.741842,1.000000,1.800000,0.094337
-0.741141,1.000000,1.800000,0.094351
-0.740440,1.000000,1.800000,0.094366
-0.739740,1.000000,1.800000,0.094381
-0.739039,1.000000,1.800000,0.094396
-0.738338,1.000000,1.800000,0.094411
-0.737638,1.000000,1.800000,0.094426
-0.736937,1.000000,1.800000,0.094441
-0.736236,1.000000,1.800000,0.094456
-0.735536,1.000000,1.800000,0.094471
-0.734835,1.000000,1.800000,0.094486
-0.734134,1.000000,1.800000,0.094502
-0.733433,1.000000,1.800000,0.094517
-0.732733,1.000000,1.800000,0.094532
-0.732032,1.000000,1.800000,0.094547
-0.731331,1.000000,1.800000,0.094563
-0.730631,1.000000,1.800000,0.094578
-0.729930,1.000000,1.800000,0.094593
-0.729229,1.000000,1.800000,0.094609
-0.728529,1.000000,1.800000,0.094624
-0.727828,1.000000,1.800000,0.094640
-0.727127,1.000000,1.800000,0.094656
-0.726426,1.000000,1.800000,0.094671
-0.725726,1.000000,1.800000,0.094687
-0.725025,1.000000,1.800000,0.094702
-0.724324,1.000000,1.800000,0.094718
-0.723624,1.000000,1.800000,0.094734
-0.722923,1.000000,1.800000,0.094750
-0.722222,1.000000,1.800000,0.094766
-0.721522,1.000000,1.800000,0.094782
-0.720821,1.000000,1.800000,0.094797
-0.720120,1.000000,1.800000,0.094814
-0.719419,1.000000,1.800000,0.094829
-0.718719,1.000000,1.800000,0.094845
-0.718018,1.000000,1.800000,0.094862
-0.717317,1.000000,1.800000,0.094878
-0.716617,1.000000,1.800000,0.094894
-0.715916,1.000000,1.800000,0.094910
-0.715215,1.000000,1.800000,0.094926
-0.714515,1.000000,1.800000,0.094943
-0.713814,1.000000,1.800000,0.094959
-0.713113,1.000000,1.800000,0.094975
-0.712412,1.000000,1.800000,0.094992
-0.711712,1.000000,1.800000,0.095008
-0.711011,1.000000,1.800000,0.095025
-0.710310,1.000000,1.800000,0.095041
-0.709610,1.000000,1.800000,0.095058
-0.708909,1.000000,1.800000,0.095074
-0.708208,1.000000,1.800000,0.095091
-0.707508,1.000000,1.800000,0.095107
-0.706807,1.000000,1.800000,0.095124
-0.706106,1.000000,1.800000,0.095141
-0.705405,1.000000,1.800000,0.095158
-0.704705,1.000000,1.800000,0.095175
-0.704004,1.000000,1.800000,0.095191
-0.703303,1.000000,1.800000,0.095208
-0.702603,1.000000,1.800000,0.095225
-0.701902,1.000000,1.800000,0.095242
-0.701201,1.000000,1.800000,0.095259
-0.700501,1.000000,1.800000,0.095276
-0.699800,1.000000,1.800000,0.095293
-0.699099,1.000000,1.800000,0.095310
-0.698398,1.000000,1.800000,0.095328
-0.697698,1.000000,1.800000,0.095345
-0.696997,1.000000,1.800000,0.095362
-0.696296,1.000000,1.800000,0.095379
-0.695596,1.000000,1.800000,0.095397
-0.694895,1.000000,1.800000,0.095414
-0.694194,1.000000,1.800000,0.095432
-0.693493,1.000000,1.800000,0.095449
-0.692793,1.000000,1.800000,0.095466
-0.692092,1.000000,1.800000,0.095484
-0.691391,1.000000,1.800000,0.095501
-0.690691,1.000000,1.800000,0.095519
-0.689990,1.000000,1.800000,0.095537
-0.689289,1.000000,1.800000,0.095554
-0.688589,1.000000,1.800000,0.095572
-0.687888,1.000000,1.800000,0.095590
-0.687187,1.000000,1.800000,0.095608
-0.686486,1.000000,1.800000,0.095625
-0.685786,1.000000,1.800000,0.095643
-0.685085,1.000000,1.800000,0.095661
-0.684384,1.000000,1.800000,0.095679
-0.683684,1.000000,1.800000,0.095697
-0.682983,1.000000,1.800000,0.095715
-0.682282,1.000000,1.800000,0.095733
-0.681582,1.000000,1.800000,0.095751
-0.680881,1.000000,1.800000,0.095769
-0.680180,1.000000,1.800000,0.095787
-0.679479,1.000000,1.800000,0.095806
-0.678779,1.000000,1.800000,0.095824
-0.678078,1.000000,1.800000,0.095842
-0.677377,1.000000,1.800000,0.095860
-0.676677,1.000000,1.800000,0.095879
-0.675976,1.000000,1.800000,0.095897
-0.675275,1.000000,1.800000,0.095915
-0.674575,1.000000,1.800000,0.095934
-0.673874,1.000000,1.800000,0.095952
-0.673173,1.000000,1.800000,0.095971
-0.672472,1.000000,1.800000,0.095989
-0.671772,1.000000,1.800000,0.096008
-0.671071,1.000000,1.800000,0.096027
-0.670370,1.000000,1.800000,0.096045
-0.669670,1.000000,1.800000,0.096064
-0.668969,1.000000,1.800000,0.096083
-0.668268,1.000000,1.800000,0.096102
-0.667568,1.000000,1.800000,0.096120
-0.666867,1.000000,1.800000,0.096139
-0.666166,1.000000,1.800000,0.096158
-0.665465,1.000000,1.800000,0.096177
-0.664765,1.000000,1.800000,0.096196
-0.664064,1.000000,1.800000,0.096215
-0.663363,1.000000,1.800000,0.096234
-0.662663,1.000000,1.800000,0.096253
-0.661962,1.000000,1.800000,0.096272
-0.661261,1.000000,1.800000,0.096291
-0.660561,1.000000,1.800000,0.096311
-0.659860,1.000000,1.800000,0.096330
-0.659159,1.000000,1.800000,0.096349
-0.658458,1.000000,1.800000,0.096368
-0.657758,1.000000,1.800000,0.096387
-0.657057,1.000000,1.800000,0.096407
-0.656356,1.000000,1.800000,0.096426
-0.655656,1.000000,1.800000,0.096446
-0.654955,1.000000,1.800000,0.096465
-0.654254,1.000000,1.800000,0.096485
-0.653554,1.000000,1.800000,0.096504
-0.652853,1.000000,1.800000,0.096524
-0.652152,1.000000,1.800000,0.096543
-0.651451,1.000000,1.800000,0.096563
-0.650751,1.000000,1.800000,0.096583
-0.650050,1.000000,1.800000,0.096602
-0.649349,1.000000,1.800000,0.096622
-0.648649,1.000000,1.800000,0.096642
-0.647948,1.000000,1.800000,0.096661
-0.647247,1.000000,1.800000,0.096681
-0.646547,1.000000,1.800000,0.096701
-0.645846,1.000000,1.800000,0.096721
-0.645145,1.000000,1.800000,0.096741
-0.644444,1.000000,1.800000,0.096761
-0.643744,1.000000,1.800000,0.096781
-0.643043,1.000000,1.800000,0.096801
-0.642342,1.000000,1.800000,0.096821
-0.641642,1.000000,1.800000,0.096841
-0.640941,1.000000,1.800000,0.096861
-0.640240,1.000000,1.800000,0.096881
-0.639540,1.000000,1.800000,0.096902
-0.638839,1.000000,1.800000,0.096922
-0.638138,1.000000,1.800000,0.096942
-0.637437,1.000000,1.800000,0.096962
-0.636737,1.000000,1.800000,0.096983
-0.636036,1.000000,1.800000,0.097003
-0.635335,1.000000,1.800000,0.097023
-0.634635,1.000000,1.800000,0.097044
-0.633934,1.000000,1.800000,0.097064
-0.633233,1.000000,1.800000,0.097085
-0.632533,1.000000,1.800000,0.097105
-0.631832,1.000000,1.800000,0.097126
-0.631131,1.000000,1.800000,0.097147
-0.630430,1.000000,1.800000,0.097167
-0.629730,1.000000,1.800000,0.097188
-0.629029,1.000000,1.800000,0.097208
-0.628328,1.000000,1.800000,0.097229
-0.627628,1.000000,1.800000,0.097250
-0.626927,1.000000,1.800000,0.097271
-0.626226,1.000000,1.800000,0.097291
-0.625526,1.000000,1.800000,0.097312
-0.624825,1.000000,1.800000,0.097333
-0.624124,1.000000,1.800000,0.097354
-0.623423,1.000000,1.800000,0.097375
-0.622723,1.000000,1.800000,0.097396
-0.622022,1.000000,1.800000,0.097417
-0.621321,1.000000,1.800000,0.097438
-0.620621,1.000000,1.800000,0.097459
-0.619920,1.000000,1.800000,0.097480
-0.619219,1.000000,1.800000,0.097501
-0.618519,1.000000,1.800000,0.097522
-0.617818,1.000000,1.800000,0.097543
-0.617117,1.000000,1.800000,0.097565
-0.616416,1.000000,1.800000,0.097586
-0.615716,1.000000,1.800000,0.097607
-0.615015,1.000000,1.800000,0.097628
-0.614314,1.000000,1.800000,0.097650
-0.613614,1.000000,1.800000,0.097671
-0.612913,1.000000,1.800000,0.097692
-0.612212,1.000000,1.800000,0.097714
-0.611512,1.000000,1.800000,0.097735
-0.610811,1.000000,1.800000,0.097757
-0.610110,1.000000,1.800000,0.097778
-0.609409,1.000000,1.800000,0.097800
-0.608709,1.000000,1.800000,0.097821
-0.608008,1.000000,1.800000,0.097843
-0.607307,1.000000,1.800000,0.097864
-0.606607,1.000000,1.800000,0.097886
-0.605906,1.000000,1.800000,0.097908
-0.605205,1.000000,1.800000,0.097929
-0.604505,1.000000,1.800000,0.097951
-0.603804,1.000000,1.800000,0.097973
-0.603103,1.000000,1.800000,0.097994
-0.602402,1.000000,1.800000,0.098016
-0.601702,1.000000,1.800000,0.098038
-0.601001,1.000000,1.800000,0.098060
-0.600300,1.000000,1.800000,0.098082
-0.599600,1.000000,1.800000,0.098104
-0.598899,1.000000,1.800000,0.098125
-0.598198,1.000000,1.800000,0.098147
-0.597497,1.000000,1.800000,0.098169
-0.596797,1.000000,1.800000,0.098191
-0.596096,1.000000,1.800000,0.098213
-0.595395,1.000000,1.800000,0.098235
-0.594695,1.000000,1.800000,0.098257
-0.593994,1.000000,1.800000,0.098280
-0.593293,1.000000,1.800000,0.098302
-0.592593,1.000000,1.800000,0.098324
-0.591892,1.000000,1.800000,0.098346
-0.591191,1.000000,1.800000,0.098368
-0.590490,1.000000,1.800000,0.098390
-0.589790,1.000000,1.800000,0.098413
-0.589089,1.000000,1.800000,0.098435
-0.588388,1.000000,1.800000,0.098457
-0.587688,1.000000,1.800000,0.098479
-0.586987,1.000000,1.800000,0.098502
-0.586286,1.000000,1.800000,0.098524
-0.585586,1.000000,1.800000,0.098547
-0.584885,1.000000,1.800000,0.098569
-0.584184,1.000000,1.800000,0.098592
-0.583483,1.000000,1.800000,0.098614
-0.582783,1.000000,1.800000,0.098636
-0.582082,1.000000,1.800000,0.098659
-0.581381,1.000000,1.800000,0.098681
-0.580681,1.000000,1.800000,0.098704
-0.579980,1.000000,1.800000,0.098727
-0.579279,1.000000,1.800000,0.098749
-0.578579,1.000000,1.800000,0.098772
-0.577878,1.000000,1.800000,0.098794
-0.577177,1.000000,1.800000,0.098817
-0.576476,1.000000,1.800000,0.098840
-0.575776,1.000000,1.800000,0.098862
-0.575075,1.000000,1.800000,0.098885
-0.574374,1.000000,1.800000,0.098908
-0.573674,1.000000,1.800000,0.098931
-0.572973,1.000000,1.800000,0.098953
-0.572272,1.000000,1.800000,0.098976
-0.571572,1.000000,1.800000,0.098999
-0.570871,1.000000,1.800000,0.099022
-0.570170,1.000000,1.800000,0.099045
-0.569469,1.000000,1.800000,0.099068
-0.568769,1.000000,1.800000,0.099091
-0.568068,1.000000,1.800000,0.099114
-0.567367,1.000000,1.800000,0.099136
-0.566667,1.000000,1.800000,0.099160
-0.565966,1.000000,1.800000,0.099182
-0.565265,1.000000,1.800000,0.099205
-0.564565,1.000000,1.800000,0.099228
-0.563864,1.000000,1.800000,0.099252
-0.563163,1.000000,1.800000,0.099275
-0.562462,1.000000,1.800000,0.099298
-0.561762,1.000000,1.800000,0.099321
-0.561061,1.000000,1.800000,0.099344
-0.560360,1.000000,1.800000,0.099367
-0.559660,1.000000,1.800000,0.099390
-0.558959,1.000000,1.800000,0.099414
-0.558258,1.000000,1.800000,0.099437
-0.557558,1.000000,1.800000,0.099460
-0.556857,1.000000,1.800000,0.099483
-0.556156,1.000000,1.800000,0.099506
-0.555455,1.000000,1.800000,0.099530
-0.554755,1.000000,1.800000,0.099553
-0.554054,1.000000,1.800000,0.099576
-0.553353,1.000000,1.800000,0.099600
-0.552653,1.000000,1.800000,0.099623
-0.551952,1.000000,1.800000,0.099646
-0.551251,1.000000,1.800000,0.099670
-0.550551,1.000000,1.800000,0.099693
-0.549850,1.000000,1.800000,0.099716
-0.549149,1.000000,1.800000,0.099740
-0.548448,1.000000,1.800000,0.099763
-0.547748,1.000000,1.800000,0.099787
-0.547047,1.000000,1.800000,0.099810
-0.546346,1.000000,1.800000,0.099834
-0.545646,1.000000,1.800000,0.099857
-0.544945,1.000000,1.800000,0.099881
-0.544244,1.000000,1.800000,0.099904
-0.543544,1.000000,1.800000,0.099928
-0.542843,1.000000,1.800000,0.099952
-0.542142,1.000000,1.800000,0.099975
-0.541441,1.000000,1.800000,0.099999
-0.540741,1.000000,1.800000,0.100022
-0.540040,1.000000,1.800000,0.100046
-0.539339,1.000000,1.800000,0.100070
-0.538639,1.000000,1.800000,0.100093
-0.537938,1.000000,1.800000,0.100117
-0.537237,1.000000,1.800000,0.100141
-0.536537,1.000000,1.800000,0.100164
-0.535836,1.000000,1.800000,0.100188
-0.535135,1.000000,1.800000,0.100212
-0.534434,1.000000,1.800000,0.100236
-0.533734,1.000000,1.800000,0.100259
-0.533033,1.000000,1.800000,0.100283
-0.532332,1.000000,1.800000,0.100307
-0.531632,1.000000,1.800000,0.100331
-0.530931,1.000000,1.800000,0.100355
-0.530230,1.000000,1.800000,0.100379
-0.529530,1.000000,1.800000,0.100402
-0.528829,1.000000,1.800000,0.100426
-0.528128,1.000000,1.800000,0.100450
-0.527427,1.000000,1.800000,0.100474
-0.526727,1.000000,1.800000,0.100498
-0.526026,1.000000,1.800000,0.100522
-0.525325,1.000000,1.800000,0.100546
-0.524625,1.000000,1.800000,0.100570
-0.523924,1.000000,1.800000,0.100594
-0.523223,1.000000,1.800000,0.100618
-0.522523,1.000000,1.800000,0.100642
-0.521822,1.000000,1.800000,0.100666
-0.521121,1.000000,1.800000,0.100690
-0.520420,1.000000,1.800000,0.100714
-0.519720,1.000000,1.800000,0.100738
-0.519019,1.000000,1.800000,0.100762
-0.518318,1.000000,1.800000,0.100786
-0.517618,1.000000,1.800000,0.100810
-0.516917,1.000000,1.800000,0.100834
-0.516216,1.000000,1.800000,0.100858
-0.515516,1.000000,1.800000,0.100882
-0.514815,1.000000,1.800000,0.100906
-0.514114,1.000000,1.800000,0.100930
-0.513413,1.000000,1.800000,0.100955
-0.512713,1.000000,1.800000,0.100979
-0.512012,1.000000,1.800000,0.101003
-0.511311,1.000000,1.800000,0.101027
-0.510611,1.000000,1.800000,0.101051
-0.509910,1.000000,1.800000,0.101076
-0.509209,1.000000,1.800000,0.101100
-0.508509,1.000000,1.800000,0.101124
-0.507808,1.000000,1.800000,0.101148
-0.507107,1.000000,1.800000,0.101172
-0.506406,1.000000,1.800000,0.101197
-0.505706,1.000000,1.800000,0.101221
-0.505005,1.000000,1.800000,0.101245
-0.504304,1.000000,1.800000,0.101270
-0.503604,1.000000,1.800000,0.101294
-0.502903,1.000000,1.800000,0.101318
-0.502202,1.000000,1.800000,0.101342
-0.501502,1.000000,1.800000,0.101367
-0.500801,1.000000,1.800000,0.101391
-0.500100,1.000000,1.800000,0.101416
-0.499399,1.000000,1.800000,0.101440
-0.498699,1.000000,1.800000,0.101464
-0.497998,1.000000,1.800000,0.101489
-0.497297,1.000000,1.800000,0.101513
-0.496597,1.000000,1.800000,0.101537
-0.495896,1.000000,1.800000,0.101562
-0.495195,1.000000,1.800000,0.101586
-0.494494,1.000000,1.800000,0.101611
-0.493794,1.000000,1.800000,0.101635
-0.493093,1.000000,1.800000,0.101660
-0.492392,1.000000,1.800000,0.101684
-0.491692,1.000000,1.800000,0.101709
-0.490991,1.000000,1.800000,0.101733
-0.490290,1.000000,1.800000,0.101758
-0.489590,1.000000,1.800000,0.101782
-0.488889,1.000000,1.800000,0.101807
-0.488188,1.000000,1.800000,0.101831
-0.487487,1.000000,1.800000,0.101856
-0.486787,1.000000,1.800000,0.101880
-0.486086,1.000000,1.800000,0.101905
-0.485385,1.000000,1.800000,0.101930
-0.484685,1.000000,1.800000,0.101954
-0.483984,1.000000,1.800000,0.101979
-0.483283,1.000000,1.800000,0.102004
-0.482583,1.000000,1.800000,0.102028
-0.481882,1.000000,1.800000,0.102053
-0.481181,1.000000,1.800000,0.102077
-0.480480,1.000000,1.800000,0.102102
-0.479780,1.000000,1.800000,0.102127
-0.479079,1.000000,1.800000,0.102151
-0.478378,1.000000,1.800000,0.102176
-0.477678,1.000000,1.800000,0.102201
-0.476977,1.000000,1.800000,0.102226
-0.476276,1.000000,1.800000,0.102250
-0.475576,1.000000,1.800000,0.102275
-0.474875,1.000000,1.800000,0.102300
-0.474174,1.000000,1.800000,0.102325
-0.473473,1.000000,1.800000,0.102349
-0.472773,1.000000,1.800000,0.102374
-0.472072,1.000000,1.800000,0.102399
-0.471371,1.000000,1.800000,0.102424
-0.470671,1.000000,1.800000,0.102449
-0.469970,1.000000,1.800000,0.102474
-0.469269,1.000000,1.800000,0.102499
-0.468569,1.000000,1.800000,0.102523
-0.467868,1.000000,1.800000,0.102548
-0.467167,1.000000,1.800000,0.102573
-0.466466,1.000000,1.800000,0.102598
-0.465766,1.000000,1.800000,0.102623
-0.465065,1.000000,1.800000,0.102648
-0.464364,1.000000,1.800000,0.102673
-0.463664,1.000000,1.800000,0.102698
-0.462963,1.000000,1.800000,0.102723
-0.462262,1.000000,1.800000,0.102748
-0.461562,1.000000,1.800000,0.102773
-0.460861,1.000000,1.800000,0.102798
-0.460160,1.000000,1.800000,0.102823
-0.459459,1.000000,1.800000,0.102848
-0.458759,1.000000,1.800000,0.102873
-0.458058,1.000000,1.800000,0.102898
-0.457357,1.000000,1.800000,0.102923
-0.456657,1.000000,1.800000,0.102949
-0.455956,1.000000,1.800000,0.102974
-0.455255,1.000000,1.800000,0.102999
-0.454555,1.000000,1.800000,0.103024
-0.453854,1.000000,1.800000,0.103049
-0.453153,1.000000,1.800000,0.103075
-0.452452,1.000000,1.800000,0.103100
-0.451752,1.000000,1.800000,0.103125
-0.451051,1.000000,1.800000,0.103150
-0.450350,1.000000,1.800000,0.103176
-0.449650,1.000000,1.800000,0.103201
-0.448949,1.000000,1.800000,0.103226
-0.448248,1.000000,1.800000,0.103252
-0.447548,1.000000,1.800000,0.103277
-0.446847,1.000000,1.800000,0.103302
-0.446146,1.000000,1.800000,0.103328
-0.445445,1.000000,1.800000,0.103353
-0.444745,1.000000,1.800000,0.103379
-0.444044,1.000000,1.800000,0.103404
-0.443343,1.000000,1.800000,0.103430
-0.442643,1.000000,1.800000,0.103455
-0.441942,1.000000,1.800000,0.103481
-0.441241,1.000000,1.800000,0.103507
-0.440541,1.000000,1.800000,0.103532
-0.439840,1.000000,1.800000,0.103558
-0.439139,1.000000,1.800000,0.103584
-0.438438,1.000000,1.800000,0.103609
-0.437738,1.000000,1.800000,0.103635
-0.437037,1.000000,1.800000,0.103661
-0.436336,1.000000,1.800000,0.103686
-0.435636,1.000000,1.800000,0.103712
-0.434935,1.000000,1.800000,0.103738
-0.434234,1.000000,1.800000,0.103764
-0.433534,1.000000,1.800000,0.103790
-0.432833,1.000000,1.800000,0.103816
-0.432132,1.000000,1.800000,0.103842
-0.431431,1.000000,1.800000,0.103868
-0.430731,1.000000,1.800000,0.103894
-0.430030,1.000000,1.800000,0.103920
-0.429329,1.000000,1.800000,0.103946
-0.428629,1.000000,1.800000,0.103972
-0.427928,1.000000,1.800000,0.103998
-0.427227,1.000000,1.800000,0.104025
-0.426527,1.000000,1.800000,0.104051
-0.425826,1.000000,1.800000,0.104077
-0.425125,1.000000,1.800000,0.104103
-0.424424,1.000000,1.800000,0.104130
-0.423724,1.000000,1.800000,0.104156
-0.423023,1.000000,1.800000,0.104183
-0.422322,1.000000,1.800000,0.104209
-0.421622,1.000000,1.800000,0.104236
-0.420921,1.000000,1.800000,0.104262
-0.420220,1.000000,1.800000,0.104289
-0.419520,1.000000,1.800000,0.104316
-0.418819,1.000000,1.800000,0.104342
-0.418118,1.000000,1.800000,0.104369
-0.417417,1.000000,1.800000,0.104396
-0.416717,1.000000,1.800000,0.104423
-0.416016,1.000000,1.800000,0.104449
-0.415315,1.000000,1.800000,0.104476
-0.414615,1.000000,1.800000,0.104503
-0.413914,1.000000,1.800000,0.104530
-0.413213,1.000000,1.800000,0.104557
-0.412513,1.000000,1.800000,0.104585
-0.411812,1.000000,1.800000,0.104612
-0.411111,1.000000,1.800000,0.104639
-0.410410,1.000000,1.800000,0.104666
-0.409710,1.000000,1.800000,0.104694
-0.409009,1.000000,1.800000,0.104721
-0.408308,1.000000,1.800000,0.104749
-0.407608,1.000000,1.800000,0.104776
-0.406907,1.000000,1.800000,0.104804
-0.406206,1.000000,1.800000,0.104832
-0.405506,1.000000,1.800000,0.104859
-0.404805,1.000000,1.800000,0.104887
-0.404104,1.000000,1.800000,0.104915
-0.403403,1.000000,1.800000,0.104943
-0.402703,1.000000,1.800000,0.104971
-0.402002,1.000000,1.800000,0.104999
-0.401301,1.000000,1.800000,0.105027
-0.400601,1.000000,1.800000,0.105056
-0.399900,1.000000,1.800000,0.105084
-0.399199,1.000000,1.800000,0.105112
-0.398498,1.000000,1.800000,0.105141
-0.397798,1.000000,1.800000,0.105170
-0.397097,1.000000,1.800000,0.105198
-0.396396,1.000000,1.800000,0.105227
-0.395696,1.000000,1.800000,0.105256
-0.394995,1.000000,1.800000,0.105285
-0.394294,1.000000,1.800000,0.105314
-0.393594,1.000000,1.800000,0.105343
-0.392893,1.000000,1.800000,0.105372
-0.392192,1.000000,1.800000,0.105401
-0.391491,1.000000,1.800000,0.105431
-0.390791,1.000000,1.800000,0.105460
-0.390090,1.000000,1.800000,0.105490
-0.389389,1.000000,1.800000,0.105519
-0.388689,1.000000,1.800000,0.105549
-0.387988,1.000000,1.800000,0.105579
-0.387287,1.000000,1.800000,0.105609
-0.386587,1.000000,1.800000,0.105639
-0.385886,1.000000,1.800000,0.105669
-0.385185,1.000000,1.800000,0.105700
-0.384484,1.000000,1.800000,0.105730
-0.383784,1.000000,1.800000,0.105761
-0.383083,1.000000,1.800000,0.105791
-0.382382,1.000000,1.800000,0.105822
-0.381682,1.000000,1.800000,0.105853
-0.380981,1.000000,1.800000,0.105884
-0.380280,1.000000,1.800000,0.105916
-0.379580,1.000000,1.800000,0.105947
-0.378879,1.000000,1.800000,0.105978
-0.378178,1.000000,1.800000,0.106010
-0.377477,1.000000,1.800000,0.106042
-0.376777,1.000000,1.800000,0.106074
-0.376076,1.000000,1.800000,0.106106
-0.375375,1.000000,1.800000,0.106138
-0.374675,1.000000,1.800000,0.106170
-0.373974,1.000000,1.800000,0.106203
-0.373273,1.000000,1.800000,0.106235
-0.372573,1.000000,1.800000,0.106268
-0.371872,1.000000,1.800000,0.106301
-0.371171,1.000000,1.800000,0.106334
-0.370470,1.000000,1.800000,0.106368
-0.369770,1.000000,1.800000,0.106401
-0.369069,1.000000,1.800000,0.106435
-0.368368,1.000000,1.800000,0.106469
-0.367668,1.000000,1.800000,0.106503
-0.366967,1.000000,1.800000,0.106537
-0.366266,1.000000,1.800000,0.106571
-0.365566,1.000000,1.800000,0.106606
-0.364865,1.000000,1.800000,0.106641
-0.364164,1.000000,1.800000,0.106676
-0.363463,1.000000,1.800000,0.106711
-0.362763,1.000000,1.800000,0.106746
-0.362062,1.000000,1.800000,0.106782
-0.361361,1.000000,1.800000,0.106818
-0.360661,1.000000,1.800000,0.106854
-0.359960,1.000000,1.800000,0.106890
-0.359259,1.000000,1.800000,0.106927
-0.358559,1.000000,1.800000,0.106963
-0.357858,1.000000,1.800000,0.107000
-0.357157,1.000000,1.800000,0.107037
-0.356456,1.000000,1.800000,0.107075
-0.355756,1.000000,1.800000,0.107113
-0.355055,1.000000,1.800000,0.107150
-0.354354,1.000000,1.800000,0.107189
-0.353654,1.000000,1.800000,0.107227
-0.352953,1.000000,1.800000,0.107266
-0.352252,1.000000,1.800000,0.107305
-0.351552,1.000000,1.800000,0.107344
-0.350851,1.000000,1.800000,0.107384
-0.350150,1.000000,1.800000,0.107424
-0.349449,1.000000,1.800000,0.107464
-0.348749,1.000000,1.800000,0.107504
-0.348048,1.000000,1.800000,0.107545
-0.347347,1.000000,1.800000,0.107586
-0.346647,1.000000,1.800000,0.107627
-0.345946,1.000000,1.800000,0.107669
-0.345245,1.000000,1.800000,0.107711
-0.344545,1.000000,1.800000,0.107753
-0.343844,1.000000,1.800000,0.107796
-0.343143,1.000000,1.800000,0.107839
-0.342442,1.000000,1.800000,0.107882
-0.341742,1.000000,1.800000,0.107926
-0.341041,1.000000,1.800000,0.107970
-0.340340,1.000000,1.800000,0.108015
-0.339640,1.000000,1.800000,0.108059
-0.338939,1.000000,1.800000,0.108104
-0.338238,1.000000,1.800000,0.108150
-0.337538,1.000000,1.800000,0.108196
-0.336837,1.000000,1.800000,0.108242
-0.336136,1.000000,1.800000,0.108289
-0.335435,1.000000,1.800000,0.108336
-0.334735,1.000000,1.800000,0.108384
-0.334034,1.000000,1.800000,0.108432
-0.333333,1.000000,1.800000,0.108480
-0.332633,1.000000,1.800000,0.108529
-0.331932,1.000000,1.800000,0.108578
-0.331231,1.000000,1.800000,0.108628
-0.330531,1.000000,1.800000,0.108678
-0.329830,1.000000,1.800000,0.108729
-0.329129,1.000000,1.800000,0.108780
-0.328428,1.000000,1.800000,0.108832
-0.327728,1.000000,1.800000,0.108884
-0.327027,1.000000,1.800000,0.108937
-0.326326,1.000000,1.800000,0.108990
-0.325626,1.000000,1.800000,0.109044
-0.324925,1.000000,1.800000,0.109098
-0.324224,1.000000,1.800000,0.109153
-0.323524,1.000000,1.800000,0.109208
-0.322823,1.000000,1.800000,0.109264
-0.322122,1.000000,1.800000,0.109320
-0.321421,1.000000,1.800000,0.109377
-0.320721,1.000000,1.800000,0.109435
-0.320020,1.000000,1.800000,0.109493
-0.319319,1.000000,1.800000,0.109552
-0.318619,1.000000,1.800000,0.109611
-0.317918,1.000000,1.800000,0.109671
-0.317217,1.000000,1.800000,0.109732
-0.316517,1.000000,1.800000,0.109793
-0.315816,1.000000,1.800000,0.109855
-0.315115,1.000000,1.800000,0.109917
-0.314414,1.000000,1.800000,0.109981
-0.313714,1.000000,1.800000,0.110044
-0.313013,1.000000,1.800000,0.110109
-0.312312,1.000000,1.800000,0.110174
-0.311612,1.000000,1.800000,0.110240
-0.310911,1.000000,1.800000,0.110307
-0.310210,1.000000,1.800000,0.110374
-0.309510,1.000000,1.800000,0.110442
-0.308809,1.000000,1.800000,0.110511
-0.308108,1.000000,1.800000,0.110581
-0.307407,1.000000,1.800000,0.110651
-0.306707,1.000000,1.800000,0.110723
-0.306006,1.000000,1.800000,0.110795
-0.305305,1.000000,1.800000,0.110868
-0.304605,1.000000,1.800000,0.110941
-0.303904,1.000000,1.800000,0.111016
-0.303203,1.000000,1.800000,0.111091
-0.302503,1.000000,1.800000,0.111167
-0.301802,1.000000,1.800000,0.111244
-0.301101,1.000000,1.800000,0.111322
-0.300400,1.000000,1.800000,0.111401
-0.299700,1.000000,1.800000,0.111481
-0.298999,1.000000,1.800000,0.111561
-0.298298,1.000000,1.800000,0.111643
-0.297598,1.000000,1.800000,0.111725
-0.296897,1.000000,1.800000,0.111809
-0.296196,1.000000,1.800000,0.111893
-0.295495,1.000000,1.800000,0.111978
-0.294795,1.000000,1.800000,0.112065
-0.294094,1.000000,1.800000,0.112152
-0.293393,1.000000,1.800000,0.112240
-0.292693,1.000000,1.800000,0.112330
-0.291992,1.000000,1.800000,0.112420
-0.291291,1.000000,1.800000,0.112511
-0.290591,1.000000,1.800000,0.112604
-0.289890,1.000000,1.800000,0.112697
-0.289189,1.000000,1.800000,0.112792
-0.288488,1.000000,1.800000,0.112888
-0.287788,1.000000,1.800000,0.112985
-0.287087,1.000000,1.800000,0.113083
-0.286386,1.000000,1.800000,0.113182
-0.285686,1.000000,1.800000,0.113282
-0.284985,1.000000,1.800000,0.113383
-0.284284,1.000000,1.800000,0.113485
-0.283584,1.000000,1.800000,0.113589
-0.282883,1.000000,1.800000,0.113694
-0.282182,1.000000,1.800000,0.113800
-0.281481,1.000000,1.800000,0.113907
-0.280781,1.000000,1.800000,0.114016
-0.280080,1.000000,1.800000,0.114125
-0.279379,1.000000,1.800000,0.114236
-0.278679,1.000000,1.800000,0.114348
-0.277978,1.000000,1.800000,0.114462
-0.277277,1.000000,1.800000,0.114576
-0.276577,1.000000,1.800000,0.114692
-0.275876,1.000000,1.800000,0.114809
-0.275175,1.000000,1.800000,0.114928
-0.274474,1.000000,1.800000,0.115048
-0.273774,1.000000,1.800000,0.115168
-0.273073,1.000000,1.800000,0.115291
-0.272372,1.000000,1.800000,0.115414
-0.271672,1.000000,1.800000,0.115539
-0.270971,1.000000,1.800000,0.115666
-0.270270,1.000000,1.800000,0.115793
-0.269570,1.000000,1.800000,0.115922
-0.268869,1.000000,1.800000,0.116052
-0.268168,1.000000,1.800000,0.116184
-0.267467,1.000000,1.800000,0.116317
-0.266767,1.000000,1.800000,0.116451
-0.266066,1.000000,1.800000,0.116587
-0.265365,1.000000,1.800000,0.116723
-0.264665,1.000000,1.800000,0.116862
-0.263964,1.000000,1.800000,0.117001
-0.263263,1.000000,1.800000,0.117142
-0.262563,1.000000,1.800000,0.117284
-0.261862,1.000000,1.800000,0.117428
-0.261161,1.000000,1.800000,0.117572
-0.260460,1.000000,1.800000,0.117719
-0.259760,1.000000,1.800000,0.117866
-0.259059,1.000000,1.800000,0.118015
-0.258358,1.000000,1.800000,0.118165
-0.257658,1.000000,1.800000,0.118316
-0.256957,1.000000,1.800000,0.118468
-0.256256,1.000000,1.800000,0.118622
-0.255556,1.000000,1.800000,0.118777
-0.254855,1.000000,1.800000,0.118933
-0.254154,1.000000,1.800000,0.119090
-0.253453,1.000000,1.800000,0.119249
-0.252753,1.000000,1.800000,0.119408
-0.252052,1.000000,1.800000,0.119569
-0.251351,1.000000,1.800000,0.119731
-0.250651,1.000000,1.800000,0.119894
-0.249950,1.000000,1.800000,0.120058
-0.249249,1.000000,1.800000,0.120223
-0.248549,1.000000,1.800000,0.120389
-0.247848,1.000000,1.800000,0.120555
-0.247147,1.000000,1.800000,0.120723
-0.246446,1.000000,1.800000,0.120892
-0.245746,1.000000,1.800000,0.121061
-0.245045,1.000000,1.800000,0.121231
-0.244344,1.000000,1.800000,0.121402
-0.243644,1.000000,1.800000,0.121574
-0.242943,1.000000,1.800000,0.121746
-0.242242,1.000000,1.800000,0.121919
-0.241542,1.000000,1.800000,0.122092
-0.240841,1.000000,1.800000,0.122266
-0.240140,1.000000,1.800000,0.122440
-0.239439,1.000000,1.800000,0.122614
-0.238739,1.000000,1.800000,0.122789
-0.238038,1.000000,1.800000,0.122964
-0.237337,1.000000,1.800000,0.123139
-0.236637,1.000000,1.800000,0.123314
-0.235936,1.000000,1.800000,0.123489
-0.235235,1.000000,1.800000,0.123663
-0.234535,1.000000,1.800000,0.123838
-0.233834,1.000000,1.800000,0.124012
-0.233133,1.000000,1.800000,0.124186
-0.232432,1.000000,1.800000,0.124359
-0.231732,1.000000,1.800000,0.124531
-0.231031,1.000000,1.800000,0.124703
-0.230330,1.000000,1.800000,0.124873
-0.229630,1.000000,1.800000,0.125043
-0.228929,1.000000,1.800000,0.125212
-0.228228,1.000000,1.800000,0.125379
-0.227528,1.000000,1.800000,0.125544
-0.226827,1.000000,1.800000,0.125709
-0.226126,1.000000,1.800000,0.125871
-0.225425,1.000000,1.800000,0.126031
-0.224725,1.000000,1.800000,0.126189
-0.224024,1.000000,1.800000,0.126345
-0.223323,1.000000,1.800000,0.126499
-0.222623,1.000000,1.800000,0.126650
-0.221922,1.000000,1.800000,0.126797
-0.221221,1.000000,1.800000,0.126942
-0.220521,1.000000,1.800000,0.127084
-0.219820,1.000000,1.800000,0.127222
-0.219119,1.000000,1.800000,0.127356
-0.218418,1.000000,1.800000,0.127486
-0.217718,1.000000,1.800000,0.127611
-0.217017,1.000000,1.800000,0.127733
-0.216316,1.000000,1.800000,0.127849
-0.215616,1.000000,1.800000,0.127960
-0.214915,1.000000,1.800000,0.128066
-0.214214,1.000000,1.800000,0.128165
-0.213514,1.000000,1.800000,0.128259
-0.212813,1.000000,1.800000,0.128346
-0.212112,1.000000,1.800000,0.128427
-0.211411,1.000000,1.800000,0.128500
-0.210711,1.000000,1.800000,0.128566
-0.210010,1.000000,1.800000,0.128623
-0.209309,1.000000,1.800000,0.128673
-0.208609,1.000000,1.800000,0.128713
-0.207908,1.000000,1.800000,0.128744
-0.207207,1.000000,1.800000,0.128766
-0.206507,1.000000,1.800000,0.128778
-0.205806,1.000000,1.800000,0.128779
-0.205105,1.000000,1.800000,0.128769
-0.204404,1.000000,1.800000,0.128748
-0.203704,1.000000,1.800000,0.128715
-0.203003,1.000000,1.800000,0.128669
-0.202302,1.000000,1.800000,0.128611
-0.201602,1.000000,1.800000,0.128539
-0.200901,1.000000,1.800000,0.128454
-0.200200,1.000000,1.800000,0.128354
-0.199499,1.000000,1.800000,0.128240
-0.198799,1.000000,1.800000,0.128110
-0.198098,1.000000,1.800000,0.127965
-0.197397,1.000000,1.800000,0.127804
-0.196697,1.000000,1.800000,0.127627
-0.195996,1.000000,1.800000,0.127433
-0.195295,1.000000,1.800000,0.127223
-0.194595,1.000000,1.800000,0.126995
-0.193894,1.000000,1.800000,0.126750
-0.193193,1.000000,1.800000,0.126488
-0.192492,1.000000,1.800000,0.126208
-0.191792,1.000000,1.800000,0.125911
-0.191091,1.000000,1.800000,0.125596
-0.190390,1.000000,1.800000,0.125264
-0.189690,1.000000,1.800000,0.124915
-0.188989,1.000000,1.800000,0.124549
-0.188288,1.000000,1.800000,0.124167
-0.187588,1.000000,1.800000,0.123769
-0.186887,1.000000,1.800000,0.123356
-0.186186,1.000000,1.800000,0.122928
-0.185485,1.000000,1.800000,0.122486
-0.184785,1.000000,1.800000,0.122032
-0.184084,1.000000,1.800000,0.121565
-0.183383,1.000000,1.800000,0.121087
-0.182683,1.000000,1.800000,0.120600
-0.181982,1.000000,1.800000,0.120104
-0.181281,1.000000,1.800000,0.119601
-0.180581,1.000000,1.800000,0.119091
-0.179880,1.000000,1.800000,0.118578
-0.179179,1.000000,1.800000,0.118060
-0.178478,1.000000,1.800000,0.117541
-0.177778,1.000000,1.800000,0.117022
-0.177077,1.000000,1.800000,0.116504
-0.176376,1.000000,1.800000,0.115988
-0.175676,1.000000,1.800000,0.115476
-0.174975,1.000000,1.800000,0.114970
-0.174274,1.000000,1.800000,0.114469
-0.173574,1.000000,1.800000,0.113977
-0.172873,1.000000,1.800000,0.113493
-0.172172,1.000000,1.800000,0.113019
-0.171471,1.000000,1.800000,0.112556
-0.170771,1.000000,1.800000,0.112105
-0.170070,1.000000,1.800000,0.111666
-0.169369,1.000000,1.800000,0.111240
-0.168669,1.000000,1.800000,0.110827
-0.167968,1.000000,1.800000,0.110429
-0.167267,1.000000,1.800000,0.110045
-0.166567,1.000000,1.800000,0.109676
-0.165866,1.000000,1.800000,0.109322
-0.165165,1.000000,1.800000,0.108982
-0.164464,1.000000,1.800000,0.108657
-0.163764,1.000000,1.800000,0.108348
-0.163063,1.000000,1.800000,0.108053
-0.162362,1.000000,1.800000,0.107772
-0.161662,1.000000,1.800000,0.107506
-0.160961,1.000000,1.800000,0.107253
-0.160260,1.000000,1.800000,0.107014
-0.159560,1.000000,1.800000,0.106789
-0.158859,1.000000,1.800000,0.106576
-0.158158,1.000000,1.800000,0.106376
-0.157457,1.000000,1.800000,0.106187
-0.156757,1.000000,1.800000,0.106011
-0.156056,1.000000,1.800000,0.105845
-0.155355,1.000000,1.800000,0.105690
-0.154655,1.000000,1.800000,0.105546
-0.153954,1.000000,1.800000,0.105411
-0.153253,1.000000,1.800000,0.105286
-0.152553,1.000000,1.800000,0.105170
-0.151852,1.000000,1.800000,0.105063
-0.151151,1.000000,1.800000,0.104964
-0.150450,1.000000,1.800000,0.104873
-0.149750,1.000000,1.800000,0.104790
-0.149049,1.000000,1.800000,0.104714
-0.148348,1.000000,1.800000,0.104645
-0.147648,1.000000,1.800000,0.104582
-0.146947,1.000000,1.800000,0.104526
-0.146246,1.000000,1.800000,0.104476
-0.145546,1.000000,1.800000,0.104433
-0.144845,1.000000,1.800000,0.104394
-0.144144,1.000000,1.800000,0.104361
-0.143443,1.000000,1.800000,0.104334
-0.142743,1.000000,1.800000,0.104311
-0.142042,1.000000,1.800000,0.104293
-0.141341,1.000000,1.800000,0.104280
-0.140641,1.000000,1.800000,0.104271
-0.139940,1.000000,1.800000,0.104267
-0.139239,1.000000,1.800000,0.104268
-0.138539,1.000000,1.800000,0.104272
-0.137838,1.000000,1.800000,0.104280
-0.137137,1.000000,1.800000,0.104293
-0.136436,1.000000,1.800000,0.104309
-0.135736,1.000000,1.800000,0.104329
-0.135035,1.000000,1.800000,0.104353
-0.134334,1.000000,1.800000,0.104380
-0.133634,1.000000,1.800000,0.104412
-0.132933,1.000000,1.800000,0.104447
-0.132232,1.000000,1.800000,0.104485
-0.131532,1.000000,1.800000,0.104528
-0.130831,1.000000,1.800000,0.104574
-0.130130,1.000000,1.800000,0.104623
-0.129429,1.000000,1.800000,0.104676
-0.128729,1.000000,1.800000,0.104733
-0.128028,1.000000,1.800000,0.104793
-0.127327,1.000000,1.800000,0.104857
-0.126627,1.000000,1.800000,0.104925
-0.125926,1.000000,1.800000,0.104996
-0.125225,1.000000,1.800000,0.105072
-0.124525,1.000000,1.800000,0.105151
-0.123824,1.000000,1.800000,0.105234
-0.123123,1.000000,1.800000,0.105321
-0.122422,1.000000,1.800000,0.105412
-0.121722,1.000000,1.800000,0.105508
-0.121021,1.000000,1.800000,0.105607
-0.120320,1.000000,1.800000,0.105712
-0.119620,1.000000,1.800000,0.105820
-0.118919,1.000000,1.800000,0.105934
-0.118218,1.000000,1.800000,0.106051
-0.117518,1.000000,1.800000,0.106174
-0.116817,1.000000,1.800000,0.106302
-0.116116,1.000000,1.800000,0.106435
-0.115415,1.000000,1.800000,0.106573
-0.114715,1.000000,1.800000,0.106717
-0.114014,1.000000,1.800000,0.106867
-0.113313,1.000000,1.800000,0.107022
-0.112613,1.000000,1.800000,0.107183
-0.111912,1.000000,1.800000,0.107351
-0.111211,1.000000,1.800000,0.107524
-0.110511,1.000000,1.800000,0.107705
-0.109810,1.000000,1.800000,0.107893
-0.109109,1.000000,1.800000,0.108087
-0.108408,1.000000,1.800000,0.108289
-0.107708,1.000000,1.800000,0.108499
-0.107007,1.000000,1.800000,0.108716
-0.106306,1.000000,1.800000,0.108942
-0.105606,1.000000,1.800000,0.109176
-0.104905,1.000000,1.800000,0.109419
-0.104204,1.000000,1.800000,0.109671
-0.103504,1.000000,1.800000,0.109932
-0.102803,1.000000,1.800000,0.110203
-0.102102,1.000000,1.800000,0.110484
-0.101401,1.000000,1.800000,0.110776
-0.100701,1.000000,1.800000,0.111078
-0.100000,1.000000,1.800000,0.111392
-0.800000,1.000000,2.000000,0.095304
-0.799299,1.000000,2.000000,0.095320
-0.798599,1.000000,2.000000,0.095337
-0.797898,1.000000,2.000000,0.095354
-0.797197,1.000000,2.000000,0.095371
-0.796496,1.000000,2.000000,0.095387
-0.795796,1.000000,2.000000,0.095404
-0.795095,1.000000,2.000000,0.095421
-0.794394,1.000000,2.000000,0.095438
-0.793694,1.000000,2.000000,0.095455
-0.792993,1.000000,2.000000,0.095472
-0.792292,1.000000,2.000000,0.095489
-0.791592,1.000000,2.000000,0.095506
-0.790891,1.000000,2.000000,0.095523
-0.790190,1.000000,2.000000,0.095540
-0.789489,1.000000,2.000000,0.095557
-0.788789,1.000000,2.000000,0.095574
-0.788088,1.000000,2.000000,0.095591
-0.787387,1.000000,2.000000,0.095609
-0.786687,1.000000,2.000000,0.095626
-0.785986,1.000000,2.000000,0.095643
-0.785285,1.000000,2.000000,0.095661
-0.784585,1.000000,2.000000,0.095678
-0.783884,1.000000,2.000000,0.095696
-0.783183,1.000000,2.000000,0.095713
-0.782482,1.000000,2.000000,0.095730
-0.781782,1.000000,2.000000,0.095748
-0.781081,1.000000,2.000000,0.095766
-0.780380,1.000000,2.000000,0.095783
-0.779680,1.000000,2.000000,0.095801
-0.778979,1.000000,2.000000,0.095819
-0.778278,1.000000,2.000000,0.095836
-0.777578,1.000000,2.000000,0.095854
-0.776877,1.000000,2.000000,0.095872
-0.776176,1.000000,2.000000,0.095890
-0.775475,1.000000,2.000000,0.095908
-0.774775,1.000000,2.000000,0.095926
-0.774074,1.000000,2.000000,0.095944
-0.773373,1.000000,2.000000,0.095961
-0.772673,1.000000,2.000000,0.095979
-0.771972,1.000000,2.000000,0.095998
-0.771271,1.000000,2.000000,0.096016
-0.770571,1.000000,2.000000,0.096034
-0.769870,1.000000,2.000000,0.096052
-0.769169,1.000000,2.000000,0.096070
-0.768468,1.000000,2.000000,0.096088
-0.767768,1.000000,2.000000,0.096107
-0.767067,1.000000,2.000000,0.096125
-0.766366,1.000000,2.000000,0.096143
-0.765666,1.000000,2.000000,0.096162
-0.764965,1.000000,2.000000,0.096180
-0.764264,1.000000,2.000000,0.096199
-0.763564,1.000000,2.000000,0.096217
-0.762863,1.000000,2.000000,0.096236
-0.762162,1.000000,2.000000,0.096254
-0.761461,1.000000,2.000000,0.096273
-0.760761,1.000000,2.000000,0.096291
-0.760060,1.000000,2.000000,0.096310
-0.759359,1.000000,2.000000,0.096329
-0.758659,1.000000,2.000000,0.096347
-0.757958,1.000000,2.000000,0.096366
-0.757257,1.000000,2.000000,0.096385
-0.756557,1.000000,2.000000,0.096404
-0.755856,1.000000,2.000000,0.096423
-0.755155,1.000000,2.000000,0.096442
-0.754454,1.000000,2.000000,0.096461
-0.753754,1.000000,2.000000,0.096479
-0.753053,1.000000,2.000000,0.096499
-0.752352,1.000000,2.000000,0.096518
-0.751652,1.000000,2.000000,0.096537
-0.750951,1.000000,2.000000,0.096556
-0.750250,1.000000,2.000000,0.096575
-0.749550,1.000000,2.000000,0.096594
-0.748849,1.000000,2.000000,0.096613
-0.748148,1.000000,2.000000,0.096633
-0.747447,1.000000,2.000000,0.096652
-0.746747,1.000000,2.000000,0.096671
-0.746046,1.000000,2.000000,0.096691
-0.745345,1.000000,2.000000,0.096710
-0.744645,1.000000,2.000000,0.096729
-0.743944,1.000000,2.000000,0.096749
-0.743243,1.000000,2.000000,0.096768
-0.742543,1.000000,2.000000,0.096788
-0.741842,1.000000,2.000000,0.096807
-0.741141,1.000000,2.000000,0.096827
-0.740440,1.000000,2.000000,0.096846
-0.739740,1.000000,2.000000,0.096866
-0.739039,1.000000,2.000000,0.096886
-0.738338,1.000000,2.000000,0.096905
-0.737638,1.000000,2.000000,0.096925
-0.736937,1.000000,2.000000,0.096945
-0.736236,1.000000,2.000000,0.096965
-0.735536,1.000000,2.000000,0.096985
-0.734835,1.000000,2.000000,0.097004
-0.734134,1.000000,2.000000,0.097024
-0.733433,1.000000,2.000000,0.097044
-0.732733,1.000000,2.000000,0.097064
-0.732032,1.000000,2.000000,0.097084
-0.731331,1.000000,2.000000,0.097104
-0.730631,1.000000,2.000000,0.097124
-0.729930,1.000000,2.000000,0.097144
-0.729229,1.000000,2.000000,0.097164
-0.728529,1.000000,2.000000,0.097185
-0.727828,1.000000,2.000000,0.097205
-0.727127,1.000000,2.000000,0.097225
-0.726426,1.000000,2.000000,0.097245
-0.725726,1.000000,2.000000,0.097265
-0.725025,1.000000,2.000000,0.097286
-0.724324,1.000000,2.000000,0.097306
-0.723624,1.000000,2.000000,0.097326
-0.722923,1.000000,2.000000,0.097347
-0.722222,1.000000,2.000000,0.097367
-0.721522,1.000000,2.000000,0.097388
-0.720821,1.000000,2.000000,0.097408
-0.720120,1.000000,2.000000,0.097429
-0.719419,1.000000,2.000000,0.097449
-0.718719,1.000000,2.000000,0.097470
-0.718018,1.000000,2.000000,0.097490
-0.717317,1.000000,2.000000,0.097511
-0.716617,1.000000,2.000000,0.097532
-0.715916,1.000000,2.000000,0.097552
-0.715215,1.000000,2.000000,0.097573
-0.714515,1.000000,2.000000,0.097594
-0.713814,1.000000,2.000000,0.097614
-0.713113,1.000000,2.000000,0.097635
-0.712412,1.000000,2.000000,0.097656
-0.711712,1.000000,2.000000,0.097677
-0.711011,1.000000,2.000000,0.097698
-0.710310,1.000000,2.000000,0.097719
-0.709610,1.000000,2.000000,0.097740
-0.708909,1.000000,2.000000,0.097761
-0.708208,1.000000,2.000000,0.097781
-0.707508,1.000000,2.000000,0.097803
-0.706807,1.000000,2.000000,0.097824
-0.706106,1.000000,2.000000,0.097845
-0.705405,1.000000,2.000000,0.097866
-0.704705,1.000000,2.000000,0.097887
-0.704004,1.000000,2.000000,0.097908
-0.703303,1.000000,2.000000,0.097929
-0.702603,1.000000,2.000000,0.097950
-0.701902,1.000000,2.000000,0.097972
-0.701201,1.000000,2.000000,0.097993
-0.700501,1.000000,2.000000,0.098014
-0.699800,1.000000,2.000000,0.098035
-0.699099,1.000000,2.000000,0.098057
-0.698398,1.000000,2.000000,0.098078
-0.697698,1.000000,2.000000,0.098099
-0.696997,1.000000,2.000000,0.098121
-0.696296,1.000000,2.000000,0.098142
-0.695596,1.000000,2.000000,0.098164
-0.694895,1.000000,2.000000,0.098185
-0.694194,1.000000,2.000000,0.098207
-0.693493,1.000000,2.000000,0.098228
-0.692793,1.000000,2.000000,0.098250
-0.692092,1.000000,2.000000,0.098271
-0.691391,1.000000,2.000000,0.098293
-0.690691,1.000000,2.000000,0.098314
-0.689990,1.000000,2.000000,0.098336
-0.689289,1.000000,2.000000,0.098358
-0.688589,1.000000,2.000000,0.098379
-0.687888,1.000000,2.000000,0.098401
-0.687187,1.000000,2.000000,0.098423
-0.686486,1.000000,2.000000,0.098445
-0.685786,1.000000,2.000000,0.098466
-0.685085,1.000000,2.000000,0.098488
-0.684384,1.000000,2.000000,0.098510
-0.683684,1.000000,2.000000,0.098532
-0.682983,1.000000,2.000000,0.098554
-0.682282,1.000000,2.000000,0.098576
-0.681582,1.000000,2.000000,0.098597
-0.680881,1.000000,2.000000,0.098619
-0.680180,1.000000,2.000000,0.098641
-0.679479,1.000000,2.000000,0.098663
-0.678779,1.000000,2.000000,0.098685
-0.678078,1.000000,2.000000,0.098707
-0.677377,1.000000,2.000000,0.098729
-0.676677,1.000000,2.000000,0.098751
-0.675976,1.000000,2.000000,0.098773
-0.675275,1.000000,2.000000,0.098795
-0.674575,1.000000,2.000000,0.098818
-0.673874,1.000000,2.000000,0.098840
-0.673173,1.000000,2.000000,0.098862
-0.672472,1.000000,2.000000,0.098884
-0.671772,1.000000,2.000000,0.098906
-0.671071,1.000000,2.000000,0.098928
-0.670370,1.000000,2.000000,0.098951
-0.669670,1.000000,2.000000,0.098973
-0.668969,1.000000,2.000000,0.098995
-0.668268,1.000000,2.000000,0.099017
-0.667568,1.000000,2.000000,0.099040
-0.666867,1.000000,2.000000,0.099062
-0.666166,1.000000,2.000000,0.099084
-0.665465,1.000000,2.000000,0.099107
-0.664765,1.000000,2.000000,0.099129
-0.664064,1.000000,2.000000,0.099151
-0.663363,1.000000,2.000000,0.099174
-0.662663,1.000000,2.000000,0.099196
-0.661962,1.000000,2.000000,0.099219
-0.661261,1.000000,2.000000,0.099241
-0.660561,1.000000,2.000000,0.099264
-0.659860,1.000000,2.000000,0.099286
-0.659159,1.000000,2.000000,0.099309
-0.658458,1.000000,2.000000,0.099331
-0.657758,1.000000,2.000000,0.099354
-0.657057,1.000000,2.000000,0.099376
-0.656356,1.000000,2.000000,0.099399
-0.655656,1.000000,2.000000,0.099421
-0.654955,1.000000,2.000000,0.099444
-0.654254,1.000000,2.000000,0.099467
-0.653554,1.000000,2.000000,0.099489
-0.652853,1.000000,2.000000,0.099512
-0.652152,1.000000,2.000000,0.099534
-0.651451,1.000000,2.000000,0.099557
-0.650751,1.000000,2.000000,0.099580
-0.650050,1.000000,2.000000,0.099602
-0.649349,1.000000,2.000000,0.099625
-0.648649,1.000000,2.000000,0.099648
-0.647948,1.000000,2.000000,0.099671
-0.647247,1.000000,2.000000,0.099693
-0.646547,1.000000,2.000000,0.099716
-0.645846,1.000000,2.000000,0.099739
-0.645145,1.000000,2.000000,0.099762
-0.644444,1.000000,2.000000,0.099784
-0.643744,1.000000,2.000000,0.099807
-0.643043,1.000000,2.000000,0.099830
-0.642342,1.000000,2.000000,0.099853
-0.641642,1.000000,2.000000,0.099876
-0.640941,1.000000,2.000000,0.099899
-0.640240,1.000000,2.000000,0.099921
-0.639540,1.000000,2.000000,0.099944
-0.638839,1.000000,2.000000,0.099967
-0.638138,1.000000,2.000000,0.099990
-0.637437,1.000000,2.000000,0.100013
-0.636737,1.000000,2.000000,0.100036
-0.636036,1.000000,2.000000,0.100059
-0.635335,1.000000,2.000000,0.100082
-0.634635,1.000000,2.000000,0.100105
-0.633934,1.000000,2.000000,0.100128
-0.633233,1.000000,2.000000,0.100151
-0.632533,1.000000,2.000000,0.100174
-0.631832,1.000000,2.000000,0.100197
-0.631131,1.000000,2.000000,0.100220
-0.630430,1.000000,2.000000,0.100243
-0.629730,1.000000,2.000000,0.100266
-0.629029,1.000000,2.000000,0.100289
-0.628328,1.000000,2.000000,0.100312
-0.627628,1.000000,2.000000,0.100335
-0.626927,1.000000,2.000000,0.100358
-0.626226,1.000000,2.000000,0.100381
-0.625526,1.000000,2.000000,0.100404
-0.624825,1.000000,2.000000,0.100427
-0.624124,1.000000,2.000000,0.100450
-0.623423,1.000000,2.000000,0.100473
-0.622723,1.000000,2.000000,0.100496
-0.622022,1.000000,2.000000,0.100520
-0.621321,1.000000,2.000000,0.100543
-0.620621,1.000000,2.000000,0.100566
-0.619920,1.000000,2.000000,0.100589
-0.619219,1.000000,2.000000,0.100612
-0.618519,1.000000,2.000000,0.100635
-0.617818,1.000000,2.000000,0.100658
-0.617117,1.000000,2.000000,0.100681
-0.616416,1.000000,2.000000,0.100705
-0.615716,1.000000,2.000000,0.100728
-0.615015,1.000000,2.000000,0.100751
-0.614314,1.000000,2.000000,0.100774
-0.613614,1.000000,2.000000,0.100797
-0.612913,1.000000,2.000000,0.100820
-0.612212,1.000000,2.000000,0.100843
-0.611512,1.000000,2.000000,0.100867
-0.610811,1.000000,2.000000,0.100890
-0.610110,1.000000,2.000000,0.100913
-0.609409,1.000000,2.000000,0.100936
-0.608709,1.000000,2.000000,0.100960
-0.608008,1.000000,2.000000,0.100983
-0.607307,1.000000,2.000000,0.101006
-0.606607,1.000000,2.000000,0.101029
-0.605906,1.000000,2.000000,0.101052
-0.605205,1.000000,2.000000,0.101076
-0.604505,1.000000,2.000000,0.101099
-0.603804,1.000000,2.000000,0.101122
-0.603103,1.000000,2.000000,0.101145
-0.602402,1.000000,2.000000,0.101168
-0.601702,1.000000,2.000000,0.101192
-0.601001,1.000000,2.000000,0.101215
-0.600300,1.000000,2.000000,0.101238
-0.599600,1.000000,2.000000,0.101261
-0.598899,1.000000,2.000000,0.101285
-0.598198,1.000000,2.000000,0.101308
-0.597497,1.000000,2.000000,0.101331
-0.596797,1.000000,2.000000,0.101354
-0.596096,1.000000,2.000000,0.101378
-0.595395,1.000000,2.000000,0.101401
-0.594695,1.000000,2.000000,0.101424
-0.593994,1.000000,2.000000,0.101447
-0.593293,1.000000,2.000000,0.101470
-0.592593,1.000000,2.000000,0.101494
-0.591892,1.000000,2.000000,0.101517
-0.591191,1.000000,2.000000,0.101540
-0.590490,1.000000,2.000000,0.101563
-0.589790,1.000000,2.000000,0.101587
-0.589089,1.000000,2.000000,0.101610
-0.588388,1.000000,2.000000,0.101633
-0.587688,1.000000,2.000000,0.101656
-0.586987,1.000000,2.000000,0.101680
-0.586286,1.000000,2.000000,0.101703
-0.585586,1.000000,2.000000,0.101726
-0.584885,1.000000,2.000000,0.101749
-0.584184,1.000000,2.000000,0.101773
-0.583483,1.000000,2.000000,0.101796
-0.582783,1.000000,2.000000,0.101819
-0.582082,1.000000,2.000000,0.101842
-0.581381,1.000000,2.000000,0.101866
-0.580681,1.000000,2.000000,0.101889
-0.579980,1.000000,2.000000,0.101912
-0.579279,1.000000,2.000000,0.101935
-0.578579,1.000000,2.000000,0.101958
-0.577878,1.000000,2.000000,0.101982
-0.577177,1.000000,2.000000,0.102005
-0.576476,1.000000,2.000000,0.102028
-0.575776,1.000000,2.000000,0.102051
-0.575075,1.000000,2.000000,0.102074
-0.574374,1.000000,2.000000,0.102098
-0.573674,1.000000,2.000000,0.102121
-0.572973,1.000000,2.000000,0.102144
-0.572272,1.000000,2.000000,0.102167
-0.571572,1.000000,2.000000,0.102190
-0.570871,1.000000,2.000000,0.102213
-0.570170,1.000000,2.000000,0.102237
-0.569469,1.000000,2.000000,0.102260
-0.568769,1.000000,2.000000,0.102283
-0.568068,1.000000,2.000000,0.102306
-0.567367,1.000000,2.000000,0.102329
-0.566667,1.000000,2.000000,0.102352
-0.565966,1.000000,2.000000,0.102376
-0.565265,1.000000,2.000000,0.102399
-0.564565,1.000000,2.000000,0.102422
-0.563864,1.000000,2.000000,0.102445
-0.563163,1.000000,2.000000,0.102468
-0.562462,1.000000,2.000000,0.102491
-0.561762,1.000000,2.000000,0.102514
-0.561061,1.000000,2.000000,0.102538
-0.560360,1.000000,2.000000,0.102561
-0.559660,1.000000,2.000000,0.102584
-0.558959,1.000000,2.000000,0.102607
-0.558258,1.000000,2.000000,0.102630
-0.557558,1.000000,2.000000,0.102653
-0.556857,1.000000,2.000000,0.102676
-0.556156,1.000000,2.000000,0.102699
-0.555455,1.000000,2.000000,0.102722
-0.554755,1.000000,2.000000,0.102745
-0.554054,1.000000,2.000000,0.102768
-0.553353,1.000000,2.000000,0.102791
-0.552653,1.000000,2.000000,0.102814
-0.551952,1.000000,2.000000,0.102837
-0.551251,1.000000,2.000000,0.102860
-0.550551,1.000000,2.000000,0.102883
-0.549850,1.000000,2.000000,0.102906
-0.549149,1.000000,2.000000,0.102929
-0.548448,1.000000,2.000000,0.102952
-0.547748,1.000000,2.000000,0.102975
-0.547047,1.000000,2.000000,0.102998
-0.546346,1.000000,2.000000,0.103021
-0.545646,1.000000,2.000000,0.103044
-0.544945,1.000000,2.000000,0.103067
-0.544244,1.000000,2.000000,0.103090
-0.543544,1.000000,2.000000,0.103113
-0.542843,1.000000,2.000000,0.103136
-0.542142,1.000000,2.000000,0.103159
-0.541441,1.000000,2.000000,0.103182
-0.540741,1.000000,2.000000,0.103205
-0.540040,1.000000,2.000000,0.103228
-0.539339,1.000000,2.000000,0.103251
-0.538639,1.000000,2.000000,0.103274
-0.537938,1.000000,2.000000,0.103297
-0.537237,1.000000,2.000000,0.103319
-0.536537,1.000000,2.000000,0.103342
-0.535836,1.000000,2.000000,0.103365
-0.535135,1.000000,2.000000,0.103388
-0.534434,1.000000,2.000000,0.103411
-0.533734,1.000000,2.000000,0.103434
-0.533033,1.000000,2.000000,0.103457
-0.532332,1.000000,2.000000,0.103479
-0.531632,1.000000,2.000000,0.103502
-0.530931,1.000000,2.000000,0.103525
-0.530230,1.000000,2.000000,0.103548
-0.529530,1.000000,2.000000,0.103571
-0.528829,1.000000,2.000000,0.103593
-0.528128,1.000000,2.000000,0.103616
-0.527427,1.000000,2.000000,0.103639
-0.526727,1.000000,2.000000,0.103662
-0.526026,1.000000,2.000000,0.103685
-0.525325,1.000000,2.000000,0.103707
-0.524625,1.000000,2.000000,0.103730
-0.523924,1.000000,2.000000,0.103753
-0.523223,1.000000,2.000000,0.103776
-0.522523,1.000000,2.000000,0.103798
-0.521822,1.000000,2.000000,0.103821
-0.521121,1.000000,2.000000,0.103844
-0.520420,1.000000,2.000000,0.103866
-0.519720,1.000000,2.000000,0.103889
-0.519019,1.000000,2.000000,0.103912
-0.518318,1.000000,2.000000,0.103934
-0.517618,1.000000,2.000000,0.103957
-0.516917,1.000000,2.000000,0.103980
-0.516216,1.000000,2.000000,0.104003
-0.515516,1.000000,2.000000,0.104025
-0.514815,1.000000,2.000000,0.104048
-0.514114,1.000000,2.000000,0.104070
-0.513413,1.000000,2.000000,0.104093
-0.512713,1.000000,2.000000,0.104116
-0.512012,1.000000,2.000000,0.104138
-0.511311,1.000000,2.000000,0.104161
-0.510611,1.000000,2.000000,0.104184
-0.509910,1.000000,2.000000,0.104206
-0.509209,1.000000,2.000000,0.104229
-0.508509,1.000000,2.000000,0.104251
-0.507808,1.000000,2.000000,0.104274
-0.507107,1.000000,2.000000,0.104297
-0.506406,1.000000,2.000000,0.104319
-0.505706,1.000000,2.000000,0.104342
-0.505005,1.000000,2.000000,0.104364
-0.504304,1.000000,2.000000,0.104387
-0.503604,1.000000,2.000000,0.104409
-0.502903,1.000000,2.000000,0.104432
-0.502202,1.000000,2.000000,0.104454
-0.501502,1.000000,2.000000,0.104477
-0.500801,1.000000,2.000000,0.104500
-0.500100,1.000000,2.000000,0.104522
-0.499399,1.000000,2.000000,0.104545
-0.498699,1.000000,2.000000,0.104567
-0.497998,1.000000,2.000000,0.104590
-0.497297,1.000000,2.000000,0.104612
-0.496597,1.000000,2.000000,0.104635
-0.495896,1.000000,2.000000,0.104657
-0.495195,1.000000,2.000000,0.104680
-0.494494,1.000000,2.000000,0.104702
-0.493794,1.000000,2.000000,0.104725
-0.493093,1.000000,2.000000,0.104747
-0.492392,1.000000,2.000000,0.104770
-0.491692,1.000000,2.000000,0.104792
-0.490991,1.000000,2.000000,0.104815
-0.490290,1.000000,2.000000,0.104837
-0.489590,1.000000,2.000000,0.104860
-0.488889,1.000000,2.000000,0.104882
-0.488188,1.000000,2.000000,0.104905
-0.487487,1.000000,2.000000,0.104927
-0.486787,1.000000,2.000000,0.104950
-0.486086,1.000000,2.000000,0.104972
-0.485385,1.000000,2.000000,0.104995
-0.484685,1.000000,2.000000,0.105017
-0.483984,1.000000,2.000000,0.105040
-0.483283,1.000000,2.000000,0.105062
-0.482583,1.000000,2.000000,0.105085
-0.481882,1.000000,2.000000,0.105107
-0.481181,1.000000,2.000000,0.105130
-0.480480,1.000000,2.000000,0.105152
-0.479780,1.000000,2.000000,0.105175
-0.479079,1.000000,2.000000,0.105197
-0.478378,1.000000,2.000000,0.105220
-0.477678,1.000000,2.000000,0.105242
-0.476977,1.000000,2.000000,0.105265
-0.476276,1.000000,2.000000,0.105287
-0.475576,1.000000,2.000000,0.105310
-0.474875,1.000000,2.000000,0.105332
-0.474174,1.000000,2.000000,0.105355
-0.473473,1.000000,2.000000,0.105377
-0.472773,1.000000,2.000000,0.105400
-0.472072,1.000000,2.000000,0.105422
-0.471371,1.000000,2.000000,0.105445
-0.470671,1.000000,2.000000,0.105468
-0.469970,1.000000,2.000000,0.105490
-0.469269,1.000000,2.000000,0.105513
-0.468569,1.000000,2.000000,0.105535
-0.467868,1.000000,2.000000,0.105558
-0.467167,1.000000,2.000000,0.105581
-0.466466,1.000000,2.000000,0.105603
-0.465766,1.000000,2.000000,0.105626
-0.465065,1.000000,2.000000,0.105649
-0.464364,1.000000,2.000000,0.105671
-0.463664,1.000000,2.000000,0.105694
-0.462963,1.000000,2.000000,0.105717
-0.462262,1.000000,2.000000,0.105739
-0.461562,1.000000,2.000000,0.105762
-0.460861,1.000000,2.000000,0.105785
-0.460160,1.000000,2.000000,0.105808
-0.459459,1.000000,2.000000,0.105830
-0.458759,1.000000,2.000000,0.105853
-0.458058,1.000000,2.000000,0.105876
-0.457357,1.000000,2.000000,0.105899
-0.456657,1.000000,2.000000,0.105922
-0.455956,1.000000,2.000000,0.105945
-0.455255,1.000000,2.000000,0.105968
-0.454555,1.000000,2.000000,0.105990
-0.453854,1.000000,2.000000,0.106013
-0.453153,1.000000,2.000000,0.106036
-0.452452,1.000000,2.000000,0.106059
-0.451752,1.000000,2.000000,0.106082
-0.451051,1.000000,2.000000,0.106105
-0.450350,1.000000,2.000000,0.106128
-0.449650,1.000000,2.000000,0.106152
-0.448949,1.000000,2.000000,0.106175
-0.448248,1.000000,2.000000,0.106198
-0.447548,1.000000,2.000000,0.106221
-0.446847,1.000000,2.000000,0.106244
-0.446146,1.000000,2.000000,0.106267
-0.445445,1.000000,2.000000,0.106291
-0.444745,1.000000,2.000000,0.106314
-0.444044,1.000000,2.000000,0.106337
-0.443343,1.000000,2.000000,0.106361
-0.442643,1.000000,2.000000,0.106384
-0.441942,1.000000,2.000000,0.106407
-0.441241,1.000000,2.000000,0.106431
-0.440541,1.000000,2.000000,0.106454
-0.439840,1.000000,2.000000,0.106478
-0.439139,1.000000,2.000000,0.106502
-0.438438,1.000000,2.000000,0.106525
-0.437738,1.000000,2.000000,0.106549
-0.437037,1.000000,2.000000,0.106573
-0.436336,1.000000,2.000000,0.106596
-0.435636,1.000000,2.000000,0.106620
-0.434935,1.000000,2.000000,0.106644
-0.434234,1.000000,2.000000,0.106668
-0.433534,1.000000,2.000000,0.106692
-0.432833,1.000000,2.000000,0.106716
-0.432132,1.000000,2.000000,0.106740
-0.431431,1.000000,2.000000,0.106764
-0.430731,1.000000,2.000000,0.106788
-0.430030,1.000000,2.000000,0.106812
-0.429329,1.000000,2.000000,0.106837
-0.428629,1.000000,2.000000,0.106861
-0.427928,1.000000,2.000000,0.106886
-0.427227,1.000000,2.000000,0.106910
-0.426527,1.000000,2.000000,0.106935
-0.425826,1.000000,2.000000,0.106959
-0.425125,1.000000,2.000000,0.106984
-0.424424,1.000000,2.000000,0.107008
-0.423724,1.000000,2.000000,0.107033
-0.423023,1.000000,2.000000,0.107058
-0.422322,1.000000,2.000000,0.107083
-0.421622,1.000000,2.000000,0.107108
-0.420921,1.000000,2.000000,0.107133
-0.420220,1.000000,2.000000,0.107158
-0.419520,1.000000,2.000000,0.107184
-0.418819,1.000000,2.000000,0.107209
-0.418118,1.000000,2.000000,0.107234
-0.417417,1.000000,2.000000,0.107260
-0.416717,1.000000,2.000000,0.107285
-0.416016,1.000000,2.000000,0.107311
-0.415315,1.000000,2.000000,0.107337
-0.414615,1.000000,2.000000,0.107363
-0.413914,1.000000,2.000000,0.107389
-0.413213,1.000000,2.000000,0.107415
-0.412513,1.000000,2.000000,0.107441
-0.411812,1.000000,2.000000,0.107467
-0.411111,1.000000,2.000000,0.107493
-0.410410,1.000000,2.000000,0.107520
-0.409710,1.000000,2.000000,0.107546
-0.409009,1.000000,2.000000,0.107573
-0.408308,1.000000,2.000000,0.107600
-0.407608,1.000000,2.000000,0.107626
-0.406907,1.000000,2.000000,0.107654
-0.406206,1.000000,2.000000,0.107681
-0.405506,1.000000,2.000000,0.107708
-0.404805,1.000000,2.000000,0.107735
-0.404104,1.000000,2.000000,0.107763
-0.403403,1.000000,2.000000,0.107790
-0.402703,1.000000,2.000000,0.107818
-0.402002,1.000000,2.000000,0.107846
-0.401301,1.000000,2.000000,0.107874
-0.400601,1.000000,2.000000,0.107902
-0.399900,1.000000,2.000000,0.107930
-0.399199,1.000000,2.000000,0.107959
-0.398498,1.000000,2.000000,0.107987
-0.397798,1.000000,2.000000,0.108016
-0.397097,1.000000,2.000000,0.108045
-0.396396,1.000000,2.000000,0.108074
-0.395696,1.000000,2.000000,0.108103
-0.394995,1.000000,2.000000,0.108133
-0.394294,1.000000,2.000000,0.108162
-0.393594,1.000000,2.000000,0.108192
-0.392893,1.000000,2.000000,0.108222
-0.392192,1.000000,2.000000,0.108252
-0.391491,1.000000,2.000000,0.108282
-0.390791,1.000000,2.000000,0.108312
-0.390090,1.000000,2.000000,0.108343
-0.389389,1.000000,2.000000,0.108374
-0.388689,1.000000,2.000000,0.108405
-0.387988,1.000000,2.000000,0.108436
-0.387287,1.000000,2.000000,0.108467
-0.386587,1.000000,2.000000,0.108499
-0.385886,1.000000,2.000000,0.108531
-0.385185,1.000000,2.000000,0.108563
-0.384484,1.000000,2.000000,0.108595
-0.383784,1.000000,2.000000,0.108627
-0.383083,1.000000,2.000000,0.108660
-0.382382,1.000000,2.000000,0.108693
-0.381682,1.000000,2.000000,0.108726
-0.380981,1.000000,2.000000,0.108759
-0.380280,1.000000,2.000000,0.108793
-0.379580,1.000000,2.000000,0.108827
-0.378879,1.000000,2.000000,0.108861
-0.378178,1.000000,2.000000,0.108895
-0.377477,1.000000,2.000000,0.108930
-0.376777,1.000000,2.000000,0.108965
-0.376076,1.000000,2.000000,0.109000
-0.375375,1.000000,2.000000,0.109035
-0.374675,1.000000,2.000000,0.109071
-0.373974,1.000000,2.000000,0.109107
-0.373273,1.000000,2.000000,0.109143
-0.372573,1.000000,2.000000,0.109180
-0.371872,1.000000,2.000000,0.109217
-0.371171,1.000000,2.000000,0.109254
-0.370470,1.000000,2.000000,0.109291
-0.369770,1.000000,2.000000,0.109329
-0.369069,1.000000,2.000000,0.109367
-0.368368,1.000000,2.000000,0.109406
-0.367668,1.000000,2.000000,0.109445
-0.366967,1.000000,2.000000,0.109484
-0.366266,1.000000,2.000000,0.109523
-0.365566,1.000000,2.000000,0.109563
-0.364865,1.000000,2.000000,0.109603
-0.364164,1.000000,2.000000,0.109644
-0.363463,1.000000,2.000000,0.109685
-0.362763,1.000000,2.000000,0.109726
-0.362062,1.000000,2.000000,0.109768
-0.361361,1.000000,2.000000,0.109810
-0.360661,1.000000,2.000000,0.109852
-0.359960,1.000000,2.000000,0.109895
-0.359259,1.000000,2.000000,0.109939
-0.358559,1.000000,2.000000,0.109982
-0.357858,1.000000,2.000000,0.110027
-0.357157,1.000000,2.000000,0.110071
-0.356456,1.000000,2.000000,0.110116
-0.355756,1.000000,2.000000,0.110162
-0.355055,1.000000,2.000000,0.110207
-0.354354,1.000000,2.000000,0.110254
-0.353654,1.000000,2.000000,0.110301
-0.352953,1.000000,2.000000,0.110348
-0.352252,1.000000,2.000000,0.110396
-0.351552,1.000000,2.000000,0.110444
-0.350851,1.000000,2.000000,0.110493
-0.350150,1.000000,2.000000,0.110542
-0.349449,1.000000,2.000000,0.110592
-0.348749,1.000000,2.000000,0.110643
-0.348048,1.000000,2.000000,0.110694
-0.347347,1.000000,2.000000,0.110745
-0.346647,1.000000,2.000000,0.110797
-0.345946,1.000000,2.000000,0.110850
-0.345245,1.000000,2.000000,0.110903
-0.344545,1.000000,2.000000,0.110957
-0.343844,1.000000,2.000000,0.111011
-0.343143,1.000000,2.000000,0.111066
-0.342442,1.000000,2.000000,0.111121
-0.341742,1.000000,2.000000,0.111178
-0.341041,1.000000,2.000000,0.111234
-0.340340,1.000000,2.000000,0.111292
-0.339640,1.000000,2.000000,0.111350
-0.338939,1.000000,2.000000,0.111409
-0.338238,1.000000,2.000000,0.111468
-0.337538,1.000000,2.000000,0.111528
-0.336837,1.000000,2.000000,0.111589
-0.336136,1.000000,2.000000,0.111650
-0.335435,1.000000,2.000000,0.111713
-0.334735,1.000000,2.000000,0.111775
-0.334034,1.000000,2.000000,0.111839
-0.333333,1.000000,2.000000,0.111903
-0.332633,1.000000,2.000000,0.111968
-0.331932,1.000000,2.000000,0.112034
-0.331231,1.000000,2.000000,0.112101
-0.330531,1.000000,2.000000,0.112168
-0.329830,1.000000,2.000000,0.112237
-0.329129,1.000000,2.000000,0.112306
-0.328428,1.000000,2.000000,0.112375
-0.327728,1.000000,2.000000,0.112446
-0.327027,1.000000,2.000000,0.112518
-0.326326,1.000000,2.000000,0.112590
-0.325626,1.000000,2.000000,0.112663
-0.324925,1.000000,2.000000,0.112737
-0.324224,1.000000,2.000000,0.112812
-0.323524,1.000000,2.000000,0.112888
-0.322823,1.000000,2.000000,0.112965
-0.322122,1.000000,2.000000,0.113043
-0.321421,1.000000,2.000000,0.113121
-0.320721,1.000000,2.000000,0.113201
-0.320020,1.000000,2.000000,0.113281
-0.319319,1.000000,2.000000,0.113363
-0.318619,1.000000,2.000000,0.113445
-0.317918,1.000000,2.000000,0.113529
-0.317217,1.000000,2.000000,0.113613
-0.316517,1.000000,2.000000,0.113699
-0.315816,1.000000,2.000000,0.113785
-0.315115,1.000000,2.000000,0.113872
-0.314414,1.000000,2.000000,0.113961
-0.313714,1.000000,2.000000,0.114051
-0.313013,1.000000,2.000000,0.114141
-0.312312,1.000000,2.000000,0.114233
-0.311612,1.000000,2.000000,0.114326
-0.310911,1.000000,2.000000,0.114420
-0.310210,1.000000,2.000000,0.114515
-0.309510,1.000000,2.000000,0.114611
-0.308809,1.000000,2.000000,0.114708
-0.308108,1.000000,2.000000,0.114806
-0.307407,1.000000,2.000000,0.114906
-0.306707,1.000000,2.000000,0.115007
-0.306006,1.000000,2.000000,0.115108
-0.305305,1.000000,2.000000,0.115211
-0.304605,1.000000,2.000000,0.115315
-0.303904,1.000000,2.000000,0.115421
-0.303203,1.000000,2.000000,0.115527
-0.302503,1.000000,2.000000,0.115635
-0.301802,1.000000,2.000000,0.115744
-0.301101,1.000000,2.000000,0.115854
-0.300400,1.000000,2.000000,0.115966
-0.299700,1.000000,2.000000,0.116078
-0.298999,1.000000,2.000000,0.116192
-0.298298,1.000000,2.000000,0.116307
-0.297598,1.000000,2.000000,0.116423
-0.296897,1.000000,2.000000,0.116541
-0.296196,1.000000,2.000000,0.116660
-0.295495,1.000000,2.000000,0.116780
-0.294795,1.000000,2.000000,0.116901
-0.294094,1.000000,2.000000,0.117023
-0.293393,1.000000,2.000000,0.117147
-0.292693,1.000000,2.000000,0.117272
-0.291992,1.000000,2.000000,0.117399
-0.291291,1.000000,2.000000,0.117526
-0.290591,1.000000,2.000000,0.117655
-0.289890,1.000000,2.000000,0.117785
-0.289189,1.000000,2.000000,0.117916
-0.288488,1.000000,2.000000,0.118049
-0.287788,1.000000,2.000000,0.118182
-0.287087,1.000000,2.000000,0.118317
-0.286386,1.000000,2.000000,0.118453
-0.285686,1.000000,2.000000,0.118591
-0.284985,1.000000,2.000000,0.118729
-0.284284,1.000000,2.000000,0.118869
-0.283584,1.000000,2.000000,0.119009
-0.282883,1.000000,2.000000,0.119151
-0.282182,1.000000,2.000000,0.119294
-0.281481,1.000000,2.000000,0.119439
-0.280781,1.000000,2.000000,0.119584
-0.280080,1.000000,2.000000,0.119730
-0.279379,1.000000,2.000000,0.119878
-0.278679,1.000000,2.000000,0.120026
-0.277978,1.000000,2.000000,0.120175
-0.277277,1.000000,2.000000,0.120326
-0.276577,1.000000,2.000000,0.120477
-0.275876,1.000000,2.000000,0.120629
-0.275175,1.000000,2.000000,0.120782
-0.274474,1.000000,2.000000,0.120936
-0.273774,1.000000,2.000000,0.121091
-0.273073,1.000000,2.000000,0.121246
-0.272372,1.000000,2.000000,0.121402
-0.271672,1.000000,2.000000,0.121559
-0.270971,1.000000,2.000000,0.121716
-0.270270,1.000000,2.000000,0.121874
-0.269570,1.000000,2.000000,0.122033
-0.268869,1.000000,2.000000,0.122192
-0.268168,1.000000,2.000000,0.122351
-0.267467,1.000000,2.000000,0.122510
-0.266767,1.000000,2.000000,0.122670
-0.266066,1.000000,2.000000,0.122830
-0.265365,1.000000,2.000000,0.122990
-0.264665,1.000000,2.000000,0.123151
-0.263964,1.000000,2.000000,0.123311
-0.263263,1.000000,2.000000,0.123471
-0.262563,1.000000,2.000000,0.123631
-0.261862,1.000000,2.000000,0.123790
-0.261161,1.000000,2.000000,0.123949
-0.260460,1.000000,2.000000,0.124108
-0.259760,1.000000,2.000000,0.124266
-0.259059,1.000000,2.000000,0.124423
-0.258358,1.000000,2.000000,0.124579
-0.257658,1.000000,2.000000,0.124734
-0.256957,1.000000,2.000000,0.124889
-0.256256,1.000000,2.000000,0.125042
-0.255556,1.000000,2.000000,0.125193
-0.254855,1.000000,2.000000,0.125344
-0.254154,1.000000,2.000000,0.125492
-0.253453,1.000000,2.000000,0.125639
-0.252753,1.000000,2.000000,0.125783
-0.252052,1.000000,2.000000,0.125926
-0.251351,1.000000,2.000000,0.126066
-0.250651,1.000000,2.000000,0.126204
-0.249950,1.000000,2.000000,0.126338
-0.249249,1.000000,2.000000,0.126470
-0.248549,1.000000,2.000000,0.126599
-0.247848,1.000000,2.000000,0.126724
-0.247147,1.000000,2.000000,0.126846
-0.246446,1.000000,2.000000,0.126964
-0.245746,1.000000,2.000000,0.127078
-0.245045,1.000000,2.000000,0.127187
-0.244344,1.000000,2.000000,0.127292
-0.243644,1.000000,2.000000,0.127392
-0.242943,1.000000,2.000000,0.127487
-0.242242,1.000000,2.000000,0.127576
-0.241542,1.000000,2.000000,0.127660
-0.240841,1.000000,2.000000,0.127737
-0.240140,1.000000,2.000000,0.127808
-0.239439,1.000000,2.000000,0.127872
-0.238739,1.000000,2.000000,0.127929
-0.238038,1.000000,2.000000,0.127978
-0.237337,1.000000,2.000000,0.128020
-0.236637,1.000000,2.000000,0.128053
-0.235936,1.000000,2.000000,0.128077
-0.235235,1.000000,2.000000,0.128093
-0.234535,1.000000,2.000000,0.128098
-0.233834,1.000000,2.000000,0.128094
-0.233133,1.000000,2.000000,0.128080
-0.232432,1.000000,2.000000,0.128055
-0.231732,1.000000,2.000000,0.128019
-0.231031,1.000000,2.000000,0.127971
-0.230330,1.000000,2.000000,0.127911
-0.229630,1.000000,2.000000,0.127838
-0.228929,1.000000,2.000000,0.127752
-0.228228,1.000000,2.000000,0.127654
-0.227528,1.000000,2.000000,0.127541
-0.226827,1.000000,2.000000,0.127414
-0.226126,1.000000,2.000000,0.127273
-0.225425,1.000000,2.000000,0.127117
-0.224725,1.000000,2.000000,0.126946
-0.224024,1.000000,2.000000,0.126759
-0.223323,1.000000,2.000000,0.126556
-0.222623,1.000000,2.000000,0.126338
-0.221922,1.000000,2.000000,0.126103
-0.221221,1.000000,2.000000,0.125852
-0.220521,1.000000,2.000000,0.125584
-0.219820,1.000000,2.000000,0.125300
-0.219119,1.000000,2.000000,0.125000
-0.218418,1.000000,2.000000,0.124684
-0.217718,1.000000,2.000000,0.124351
-0.217017,1.000000,2.000000,0.124003
-0.216316,1.000000,2.000000,0.123639
-0.215616,1.000000,2.000000,0.123260
-0.214915,1.000000,2.000000,0.122866
-0.214214,1.000000,2.000000,0.122459
-0.213514,1.000000,2.000000,0.122038
-0.212813,1.000000,2.000000,0.121604
-0.212112,1.000000,2.000000,0.121159
-0.211411,1.000000,2.000000,0.120703
-0.210711,1.000000,2.000000,0.120238
-0.210010,1.000000,2.000000,0.119763
-0.209309,1.000000,2.000000,0.119281
-0.208609,1.000000,2.000000,0.118793
-0.207908,1.000000,2.000000,0.118299
-0.207207,1.000000,2.000000,0.117801
-0.206507,1.000000,2.000000,0.117301
-0.205806,1.000000,2.000000,0.116800
-0.205105,1.000000,2.000000,0.116298
-0.204404,1.000000,2.000000,0.115798
-0.203704,1.000000,2.000000,0.115300
-0.203003,1.000000,2.000000,0.114806
-0.202302,1.000000,2.000000,0.114317
-0.201602,1.000000,2.000000,0.113835
-0.200901,1.000000,2.000000,0.113360
-0.200200,1.000000,2.000000,0.112893
-0.199499,1.000000,2.000000,0.112435
-0.198799,1.000000,2.000000,0.111987
-0.198098,1.000000,2.000000,0.111550
-0.197397,1.000000,2.000000,0.111125
-0.196697,1.000000,2.000000,0.110712
-0.195996,1.000000,2.000000,0.110311
-0.195295,1.000000,2.000000,0.109924
-0.194595,1.000000,2.000000,0.109550
-0.193894,1.000000,2.000000,0.109190
-0.193193,1.000000,2.000000,0.108843
-0.192492,1.000000,2.000000,0.108510
-0.191792,1.000000,2.000000,0.108191
-0.191091,1.000000,2.000000,0.107886
-0.190390,1.000000,2.000000,0.107594
-0.189690,1.000000,2.000000,0.107316
-0.188989,1.000000,2.000000,0.107051
-0.188288,1.000000,2.000000,0.106799
-0.187588,1.000000,2.000000,0.106559
-0.186887,1.000000,2.000000,0.106332
-0.186186,1.000000,2.000000,0.106117
-0.185485,1.000000,2.000000,0.105913
-0.184785,1.000000,2.000000,0.105720
-0.184084,1.000000,2.000000,0.105538
-0.183383,1.000000,2.000000,0.105367
-0.182683,1.000000,2.000000,0.105205
-0.181982,1.000000,2.000000,0.105053
-0.181281,1.000000,2.000000,0.104910
-0.180581,1.000000,2.000000,0.104775
-0.179880,1.000000,2.000000,0.104649
-0.179179,1.000000,2.000000,0.104531
-0.178478,1.000000,2.000000,0.104420
-0.177778,1.000000,2.000000,0.104317
-0.177077,1.000000,2.000000,0.104220
-0.176376,1.000000,2.000000,0.104130
-0.175676,1.000000,2.000000,0.104046
-0.174975,1.000000,2.000000,0.103968
-0.174274,1.000000,2.000000,0.103896
-0.173574,1.000000,2.000000,0.103829
-0.172873,1.000000,2.000000,0.103767
-0.172172,1.000000,2.000000,0.103710
-0.171471,1.000000,2.000000,0.103658
-0.170771,1.000000,2.000000,0.103610
-0.170070,1.000000,2.000000,0.103566
-0.169369,1.000000,2.000000,0.103526
-0.168669,1.000000,2.000000,0.103489
-0.167968,1.000000,2.000000,0.103457
-0.167267,1.000000,2.000000,0.103427
-0.166567,1.000000,2.000000,0.103401
-0.165866,1.000000,2.000000,0.103379
-0.165165,1.000000,2.000000,0.103359
-0.164464,1.000000,2.000000,0.103342
-0.163764,1.000000,2.000000,0.103327
-0.163063,1.000000,2.000000,0.103316
-0.162362,1.000000,2.000000,0.103307
-0.161662,1.000000,2.000000,0.103300
-0.160961,1.000000,2.000000,0.103296
-0.160260,1.000000,2.000000,0.103294
-0.159560,1.000000,2.000000,0.103294
-0.158859,1.000000,2.000000,0.103296
-0.158158,1.000000,2.000000,0.103300
-0.157457,1.000000,2.000000,0.103306
-0.156757,1.000000,2.000000,0.103315
-0.156056,1.000000,2.000000,0.103325
-0.155355,1.000000,2.000000,0.103337
-0.154655,1.000000,2.000000,0.103350
-0.153954,1.000000,2.000000,0.103366
-0.153253,1.000000,2.000000,0.103383
-0.152553,1.000000,2.000000,0.103402
-0.151852,1.000000,2.000000,0.103422
-0.151151,1.000000,2.000000,0.103445
-0.150450,1.000000,2.000000,0.103468
-0.149750,1.000000,2.000000,0.103494
-0.149049,1.000000,2.000000,0.103521
-0.148348,1.000000,2.000000,0.103550
-0.147648,1.000000,2.000000,0.103580
-0.146947,1.000000,2.000000,0.103612
-0.146246,1.000000,2.000000,0.103645
-0.145546,1.000000,2.000000,0.103680
-0.144845,1.000000,2.000000,0.103717
-0.144144,1.000000,2.000000,0.103755
-0.143443,1.000000,2.000000,0.103795
-0.142743,1.000000,2.000000,0.103836
-0.142042,1.000000,2.000000,0.103880
-0.141341,1.000000,2.000000,0.103924
-0.140641,1.000000,2.000000,0.103971
-0.139940,1.000000,2.000000,0.104019
-0.139239,1.000000,2.000000,0.104069
-0.138539,1.000000,2.000000,0.104120
-0.137838,1.000000,2.000000,0.104174
-0.137137,1.000000,2.000000,0.104229
-0.136436,1.000000,2.000000,0.104286
-0.135736,1.000000,2.000000,0.104345
-0.135035,1.000000,2.000000,0.104407
-0.134334,1.000000,2.000000,0.104469
-0.133634,1.000000,2.000000,0.104535
-0.132933,1.000000,2.000000,0.104602
-0.132232,1.000000,2.000000,0.104671
-0.131532,1.000000,2.000000,0.104742
-0.130831,1.000000,2.000000,0.104816
-0.130130,1.000000,2.000000,0.104892
-0.129429,1.000000,2.000000,0.104970
-0.128729,1.000000,2.000000,0.105051
-0.128028,1.000000,2.000000,0.105135
-0.127327,1.000000,2.000000,0.105220
-0.126627,1.000000,2.000000,0.105309
-0.125926,1.000000,2.000000,0.105400
-0.125225,1.000000,2.000000,0.105495
-0.124525,1.000000,2.000000,0.105592
-0.123824,1.000000,2.000000,0.105692
-0.123123,1.000000,2.000000,0.105795
-0.122422,1.000000,2.000000,0.105901
-0.121722,1.000000,2.000000,0.106011
-0.121021,1.000000,2.000000,0.106124
-0.120320,1.000000,2.000000,0.106241
-0.119620,1.000000,2.000000,0.106361
-0.118919,1.000000,2.000000,0.106485
-0.118218,1.000000,2.000000,0.106613
-0.117518,1.000000,2.000000,0.106745
-0.116817,1.000000,2.000000,0.106881
-0.116116,1.000000,2.000000,0.107022
-0.115415,1.000000,2.000000,0.107167
-0.114715,1.000000,2.000000,0.107316
-0.114014,1.000000,2.000000,0.107471
-0.113313,1.000000,2.000000,0.107630
-0.112613,1.000000,2.000000,0.107794
-0.111912,1.000000,2.000000,0.107964
-0.111211,1.000000,2.000000,0.108139
-0.110511,1.000000,2.000000,0.108320
-0.109810,1.000000,2.000000,0.108507
-0.109109,1.000000,2.000000,0.108700
-0.108408,1.000000,2.000000,0.108899
-0.107708,1.000000,2.000000,0.109105
-0.107007,1.000000,2.000000,0.109317
-0.106306,1.000000,2.000000,0.109537
-0.105606,1.000000,2.000000,0.109763
-0.104905,1.000000,2.000000,0.109997
-0.104204,1.000000,2.000000,0.110240
-0.103504,1.000000,2.000000,0.110490
-0.102803,1.000000,2.000000,0.110748
-0.102102,1.000000,2.000000,0.111015
-0.101401,1.000000,2.000000,0.111291
-0.100701,1.000000,2.000000,0.111576
-0.100000,1.000000,2.000000,0.111871
-0.800000,1.000000,2.200000,0.097880
-0.799299,1.000000,2.200000,0.097901
-0.798599,1.000000,2.200000,0.097922
-0.797898,1.000000,2.200000,0.097943
-0.797197,1.000000,2.200000,0.097964
-0.796496,1.000000,2.200000,0.097985
-0.795796,1.000000,2.200000,0.098006
-0.795095,1.000000,2.200000,0.098027
-0.794394,1.000000,2.200000,0.098048
-0.793694,1.000000,2.200000,0.098069
-0.792993,1.000000,2.200000,0.098090
-0.792292,1.000000,2.200000,0.098112
-0.791592,1.000000,2.200000,0.098133
-0.790891,1.000000,2.200000,0.098154
-0.790190,1.000000,2.200000,0.098175
-0.789489,1.000000,2.200000,0.098196
-0.788789,1.000000,2.200000,0.098218
-0.788088,1.000000,2.200000,0.098239
-0.787387,1.000000,2.200000,0.098260
-0.786687,1.000000,2.200000,0.098282
-0.785986,1.000000,2.200000,0.098303
-0.785285,1.000000,2.200000,0.098324
-0.784585,1.000000,2.200000,0.098346
-0.783884,1.000000,2.200000,0.098367
-0.783183,1.000000,2.200000,0.098389
-0.782482,1.000000,2.200000,0.098410
-0.781782,1.000000,2.200000,0.098431
-0.781081,1.000000,2.200000,0.098453
-0.780380,1.000000,2.200000,0.098475
-0.779680,1.000000,2.200000,0.098496
-0.778979,1.000000,2.200000,0.098518
-0.778278,1.000000,2.200000,0.098539
-0.777578,1.000000,2.200000,0.098561
-0.776877,1.000000,2.200000,0.098583
-0.776176,1.000000,2.200000,0.098604
-0.775475,1.000000,2.200000,0.098626
-0.774775,1.000000,2.200000,0.098648
-0.774074,1.000000,2.200000,0.098669
-0.773373,1.000000,2.200000,0.098691
-0.772673,1.000000,2.200000,0.098713
-0.771972,1.000000,2.200000,0.098735
-0.771271,1.000000,2.200000,0.098756
-0.770571,1.000000,2.200000,0.098778
-0.769870,1.000000,2.200000,0.098800
-0.769169,1.000000,2.200000,0.098822
-0.768468,1.000000,2.200000,0.098844
-0.767768,1.000000,2.200000,0.098866
-0.767067,1.000000,2.200000,0.098888
-0.766366,1.000000,2.200000,0.098910
-0.765666,1.000000,2.200000,0.098932
-0.764965,1.000000,2.200000,0.098954
-0.764264,1.000000,2.200000,0.098976
-0.763564,1.000000,2.200000,0.098998
-0.762863,1.000000,2.200000,0.099020
-0.762162,1.000000,2.200000,0.099042
-0.761461,1.000000,2.200000,0.099064
-0.760761,1.000000,2.200000,0.099086
-0.760060,1.000000,2.200000,0.099108
-0.759359,1.000000,2.200000,0.099130
-0.758659,1.000000,2.200000,0.099152
-0.757958,1.000000,2.200000,0.099175
-0.757257,1.000000,2.200000,0.099197
-0.756557,1.000000,2.200000,0.099219
-0.755856,1.000000,2.200000,0.099241
-0.755155,1.000000,2.200000,0.099263
-0.754454,1.000000,2.200000,0.099286
-0.753754,1.000000,2.200000,0.099308
-0.753053,1.000000,2.200000,0.099330
-0.752352,1.000000,2.200000,0.099352
-0.751652,1.000000,2.200000,0.099375
-0.750951,1.000000,2.200000,0.099397
-0.750250,1.000000,2.200000,0.099419
-0.749550,1.000000,2.200000,0.099442
-0.748849,1.000000,2.200000,0.099464
-0.748148,1.000000,2.200000,0.099486
-0.747447,1.000000,2.200000,0.099509
-0.746747,1.000000,2.200000,0.099531
-0.746046,1.000000,2.200000,0.099554
-0.745345,1.000000,2.200000,0.099576
-0.744645,1.000000,2.200000,0.099599
-0.743944,1.000000,2.200000,0.099621
-0.743243,1.000000,2.200000,0.099643
-0.742543,1.000000,2.200000,0.099666
-0.741842,1.000000,2.200000,0.099688
-0.741141,1.000000,2.200000,0.099711
-0.740440,1.000000,2.200000,0.099733
-0.739740,1.000000,2.200000,0.099756
-0.739039,1.000000,2.200000,0.099778
-0.738338,1.000000,2.200000,0.099801
-0.737638,1.000000,2.200000,0.099824
-0.736937,1.000000,2.200000,0.099846
-0.736236,1.000000,2.200000,0.099869
-0.735536,1.000000,2.200000,0.099891
-0.734835,1.000000,2.200000,0.099914
-0.734134,1.000000,2.200000,0.099937
-0.733433,1.000000,2.200000,0.099959
-0.732733,1.000000,2.200000,0.099982
-0.732032,1.000000,2.200000,0.100004
-0.731331,1.000000,2.200000,0.100027
-0.730631,1.000000,2.200000,0.100050
-0.729930,1.000000,2.200000,0.100072
-0.729229,1.000000,2.200000,0.100095
-0.728529,1.000000,2.200000,0.100118
-0.727828,1.000000,2.200000,0.100140
-0.727127,1.000000,2.200000,0.100163
-0.726426,1.000000,2.200000,0.100186
-0.725726,1.000000,2.200000,0.100209
-0.725025,1.000000,2.200000,0.100231
-0.724324,1.000000,2.200000,0.100254
-0.723624,1.000000,2.200000,0.100277
-0.722923,1.000000,2.200000,0.100300
-0.722222,1.000000,2.200000,0.100322
-0.721522,1.000000,2.200000,0.100345
-0.720821,1.000000,2.200000,0.100368
-0.720120,1.000000,2.200000,0.100391
-0.719419,1.000000,2.200000,0.100413
-0.718719,1.000000,2.200000,0.100436
-0.718018,1.000000,2.200000,0.100459
-0.717317,1.000000,2.200000,0.100482
-0.716617,1.000000,2.200000,0.100505
-0.715916,1.000000,2.200000,0.100527
-0.715215,1.000000,2.200000,0.100550
-0.714515,1.000000,2.200000,0.100573
-0.713814,1.000000,2.200000,0.100596
-0.713113,1.000000,2.200000,0.100619
-0.712412,1.000000,2.200000,0.100642
-0.711712,1.000000,2.200000,0.100664
-0.711011,1.000000,2.200000,0.100687
-0.710310,1.000000,2.200000,0.100710
-0.709610,1.000000,2.200000,0.100733
-0.708909,1.000000,2.200000,0.100756
-0.708208,1.000000,2.200000,0.100779
-0.707508,1.000000,2.200000,0.100802
-0.706807,1.000000,2.200000,0.100825
-0.706106,1.000000,2.200000,0.100847
-0.705405,1.000000,2.200000,0.100870
-0.704705,1.000000,2.200000,0.100893
-0.704004,1.000000,2.200000,0.100916
-0.703303,1.000000,2.200000,0.100939
-0.702603,1.000000,2.200000,0.100962
-0.701902,1.000000,2.200000,0.100985
-0.701201,1.000000,2.200000,0.101007
-0.700501,1.000000,2.200000,0.101030
-0.699800,1.000000,2.200000,0.101053
-0.699099,1.000000,2.200000,0.101076
-0.698398,1.000000,2.200000,0.101099
-0.697698,1.000000,2.200000,0.101122
-0.696997,1.000000,2.200000,0.101145
-0.696296,1.000000,2.200000,0.101168
-0.695596,1.000000,2.200000,0.101190
-0.694895,1.000000,2.200000,0.101213
-0.694194,1.000000,2.200000,0.101236
-0.693493,1.000000,2.200000,0.101259
-0.692793,1.000000,2.200000,0.101282
-0.692092,1.000000,2.200000,0.101305
-0.691391,1.000000,2.200000,0.101328
-0.690691,1.000000,2.200000,0.101351
-0.689990,1.000000,2.200000,0.101374
-0.689289,1.000000,2.200000,0.101396
-0.688589,1.000000,2.200000,0.101419
-0.687888,1.000000,2.200000,0.101442
-0.687187,1.000000,2.200000,0.101465
-0.686486,1.000000,2.200000,0.101488
-0.685786,1.000000,2.200000,0.101511
-0.685085,1.000000,2.200000,0.101534
-0.684384,1.000000,2.200000,0.101556
-0.683684,1.000000,2.200000,0.101579
-0.682983,1.000000,2.200000,0.101602
-0.682282,1.000000,2.200000,0.101625
-0.681582,1.000000,2.200000,0.101648
-0.680881,1.000000,2.200000,0.101671
-0.680180,1.000000,2.200000,0.101693
-0.679479,1.000000,2.200000,0.101716
-0.678779,1.000000,2.200000,0.101739
-0.678078,1.000000,2.200000,0.101762
-0.677377,1.000000,2.200000,0.101785
-0.676677,1.000000,2.200000,0.101807
-0.675976,1.000000,2.200000,0.101830
-0.675275,1.000000,2.200000,0.101853
-0.674575,1.000000,2.200000,0.101876
-0.673874,1.000000,2.200000,0.101899
-0.673173,1.000000,2.200000,0.101922
-0.672472,1.000000,2.200000,0.101944
-0.671772,1.000000,2.200000,0.101967
-0.671071,1.000000,2.200000,0.101990
-0.670370,1.000000,2.200000,0.102012
-0.669670,1.000000,2.200000,0.102035
-0.668969,1.000000,2.200000,0.102058
-0.668268,1.000000,2.200000,0.102081
-0.667568,1.000000,2.200000,0.102103
-0.666867,1.000000,2.200000,0.102126
-0.666166,1.000000,2.200000,0.102149
-0.665465,1.000000,2.200000,0.102171
-0.664765,1.000000,2.200000,0.102194
-0.664064,1.000000,2.200000,0.102217
-0.663363,1.000000,2.200000,0.102239
-0.662663,1.000000,2.200000,0.102262
-0.661962,1.000000,2.200000,0.102285
-0.661261,1.000000,2.200000,0.102307
-0.660561,1.000000,2.200000,0.102330
-0.659860,1.000000,2.200000,0.102353
-0.659159,1.000000,2.200000,0.102375
-0.658458,1.000000,2.200000,0.102398
-0.657758,1.000000,2.200000,0.102421
-0.657057,1.000000,2.200000,0.102443
-0.656356,1.000000,2.200000,0.102466
-0.655656,1.000000,2.200000,0.102488
-0.654955,1.000000,2.200000,0.102511
-0.654254,1.000000,2.200000,0.102533
-0.653554,1.000000,2.200000,0.102556
-0.652853,1.000000,2.200000,0.102578
-0.652152,1.000000,2.200000,0.102601
-0.651451,1.000000,2.200000,0.102623
-0.650751,1.000000,2.200000,0.102646
-0.650050,1.000000,2.200000,0.102668
-0.649349,1.000000,2.200000,0.102691
-0.648649,1.000000,2.200000,0.102713
-0.647948,1.000000,2.200000,0.102736
-0.647247,1.000000,2.200000,0.102758
-0.646547,1.000000,2.200000,0.102780
-0.645846,1.000000,2.200000,0.102803
-0.645145,1.000000,2.200000,0.102825
-0.644444,1.000000,2.200000,0.102848
-0.643744,1.000000,2.200000,0.102870
-0.643043,1.000000,2.200000,0.102892
-0.642342,1.000000,2.200000,0.102915
-0.641642,1.000000,2.200000,0.102937
-0.640941,1.000000,2.200000,0.102959
-0.640240,1.000000,2.200000,0.102982
-0.639540,1.000000,2.200000,0.103004
-0.638839,1.000000,2.200000,0.103026
-0.638138,1.000000,2.200000,0.103048
-0.637437,1.000000,2.200000,0.103071
-0.636737,1.000000,2.200000,0.103093
-0.636036,1.000000,2.200000,0.103115
-0.635335,1.000000,2.200000,0.103137
-0.634635,1.000000,2.200000,0.103159
-0.633934,1.000000,2.200000,0.103182
-0.633233,1.000000,2.200000,0.103204
-0.632533,1.000000,2.200000,0.103226
-0.631832,1.000000,2.200000,0.103248
-0.631131,1.000000,2.200000,0.103270
-0.630430,1.000000,2.200000,0.103292
-0.629730,1.000000,2.200000,0.103314
-0.629029,1.000000,2.200000,0.103336
-0.628328,1.000000,2.200000,0.103359
-0.627628,1.000000,2.200000,0.103381
-0.626927,1.000000,2.200000,0.103402
-0.626226,1.000000,2.200000,0.103425
-0.625526,1.000000,2.200000,0.103446
-0.624825,1.000000,2.200000,0.103468
-0.624124,1.000000,2.200000,0.103490
-0.623423,1.000000,2.200000,0.103512
-0.622723,1.000000,2.200000,0.103534
-0.622022,1.000000,2.200000,0.103556
-0.621321,1.000000,2.200000,0.103578
-0.620621,1.000000,2.200000,0.103600
-0.619920,1.000000,2.200000,0.103622
-0.619219,1.000000,2.200000,0.103643
-0.618519,1.000000,2.200000,0.103665
-0.617818,1.000000,2.200000,0.103687
-0.617117,1.000000,2.200000,0.103709
-0.616416,1.000000,2.200000,0.103731
-0.615716,1.000000,2.200000,0.103752
-0.615015,1.000000,2.200000,0.103774
-0.614314,1.000000,2.200000,0.103796
-0.613614,1.000000,2.200000,0.103818
-0.612913,1.000000,2.200000,0.103839
-0.612212,1.000000,2.200000,0.103861
-0.611512,1.000000,2.200000,0.103883
-0.610811,1.000000,2.200000,0.103904
-0.610110,1.000000,2.200000,0.103926
-0.609409,1.000000,2.200000,0.103947
-0.608709,1.000000,2.200000,0.103969
-0.608008,1.000000,2.200000,0.103990
-0.607307,1.000000,2.200000,0.104012
-0.606607,1.000000,2.200000,0.104033
-0.605906,1.000000,2.200000,0.104055
-0.605205,1.000000,2.200000,0.104076
-0.604505,1.000000,2.200000,0.104098
-0.603804,1.000000,2.200000,0.104119
-0.603103,1.000000,2.200000,0.104141
-0.602402,1.000000,2.200000,0.104162
-0.601702,1.000000,2.200000,0.104184
-0.601001,1.000000,2.200000,0.104205
-0.600300,1.000000,2.200000,0.104226
-0.599600,1.000000,2.200000,0.104247
-0.598899,1.000000,2.200000,0.104269
-0.598198,1.000000,2.200000,0.104290
-0.597497,1.000000,2.200000,0.104311
-0.596797,1.000000,2.200000,0.104333
-0.596096,1.000000,2.200000,0.104354
-0.595395,1.000000,2.200000,0.104375
-0.594695,1.000000,2.200000,0.104396
-0.593994,1.000000,2.200000,0.104417
-0.593293,1.000000,2.200000,0.104438
-0.592593,1.000000,2.200000,0.104460
-0.591892,1.000000,2.200000,0.104481
-0.591191,1.000000,2.200000,0.104502
-0.590490,1.000000,2.200000,0.104523
-0.589790,1.000000,2.200000,0.104544
-0.589089,1.000000,2.200000,0.104565
-0.588388,1.000000,2.200000,0.104586
-0.587688,1.000000,2.200000,0.104607
-0.586987,1.000000,2.200000,0.104628
-0.586286,1.000000,2.200000,0.104649
-0.585586,1.000000,2.200000,0.104670
-0.584885,1.000000,2.200000,0.104691
-0.584184,1.000000,2.200000,0.104711
-0.583483,1.000000,2.200000,0.104732
-0.582783,1.000000,2.200000,0.104753
-0.582082,1.000000,2.200000,0.104774
-0.581381,1.000000,2.200000,0.104795
-0.580681,1.000000,2.200000,0.104816
-0.579980,1.000000,2.200000,0.104836
-0.579279,1.000000,2.200000,0.104857
-0.578579,1.000000,2.200000,0.104878
-0.577878,1.000000,2.200000,0.104899
-0.577177,1.000000,2.200000,0.104919
-0.576476,1.000000,2.200000,0.104940
-0.575776,1.000000,2.200000,0.104960
-0.575075,1.000000,2.200000,0.104981
-0.574374,1.000000,2.200000,0.105002
-0.573674,1.000000,2.200000,0.105022
-0.572973,1.000000,2.200000,0.105043
-0.572272,1.000000,2.200000,0.105063
-0.571572,1.000000,2.200000,0.105084
-0.570871,1.000000,2.200000,0.105104
-0.570170,1.000000,2.200000,0.105125
-0.569469,1.000000,2.200000,0.105145
-0.568769,1.000000,2.200000,0.105166
-0.568068,1.000000,2.200000,0.105186
-0.567367,1.000000,2.200000,0.105207
-0.566667,1.000000,2.200000,0.105227
-0.565966,1.000000,2.200000,0.105247
-0.565265,1.000000,2.200000,0.105268
-0.564565,1.000000,2.200000,0.105288
-0.563864,1.000000,2.200000,0.105308
-0.563163,1.000000,2.200000,0.105329
-0.562462,1.000000,2.200000,0.105349
-0.561762,1.000000,2.200000,0.105369
-0.561061,1.000000,2.200000,0.105389
-0.560360,1.000000,2.200000,0.105409
-0.559660,1.000000,2.200000,0.105430
-0.558959,1.000000,2.200000,0.105450
-0.558258,1.000000,2.200000,0.105470
-0.557558,1.000000,2.200000,0.105490
-0.556857,1.000000,2.200000,0.105510
-0.556156,1.000000,2.200000,0.105530
-0.555455,1.000000,2.200000,0.105550
-0.554755,1.000000,2.200000,0.105570
-0.554054,1.000000,2.200000,0.105590
-0.553353,1.000000,2.200000,0.105610
-0.552653,1.000000,2.200000,0.105630
-0.551952,1.000000,2.200000,0.105650
-0.551251,1.000000,2.200000,0.105670
-0.550551,1.000000,2.200000,0.105690
-0.549850,1.000000,2.200000,0.105710
-0.549149,1.000000,2.200000,0.105730
-0.548448,1.000000,2.200000,0.105750
-0.547748,1.000000,2.200000,0.105770
-0.547047,1.000000,2.200000,0.105790
-0.546346,1.000000,2.200000,0.105809
-0.545646,1.000000,2.200000,0.105829
-0.544945,1.000000,2.200000,0.105849
-0.544244,1.000000,2.200000,0.105869
-0.543544,1.000000,2.200000,0.105889
-0.542843,1.000000,2.200000,0.105908
-0.542142,1.000000,2.200000,0.105928
-0.541441,1.000000,2.200000,0.105948
-0.540741,1.000000,2.200000,0.105967
-0.540040,1.000000,2.200000,0.105987
-0.539339,1.000000,2.200000,0.106007
-0.538639,1.000000,2.200000,0.106026
-0.537938,1.000000,2.200000,0.106046
-0.537237,1.000000,2.200000,0.106066
-0.536537,1.000000,2.200000,0.106085
-0.535836,1.000000,2.200000,0.106105
-0.535135,1.000000,2.200000,0.106124
-0.534434,1.000000,2.200000,0.106144
-0.533734,1.000000,2.200000,0.106163
-0.533033,1.000000,2.200000,0.106183
-0.532332,1.000000,2.200000,0.106202
-0.531632,1.000000,2.200000,0.106222
-0.530931,1.000000,2.200000,0.106241
-0.530230,1.000000,2.200000,0.106261
-0.529530,1.000000,2.200000,0.106280
-0.528829,1.000000,2.200000,0.106300
-0.528128,1.000000,2.200000,0.106319
-0.527427,1.000000,2.200000,0.106339
-0.526727,1.000000,2.200000,0.106358
-0.526026,1.000000,2.200000,0.106377
-0.525325,1.000000,2.200000,0.106397
-0.524625,1.000000,2.200000,0.106416
-0.523924,1.000000,2.200000,0.106435
-0.523223,1.000000,2.200000,0.106455
-0.522523,1.000000,2.200000,0.106474
-0.521822,1.000000,2.200000,0.106493
-0.521121,1.000000,2.200000,0.106513
-0.520420,1.000000,2.200000,0.106532
-0.519720,1.000000,2.200000,0.106551
-0.519019,1.000000,2.200000,0.106571
-0.518318,1.000000,2.200000,0.106590
-0.517618,1.000000,2.200000,0.106609
-0.516917,1.000000,2.200000,0.106628
-0.516216,1.000000,2.200000,0.106647
-0.515516,1.000000,2.200000,0.106667
-0.514815,1.000000,2.200000,0.106686
-0.514114,1.000000,2.200000,0.106705
-0.513413,1.000000,2.200000,0.106724
-0.512713,1.000000,2.200000,0.106744
-0.512012,1.000000,2.200000,0.106763
-0.511311,1.000000,2.200000,0.106782
-0.510611,1.000000,2.200000,0.106801
-0.509910,1.000000,2.200000,0.106820
-0.509209,1.000000,2.200000,0.106839
-0.508509,1.000000,2.200000,0.106859
-0.507808,1.000000,2.200000,0.106878
-0.507107,1.000000,2.200000,0.106897
-0.506406,1.000000,2.200000,0.106916
-0.505706,1.000000,2.200000,0.106935
-0.505005,1.000000,2.200000,0.106954
-0.504304,1.000000,2.200000,0.106973
-0.503604,1.000000,2.200000,0.106993
-0.502903,1.000000,2.200000,0.107012
-0.502202,1.000000,2.200000,0.107031
-0.501502,1.000000,2.200000,0.107050
-0.500801,1.000000,2.200000,0.107069
-0.500100,1.000000,2.200000,0.107088
-0.499399,1.000000,2.200000,0.107107
-0.498699,1.000000,2.200000,0.107127
-0.497998,1.000000,2.200000,0.107146
-0.497297,1.000000,2.200000,0.107165
-0.496597,1.000000,2.200000,0.107184
-0.495896,1.000000,2.200000,0.107203
-0.495195,1.000000,2.200000,0.107222
-0.494494,1.000000,2.200000,0.107241
-0.493794,1.000000,2.200000,0.107260
-0.493093,1.000000,2.200000,0.107280
-0.492392,1.000000,2.200000,0.107299
-0.491692,1.000000,2.200000,0.107318
-0.490991,1.000000,2.200000,0.107337
-0.490290,1.000000,2.200000,0.107356
-0.489590,1.000000,2.200000,0.107375
-0.488889,1.000000,2.200000,0.107395
-0.488188,1.000000,2.200000,0.107414
-0.487487,1.000000,2.200000,0.107433
-0.486787,1.000000,2.200000,0.107452
-0.486086,1.000000,2.200000,0.107471
-0.485385,1.000000,2.200000,0.107491
-0.484685,1.000000,2.200000,0.107510
-0.483984,1.000000,2.200000,0.107529
-0.483283,1.000000,2.200000,0.107548
-0.482583,1.000000,2.200000,0.107568
-0.481882,1.000000,2.200000,0.107587
-0.481181,1.000000,2.200000,0.107607
-0.480480,1.000000,2.200000,0.107626
-0.479780,1.000000,2.200000,0.107645
-0.479079,1.000000,2.200000,0.107665
-0.478378,1.000000,2.200000,0.107684
-0.477678,1.000000,2.200000,0.107703
-0.476977,1.000000,2.200000,0.107723
-0.476276,1.000000,2.200000,0.107742
-0.475576,1.000000,2.200000,0.107762
-0.474875,1.000000,2.200000,0.107781
-0.474174,1.000000,2.200000,0.107801
-0.473473,1.000000,2.200000,0.107820
-0.472773,1.000000,2.200000,0.107840
-0.472072,1.000000,2.200000,0.107859
-0.471371,1.000000,2.200000,0.107879
-0.470671,1.000000,2.200000,0.107899
-0.469970,1.000000,2.200000,0.107918
-0.469269,1.000000,2.200000,0.107938
-0.468569,1.000000,2.200000,0.107958
-0.467868,1.000000,2.200000,0.107978
-0.467167,1.000000,2.200000,0.107998
-0.466466,1.000000,2.200000,0.108017
-0.465766,1.000000,2.200000,0.108037
-0.465065,1.000000,2.200000,0.108057
-0.464364,1.000000,2.200000,0.108077
-0.463664,1.000000,2.200000,0.108097
-0.462963,1.000000,2.200000,0.108117
-0.462262,1.000000,2.200000,0.108137
-0.461562,1.000000,2.200000,0.108158
-0.460861,1.000000,2.200000,0.108178
-0.460160,1.000000,2.200000,0.108198
-0.459459,1.000000,2.200000,0.108218
-0.458759,1.000000,2.200000,0.108238
-0.458058,1.000000,2.200000,0.108259
-0.457357,1.000000,2.200000,0.108279
-0.456657,1.000000,2.200000,0.108300
-0.455956,1.000000,2.200000,0.108320
-0.455255,1.000000,2.200000,0.108341
-0.454555,1.000000,2.200000,0.108361
-0.453854,1.000000,2.200000,0.108382
-0.453153,1.000000,2.200000,0.108403
-0.452452,1.000000,2.200000,0.108424
-0.451752,1.000000,2.200000,0.108444
-0.451051,1.000000,2.200000,0.108465
-0.450350,1.000000,2.200000,0.108486
-0.449650,1.000000,2.200000,0.108507
-0.448949,1.000000,2.200000,0.108528
-0.448248,1.000000,2.200000,0.108550
-0.447548,1.000000,2.200000,0.108571
-0.446847,1.000000,2.200000,0.108592
-0.446146,1.000000,2.200000,0.108614
-0.445445,1.000000,2.200000,0.108635
-0.444745,1.000000,2.200000,0.108657
-0.444044,1.000000,2.200000,0.108678
-0.443343,1.000000,2.200000,0.108700
-0.442643,1.000000,2.200000,0.108722
-0.441942,1.000000,2.200000,0.108744
-0.441241,1.000000,2.200000,0.108766
-0.440541,1.000000,2.200000,0.108788
-0.439840,1.000000,2.200000,0.108810
-0.439139,1.000000,2.200000,0.108832
-0.438438,1.000000,2.200000,0.108854
-0.437738,1.000000,2.200000,0.108877
-0.437037,1.000000,2.200000,0.108899
-0.436336,1.000000,2.200000,0.108922
-0.435636,1.000000,2.200000,0.108945
-0.434935,1.000000,2.200000,0.108968
-0.434234,1.000000,2.200000,0.108991
-0.433534,1.000000,2.200000,0.109014
-0.432833,1.000000,2.200000,0.109037
-0.432132,1.000000,2.200000,0.109060
-0.431431,1.000000,2.200000,0.109083
-0.430731,1.000000,2.200000,0.109107
-0.430030,1.000000,2.200000,0.109131
-0.429329,1.000000,2.200000,0.109154
-0.428629,1.000000,2.200000,0.109178
-0.427928,1.000000,2.200000,0.109202
-0.427227,1.000000,2.200000,0.109226
-0.426527,1.000000,2.200000,0.109251
-0.425826,1.000000,2.200000,0.109275
-0.425125,1.000000,2.200000,0.109300
-0.424424,1.000000,2.200000,0.109324
-0.423724,1.000000,2.200000,0.109349
-0.423023,1.000000,2.200000,0.109374
-0.422322,1.000000,2.200000,0.109399
-0.421622,1.000000,2.200000,0.109425
-0.420921,1.000000,2.200000,0.109450
-0.420220,1.000000,2.200000,0.109476
-0.419520,1.000000,2.200000,0.109502
-0.418819,1.000000,2.200000,0.109528
-0.418118,1.000000,2.200000,0.109554
-0.417417,1.000000,2.200000,0.109580
-0.416717,1.000000,2.200000,0.109606
-0.416016,1.000000,2.200000,0.109633
-0.415315,1.000000,2.200000,0.109660
-0.414615,1.000000,2.200000,0.109687
-0.413914,1.000000,2.200000,0.109714
-0.413213,1.000000,2.200000,0.109742
-0.412513,1.000000,2.200000,0.109769
-0.411812,1.000000,2.200000,0.109797
-0.411111,1.000000,2.200000,0.109825
-0.410410,1.000000,2.200000,0.109853
-0.409710,1.000000,2.200000,0.109882
-0.409009,1.000000,2.200000,0.109911
-0.408308,1.000000,2.200000,0.109940
-0.407608,1.000000,2.200000,0.109969
-0.406907,1.000000,2.200000,0.109998
-0.406206,1.000000,2.200000,0.110028
-0.405506,1.000000,2.200000,0.110057
-0.404805,1.000000,2.200000,0.110088
-0.404104,1.000000,2.200000,0.110118
-0.403403,1.000000,2.200000,0.110149
-0.402703,1.000000,2.200000,0.110179
-0.402002,1.000000,2.200000,0.110211
-0.401301,1.000000,2.200000,0.110242
-0.400601,1.000000,2.200000,0.110274
-0.399900,1.000000,2.200000,0.110306
-0.399199,1.000000,2.200000,0.110338
-0.398498,1.000000,2.200000,0.110370
-0.397798,1.000000,2.200000,0.110403
-0.397097,1.000000,2.200000,0.110436
-0.396396,1.000000,2.200000,0.110470
-0.395696,1.000000,2.200000,0.110503
-0.394995,1.000000,2.200000,0.110537
-0.394294,1.000000,2.200000,0.110572
-0.393594,1.000000,2.200000,0.110607
-0.392893,1.000000,2.200000,0.110642
-0.392192,1.000000,2.200000,0.110677
-0.391491,1.000000,2.200000,0.110713
-0.390791,1.000000,2.200000,0.110749
-0.390090,1.000000,2.200000,0.110785
-0.389389,1.000000,2.200000,0.110822
-0.388689,1.000000,2.200000,0.110859
-0.387988,1.000000,2.200000,0.110897
-0.387287,1.000000,2.200000,0.110935
-0.386587,1.000000,2.200000,0.110973
-0.385886,1.000000,2.200000,0.111012
-0.385185,1.000000,2.200000,0.111051
-0.384484,1.000000,2.200000,0.111090
-0.383784,1.000000,2.200000,0.111130
-0.383083,1.000000,2.200000,0.111171
-0.382382,1.000000,2.200000,0.111211
-0.381682,1.000000,2.200000,0.111253
-0.380981,1.000000,2.200000,0.111294
-0.380280,1.000000,2.200000,0.111336
-0.379580,1.000000,2.200000,0.111379
-0.378879,1.000000,2.200000,0.111422
-0.378178,1.000000,2.200000,0.111466
-0.377477,1.000000,2.200000,0.111510
-0.376777,1.000000,2.200000,0.111554
-0.376076,1.000000,2.200000,0.111599
-0.375375,1.000000,2.200000,0.111645
-0.374675,1.000000,2.200000,0.111691
-0.373974,1.000000,2.200000,0.111737
-0.373273,1.000000,2.200000,0.111784
-0.372573,1.000000,2.200000,0.111832
-0.371872,1.000000,2.200000,0.111880
-0.371171,1.000000,2.200000,0.111929
-0.370470,1.000000,2.200000,0.111978
-0.369770,1.000000,2.200000,0.112028
-0.369069,1.000000,2.200000,0.112079
-0.368368,1.000000,2.200000,0.112130
-0.367668,1.000000,2.200000,0.112182
-0.366967,1.000000,2.200000,0.112234
-0.366266,1.000000,2.200000,0.112287
-0.365566,1.000000,2.200000,0.112340
-0.364865,1.000000,2.200000,0.112395
-0.364164,1.000000,2.200000,0.112449
-0.363463,1.000000,2.200000,0.112505
-0.362763,1.000000,2.200000,0.112561
-0.362062,1.000000,2.200000,0.112618
-0.361361,1.000000,2.200000,0.112676
-0.360661,1.000000,2.200000,0.112734
-0.359960,1.000000,2.200000,0.112793
-0.359259,1.000000,2.200000,0.112853
-0.358559,1.000000,2.200000,0.112913
-0.357858,1.000000,2.200000,0.112974
-0.357157,1.000000,2.200000,0.113036
-0.356456,1.000000,2.200000,0.113099
-0.355756,1.000000,2.200000,0.113162
-0.355055,1.000000,2.200000,0.113227
-0.354354,1.000000,2.200000,0.113292
-0.353654,1.000000,2.200000,0.113357
-0.352953,1.000000,2.200000,0.113424
-0.352252,1.000000,2.200000,0.113492
-0.351552,1.000000,2.200000,0.113560
-0.350851,1.000000,2.200000,0.113629
-0.350150,1.000000,2.200000,0.113699
-0.349449,1.000000,2.200000,0.113770
-0.348749,1.000000,2.200000,0.113842
-0.348048,1.000000,2.200000,0.113915
-0.347347,1.000000,2.200000,0.113988
-0.346647,1.000000,2.200000,0.114063
-0.345946,1.000000,2.200000,0.114138
-0.345245,1.000000,2.200000,0.114215
-0.344545,1.000000,2.200000,0.114292
-0.343844,1.000000,2.200000,0.114370
-0.343143,1.000000,2.200000,0.114450
-0.342442,1.000000,2.200000,0.114530
-0.341742,1.000000,2.200000,0.114611
-0.341041,1.000000,2.200000,0.114694
-0.340340,1.000000,2.200000,0.114777
-0.339640,1.000000,2.200000,0.114861
-0.338939,1.000000,2.200000,0.114946
-0.338238,1.000000,2.200000,0.115033
-0.337538,1.000000,2.200000,0.115120
-0.336837,1.000000,2.200000,0.115208
-0.336136,1.000000,2.200000,0.115298
-0.335435,1.000000,2.200000,0.115389
-0.334735,1.000000,2.200000,0.115480
-0.334034,1.000000,2.200000,0.115573
-0.333333,1.000000,2.200000,0.115667
-0.332633,1.000000,2.200000,0.115762
-0.331932,1.000000,2.200000,0.115858
-0.331231,1.000000,2.200000,0.115955
-0.330531,1.000000,2.200000,0.116054
-0.329830,1.000000,2.200000,0.116153
-0.329129,1.000000,2.200000,0.116254
-0.328428,1.000000,2.200000,0.116356
-0.327728,1.000000,2.200000,0.116459
-0.327027,1.000000,2.200000,0.116563
-0.326326,1.000000,2.200000,0.116668
-0.325626,1.000000,2.200000,0.116775
-0.324925,1.000000,2.200000,0.116883
-0.324224,1.000000,2.200000,0.116992
-0.323524,1.000000,2.200000,0.117102
-0.322823,1.000000,2.200000,0.117213
-0.322122,1.000000,2.200000,0.117325
-0.321421,1.000000,2.200000,0.117439
-0.320721,1.000000,2.200000,0.117554
-0.320020,1.000000,2.200000,0.117670
-0.319319,1.000000,2.200000,0.117787
-0.318619,1.000000,2.200000,0.117906
-0.317918,1.000000,2.200000,0.118025
-0.317217,1.000000,2.200000,0.118146
-0.316517,1.000000,2.200000,0.118268
-0.315816,1.000000,2.200000,0.118391
-0.315115,1.000000,2.200000,0.118516
-0.314414,1.000000,2.200000,0.118641
-0.313714,1.000000,2.200000,0.118768
-0.313013,1.000000,2.200000,0.118895
-0.312312,1.000000,2.200000,0.119024
-0.311612,1.000000,2.200000,0.119154
-0.310911,1.000000,2.200000,0.119286
-0.310210,1.000000,2.200000,0.119418
-0.309510,1.000000,2.200000,0.119551
-0.308809,1.000000,2.200000,0.119686
-0.308108,1.000000,2.200000,0.119821
-0.307407,1.000000,2.200000,0.119957
-0.306707,1.000000,2.200000,0.120095
-0.306006,1.000000,2.200000,0.120233
-0.305305,1.000000,2.200000,0.120372
-0.304605,1.000000,2.200000,0.120513
-0.303904,1.000000,2.200000,0.120654
-0.303203,1.000000,2.200000,0.120796
-0.302503,1.000000,2.200000,0.120939
-0.301802,1.000000,2.200000,0.121082
-0.301101,1.000000,2.200000,0.121227
-0.300400,1.000000,2.200000,0.121372
-0.299700,1.000000,2.200000,0.121517
-0.298999,1.000000,2.200000,0.121664
-0.298298,1.000000,2.200000,0.121811
-0.297598,1.000000,2.200000,0.121958
-0.296897,1.000000,2.200000,0.122106
-0.296196,1.000000,2.200000,0.122255
-0.295495,1.000000,2.200000,0.122403
-0.294795,1.000000,2.200000,0.122552
-0.294094,1.000000,2.200000,0.122701
-0.293393,1.000000,2.200000,0.122851
-0.292693,1.000000,2.200000,0.123000
-0.291992,1.000000,2.200000,0.123150
-0.291291,1.000000,2.200000,0.123299
-0.290591,1.000000,2.200000,0.123449
-0.289890,1.000000,2.200000,0.123598
-0.289189,1.000000,2.200000,0.123746
-0.288488,1.000000,2.200000,0.123895
-0.287788,1.000000,2.200000,0.124042
-0.287087,1.000000,2.200000,0.124190
-0.286386,1.000000,2.200000,0.124336
-0.285686,1.000000,2.200000,0.124482
-0.284985,1.000000,2.200000,0.124626
-0.284284,1.000000,2.200000,0.124770
-0.283584,1.000000,2.200000,0.124912
-0.282883,1.000000,2.200000,0.125053
-0.282182,1.000000,2.200000,0.125192
-0.281481,1.000000,2.200000,0.125330
-0.280781,1.000000,2.200000,0.125466
-0.280080,1.000000,2.200000,0.125600
-0.279379,1.000000,2.200000,0.125731
-0.278679,1.000000,2.200000,0.125861
-0.277978,1.000000,2.200000,0.125987
-0.277277,1.000000,2.200000,0.126112
-0.276577,1.000000,2.200000,0.126233
-0.275876,1.000000,2.200000,0.126351
-0.275175,1.000000,2.200000,0.126466
-0.274474,1.000000,2.200000,0.126577
-0.273774,1.000000,2.200000,0.126685
-0.273073,1.000000,2.200000,0.126788
-0.272372,1.000000,2.200000,0.126887
-0.271672,1.000000,2.200000,0.126981
-0.270971,1.000000,2.200000,0.127071
-0.270270,1.000000,2.200000,0.127156
-0.269570,1.000000,2.200000,0.127235
-0.268869,1.000000,2.200000,0.127308
-0.268168,1.000000,2.200000,0.127376
-0.267467,1.000000,2.200000,0.127437
-0.266767,1.000000,2.200000,0.127491
-0.266066,1.000000,2.200000,0.127539
-0.265365,1.000000,2.200000,0.127579
-0.264665,1.000000,2.200000,0.127611
-0.263964,1.000000,2.200000,0.127635
-0.263263,1.000000,2.200000,0.127651
-0.262563,1.000000,2.200000,0.127658
-0.261862,1.000000,2.200000,0.127655
-0.261161,1.000000,2.200000,0.127643
-0.260460,1.000000,2.200000,0.127621
-0.259760,1.000000,2.200000,0.127588
-0.259059,1.000000,2.200000,0.127545
-0.258358,1.000000,2.200000,0.127490
-0.257658,1.000000,2.200000,0.127424
-0.256957,1.000000,2.200000,0.127345
-0.256256,1.000000,2.200000,0.127254
-0.255556,1.000000,2.200000,0.127150
-0.254855,1.000000,2.200000,0.127033
-0.254154,1.000000,2.200000,0.126902
-0.253453,1.000000,2.200000,0.126757
-0.252753,1.000000,2.200000,0.126598
-0.252052,1.000000,2.200000,0.126425
-0.251351,1.000000,2.200000,0.126236
-0.250651,1.000000,2.200000,0.126032
-0.249950,1.000000,2.200000,0.125814
-0.249249,1.000000,2.200000,0.125579
-0.248549,1.000000,2.200000,0.125329
-0.247848,1.000000,2.200000,0.125064
-0.247147,1.000000,2.200000,0.124783
-0.246446,1.000000,2.200000,0.124486
-0.245746,1.000000,2.200000,0.124174
-0.245045,1.000000,2.200000,0.123846
-0.244344,1.000000,2.200000,0.123504
-0.243644,1.000000,2.200000,0.123147
-0.242943,1.000000,2.200000,0.122775
-0.242242,1.000000,2.200000,0.122390
-0.241542,1.000000,2.200000,0.121992
-0.240841,1.000000,2.200000,0.121580
-0.240140,1.000000,2.200000,0.121158
-0.239439,1.000000,2.200000,0.120724
-0.238739,1.000000,2.200000,0.120279
-0.238038,1.000000,2.200000,0.119826
-0.237337,1.000000,2.200000,0.119364
-0.236637,1.000000,2.200000,0.118895
-0.235936,1.000000,2.200000,0.118420
-0.235235,1.000000,2.200000,0.117940
-0.234535,1.000000,2.200000,0.117456
-0.233834,1.000000,2.200000,0.116970
-0.233133,1.000000,2.200000,0.116482
-0.232432,1.000000,2.200000,0.115994
-0.231732,1.000000,2.200000,0.115508
-0.231031,1.000000,2.200000,0.115023
-0.230330,1.000000,2.200000,0.114542
-0.229630,1.000000,2.200000,0.114066
-0.228929,1.000000,2.200000,0.113595
-0.228228,1.000000,2.200000,0.113132
-0.227528,1.000000,2.200000,0.112675
-0.226827,1.000000,2.200000,0.112228
-0.226126,1.000000,2.200000,0.111790
-0.225425,1.000000,2.200000,0.111362
-0.224725,1.000000,2.200000,0.110945
-0.224024,1.000000,2.200000,0.110539
-0.223323,1.000000,2.200000,0.110145
-0.222623,1.000000,2.200000,0.109764
-0.221922,1.000000,2.200000,0.109395
-0.221221,1.000000,2.200000,0.109039
-0.220521,1.000000,2.200000,0.108696
-0.219820,1.000000,2.200000,0.108366
-0.219119,1.000000,2.200000,0.108049
-0.218418,1.000000,2.200000,0.107746
-0.217718,1.000000,2.200000,0.107455
-0.217017,1.000000,2.200000,0.107177
-0.216316,1.000000,2.200000,0.106912
-0.215616,1.000000,2.200000,0.106659
-0.214915,1.000000,2.200000,0.106418
-0.214214,1.000000,2.200000,0.106189
-0.213514,1.000000,2.200000,0.105971
-0.212813,1.000000,2.200000,0.105765
-0.212112,1.000000,2.200000,0.105569
-0.211411,1.000000,2.200000,0.105383
-0.210711,1.000000,2.200000,0.105208
-0.210010,1.000000,2.200000,0.105042
-0.209309,1.000000,2.200000,0.104885
-0.208609,1.000000,2.200000,0.104738
-0.207908,1.000000,2.200000,0.104598
-0.207207,1.000000,2.200000,0.104466
-0.206507,1.000000,2.200000,0.104343
-0.205806,1.000000,2.200000,0.104226
-0.205105,1.000000,2.200000,0.104117
-0.204404,1.000000,2.200000,0.104014
-0.203704,1.000000,2.200000,0.103917
-0.203003,1.000000,2.200000,0.103827
-0.202302,1.000000,2.200000,0.103742
-0.201602,1.000000,2.200000,0.103662
-0.200901,1.000000,2.200000,0.103588
-0.200200,1.000000,2.200000,0.103518
-0.199499,1.000000,2.200000,0.103453
-0.198799,1.000000,2.200000,0.103392
-0.198098,1.000000,2.200000,0.103336
-0.197397,1.000000,2.200000,0.103283
-0.196697,1.000000,2.200000,0.103234
-0.195996,1.000000,2.200000,0.103189
-0.195295,1.000000,2.200000,0.103147
-0.194595,1.000000,2.200000,0.103108
-0.193894,1.000000,2.200000,0.103073
-0.193193,1.000000,2.200000,0.103040
-0.192492,1.000000,2.200000,0.103009
-0.191792,1.000000,2.200000,0.102981
-0.191091,1.000000,2.200000,0.102956
-0.190390,1.000000,2.200000,0.102933
-0.189690,1.000000,2.200000,0.102913
-0.188989,1.000000,2.200000,0.102894
-0.188288,1.000000,2.200000,0.102877
-0.187588,1.000000,2.200000,0.102863
-0.186887,1.000000,2.200000,0.102850
-0.186186,1.000000,2.200000,0.102839
-0.185485,1.000000,2.200000,0.102829
-0.184785,1.000000,2.200000,0.102821
-0.184084,1.000000,2.200000,0.102815
-0.183383,1.000000,2.200000,0.102810
-0.182683,1.000000,2.200000,0.102806
-0.181982,1.000000,2.200000,0.102804
-0.181281,1.000000,2.200000,0.102803
-0.180581,1.000000,2.200000,0.102803
-0.179880,1.000000,2.200000,0.102805
-0.179179,1.000000,2.200000,0.102808
-0.178478,1.000000,2.200000,0.102811
-0.177778,1.000000,2.200000,0.102816
-0.177077,1.000000,2.200000,0.102822
-0.176376,1.000000,2.200000,0.102829
-0.175676,1.000000,2.200000,0.102836
-0.174975,1.000000,2.200000,0.102845
-0.174274,1.000000,2.200000,0.102855
-0.173574,1.000000,2.200000,0.102865
-0.172873,1.000000,2.200000,0.102877
-0.172172,1.000000,2.200000,0.102889
-0.171471,1.000000,2.200000,0.102902
-0.170771,1.000000,2.200000,0.102916
-0.170070,1.000000,2.200000,0.102931
-0.169369,1.000000,2.200000,0.102946
-0.168669,1.000000,2.200000,0.102963
-0.167968,1.000000,2.200000,0.102980
-0.167267,1.000000,2.200000,0.102998
-0.166567,1.000000,2.200000,0.103016
-0.165866,1.000000,2.200000,0.103036
-0.165165,1.000000,2.200000,0.103056
-0.164464,1.000000,2.200000,0.103077
-0.163764,1.000000,2.200000,0.103098
-0.163063,1.000000,2.200000,0.103120
-0.162362,1.000000,2.200000,0.103144
-0.161662,1.000000,2.200000,0.103167
-0.160961,1.000000,2.200000,0.103192
-0.160260,1.000000,2.200000,0.103217
-0.159560,1.000000,2.200000,0.103243
-0.158859,1.000000,2.200000,0.103270
-0.158158,1.000000,2.200000,0.103298
-0.157457,1.000000,2.200000,0.103326
-0.156757,1.000000,2.200000,0.103355
-0.156056,1.000000,2.200000,0.103385
-0.155355,1.000000,2.200000,0.103415
-0.154655,1.000000,2.200000,0.103447
-0.153954,1.000000,2.200000,0.103479
-0.153253,1.000000,2.200000,0.103512
-0.152553,1.000000,2.200000,0.103546
-0.151852,1.000000,2.200000,0.103581
-0.151151,1.000000,2.200000,0.103616
-0.150450,1.000000,2.200000,0.103653
-0.149750,1.000000,2.200000,0.103690
-0.149049,1.000000,2.200000,0.103729
-0.148348,1.000000,2.200000,0.103768
-0.147648,1.000000,2.200000,0.103808
-0.146947,1.000000,2.200000,0.103849
-0.146246,1.000000,2.200000,0.103892
-0.145546,1.000000,2.200000,0.103935
-0.144845,1.000000,2.200000,0.103979
-0.144144,1.000000,2.200000,0.104024
-0.143443,1.000000,2.200000,0.104071
-0.142743,1.000000,2.200000,0.104118
-0.142042,1.000000,2.200000,0.104167
-0.141341,1.000000,2.200000,0.104217
-0.140641,1.000000,2.200000,0.104268
-0.139940,1.000000,2.200000,0.104321
-0.139239,1.000000,2.200000,0.104374
-0.138539,1.000000,2.200000,0.104429
-0.137838,1.000000,2.200000,0.104486
-0.137137,1.000000,2.200000,0.104543
-0.136436,1.000000,2.200000,0.104603
-0.135736,1.000000,2.200000,0.104663
-0.135035,1.000000,2.200000,0.104725
-0.134334,1.000000,2.200000,0.104789
-0.133634,1.000000,2.200000,0.104855
-0.132933,1.000000,2.200000,0.104922
-0.132232,1.000000,2.200000,0.104990
-0.131532,1.000000,2.200000,0.105061
-0.130831,1.000000,2.200000,0.105134
-0.130130,1.000000,2.200000,0.105208
-0.129429,1.000000,2.200000,0.105284
-0.128729,1.000000,2.200000,0.105362
-0.128028,1.000000,2.200000,0.105442
-0.127327,1.000000,2.200000,0.105525
-0.126627,1.000000,2.200000,0.105610
-0.125926,1.000000,2.200000,0.105696
-0.125225,1.000000,2.200000,0.105786
-0.124525,1.000000,2.200000,0.105877
-0.123824,1.000000,2.200000,0.105972
-0.123123,1.000000,2.200000,0.106068
-0.122422,1.000000,2.200000,0.106168
-0.121722,1.000000,2.200000,0.106270
-0.121021,1.000000,2.200000,0.106375
-0.120320,1.000000,2.200000,0.106483
-0.119620,1.000000,2.200000,0.106595
-0.118919,1.000000,2.200000,0.106709
-0.118218,1.000000,2.200000,0.106826
-0.117518,1.000000,2.200000,0.106947
-0.116817,1.000000,2.200000,0.107072
-0.116116,1.000000,2.200000,0.107200
-0.115415,1.000000,2.200000,0.107332
-0.114715,1.000000,2.200000,0.107468
-0.114014,1.000000,2.200000,0.107607
-0.113313,1.000000,2.200000,0.107751
-0.112613,1.000000,2.200000,0.107899
-0.111912,1.000000,2.200000,0.108052
-0.111211,1.000000,2.200000,0.108209
-0.110511,1.000000,2.200000,0.108371
-0.109810,1.000000,2.200000,0.108538
-0.109109,1.000000,2.200000,0.108709
-0.108408,1.000000,2.200000,0.108887
-0.107708,1.000000,2.200000,0.109069
-0.107007,1.000000,2.200000,0.109258
-0.106306,1.000000,2.200000,0.109452
-0.105606,1.000000,2.200000,0.109652
-0.104905,1.000000,2.200000,0.109858
-0.104204,1.000000,2.200000,0.110071
-0.103504,1.000000,2.200000,0.110291
-0.102803,1.000000,2.200000,0.110517
-0.102102,1.000000,2.200000,0.110751
-0.101401,1.000000,2.200000,0.110992
-0.100701,1.000000,2.200000,0.111241
-0.100000,1.000000,2.200000,0.111497
-0.800000,1.000000,2.500000,0.102276
-0.799299,1.000000,2.500000,0.102298
-0.798599,1.000000,2.500000,0.102320
-0.797898,1.000000,2.500000,0.102343
-0.797197,1.000000,2.500000,0.102365
-0.796496,1.000000,2.500000,0.102388
-0.795796,1.000000,2.500000,0.102410
-0.795095,1.000000,2.500000,0.102432
-0.794394,1.000000,2.500000,0.102455
-0.793694,1.000000,2.500000,0.102477
-0.792993,1.000000,2.500000,0.102499
-0.792292,1.000000,2.500000,0.102522
-0.791592,1.000000,2.500000,0.102544
-0.790891,1.000000,2.500000,0.102566
-0.790190,1.000000,2.500000,0.102589
-0.789489,1.000000,2.500000,0.102611
-0.788789,1.000000,2.500000,0.102633
-0.788088,1.000000,2.500000,0.102655
-0.787387,1.000000,2.500000,0.102678
-0.786687,1.000000,2.500000,0.102700
-0.785986,1.000000,2.500000,0.102722
-0.785285,1.000000,2.500000,0.102744
-0.784585,1.000000,2.500000,0.102766
-0.783884,1.000000,2.500000,0.102789
-0.783183,1.000000,2.500000,0.102811
-0.782482,1.000000,2.500000,0.102833
-0.781782,1.000000,2.500000,0.102855
-0.781081,1.000000,2.500000,0.102877
-0.780380,1.000000,2.500000,0.102899
-0.779680,1.000000,2.500000,0.102921
-0.778979,1.000000,2.500000,0.102943
-0.778278,1.000000,2.500000,0.102965
-0.777578,1.000000,2.500000,0.102987
-0.776877,1.000000,2.500000,0.103009
-0.776176,1.000000,2.500000,0.103031
-0.775475,1.000000,2.500000,0.103053
-0.774775,1.000000,2.500000,0.103075
-0.774074,1.000000,2.500000,0.103097
-0.773373,1.000000,2.500000,0.103119
-0.772673,1.000000,2.500000,0.103141
-0.771972,1.000000,2.500000,0.103163
-0.771271,1.000000,2.500000,0.103185
-0.770571,1.000000,2.500000,0.103207
-0.769870,1.000000,2.500000,0.103228
-0.769169,1.000000,2.500000,0.103250
-0.768468,1.000000,2.500000,0.103272
-0.767768,1.000000,2.500000,0.103294
-0.767067,1.000000,2.500000,0.103316
-0.766366,1.000000,2.500000,0.103337
-0.765666,1.000000,2.500000,0.103359
-0.764965,1.000000,2.500000,0.103381
-0.764264,1.000000,2.500000,0.103402
-0.763564,1.000000,2.500000,0.103424
-0.762863,1.000000,2.500000,0.103446
-0.762162,1.000000,2.500000,0.103467
-0.761461,1.000000,2.500000,0.103489
-0.760761,1.000000,2.500000,0.103510
-0.760060,1.000000,2.500000,0.103532
-0.759359,1.000000,2.500000,0.103554
-0.758659,1.000000,2.500000,0.103575
-0.757958,1.000000,2.500000,0.103597
-0.757257,1.000000,2.500000,0.103618
-0.756557,1.000000,2.500000,0.103639
-0.755856,1.000000,2.500000,0.103661
-0.755155,1.000000,2.500000,0.103682
-0.754454,1.000000,2.500000,0.103704
-0.753754,1.000000,2.500000,0.103725
-0.753053,1.000000,2.500000,0.103746
-0.752352,1.000000,2.500000,0.103768
-0.751652,1.000000,2.500000,0.103789
-0.750951,1.000000,2.500000,0.103810
-0.750250,1.000000,2.500000,0.103831
-0.749550,1.000000,2.500000,0.103853
-0.748849,1.000000,2.500000,0.103874
-0.748148,1.000000,2.500000,0.103895
-0.747447,1.000000,2.500000,0.103916
-0.746747,1.000000,2.500000,0.103938
-0.746046,1.000000,2.500000,0.103959
-0.745345,1.000000,2.500000,0.103980
-0.744645,1.000000,2.500000,0.104001
-0.743944,1.000000,2.500000,0.104022
-0.743243,1.000000,2.500000,0.104043
-0.742543,1.000000,2.500000,0.104064
-0.741842,1.000000,2.500000,0.104085
-0.741141,1.000000,2.500000,0.104106
-0.740440,1.000000,2.500000,0.104127
-0.739740,1.000000,2.500000,0.104148
-0.739039,1.000000,2.500000,0.104168
-0.738338,1.000000,2.500000,0.104189
-0.737638,1.000000,2.500000,0.104210
-0.736937,1.000000,2.500000,0.104231
-0.736236,1.000000,2.500000,0.104252
-0.735536,1.000000,2.500000,0.104273
-0.734835,1.000000,2.500000,0.104293
-0.734134,1.000000,2.500000,0.104314
-0.733433,1.000000,2.500000,0.104335
-0.732733,1.000000,2.500000,0.104355
-0.732032,1.000000,2.500000,0.104376
-0.731331,1.000000,2.500000,0.104397
-0.730631,1.000000,2.500000,0.104417
-0.729930,1.000000,2.500000,0.104438
-0.729229,1.000000,2.500000,0.104458
-0.728529,1.000000,2.500000,0.104479
-0.727828,1.000000,2.500000,0.104499
-0.727127,1.000000,2.500000,0.104520
-0.726426,1.000000,2.500000,0.104540
-0.725726,1.000000,2.500000,0.104560
-0.725025,1.000000,2.500000,0.104581
-0.724324,1.000000,2.500000,0.104601
-0.723624,1.000000,2.500000,0.104622
-0.722923,1.000000,2.500000,0.104642
-0.722222,1.000000,2.500000,0.104662
-0.721522,1.000000,2.500000,0.104682
-0.720821,1.000000,2.500000,0.104703
-0.720120,1.000000,2.500000,0.104723
-0.719419,1.000000,2.500000,0.104743
-0.718719,1.000000,2.500000,0.104763
-0.718018,1.000000,2.500000,0.104783
-0.717317,1.000000,2.500000,0.104803
-0.716617,1.000000,2.500000,0.104823
-0.715916,1.000000,2.500000,0.104843
-0.715215,1.000000,2.500000,0.104863
-0.714515,1.000000,2.500000,0.104883
-0.713814,1.000000,2.500000,0.104903
-0.713113,1.000000,2.500000,0.104923
-0.712412,1.000000,2.500000,0.104943
-0.711712,1.000000,2.500000,0.104963
-0.711011,1.000000,2.500000,0.104983
-0.710310,1.000000,2.500000,0.105002
-0.709610,1.000000,2.500000,0.105022
-0.708909,1.000000,2.500000,0.105042
-0.708208,1.000000,2.500000,0.105061
-0.707508,1.000000,2.500000,0.105081
-0.706807,1.000000,2.500000,0.105101
-0.706106,1.000000,2.500000,0.105121
-0.705405,1.000000,2.500000,0.105140
-0.704705,1.000000,2.500000,0.105160
-0.704004,1.000000,2.500000,0.105179
-0.703303,1.000000,2.500000,0.105199
-0.702603,1.000000,2.500000,0.105218
-0.701902,1.000000,2.500000,0.105238
-0.701201,1.000000,2.500000,0.105257
-0.700501,1.000000,2.500000,0.105276
-0.699800,1.000000,2.500000,0.105296
-0.699099,1.000000,2.500000,0.105315
-0.698398,1.000000,2.500000,0.105334
-0.697698,1.000000,2.500000,0.105354
-0.696997,1.000000,2.500000,0.105373
-0.696296,1.000000,2.500000,0.105392
-0.695596,1.000000,2.500000,0.105411
-0.694895,1.000000,2.500000,0.105431
-0.694194,1.000000,2.500000,0.105450
-0.693493,1.000000,2.500000,0.105469
-0.692793,1.000000,2.500000,0.105488
-0.692092,1.000000,2.500000,0.105507
-0.691391,1.000000,2.500000,0.105526
-0.690691,1.000000,2.500000,0.105545
-0.689990,1.000000,2.500000,0.105564
-0.689289,1.000000,2.500000,0.105583
-0.688589,1.000000,2.500000,0.105602
-0.687888,1.000000,2.500000,0.105621
-0.687187,1.000000,2.500000,0.105639
-0.686486,1.000000,2.500000,0.105658
-0.685786,1.000000,2.500000,0.105677
-0.685085,1.000000,2.500000,0.105696
-0.684384,1.000000,2.500000,0.105714
-0.683684,1.000000,2.500000,0.105733
-0.682983,1.000000,2.500000,0.105752
-0.682282,1.000000,2.500000,0.105770
-0.681582,1.000000,2.500000,0.105789
-0.680881,1.000000,2.500000,0.105807
-0.680180,1.000000,2.500000,0.105826
-0.679479,1.000000,2.500000,0.105844
-0.678779,1.000000,2.500000,0.105863
-0.678078,1.000000,2.500000,0.105881
-0.677377,1.000000,2.500000,0.105900
-0.676677,1.000000,2.500000,0.105918
-0.675976,1.000000,2.500000,0.105936
-0.675275,1.000000,2.500000,0.105955
-0.674575,1.000000,2.500000,0.105973
-0.673874,1.000000,2.500000,0.105991
-0.673173,1.000000,2.500000,0.106009
-0.672472,1.000000,2.500000,0.106028
-0.671772,1.000000,2.500000,0.106046
-0.671071,1.000000,2.500000,0.106064
-0.670370,1.000000,2.500000,0.106082
-0.669670,1.000000,2.500000,0.106100
-0.668969,1.000000,2.500000,0.106118
-0.668268,1.000000,2.500000,0.106136
-0.667568,1.000000,2.500000,0.106154
-0.666867,1.000000,2.500000,0.106172
-0.666166,1.000000,2.500000,0.106190
-0.665465,1.000000,2.500000,0.106208
-0.664765,1.000000,2.500000,0.106226
-0.664064,1.000000,2.500000,0.106244
-0.663363,1.000000,2.500000,0.106261
-0.662663,1.000000,2.500000,0.106279
-0.661962,1.000000,2.500000,0.106297
-0.661261,1.000000,2.500000,0.106315
-0.660561,1.000000,2.500000,0.106332
-0.659860,1.000000,2.500000,0.106350
-0.659159,1.000000,2.500000,0.106367
-0.658458,1.000000,2.500000,0.106385
-0.657758,1.000000,2.500000,0.106403
-0.657057,1.000000,2.500000,0.106420
-0.656356,1.000000,2.500000,0.106438
-0.655656,1.000000,2.500000,0.106455
-0.654955,1.000000,2.500000,0.106473
-0.654254,1.000000,2.500000,0.106490
-0.653554,1.000000,2.500000,0.106507
-0.652853,1.000000,2.500000,0.106525
-0.652152,1.000000,2.500000,0.106542
-0.651451,1.000000,2.500000,0.106559
-0.650751,1.000000,2.500000,0.106576
-0.650050,1.000000,2.500000,0.106594
-0.649349,1.000000,2.500000,0.106611
-0.648649,1.000000,2.500000,0.106628
-0.647948,1.000000,2.500000,0.106645
-0.647247,1.000000,2.500000,0.106662
-0.646547,1.000000,2.500000,0.106679
-0.645846,1.000000,2.500000,0.106696
-0.645145,1.000000,2.500000,0.106713
-0.644444,1.000000,2.500000,0.106730
-0.643744,1.000000,2.500000,0.106747
-0.643043,1.000000,2.500000,0.106764
-0.642342,1.000000,2.500000,0.106781
-0.641642,1.000000,2.500000,0.106798
-0.640941,1.000000,2.500000,0.106815
-0.640240,1.000000,2.500000,0.106832
-0.639540,1.000000,2.500000,0.106848
-0.638839,1.000000,2.500000,0.106865
-0.638138,1.000000,2.500000,0.106882
-0.637437,1.000000,2.500000,0.106899
-0.636737,1.000000,2.500000,0.106915
-0.636036,1.000000,2.500000,0.106932
-0.635335,1.000000,2.500000,0.106949
-0.634635,1.000000,2.500000,0.106965
-0.633934,1.000000,2.500000,0.106982
-0.633233,1.000000,2.500000,0.106998
-0.632533,1.000000,2.500000,0.107015
-0.631832,1.000000,2.500000,0.107031
-0.631131,1.000000,2.500000,0.107048
-0.630430,1.000000,2.500000,0.107064
-0.629730,1.000000,2.500000,0.107080
-0.629029,1.000000,2.500000,0.107097
-0.628328,1.000000,2.500000,0.107113
-0.627628,1.000000,2.500000,0.107129
-0.626927,1.000000,2.500000,0.107145
-0.626226,1.000000,2.500000,0.107162
-0.625526,1.000000,2.500000,0.107178
-0.624825,1.000000,2.500000,0.107194
-0.624124,1.000000,2.500000,0.107210
-0.623423,1.000000,2.500000,0.107226
-0.622723,1.000000,2.500000,0.107242
-0.622022,1.000000,2.500000,0.107258
-0.621321,1.000000,2.500000,0.107274
-0.620621,1.000000,2.500000,0.107291
-0.619920,1.000000,2.500000,0.107307
-0.619219,1.000000,2.500000,0.107323
-0.618519,1.000000,2.500000,0.107338
-0.617818,1.000000,2.500000,0.107354
-0.617117,1.000000,2.500000,0.107370
-0.616416,1.000000,2.500000,0.107386
-0.615716,1.000000,2.500000,0.107402
-0.615015,1.000000,2.500000,0.107418
-0.614314,1.000000,2.500000,0.107433
-0.613614,1.000000,2.500000,0.107449
-0.612913,1.000000,2.500000,0.107465
-0.612212,1.000000,2.500000,0.107481
-0.611512,1.000000,2.500000,0.107496
-0.610811,1.000000,2.500000,0.107512
-0.610110,1.000000,2.500000,0.107527
-0.609409,1.000000,2.500000,0.107543
-0.608709,1.000000,2.500000,0.107559
-0.608008,1.000000,2.500000,0.107574
-0.607307,1.000000,2.500000,0.107590
-0.606607,1.000000,2.500000,0.107605
-0.605906,1.000000,2.500000,0.107621
-0.605205,1.000000,2.500000,0.107636
-0.604505,1.000000,2.500000,0.107652
-0.603804,1.000000,2.500000,0.107667
-0.603103,1.000000,2.500000,0.107682
-0.602402,1.000000,2.500000,0.107698
-0.601702,1.000000,2.500000,0.107713
-0.601001,1.000000,2.500000,0.107728
-0.600300,1.000000,2.500000,0.107743
-0.599600,1.000000,2.500000,0.107759
-0.598899,1.000000,2.500000,0.107774
-0.598198,1.000000,2.500000,0.107789
-0.597497,1.000000,2.500000,0.107804
-0.596797,1.000000,2.500000,0.107819
-0.596096,1.000000,2.500000,0.107835
-0.595395,1.000000,2.500000,0.107850
-0.594695,1.000000,2.500000,0.107865
-0.593994,1.000000,2.500000,0.107880
-0.593293,1.000000,2.500000,0.107895
-0.592593,1.000000,2.500000,0.107910
-0.591892,1.000000,2.500000,0.107925
-0.591191,1.000000,2.500000,0.107940
-0.590490,1.000000,2.500000,0.107955
-0.589790,1.000000,2.500000,0.107970
-0.589089,1.000000,2.500000,0.107985
-0.588388,1.000000,2.500000,0.108000
-0.587688,1.000000,2.500000,0.108014
-0.586987,1.000000,2.500000,0.108029
-0.586286,1.000000,2.500000,0.108044
-0.585586,1.000000,2.500000,0.108059
-0.584885,1.000000,2.500000,0.108074
-0.584184,1.000000,2.500000,0.108088
-0.583483,1.000000,2.500000,0.108103
-0.582783,1.000000,2.500000,0.108118
-0.582082,1.000000,2.500000,0.108133
-0.581381,1.000000,2.500000,0.108147
-0.580681,1.000000,2.500000,0.108162
-0.579980,1.000000,2.500000,0.108177
-0.579279,1.000000,2.500000,0.108191
-0.578579,1.000000,2.500000,0.108206
-0.577878,1.000000,2.500000,0.108221
-0.577177,1.000000,2.500000,0.108235
-0.576476,1.000000,2.500000,0.108250
-0.575776,1.000000,2.500000,0.108264
-0.575075,1.000000,2.500000,0.108279
-0.574374,1.000000,2.500000,0.108293
-0.573674,1.000000,2.500000,0.108308
-0.572973,1.000000,2.500000,0.108322
-0.572272,1.000000,2.500000,0.108337
-0.571572,1.000000,2.500000,0.108351
-0.570871,1.000000,2.500000,0.108366
-0.570170,1.000000,2.500000,0.108380
-0.569469,1.000000,2.500000,0.108395
-0.568769,1.000000,2.500000,0.108409
-0.568068,1.000000,2.500000,0.108423
-0.567367,1.000000,2.500000,0.108438
-0.566667,1.000000,2.500000,0.108452
-0.565966,1.000000,2.500000,0.108466
-0.565265,1.000000,2.500000,0.108481
-0.564565,1.000000,2.500000,0.108495
-0.563864,1.000000,2.500000,0.108509
-0.563163,1.000000,2.500000,0.108524
-0.562462,1.000000,2.500000,0.108538
-0.561762,1.000000,2.500000,0.108552
-0.561061,1.000000,2.500000,0.108566
-0.560360,1.000000,2.500000,0.108581
-0.559660,1.000000,2.500000,0.108595
-0.558959,1.000000,2.500000,0.108609
-0.558258,1.000000,2.500000,0.108623
-0.557558,1.000000,2.500000,0.108638
-0.556857,1.000000,2.500000,0.108652
-0.556156,1.000000,2.500000,0.108666
-0.555455,1.000000,2.500000,0.108680
-0.554755,1.000000,2.500000,0.108694
-0.554054,1.000000,2.500000,0.108709
-0.553353,1.000000,2.500000,0.108723
-0.552653,1.000000,2.500000,0.108737
-0.551952,1.000000,2.500000,0.108751
-0.551251,1.000000,2.500000,0.108765
-0.550551,1.000000,2.500000,0.108779
-0.549850,1.000000,2.500000,0.108794
-0.549149,1.000000,2.500000,0.108808
-0.548448,1.000000,2.500000,0.108822
-0.547748,1.000000,2.500000,0.108836
-0.547047,1.000000,2.500000,0.108850
-0.546346,1.000000,2.500000,0.108864
-0.545646,1.000000,2.500000,0.108878
-0.544945,1.000000,2.500000,0.108892
-0.544244,1.000000,2.500000,0.108906
-0.543544,1.000000,2.500000,0.108921
-0.542843,1.000000,2.500000,0.108935
-0.542142,1.000000,2.500000,0.108949
-0.541441,1.000000,2.500000,0.108963
-0.540741,1.000000,2.500000,0.108977
-0.540040,1.000000,2.500000,0.108991
-0.539339,1.000000,2.500000,0.109005
-0.538639,1.000000,2.500000,0.109019
-0.537938,1.000000,2.500000,0.109034
-0.537237,1.000000,2.500000,0.109048
-0.536537,1.000000,2.500000,0.109062
-0.535836,1.000000,2.500000,0.109076
-0.535135,1.000000,2.500000,0.109090
-0.534434,1.000000,2.500000,0.109104
-0.533734,1.000000,2.500000,0.109118
-0.533033,1.000000,2.500000,0.109132
-0.532332,1.000000,2.500000,0.109147
-0.531632,1.000000,2.500000,0.109161
-0.530931,1.000000,2.500000,0.109175
-0.530230,1.000000,2.500000,0.109189
-0.529530,1.000000,2.500000,0.109203
-0.528829,1.000000,2.500000,0.109218
-0.528128,1.000000,2.500000,0.109232
-0.527427,1.000000,2.500000,0.109246
-0.526727,1.000000,2.500000,0.109260
-0.526026,1.000000,2.500000,0.109275
-0.525325,1.000000,2.500000,0.109289
-0.524625,1.000000,2.500000,0.109303
-0.523924,1.000000,2.500000,0.109317
-0.523223,1.000000,2.500000,0.109332
-0.522523,1.000000,2.500000,0.109346
-0.521822,1.000000,2.500000,0.109360
-0.521121,1.000000,2.500000,0.109375
-0.520420,1.000000,2.500000,0.109389
-0.519720,1.000000,2.500000,0.109404
-0.519019,1.000000,2.500000,0.109418
-0.518318,1.000000,2.500000,0.109432
-0.517618,1.000000,2.500000,0.109447
-0.516917,1.000000,2.500000,0.109461
-0.516216,1.000000,2.500000,0.109476
-0.515516,1.000000,2.500000,0.109491
-0.514815,1.000000,2.500000,0.109505
-0.514114,1.000000,2.500000,0.109520
-0.513413,1.000000,2.500000,0.109534
-0.512713,1.000000,2.500000,0.109549
-0.512012,1.000000,2.500000,0.109564
-0.511311,1.000000,2.500000,0.109578
-0.510611,1.000000,2.500000,0.109593
-0.509910,1.000000,2.500000,0.109608
-0.509209,1.000000,2.500000,0.109623
-0.508509,1.000000,2.500000,0.109637
-0.507808,1.000000,2.500000,0.109652
-0.507107,1.000000,2.500000,0.109667
-0.506406,1.000000,2.500000,0.109682
-0.505706,1.000000,2.500000,0.109697
-0.505005,1.000000,2.500000,0.109712
-0.504304,1.000000,2.500000,0.109727
-0.503604,1.000000,2.500000,0.109742
-0.502903,1.000000,2.500000,0.109757
-0.502202,1.000000,2.500000,0.109773
-0.501502,1.000000,2.500000,0.109788
-0.500801,1.000000,2.500000,0.109803
-0.500100,1.000000,2.500000,0.109818
-0.499399,1.000000,2.500000,0.109834
-0.498699,1.000000,2.500000,0.109849
-0.497998,1.000000,2.500000,0.109865
-0.497297,1.000000,2.500000,0.109880
-0.496597,1.000000,2.500000,0.109896
-0.495896,1.000000,2.500000,0.109911
-0.495195,1.000000,2.500000,0.109927
-0.494494,1.000000,2.500000,0.109943
-0.493794,1.000000,2.500000,0.109958
-0.493093,1.000000,2.500000,0.109974
-0.492392,1.000000,2.500000,0.109990
-0.491692,1.000000,2.500000,0.110006
-0.490991,1.000000,2.500000,0.110022
-0.490290,1.000000,2.500000,0.110038
-0.489590,1.000000,2.500000,0.110055
-0.488889,1.000000,2.500000,0.110071
-0.488188,1.000000,2.500000,0.110087
-0.487487,1.000000,2.500000,0.110103
-0.486787,1.000000,2.500000,0.110120
-0.486086,1.000000,2.500000,0.110137
-0.485385,1.000000,2.500000,0.110153
-0.484685,1.000000,2.500000,0.110170
-0.483984,1.000000,2.500000,0.110187
-0.483283,1.000000,2.500000,0.110203
-0.482583,1.000000,2.500000,0.110220
-0.481882,1.000000,2.500000,0.110237
-0.481181,1.000000,2.500000,0.110254
-0.480480,1.000000,2.500000,0.110272
-0.479780,1.000000,2.500000,0.110289
-0.479079,1.000000,2.500000,0.110306
-0.478378,1.000000,2.500000,0.110324
-0.477678,1.000000,2.500000,0.110341
-0.476977,1.000000,2.500000,0.110359
-0.476276,1.000000,2.500000,0.110377
-0.475576,1.000000,2.500000,0.110395
-0.474875,1.000000,2.500000,0.110413
-0.474174,1.000000,2.500000,0.110431
-0.473473,1.000000,2.500000,0.110449
-0.472773,1.000000,2.500000,0.110467
-0.472072,1.000000,2.500000,0.110486
-0.471371,1.000000,2.500000,0.110504
-0.470671,1.000000,2.500000,0.110523
-0.469970,1.000000,2.500000,0.110542
-0.469269,1.000000,2.500000,0.110560
-0.468569,1.000000,2.500000,0.110580
-0.467868,1.000000,2.500000,0.110599
-0.467167,1.000000,2.500000,0.110618
-0.466466,1.000000,2.500000,0.110637
-0.465766,1.000000,2.500000,0.110657
-0.465065,1.000000,2.500000,0.110677
-0.464364,1.000000,2.500000,0.110696
-0.463664,1.000000,2.500000,0.110716
-0.462963,1.000000,2.500000,0.110737
-0.462262,1.000000,2.500000,0.110757
-0.461562,1.000000,2.500000,0.110777
-0.460861,1.000000,2.500000,0.110798
-0.460160,1.000000,2.500000,0.110819
-0.459459,1.000000,2.500000,0.110840
-0.458759,1.000000,2.500000,0.110861
-0.458058,1.000000,2.500000,0.110882
-0.457357,1.000000,2.500000,0.110903
-0.456657,1.000000,2.500000,0.110925
-0.455956,1.000000,2.500000,0.110947
-0.455255,1.000000,2.500000,0.110969
-0.454555,1.000000,2.500000,0.110991
-0.453854,1.000000,2.500000,0.111013
-0.453153,1.000000,2.500000,0.111036
-0.452452,1.000000,2.500000,0.111058
-0.451752,1.000000,2.500000,0.111081
-0.451051,1.000000,2.500000,0.111104
-0.450350,1.000000,2.500000,0.111128
-0.449650,1.000000,2.500000,0.111151
-0.448949,1.000000,2.500000,0.111175
-0.448248,1.000000,2.500000,0.111199
-0.447548,1.000000,2.500000,0.111223
-0.446847,1.000000,2.500000,0.111247
-0.446146,1.000000,2.500000,0.111272
-0.445445,1.000000,2.500000,0.111297
-0.444745,1.000000,2.500000,0.111322
-0.444044,1.000000,2.500000,0.111348
-0.443343,1.000000,2.500000,0.111373
-0.442643,1.000000,2.500000,0.111399
-0.441942,1.000000,2.500000,0.111425
-0.441241,1.000000,2.500000,0.111452
-0.440541,1.000000,2.500000,0.111478
-0.439840,1.000000,2.500000,0.111505
-0.439139,1.000000,2.500000,0.111533
-0.438438,1.000000,2.500000,0.111560
-0.437738,1.000000,2.500000,0.111588
-0.437037,1.000000,2.500000,0.111616
-0.436336,1.000000,2.500000,0.111644
-0.435636,1.000000,2.500000,0.111673
-0.434935,1.000000,2.500000,0.111702
-0.434234,1.000000,2.500000,0.111731
-0.433534,1.000000,2.500000,0.111761
-0.432833,1.000000,2.500000,0.111791
-0.432132,1.000000,2.500000,0.111821
-0.431431,1.000000,2.500000,0.111852
-0.430731,1.000000,2.500000,0.111883
-0.430030,1.000000,2.500000,0.111914
-0.429329,1.000000,2.500000,0.111946
-0.428629,1.000000,2.500000,0.111978
-0.427928,1.000000,2.500000,0.112010
-0.427227,1.000000,2.500000,0.112043
-0.426527,1.000000,2.500000,0.112076
-0.425826,1.000000,2.500000,0.112109
-0.425125,1.000000,2.500000,0.112143
-0.424424,1.000000,2.500000,0.112178
-0.423724,1.000000,2.500000,0.112212
-0.423023,1.000000,2.500000,0.112248
-0.422322,1.000000,2.500000,0.112283
-0.421622,1.000000,2.500000,0.112319
-0.420921,1.000000,2.500000,0.112355
-0.420220,1.000000,2.500000,0.112392
-0.419520,1.000000,2.500000,0.112430
-0.418819,1.000000,2.500000,0.112467
-0.418118,1.000000,2.500000,0.112506
-0.417417,1.000000,2.500000,0.112544
-0.416717,1.000000,2.500000,0.112583
-0.416016,1.000000,2.500000,0.112623
-0.415315,1.000000,2.500000,0.112663
-0.414615,1.000000,2.500000,0.112704
-0.413914,1.000000,2.500000,0.112745
-0.413213,1.000000,2.500000,0.112787
-0.412513,1.000000,2.500000,0.112829
-0.411812,1.000000,2.500000,0.112871
-0.411111,1.000000,2.500000,0.112915
-0.410410,1.000000,2.500000,0.112958
-0.409710,1.000000,2.500000,0.113003
-0.409009,1.000000,2.500000,0.113048
-0.408308,1.000000,2.500000,0.113093
-0.407608,1.000000,2.500000,0.113139
-0.406907,1.000000,2.500000,0.113186
-0.406206,1.000000,2.500000,0.113233
-0.405506,1.000000,2.500000,0.113281
-0.404805,1.000000,2.500000,0.113330
-0.404104,1.000000,2.500000,0.113379
-0.403403,1.000000,2.500000,0.113429
-0.402703,1.000000,2.500000,0.113479
-0.402002,1.000000,2.500000,0.113530
-0.401301,1.000000,2.500000,0.113582
-0.400601,1.000000,2.500000,0.113634
-0.399900,1.000000,2.500000,0.113688
-0.399199,1.000000,2.500000,0.113742
-0.398498,1.000000,2.500000,0.113796
-0.397798,1.000000,2.500000,0.113851
-0.397097,1.000000,2.500000,0.113907
-0.396396,1.000000,2.500000,0.113964
-0.395696,1.000000,2.500000,0.114022
-0.394995,1.000000,2.500000,0.114080
-0.394294,1.000000,2.500000,0.114139
-0.393594,1.000000,2.500000,0.114199
-0.392893,1.000000,2.500000,0.114259
-0.392192,1.000000,2.500000,0.114321
-0.391491,1.000000,2.500000,0.114383
-0.390791,1.000000,2.500000,0.114446
-0.390090,1.000000,2.500000,0.114509
-0.389389,1.000000,2.500000,0.114574
-0.388689,1.000000,2.500000,0.114640
-0.387988,1.000000,2.500000,0.114706
-0.387287,1.000000,2.500000,0.114773
-0.386587,1.000000,2.500000,0.114842
-0.385886,1.000000,2.500000,0.114911
-0.385185,1.000000,2.500000,0.114981
-0.384484,1.000000,2.500000,0.115051
-0.383784,1.000000,2.500000,0.115123
-0.383083,1.000000,2.500000,0.115196
-0.382382,1.000000,2.500000,0.115270
-0.381682,1.000000,2.500000,0.115344
-0.380981,1.000000,2.500000,0.115420
-0.380280,1.000000,2.500000,0.115496
-0.379580,1.000000,2.500000,0.115574
-0.378879,1.000000,2.500000,0.115652
-0.378178,1.000000,2.500000,0.115732
-0.377477,1.000000,2.500000,0.115812
-0.376777,1.000000,2.500000,0.115894
-0.376076,1.000000,2.500000,0.115976
-0.375375,1.000000,2.500000,0.116060
-0.374675,1.000000,2.500000,0.116145
-0.373974,1.000000,2.500000,0.116230
-0.373273,1.000000,2.500000,0.116317
-0.372573,1.000000,2.500000,0.116405
-0.371872,1.000000,2.500000,0.116494
-0.371171,1.000000,2.500000,0.116584
-0.370470,1.000000,2.500000,0.116675
-0.369770,1.000000,2.500000,0.116767
-0.369069,1.000000,2.500000,0.116861
-0.368368,1.000000,2.500000,0.116955
-0.367668,1.000000,2.500000,0.117051
-0.366967,1.000000,2.500000,0.117147
-0.366266,1.000000,2.500000,0.117245
-0.365566,1.000000,2.500000,0.117344
-0.364865,1.000000,2.500000,0.117444
-0.364164,1.000000,2.500000,0.117545
-0.363463,1.000000,2.500000,0.117647
-0.362763,1.000000,2.500000,0.117751
-0.362062,1.000000,2.500000,0.117856
-0.361361,1.000000,2.500000,0.117961
-0.360661,1.000000,2.500000,0.118068
-0.359960,1.000000,2.500000,0.118176
-0.359259,1.000000,2.500000,0.118285
-0.358559,1.000000,2.500000,0.118396
-0.357858,1.000000,2.500000,0.118507
-0.357157,1.000000,2.500000,0.118620
-0.356456,1.000000,2.500000,0.118734
-0.355756,1.000000,2.500000,0.118848
-0.355055,1.000000,2.500000,0.118964
-0.354354,1.000000,2.500000,0.119081
-0.353654,1.000000,2.500000,0.119199
-0.352953,1.000000,2.500000,0.119319
-0.352252,1.000000,2.500000,0.119439
-0.351552,1.000000,2.500000,0.119560
-0.350851,1.000000,2.500000,0.119683
-0.350150,1.000000,2.500000,0.119806
-0.349449,1.000000,2.500000,0.119931
-0.348749,1.000000,2.500000,0.120056
-0.348048,1.000000,2.500000,0.120183
-0.347347,1.000000,2.500000,0.120310
-0.346647,1.000000,2.500000,0.120438
-0.345946,1.000000,2.500000,0.120568
-0.345245,1.000000,2.500000,0.120698
-0.344545,1.000000,2.500000,0.120829
-0.343844,1.000000,2.500000,0.120960
-0.343143,1.000000,2.500000,0.121093
-0.342442,1.000000,2.500000,0.121226
-0.341742,1.000000,2.500000,0.121361
-0.341041,1.000000,2.500000,0.121495
-0.340340,1.000000,2.500000,0.121631
-0.339640,1.000000,2.500000,0.121767
-0.338939,1.000000,2.500000,0.121903
-0.338238,1.000000,2.500000,0.122040
-0.337538,1.000000,2.500000,0.122178
-0.336837,1.000000,2.500000,0.122316
-0.336136,1.000000,2.500000,0.122454
-0.335435,1.000000,2.500000,0.122593
-0.334735,1.000000,2.500000,0.122732
-0.334034,1.000000,2.500000,0.122870
-0.333333,1.000000,2.500000,0.123009
-0.332633,1.000000,2.500000,0.123149
-0.331932,1.000000,2.500000,0.123288
-0.331231,1.000000,2.500000,0.123426
-0.330531,1.000000,2.500000,0.123565
-0.329830,1.000000,2.500000,0.123703
-0.329129,1.000000,2.500000,0.123841
-0.328428,1.000000,2.500000,0.123978
-0.327728,1.000000,2.500000,0.124115
-0.327027,1.000000,2.500000,0.124251
-0.326326,1.000000,2.500000,0.124386
-0.325626,1.000000,2.500000,0.124521
-0.324925,1.000000,2.500000,0.124654
-0.324224,1.000000,2.500000,0.124786
-0.323524,1.000000,2.500000,0.124916
-0.322823,1.000000,2.500000,0.125046
-0.322122,1.000000,2.500000,0.125173
-0.321421,1.000000,2.500000,0.125299
-0.320721,1.000000,2.500000,0.125423
-0.320020,1.000000,2.500000,0.125544
-0.319319,1.000000,2.500000,0.125664
-0.318619,1.000000,2.500000,0.125781
-0.317918,1.000000,2.500000,0.125896
-0.317217,1.000000,2.500000,0.126007
-0.316517,1.000000,2.500000,0.126115
-0.315816,1.000000,2.500000,0.126221
-0.315115,1.000000,2.500000,0.126323
-0.314414,1.000000,2.500000,0.126421
-0.313714,1.000000,2.500000,0.126515
-0.313013,1.000000,2.500000,0.126605
-0.312312,1.000000,2.500000,0.126691
-0.311612,1.000000,2.500000,0.126772
-0.310911,1.000000,2.500000,0.126847
-0.310210,1.000000,2.500000,0.126918
-0.309510,1.000000,2.500000,0.126983
-0.308809,1.000000,2.500000,0.127043
-0.308108,1.000000,2.500000,0.127096
-0.307407,1.000000,2.500000,0.127143
-0.306707,1.000000,2.500000,0.127183
-0.306006,1.000000,2.500000,0.127216
-0.305305,1.000000,2.500000,0.127241
-0.304605,1.000000,2.500000,0.127258
-0.303904,1.000000,2.500000,0.127268
-0.303203,1.000000,2.500000,0.127269
-0.302503,1.000000,2.500000,0.127261
-0.301802,1.000000,2.500000,0.127243
-0.301101,1.000000,2.500000,0.127216
-0.300400,1.000000,2.500000,0.127179
-0.299700,1.000000,2.500000,0.127132
-0.298999,1.000000,2.500000,0.127073
-0.298298,1.000000,2.500000,0.127003
-0.297598,1.000000,2.500000,0.126922
-0.296897,1.000000,2.500000,0.126829
-0.296196,1.000000,2.500000,0.126724
-0.295495,1.000000,2.500000,0.126606
-0.294795,1.000000,2.500000,0.126474
-0.294094,1.000000,2.500000,0.126330
-0.293393,1.000000,2.500000,0.126172
-0.292693,1.000000,2.500000,0.126000
-0.291992,1.000000,2.500000,0.125814
-0.291291,1.000000,2.500000,0.125613
-0.290591,1.000000,2.500000,0.125398
-0.289890,1.000000,2.500000,0.125168
-0.289189,1.000000,2.500000,0.124923
-0.288488,1.000000,2.500000,0.124664
-0.287788,1.000000,2.500000,0.124389
-0.287087,1.000000,2.500000,0.124100
-0.286386,1.000000,2.500000,0.123796
-0.285686,1.000000,2.500000,0.123478
-0.284985,1.000000,2.500000,0.123145
-0.284284,1.000000,2.500000,0.122798
-0.283584,1.000000,2.500000,0.122438
-0.282883,1.000000,2.500000,0.122064
-0.282182,1.000000,2.500000,0.121678
-0.281481,1.000000,2.500000,0.121280
-0.280781,1.000000,2.500000,0.120870
-0.280080,1.000000,2.500000,0.120450
-0.279379,1.000000,2.500000,0.120019
-0.278679,1.000000,2.500000,0.119580
-0.277978,1.000000,2.500000,0.119133
-0.277277,1.000000,2.500000,0.118678
-0.276577,1.000000,2.500000,0.118218
-0.275876,1.000000,2.500000,0.117753
-0.275175,1.000000,2.500000,0.117283
-0.274474,1.000000,2.500000,0.116811
-0.273774,1.000000,2.500000,0.116337
-0.273073,1.000000,2.500000,0.115863
-0.272372,1.000000,2.500000,0.115389
-0.271672,1.000000,2.500000,0.114918
-0.270971,1.000000,2.500000,0.114449
-0.270270,1.000000,2.500000,0.113984
-0.269570,1.000000,2.500000,0.113524
-0.268869,1.000000,2.500000,0.113070
-0.268168,1.000000,2.500000,0.112623
-0.267467,1.000000,2.500000,0.112184
-0.266767,1.000000,2.500000,0.111754
-0.266066,1.000000,2.500000,0.111333
-0.265365,1.000000,2.500000,0.110922
-0.264665,1.000000,2.500000,0.110521
-0.263964,1.000000,2.500000,0.110132
-0.263263,1.000000,2.500000,0.109754
-0.262563,1.000000,2.500000,0.109388
-0.261862,1.000000,2.500000,0.109034
-0.261161,1.000000,2.500000,0.108692
-0.260460,1.000000,2.500000,0.108363
-0.259760,1.000000,2.500000,0.108046
-0.259059,1.000000,2.500000,0.107742
-0.258358,1.000000,2.500000,0.107450
-0.257658,1.000000,2.500000,0.107171
-0.256957,1.000000,2.500000,0.106903
-0.256256,1.000000,2.500000,0.106648
-0.255556,1.000000,2.500000,0.106404
-0.254855,1.000000,2.500000,0.106172
-0.254154,1.000000,2.500000,0.105950
-0.253453,1.000000,2.500000,0.105740
-0.252753,1.000000,2.500000,0.105540
-0.252052,1.000000,2.500000,0.105350
-0.251351,1.000000,2.500000,0.105170
-0.250651,1.000000,2.500000,0.104999
-0.249950,1.000000,2.500000,0.104838
-0.249249,1.000000,2.500000,0.104685
-0.248549,1.000000,2.500000,0.104540
-0.247848,1.000000,2.500000,0.104403
-0.247147,1.000000,2.500000,0.104274
-0.246446,1.000000,2.500000,0.104152
-0.245746,1.000000,2.500000,0.104037
-0.245045,1.000000,2.500000,0.103928
-0.244344,1.000000,2.500000,0.103826
-0.243644,1.000000,2.500000,0.103729
-0.242943,1.000000,2.500000,0.103638
-0.242242,1.000000,2.500000,0.103553
-0.241542,1.000000,2.500000,0.103473
-0.240841,1.000000,2.500000,0.103397
-0.240140,1.000000,2.500000,0.103326
-0.239439,1.000000,2.500000,0.103259
-0.238739,1.000000,2.500000,0.103197
-0.238038,1.000000,2.500000,0.103138
-0.237337,1.000000,2.500000,0.103083
-0.236637,1.000000,2.500000,0.103031
-0.235936,1.000000,2.500000,0.102983
-0.235235,1.000000,2.500000,0.102938
-0.234535,1.000000,2.500000,0.102895
-0.233834,1.000000,2.500000,0.102856
-0.233133,1.000000,2.500000,0.102819
-0.232432,1.000000,2.500000,0.102784
-0.231732,1.000000,2.500000,0.102752
-0.231031,1.000000,2.500000,0.102723
-0.230330,1.000000,2.500000,0.102695
-0.229630,1.000000,2.500000,0.102669
-0.228929,1.000000,2.500000,0.102645
-0.228228,1.000000,2.500000,0.102623
-0.227528,1.000000,2.500000,0.102603
-0.226827,1.000000,2.500000,0.102584
-0.226126,1.000000,2.500000,0.102567
-0.225425,1.000000,2.500000,0.102551
-0.224725,1.000000,2.500000,0.102537
-0.224024,1.000000,2.500000,0.102524
-0.223323,1.000000,2.500000,0.102512
-0.222623,1.000000,2.500000,0.102502
-0.221922,1.000000,2.500000,0.102492
-0.221221,1.000000,2.500000,0.102484
-0.220521,1.000000,2.500000,0.102476
-0.219820,1.000000,2.500000,0.102470
-0.219119,1.000000,2.500000,0.102464
-0.218418,1.000000,2.500000,0.102460
-0.217718,1.000000,2.500000,0.102456
-0.217017,1.000000,2.500000,0.102453
-0.216316,1.000000,2.500000,0.102450
-0.215616,1.000000,2.500000,0.102449
-0.214915,1.000000,2.500000,0.102448
-0.214214,1.000000,2.500000,0.102448
-0.213514,1.000000,2.500000,0.102448
-0.212813,1.000000,2.500000,0.102449
-0.212112,1.000000,2.500000,0.102451
-0.211411,1.000000,2.500000,0.102453
-0.210711,1.000000,2.500000,0.102456
-0.210010,1.000000,2.500000,0.102459
-0.209309,1.000000,2.500000,0.102463
-0.208609,1.000000,2.500000,0.102467
-0.207908,1.000000,2.500000,0.102471
-0.207207,1.000000,2.500000,0.102477
-0.206507,1.000000,2.500000,0.102482
-0.205806,1.000000,2.500000,0.102488
-0.205105,1.000000,2.500000,0.102494
-0.204404,1.000000,2.500000,0.102501
-0.203704,1.000000,2.500000,0.102508
-0.203003,1.000000,2.500000,0.102515
-0.202302,1.000000,2.500000,0.102523
-0.201602,1.000000,2.500000,0.102531
-0.200901,1.000000,2.500000,0.102540
-0.200200,1.000000,2.500000,0.102548
-0.199499,1.000000,2.500000,0.102557
-0.198799,1.000000,2.500000,0.102567
-0.198098,1.000000,2.500000,0.102576
-0.197397,1.000000,2.500000,0.102586
-0.196697,1.000000,2.500000,0.102596
-0.195996,1.000000,2.500000,0.102607
-0.195295,1.000000,2.500000,0.102618
-0.194595,1.000000,2.500000,0.102629
-0.193894,1.000000,2.500000,0.102640
-0.193193,1.000000,2.500000,0.102652
-0.192492,1.000000,2.500000,0.102664
-0.191792,1.000000,2.500000,0.102676
-0.191091,1.000000,2.500000,0.102688
-0.190390,1.000000,2.500000,0.102701
-0.189690,1.000000,2.500000,0.102713
-0.188989,1.000000,2.500000,0.102727
-0.188288,1.000000,2.500000,0.102740
-0.187588,1.000000,2.500000,0.102754
-0.186887,1.000000,2.500000,0.102767
-0.186186,1.000000,2.500000,0.102781
-0.185485,1.000000,2.500000,0.102796
-0.184785,1.000000,2.500000,0.102810
-0.184084,1.000000,2.500000,0.102825
-0.183383,1.000000,2.500000,0.102840
-0.182683,1.000000,2.500000,0.102856
-0.181982,1.000000,2.500000,0.102871
-0.181281,1.000000,2.500000,0.102887
-0.180581,1.000000,2.500000,0.102903
-0.179880,1.000000,2.500000,0.102920
-0.179179,1.000000,2.500000,0.102936
-0.178478,1.000000,2.500000,0.102953
-0.177778,1.000000,2.500000,0.102971
-0.177077,1.000000,2.500000,0.102988
-0.176376,1.000000,2.500000,0.103006
-0.175676,1.000000,2.500000,0.103024
-0.174975,1.000000,2.500000,0.103042
-0.174274,1.000000,2.500000,0.103061
-0.173574,1.000000,2.500000,0.103080
-0.172873,1.000000,2.500000,0.103099
-0.172172,1.000000,2.500000,0.103118
-0.171471,1.000000,2.500000,0.103138
-0.170771,1.000000,2.500000,0.103158
-0.170070,1.000000,2.500000,0.103179
-0.169369,1.000000,2.500000,0.103200
-0.168669,1.000000,2.500000,0.103221
-0.167968,1.000000,2.500000,0.103242
-0.167267,1.000000,2.500000,0.103264
-0.166567,1.000000,2.500000,0.103286
-0.165866,1.000000,2.500000,0.103309
-0.165165,1.000000,2.500000,0.103332
-0.164464,1.000000,2.500000,0.103355
-0.163764,1.000000,2.500000,0.103378
-0.163063,1.000000,2.500000,0.103402
-0.162362,1.000000,2.500000,0.103427
-0.161662,1.000000,2.500000,0.103452
-0.160961,1.000000,2.500000,0.103477
-0.160260,1.000000,2.500000,0.103503
-0.159560,1.000000,2.500000,0.103529
-0.158859,1.000000,2.500000,0.103556
-0.158158,1.000000,2.500000,0.103583
-0.157457,1.000000,2.500000,0.103610
-0.156757,1.000000,2.500000,0.103639
-0.156056,1.000000,2.500000,0.103667
-0.155355,1.000000,2.500000,0.103696
-0.154655,1.000000,2.500000,0.103726
-0.153954,1.000000,2.500000,0.103756
-0.153253,1.000000,2.500000,0.103787
-0.152553,1.000000,2.500000,0.103818
-0.151852,1.000000,2.500000,0.103850
-0.151151,1.000000,2.500000,0.103883
-0.150450,1.000000,2.500000,0.103916
-0.149750,1.000000,2.500000,0.103950
-0.149049,1.000000,2.500000,0.103984
-0.148348,1.000000,2.500000,0.104019
-0.147648,1.000000,2.500000,0.104055
-0.146947,1.000000,2.500000,0.104092
-0.146246,1.000000,2.500000,0.104129
-0.145546,1.000000,2.500000,0.104167
-0.144845,1.000000,2.500000,0.104206
-0.144144,1.000000,2.500000,0.104246
-0.143443,1.000000,2.500000,0.104286
-0.142743,1.000000,2.500000,0.104327
-0.142042,1.000000,2.500000,0.104370
-0.141341,1.000000,2.500000,0.104413
-0.140641,1.000000,2.500000,0.104457
-0.139940,1.000000,2.500000,0.104502
-0.139239,1.000000,2.500000,0.104548
-0.138539,1.000000,2.500000,0.104594
-0.137838,1.000000,2.500000,0.104643
-0.137137,1.000000,2.500000,0.104691
-0.136436,1.000000,2.500000,0.104742
-0.135736,1.000000,2.500000,0.104793
-0.135035,1.000000,2.500000,0.104845
-0.134334,1.000000,2.500000,0.104899
-0.133634,1.000000,2.500000,0.104954
-0.132933,1.000000,2.500000,0.105010
-0.132232,1.000000,2.500000,0.105068
-0.131532,1.000000,2.500000,0.105126
-0.130831,1.000000,2.500000,0.105187
-0.130130,1.000000,2.500000,0.105248
-0.129429,1.000000,2.500000,0.105311
-0.128729,1.000000,2.500000,0.105376
-0.128028,1.000000,2.500000,0.105442
-0.127327,1.000000,2.500000,0.105510
-0.126627,1.000000,2.500000,0.105580
-0.125926,1.000000,2.500000,0.105651
-0.125225,1.000000,2.500000,0.105724
-0.124525,1.000000,2.500000,0.105799
-0.123824,1.000000,2.500000,0.105876
-0.123123,1.000000,2.500000,0.105955
-0.122422,1.000000,2.500000,0.106036
-0.121722,1.000000,2.500000,0.106119
-0.121021,1.000000,2.500000,0.106204
-0.120320,1.000000,2.500000,0.106291
-0.119620,1.000000,2.500000,0.106381
-0.118919,1.000000,2.500000,0.106473
-0.118218,1.000000,2.500000,0.106568
-0.117518,1.000000,2.500000,0.106665
-0.116817,1.000000,2.500000,0.106764
-0.116116,1.000000,2.500000,0.106867
-0.115415,1.000000,2.500000,0.106972
-0.114715,1.000000,2.500000,0.107080
-0.114014,1.000000,2.500000,0.107191
-0.113313,1.000000,2.500000,0.107305
-0.112613,1.000000,2.500000,0.107423
-0.111912,1.000000,2.500000,0.107543
-0.111211,1.000000,2.500000,0.107668
-0.110511,1.000000,2.500000,0.107795
-0.109810,1.000000,2.500000,0.107927
-0.109109,1.000000,2.500000,0.108062
-0.108408,1.000000,2.500000,0.108201
-0.107708,1.000000,2.500000,0.108344
-0.107007,1.000000,2.500000,0.108491
-0.106306,1.000000,2.500000,0.108642
-0.105606,1.000000,2.500000,0.108798
-0.104905,1.000000,2.500000,0.108959
-0.104204,1.000000,2.500000,0.109124
-0.103504,1.000000,2.500000,0.109294
-0.102803,1.000000,2.500000,0.109470
-0.102102,1.000000,2.500000,0.109650
-0.101401,1.000000,2.500000,0.109837
-0.100701,1.000000,2.500000,0.110028
-0.100000,1.000000,2.500000,0.110226
-0.800000,1.000000,3.000000,0.108146
-0.799299,1.000000,3.000000,0.108159
-0.798599,1.000000,3.000000,0.108172
-0.797898,1.000000,3.000000,0.108185
-0.797197,1.000000,3.000000,0.108197
-0.796496,1.000000,3.000000,0.108210
-0.795796,1.000000,3.000000,0.108223
-0.795095,1.000000,3.000000,0.108236
-0.794394,1.000000,3.000000,0.108248
-0.793694,1.000000,3.000000,0.108261
-0.792993,1.000000,3.000000,0.108273
-0.792292,1.000000,3.000000,0.108286
-0.791592,1.000000,3.000000,0.108298
-0.790891,1.000000,3.000000,0.108311
-0.790190,1.000000,3.000000,0.108323
-0.789489,1.000000,3.000000,0.108336
-0.788789,1.000000,3.000000,0.108348
-0.788088,1.000000,3.000000,0.108360
-0.787387,1.000000,3.000000,0.108373
-0.786687,1.000000,3.000000,0.108385
-0.785986,1.000000,3.000000,0.108397
-0.785285,1.000000,3.000000,0.108410
-0.784585,1.000000,3.000000,0.108422
-0.783884,1.000000,3.000000,0.108434
-0.783183,1.000000,3.000000,0.108446
-0.782482,1.000000,3.000000,0.108458
-0.781782,1.000000,3.000000,0.108470
-0.781081,1.000000,3.000000,0.108482
-0.780380,1.000000,3.000000,0.108494
-0.779680,1.000000,3.000000,0.108506
-0.778979,1.000000,3.000000,0.108518
-0.778278,1.000000,3.000000,0.108530
-0.777578,1.000000,3.000000,0.108542
-0.776877,1.000000,3.000000,0.108554
-0.776176,1.000000,3.000000,0.108566
-0.775475,1.000000,3.000000,0.108578
-0.774775,1.000000,3.000000,0.108589
-0.774074,1.000000,3.000000,0.108601
-0.773373,1.000000,3.000000,0.108613
-0.772673,1.000000,3.000000,0.108624
-0.771972,1.000000,3.000000,0.108636
-0.771271,1.000000,3.000000,0.108648
-0.770571,1.000000,3.000000,0.108659
-0.769870,1.000000,3.000000,0.108671
-0.769169,1.000000,3.000000,0.108682
-0.768468,1.000000,3.000000,0.108694
-0.767768,1.000000,3.000000,0.108705
-0.767067,1.000000,3.000000,0.108717
-0.766366,1.000000,3.000000,0.108728
-0.765666,1.000000,3.000000,0.108739
-0.764965,1.000000,3.000000,0.108751
-0.764264,1.000000,3.000000,0.108762
-0.763564,1.000000,3.000000,0.108773
-0.762863,1.000000,3.000000,0.108784
-0.762162,1.000000,3.000000,0.108796
-0.761461,1.000000,3.000000,0.108807
-0.760761,1.000000,3.000000,0.108818
-0.760060,1.000000,3.000000,0.108829
-0.759359,1.000000,3.000000,0.108840
-0.758659,1.000000,3.000000,0.108851
-0.757958,1.000000,3.000000,0.108862
-0.757257,1.000000,3.000000,0.108873
-0.756557,1.000000,3.000000,0.108884
-0.755856,1.000000,3.000000,0.108895
-0.755155,1.000000,3.000000,0.108906
-0.754454,1.000000,3.000000,0.108917
-0.753754,1.000000,3.000000,0.108928
-0.753053,1.000000,3.000000,0.108939
-0.752352,1.000000,3.000000,0.108950
-0.751652,1.000000,3.000000,0.108961
-0.750951,1.000000,3.000000,0.108971
-0.750250,1.000000,3.000000,0.108982
-0.749550,1.000000,3.000000,0.108993
-0.748849,1.000000,3.000000,0.109003
-0.748148,1.000000,3.000000,0.109014
-0.747447,1.000000,3.000000,0.109025
-0.746747,1.000000,3.000000,0.109035
-0.746046,1.000000,3.000000,0.109046
-0.745345,1.000000,3.000000,0.109056
-0.744645,1.000000,3.000000,0.109067
-0.743944,1.000000,3.000000,0.109077
-0.743243,1.000000,3.000000,0.109088
-0.742543,1.000000,3.000000,0.109098
-0.741842,1.000000,3.000000,0.109109
-0.741141,1.000000,3.000000,0.109119
-0.740440,1.000000,3.000000,0.109129
-0.739740,1.000000,3.000000,0.109140
-0.739039,1.000000,3.000000,0.109150
-0.738338,1.000000,3.000000,0.109160
-0.737638,1.000000,3.000000,0.109171
-0.736937,1.000000,3.000000,0.109181
-0.736236,1.000000,3.000000,0.109191
-0.735536,1.000000,3.000000,0.109201
-0.734835,1.000000,3.000000,0.109211
-0.734134,1.000000,3.000000,0.109221
-0.733433,1.000000,3.000000,0.109231
-0.732733,1.000000,3.000000,0.109242
-0.732032,1.000000,3.000000,0.109252
-0.731331,1.000000,3.000000,0.109262
-0.730631,1.000000,3.000000,0.109272
-0.729930,1.000000,3.000000,0.109282
-0.729229,1.000000,3.000000,0.109292
-0.728529,1.000000,3.000000,0.109302
-0.727828,1.000000,3.000000,0.109311
-0.727127,1.000000,3.000000,0.109321
-0.726426,1.000000,3.000000,0.109331
-0.725726,1.000000,3.000000,0.109341
-0.725025,1.000000,3.000000,0.109351
-0.724324,1.000000,3.000000,0.109361
-0.723624,1.000000,3.000000,0.109370
-0.722923,1.000000,3.000000,0.109380
-0.722222,1.000000,3.000000,0.109390
-0.721522,1.000000,3.000000,0.109399
-0.720821,1.000000,3.000000,0.109409
-0.720120,1.000000,3.000000,0.109419
-0.719419,1.000000,3.000000,0.109428
-0.718719,1.000000,3.000000,0.109438
-0.718018,1.000000,3.000000,0.109448
-0.717317,1.000000,3.000000,0.109457
-0.716617,1.000000,3.000000,0.109467
-0.715916,1.000000,3.000000,0.109476
-0.715215,1.000000,3.000000,0.109486
-0.714515,1.000000,3.000000,0.109495
-0.713814,1.000000,3.000000,0.109505
-0.713113,1.000000,3.000000,0.109514
-0.712412,1.000000,3.000000,0.109523
-0.711712,1.000000,3.000000,0.109533
-0.711011,1.000000,3.000000,0.109542
-0.710310,1.000000,3.000000,0.109551
-0.709610,1.000000,3.000000,0.109561
-0.708909,1.000000,3.000000,0.109570
-0.708208,1.000000,3.000000,0.109579
-0.707508,1.000000,3.000000,0.109588
-0.706807,1.000000,3.000000,0.109598
-0.706106,1.000000,3.000000,0.109607
-0.705405,1.000000,3.000000,0.109616
-0.704705,1.000000,3.000000,0.109625
-0.704004,1.000000,3.000000,0.109634
-0.703303,1.000000,3.000000,0.109644
-0.702603,1.000000,3.000000,0.109653
-0.701902,1.000000,3.000000,0.109662
-0.701201,1.000000,3.000000,0.109671
-0.700501,1.000000,3.000000,0.109680
-0.699800,1.000000,3.000000,0.109689
-0.699099,1.000000,3.000000,0.109698
-0.698398,1.000000,3.000000,0.109707
-0.697698,1.000000,3.000000,0.109716
-0.696997,1.000000,3.000000,0.109725
-0.696296,1.000000,3.000000,0.109734
-0.695596,1.000000,3.000000,0.109743
-0.694895,1.000000,3.000000,0.109752
-0.694194,1.000000,3.000000,0.109760
-0.693493,1.000000,3.000000,0.109769
-0.692793,1.000000,3.000000,0.109778
-0.692092,1.000000,3.000000,0.109787
-0.691391,1.000000,3.000000,0.109796
-0.690691,1.000000,3.000000,0.109804
-0.689990,1.000000,3.000000,0.109813
-0.689289,1.000000,3.000000,0.109822
-0.688589,1.000000,3.000000,0.109831
-0.687888,1.000000,3.000000,0.109839
-0.687187,1.000000,3.000000,0.109848
-0.686486,1.000000,3.000000,0.109857
-0.685786,1.000000,3.000000,0.109865
-0.685085,1.000000,3.000000,0.109874
-0.684384,1.000000,3.000000,0.109883
-0.683684,1.000000,3.000000,0.109891
-0.682983,1.000000,3.000000,0.109900
-0.682282,1.000000,3.000000,0.109908
-0.681582,1.000000,3.000000,0.109917
-0.680881,1.000000,3.000000,0.109926
-0.680180,1.000000,3.000000,0.109934
-0.679479,1.000000,3.000000,0.109943
-0.678779,1.000000,3.000000,0.109951
-0.678078,1.000000,3.000000,0.109960
-0.677377,1.000000,3.000000,0.109968
-0.676677,1.000000,3.000000,0.109977
-0.675976,1.000000,3.000000,0.109985
-0.675275,1.000000,3.000000,0.109994
-0.674575,1.000000,3.000000,0.110002
-0.673874,1.000000,3.000000,0.110010
-0.673173,1.000000,3.000000,0.110019
-0.672472,1.000000,3.000000,0.110027
-0.671772,1.000000,3.000000,0.110036
-0.671071,1.000000,3.000000,0.110044
-0.670370,1.000000,3.000000,0.110052
-0.669670,1.000000,3.000000,0.110061
-0.668969,1.000000,3.000000,0.110069
-0.668268,1.000000,3.000000,0.110077
-0.667568,1.000000,3.000000,0.110085
-0.666867,1.000000,3.000000,0.110094
-0.666166,1.000000,3.000000,0.110102
-0.665465,1.000000,3.000000,0.110110
-0.664765,1.000000,3.000000,0.110119
-0.664064,1.000000,3.000000,0.110127
-0.663363,1.000000,3.000000,0.110135
-0.662663,1.000000,3.000000,0.110143
-0.661962,1.000000,3.000000,0.110151
-0.661261,1.000000,3.000000,0.110159
-0.660561,1.000000,3.000000,0.110168
-0.659860,1.000000,3.000000,0.110176
-0.659159,1.000000,3.000000,0.110184
-0.658458,1.000000,3.000000,0.110192
-0.657758,1.000000,3.000000,0.110200
-0.657057,1.000000,3.000000,0.110208
-0.656356,1.000000,3.000000,0.110216
-0.655656,1.000000,3.000000,0.110225
-0.654955,1.000000,3.000000,0.110233
-0.654254,1.000000,3.000000,0.110241
-0.653554,1.000000,3.000000,0.110249
-0.652853,1.000000,3.000000,0.110257
-0.652152,1.000000,3.000000,0.110265
-0.651451,1.000000,3.000000,0.110273
-0.650751,1.000000,3.000000,0.110281
-0.650050,1.000000,3.000000,0.110289
-0.649349,1.000000,3.000000,0.110297
-0.648649,1.000000,3.000000,0.110305
-0.647948,1.000000,3.000000,0.110313
-0.647247,1.000000,3.000000,0.110321
-0.646547,1.000000,3.000000,0.110329
-0.645846,1.000000,3.000000,0.110337
-0.645145,1.000000,3.000000,0.110345
-0.644444,1.000000,3.000000,0.110353
-0.643744,1.000000,3.000000,0.110361
-0.643043,1.000000,3.000000,0.110369
-0.642342,1.000000,3.000000,0.110377
-0.641642,1.000000,3.000000,0.110385
-0.640941,1.000000,3.000000,0.110393
-0.640240,1.000000,3.000000,0.110401
-0.639540,1.000000,3.000000,0.110409
-0.638839,1.000000,3.000000,0.110417
-0.638138,1.000000,3.000000,0.110425
-0.637437,1.000000,3.000000,0.110433
-0.636737,1.000000,3.000000,0.110441
-0.636036,1.000000,3.000000,0.110449
-0.635335,1.000000,3.000000,0.110457
-0.634635,1.000000,3.000000,0.110465
-0.633934,1.000000,3.000000,0.110473
-0.633233,1.000000,3.000000,0.110481
-0.632533,1.000000,3.000000,0.110489
-0.631832,1.000000,3.000000,0.110497
-0.631131,1.000000,3.000000,0.110505
-0.630430,1.000000,3.000000,0.110512
-0.629730,1.000000,3.000000,0.110520
-0.629029,1.000000,3.000000,0.110528
-0.628328,1.000000,3.000000,0.110536
-0.627628,1.000000,3.000000,0.110544
-0.626927,1.000000,3.000000,0.110552
-0.626226,1.000000,3.000000,0.110560
-0.625526,1.000000,3.000000,0.110568
-0.624825,1.000000,3.000000,0.110576
-0.624124,1.000000,3.000000,0.110584
-0.623423,1.000000,3.000000,0.110592
-0.622723,1.000000,3.000000,0.110600
-0.622022,1.000000,3.000000,0.110608
-0.621321,1.000000,3.000000,0.110616
-0.620621,1.000000,3.000000,0.110624
-0.619920,1.000000,3.000000,0.110632
-0.619219,1.000000,3.000000,0.110640
-0.618519,1.000000,3.000000,0.110648
-0.617818,1.000000,3.000000,0.110656
-0.617117,1.000000,3.000000,0.110664
-0.616416,1.000000,3.000000,0.110672
-0.615716,1.000000,3.000000,0.110680
-0.615015,1.000000,3.000000,0.110688
-0.614314,1.000000,3.000000,0.110696
-0.613614,1.000000,3.000000,0.110704
-0.612913,1.000000,3.000000,0.110712
-0.612212,1.000000,3.000000,0.110720
-0.611512,1.000000,3.000000,0.110728
-0.610811,1.000000,3.000000,0.110736
-0.610110,1.000000,3.000000,0.110745
-0.609409,1.000000,3.000000,0.110753
-0.608709,1.000000,3.000000,0.110761
-0.608008,1.000000,3.000000,0.110769
-0.607307,1.000000,3.000000,0.110777
-0.606607,1.000000,3.000000,0.110785
-0.605906,1.000000,3.000000,0.110793
-0.605205,1.000000,3.000000,0.110802
-0.604505,1.000000,3.000000,0.110810
-0.603804,1.000000,3.000000,0.110818
-0.603103,1.000000,3.000000,0.110826
-0.602402,1.000000,3.000000,0.110835
-0.601702,1.000000,3.000000,0.110843
-0.601001,1.000000,3.000000,0.110851
-0.600300,1.000000,3.000000,0.110859
-0.599600,1.000000,3.000000,0.110868
-0.598899,1.000000,3.000000,0.110876
-0.598198,1.000000,3.000000,0.110884
-0.597497,1.000000,3.000000,0.110893
-0.596797,1.000000,3.000000,0.110901
-0.596096,1.000000,3.000000,0.110910
-0.595395,1.000000,3.000000,0.110918
-0.594695,1.000000,3.000000,0.110927
-0.593994,1.000000,3.000000,0.110935
-0.593293,1.000000,3.000000,0.110944
-0.592593,1.000000,3.000000,0.110952
-0.591892,1.000000,3.000000,0.110961
-0.591191,1.000000,3.000000,0.110969
-0.590490,1.000000,3.000000,0.110978
-0.589790,1.000000,3.000000,0.110986
-0.589089,1.000000,3.000000,0.110995
-0.588388,1.000000,3.000000,0.111004
-0.587688,1.000000,3.000000,0.111012
-0.586987,1.000000,3.000000,0.111021
-0.586286,1.000000,3.000000,0.111030
-0.585586,1.000000,3.000000,0.111039
-0.584885,1.000000,3.000000,0.111048
-0.584184,1.000000,3.000000,0.111057
-0.583483,1.000000,3.000000,0.111065
-0.582783,1.000000,3.000000,0.111074
-0.582082,1.000000,3.000000,0.111083
-0.581381,1.000000,3.000000,0.111092
-0.580681,1.000000,3.000000,0.111101
-0.579980,1.000000,3.000000,0.111110
-0.579279,1.000000,3.000000,0.111120
-0.578579,1.000000,3.000000,0.111129
-0.577878,1.000000,3.000000,0.111138
-0.577177,1.000000,3.000000,0.111147
-0.576476,1.000000,3.000000,0.111157
-0.575776,1.000000,3.000000,0.111166
-0.575075,1.000000,3.000000,0.111175
-0.574374,1.000000,3.000000,0.111185
-0.573674,1.000000,3.000000,0.111194
-0.572973,1.000000,3.000000,0.111204
-0.572272,1.000000,3.000000,0.111213
-0.571572,1.000000,3.000000,0.111223
-0.570871,1.000000,3.000000,0.111232
-0.570170,1.000000,3.000000,0.111242
-0.569469,1.000000,3.000000,0.111252
-0.568769,1.000000,3.000000,0.111262
-0.568068,1.000000,3.000000,0.111271
-0.567367,1.000000,3.000000,0.111281
-0.566667,1.000000,3.000000,0.111291
-0.565966,1.000000,3.000000,0.111301
-0.565265,1.000000,3.000000,0.111311
-0.564565,1.000000,3.000000,0.111321
-0.563864,1.000000,3.000000,0.111332
-0.563163,1.000000,3.000000,0.111342
-0.562462,1.000000,3.000000,0.111352
-0.561762,1.000000,3.000000,0.111363
-0.561061,1.000000,3.000000,0.111373
-0.560360,1.000000,3.000000,0.111384
-0.559660,1.000000,3.000000,0.111394
-0.558959,1.000000,3.000000,0.111405
-0.558258,1.000000,3.000000,0.111416
-0.557558,1.000000,3.000000,0.111426
-0.556857,1.000000,3.000000,0.111437
-0.556156,1.000000,3.000000,0.111448
-0.555455,1.000000,3.000000,0.111459
-0.554755,1.000000,3.000000,0.111470
-0.554054,1.000000,3.000000,0.111481
-0.553353,1.000000,3.000000,0.111493
-0.552653,1.000000,3.000000,0.111504
-0.551952,1.000000,3.000000,0.111515
-0.551251,1.000000,3.000000,0.111527
-0.550551,1.000000,3.000000,0.111538
-0.549850,1.000000,3.000000,0.111550
-0.549149,1.000000,3.000000,0.111562
-0.548448,1.000000,3.000000,0.111574
-0.547748,1.000000,3.000000,0.111586
-0.547047,1.000000,3.000000,0.111598
-0.546346,1.000000,3.000000,0.111610
-0.545646,1.000000,3.000000,0.111622
-0.544945,1.000000,3.000000,0.111634
-0.544244,1.000000,3.000000,0.111647
-0.543544,1.000000,3.000000,0.111659
-0.542843,1.000000,3.000000,0.111672
-0.542142,1.000000,3.000000,0.111685
-0.541441,1.000000,3.000000,0.111698
-0.540741,1.000000,3.000000,0.111711
-0.540040,1.000000,3.000000,0.111724
-0.539339,1.000000,3.000000,0.111737
-0.538639,1.000000,3.000000,0.111750
-0.537938,1.000000,3.000000,0.111764
-0.537237,1.000000,3.000000,0.111777
-0.536537,1.000000,3.000000,0.111791
-0.535836,1.000000,3.000000,0.111805
-0.535135,1.000000,3.000000,0.111819
-0.534434,1.000000,3.000000,0.111833
-0.533734,1.000000,3.000000,0.111847
-0.533033,1.000000,3.000000,0.111862
-0.532332,1.000000,3.000000,0.111876
-0.531632,1.000000,3.000000,0.111891
-0.530931,1.000000,3.000000,0.111906
-0.530230,1.000000,3.000000,0.111921
-0.529530,1.000000,3.000000,0.111936
-0.528829,1.000000,3.000000,0.111951
-0.528128,1.000000,3.000000,0.111966
-0.527427,1.000000,3.000000,0.111982
-0.526727,1.000000,3.000000,0.111998
-0.526026,1.000000,3.000000,0.112014
-0.525325,1.000000,3.000000,0.112030
-0.524625,1.000000,3.000000,0.112046
-0.523924,1.000000,3.000000,0.112062
-0.523223,1.000000,3.000000,0.112079
-0.522523,1.000000,3.000000,0.112096
-0.521822,1.000000,3.000000,0.112113
-0.521121,1.000000,3.000000,0.112130
-0.520420,1.000000,3.000000,0.112147
-0.519720,1.000000,3.000000,0.112164
-0.519019,1.000000,3.000000,0.112182
-0.518318,1.000000,3.000000,0.112200
-0.517618,1.000000,3.000000,0.112218
-0.516917,1.000000,3.000000,0.112237
-0.516216,1.000000,3.000000,0.112255
-0.515516,1.000000,3.000000,0.112274
-0.514815,1.000000,3.000000,0.112293
-0.514114,1.000000,3.000000,0.112312
-0.513413,1.000000,3.000000,0.112331
-0.512713,1.000000,3.000000,0.112351
-0.512012,1.000000,3.000000,0.112371
-0.511311,1.000000,3.000000,0.112391
-0.510611,1.000000,3.000000,0.112411
-0.509910,1.000000,3.000000,0.112432
-0.509209,1.000000,3.000000,0.112453
-0.508509,1.000000,3.000000,0.112474
-0.507808,1.000000,3.000000,0.112495
-0.507107,1.000000,3.000000,0.112517
-0.506406,1.000000,3.000000,0.112539
-0.505706,1.000000,3.000000,0.112561
-0.505005,1.000000,3.000000,0.112583
-0.504304,1.000000,3.000000,0.112606
-0.503604,1.000000,3.000000,0.112629
-0.502903,1.000000,3.000000,0.112652
-0.502202,1.000000,3.000000,0.112676
-0.501502,1.000000,3.000000,0.112700
-0.500801,1.000000,3.000000,0.112724
-0.500100,1.000000,3.000000,0.112749
-0.499399,1.000000,3.000000,0.112773
-0.498699,1.000000,3.000000,0.112799
-0.497998,1.000000,3.000000,0.112824
-0.497297,1.000000,3.000000,0.112850
-0.496597,1.000000,3.000000,0.112876
-0.495896,1.000000,3.000000,0.112903
-0.495195,1.000000,3.000000,0.112930
-0.494494,1.000000,3.000000,0.112957
-0.493794,1.000000,3.000000,0.112984
-0.493093,1.000000,3.000000,0.113012
-0.492392,1.000000,3.000000,0.113041
-0.491692,1.000000,3.000000,0.113070
-0.490991,1.000000,3.000000,0.113099
-0.490290,1.000000,3.000000,0.113128
-0.489590,1.000000,3.000000,0.113158
-0.488889,1.000000,3.000000,0.113188
-0.488188,1.000000,3.000000,0.113219
-0.487487,1.000000,3.000000,0.113250
-0.486787,1.000000,3.000000,0.113282
-0.486086,1.000000,3.000000,0.113314
-0.485385,1.000000,3.000000,0.113346
-0.484685,1.000000,3.000000,0.113379
-0.483984,1.000000,3.000000,0.113413
-0.483283,1.000000,3.000000,0.113446
-0.482583,1.000000,3.000000,0.113481
-0.481882,1.000000,3.000000,0.113515
-0.481181,1.000000,3.000000,0.113551
-0.480480,1.000000,3.000000,0.113587
-0.479780,1.000000,3.000000,0.113623
-0.479079,1.000000,3.000000,0.113660
-0.478378,1.000000,3.000000,0.113697
-0.477678,1.000000,3.000000,0.113735
-0.476977,1.000000,3.000000,0.113773
-0.476276,1.000000,3.000000,0.113812
-0.475576,1.000000,3.000000,0.113851
-0.474875,1.000000,3.000000,0.113891
-0.474174,1.000000,3.000000,0.113932
-0.473473,1.000000,3.000000,0.113973
-0.472773,1.000000,3.000000,0.114015
-0.472072,1.000000,3.000000,0.114057
-0.471371,1.000000,3.000000,0.114100
-0.470671,1.000000,3.000000,0.114144
-0.469970,1.000000,3.000000,0.114188
-0.469269,1.000000,3.000000,0.114233
-0.468569,1.000000,3.000000,0.114278
-0.467868,1.000000,3.000000,0.114324
-0.467167,1.000000,3.000000,0.114371
-0.466466,1.000000,3.000000,0.114418
-0.465766,1.000000,3.000000,0.114466
-0.465065,1.000000,3.000000,0.114515
-0.464364,1.000000,3.000000,0.114564
-0.463664,1.000000,3.000000,0.114614
-0.462963,1.000000,3.000000,0.114665
-0.462262,1.000000,3.000000,0.114717
-0.461562,1.000000,3.000000,0.114769
-0.460861,1.000000,3.000000,0.114822
-0.460160,1.000000,3.000000,0.114876
-0.459459,1.000000,3.000000,0.114931
-0.458759,1.000000,3.000000,0.114986
-0.458058,1.000000,3.000000,0.115042
-0.457357,1.000000,3.000000,0.115099
-0.456657,1.000000,3.000000,0.115157
-0.455956,1.000000,3.000000,0.115215
-0.455255,1.000000,3.000000,0.115275
-0.454555,1.000000,3.000000,0.115335
-0.453854,1.000000,3.000000,0.115396
-0.453153,1.000000,3.000000,0.115458
-0.452452,1.000000,3.000000,0.115521
-0.451752,1.000000,3.000000,0.115584
-0.451051,1.000000,3.000000,0.115649
-0.450350,1.000000,3.000000,0.115714
-0.449650,1.000000,3.000000,0.115781
-0.448949,1.000000,3.000000,0.115848
-0.448248,1.000000,3.000000,0.115916
-0.447548,1.000000,3.000000,0.115985
-0.446847,1.000000,3.000000,0.116055
-0.446146,1.000000,3.000000,0.116126
-0.445445,1.000000,3.000000,0.116198
-0.444745,1.000000,3.000000,0.116271
-0.444044,1.000000,3.000000,0.116345
-0.443343,1.000000,3.000000,0.116419
-0.442643,1.000000,3.000000,0.116495
-0.441942,1.000000,3.000000,0.116572
-0.441241,1.000000,3.000000,0.116650
-0.440541,1.000000,3.000000,0.116729
-0.439840,1.000000,3.000000,0.116809
-0.439139,1.000000,3.000000,0.116890
-0.438438,1.000000,3.000000,0.116972
-0.437738,1.000000,3.000000,0.117055
-0.437037,1.000000,3.000000,0.117139
-0.436336,1.000000,3.000000,0.117224
-0.435636,1.000000,3.000000,0.117310
-0.434935,1.000000,3.000000,0.117397
-0.434234,1.000000,3.000000,0.117486
-0.433534,1.000000,3.000000,0.117575
-0.432833,1.000000,3.000000,0.117666
-0.432132,1.000000,3.000000,0.117758
-0.431431,1.000000,3.000000,0.117850
-0.430731,1.000000,3.000000,0.117944
-0.430030,1.000000,3.000000,0.118039
-0.429329,1.000000,3.000000,0.118135
-0.428629,1.000000,3.000000,0.118232
-0.427928,1.000000,3.000000,0.118331
-0.427227,1.000000,3.000000,0.118430
-0.426527,1.000000,3.000000,0.118531
-0.425826,1.000000,3.000000,0.118632
-0.425125,1.000000,3.000000,0.118735
-0.424424,1.000000,3.000000,0.118839
-0.423724,1.000000,3.000000,0.118944
-0.423023,1.000000,3.000000,0.119049
-0.422322,1.000000,3.000000,0.119157
-0.421622,1.000000,3.000000,0.119265
-0.420921,1.000000,3.000000,0.119374
-0.420220,1.000000,3.000000,0.119484
-0.419520,1.000000,3.000000,0.119596
-0.418819,1.000000,3.000000,0.119708
-0.418118,1.000000,3.000000,0.119821
-0.417417,1.000000,3.000000,0.119936
-0.416717,1.000000,3.000000,0.120051
-0.416016,1.000000,3.000000,0.120168
-0.415315,1.000000,3.000000,0.120285
-0.414615,1.000000,3.000000,0.120404
-0.413914,1.000000,3.000000,0.120523
-0.413213,1.000000,3.000000,0.120643
-0.412513,1.000000,3.000000,0.120764
-0.411812,1.000000,3.000000,0.120886
-0.411111,1.000000,3.000000,0.121009
-0.410410,1.000000,3.000000,0.121133
-0.409710,1.000000,3.000000,0.121257
-0.409009,1.000000,3.000000,0.121382
-0.408308,1.000000,3.000000,0.121508
-0.407608,1.000000,3.000000,0.121635
-0.406907,1.000000,3.000000,0.121762
-0.406206,1.000000,3.000000,0.121889
-0.405506,1.000000,3.000000,0.122018
-0.404805,1.000000,3.000000,0.122146
-0.404104,1.000000,3.000000,0.122276
-0.403403,1.000000,3.000000,0.122405
-0.402703,1.000000,3.000000,0.122535
-0.402002,1.000000,3.000000,0.122666
-0.401301,1.000000,3.000000,0.122796
-0.400601,1.000000,3.000000,0.122927
-0.399900,1.000000,3.000000,0.123057
-0.399199,1.000000,3.000000,0.123188
-0.398498,1.000000,3.000000,0.123319
-0.397798,1.000000,3.000000,0.123449
-0.397097,1.000000,3.000000,0.123580
-0.396396,1.000000,3.000000,0.123710
-0.395696,1.000000,3.000000,0.123839
-0.394995,1.000000,3.000000,0.123969
-0.394294,1.000000,3.000000,0.124097
-0.393594,1.000000,3.000000,0.124225
-0.392893,1.000000,3.000000,0.124352
-0.392192,1.000000,3.000000,0.124478
-0.391491,1.000000,3.000000,0.124603
-0.390791,1.000000,3.000000,0.124727
-0.390090,1.000000,3.000000,0.124850
-0.389389,1.000000,3.000000,0.124971
-0.388689,1.000000,3.000000,0.125091
-0.387988,1.000000,3.000000,0.125209
-0.387287,1.000000,3.000000,0.125325
-0.386587,1.000000,3.000000,0.125439
-0.385886,1.000000,3.000000,0.125551
-0.385185,1.000000,3.000000,0.125661
-0.384484,1.000000,3.000000,0.125768
-0.383784,1.000000,3.000000,0.125872
-0.383083,1.000000,3.000000,0.125973
-0.382382,1.000000,3.000000,0.126072
-0.381682,1.000000,3.000000,0.126167
-0.380981,1.000000,3.000000,0.126258
-0.380280,1.000000,3.000000,0.126345
-0.379580,1.000000,3.000000,0.126429
-0.378879,1.000000,3.000000,0.126508
-0.378178,1.000000,3.000000,0.126583
-0.377477,1.000000,3.000000,0.126653
-0.376777,1.000000,3.000000,0.126717
-0.376076,1.000000,3.000000,0.126777
-0.375375,1.000000,3.000000,0.126831
-0.374675,1.000000,3.000000,0.126879
-0.373974,1.000000,3.000000,0.126920
-0.373273,1.000000,3.000000,0.126956
-0.372573,1.000000,3.000000,0.126984
-0.371872,1.000000,3.000000,0.127005
-0.371171,1.000000,3.000000,0.127019
-0.370470,1.000000,3.000000,0.127024
-0.369770,1.000000,3.000000,0.127022
-0.369069,1.000000,3.000000,0.127011
-0.368368,1.000000,3.000000,0.126991
-0.367668,1.000000,3.000000,0.126961
-0.366967,1.000000,3.000000,0.126923
-0.366266,1.000000,3.000000,0.126873
-0.365566,1.000000,3.000000,0.126814
-0.364865,1.000000,3.000000,0.126744
-0.364164,1.000000,3.000000,0.126663
-0.363463,1.000000,3.000000,0.126570
-0.362763,1.000000,3.000000,0.126465
-0.362062,1.000000,3.000000,0.126349
-0.361361,1.000000,3.000000,0.126219
-0.360661,1.000000,3.000000,0.126077
-0.359960,1.000000,3.000000,0.125922
-0.359259,1.000000,3.000000,0.125754
-0.358559,1.000000,3.000000,0.125572
-0.357858,1.000000,3.000000,0.125377
-0.357157,1.000000,3.000000,0.125167
-0.356456,1.000000,3.000000,0.124943
-0.355756,1.000000,3.000000,0.124705
-0.355055,1.000000,3.000000,0.124453
-0.354354,1.000000,3.000000,0.124187
-0.353654,1.000000,3.000000,0.123906
-0.352953,1.000000,3.000000,0.123611
-0.352252,1.000000,3.000000,0.123302
-0.351552,1.000000,3.000000,0.122980
-0.350851,1.000000,3.000000,0.122644
-0.350150,1.000000,3.000000,0.122295
-0.349449,1.000000,3.000000,0.121933
-0.348749,1.000000,3.000000,0.121559
-0.348048,1.000000,3.000000,0.121173
-0.347347,1.000000,3.000000,0.120776
-0.346647,1.000000,3.000000,0.120368
-0.345946,1.000000,3.000000,0.119951
-0.345245,1.000000,3.000000,0.119525
-0.344545,1.000000,3.000000,0.119090
-0.343844,1.000000,3.000000,0.118649
-0.343143,1.000000,3.000000,0.118201
-0.342442,1.000000,3.000000,0.117749
-0.341742,1.000000,3.000000,0.117291
-0.341041,1.000000,3.000000,0.116831
-0.340340,1.000000,3.000000,0.116369
-0.339640,1.000000,3.000000,0.115906
-0.338939,1.000000,3.000000,0.115443
-0.338238,1.000000,3.000000,0.114981
-0.337538,1.000000,3.000000,0.114521
-0.336837,1.000000,3.000000,0.114065
-0.336136,1.000000,3.000000,0.113613
-0.335435,1.000000,3.000000,0.113166
-0.334735,1.000000,3.000000,0.112726
-0.334034,1.000000,3.000000,0.112292
-0.333333,1.000000,3.000000,0.111867
-0.332633,1.000000,3.000000,0.111450
-0.331932,1.000000,3.000000,0.111042
-0.331231,1.000000,3.000000,0.110644
-0.330531,1.000000,3.000000,0.110256
-0.329830,1.000000,3.000000,0.109879
-0.329129,1.000000,3.000000,0.109513
-0.328428,1.000000,3.000000,0.109159
-0.327728,1.000000,3.000000,0.108816
-0.327027,1.000000,3.000000,0.108485
-0.326326,1.000000,3.000000,0.108166
-0.325626,1.000000,3.000000,0.107859
-0.324925,1.000000,3.000000,0.107564
-0.324224,1.000000,3.000000,0.107281
-0.323524,1.000000,3.000000,0.107010
-0.322823,1.000000,3.000000,0.106750
-0.322122,1.000000,3.000000,0.106502
-0.321421,1.000000,3.000000,0.106265
-0.320721,1.000000,3.000000,0.106039
-0.320020,1.000000,3.000000,0.105823
-0.319319,1.000000,3.000000,0.105618
-0.318619,1.000000,3.000000,0.105423
-0.317918,1.000000,3.000000,0.105237
-0.317217,1.000000,3.000000,0.105061
-0.316517,1.000000,3.000000,0.104894
-0.315816,1.000000,3.000000,0.104735
-0.315115,1.000000,3.000000,0.104585
-0.314414,1.000000,3.000000,0.104442
-0.313714,1.000000,3.000000,0.104307
-0.313013,1.000000,3.000000,0.104180
-0.312312,1.000000,3.000000,0.104059
-0.311612,1.000000,3.000000,0.103945
-0.310911,1.000000,3.000000,0.103837
-0.310210,1.000000,3.000000,0.103735
-0.309510,1.000000,3.000000,0.103639
-0.308809,1.000000,3.000000,0.103549
-0.308108,1.000000,3.000000,0.103463
-0.307407,1.000000,3.000000,0.103382
-0.306707,1.000000,3.000000,0.103306
-0.306006,1.000000,3.000000,0.103234
-0.305305,1.000000,3.000000,0.103167
-0.304605,1.000000,3.000000,0.103103
-0.303904,1.000000,3.000000,0.103043
-0.303203,1.000000,3.000000,0.102987
-0.302503,1.000000,3.000000,0.102934
-0.301802,1.000000,3.000000,0.102884
-0.301101,1.000000,3.000000,0.102836
-0.300400,1.000000,3.000000,0.102792
-0.299700,1.000000,3.000000,0.102751
-0.298999,1.000000,3.000000,0.102712
-0.298298,1.000000,3.000000,0.102675
-0.297598,1.000000,3.000000,0.102641
-0.296897,1.000000,3.000000,0.102609
-0.296196,1.000000,3.000000,0.102579
-0.295495,1.000000,3.000000,0.102550
-0.294795,1.000000,3.000000,0.102524
-0.294094,1.000000,3.000000,0.102499
-0.293393,1.000000,3.000000,0.102476
-0.292693,1.000000,3.000000,0.102454
-0.291992,1.000000,3.000000,0.102434
-0.291291,1.000000,3.000000,0.102415
-0.290591,1.000000,3.000000,0.102398
-0.289890,1.000000,3.000000,0.102382
-0.289189,1.000000,3.000000,0.102366
-0.288488,1.000000,3.000000,0.102352
-0.287788,1.000000,3.000000,0.102339
-0.287087,1.000000,3.000000,0.102327
-0.286386,1.000000,3.000000,0.102316
-0.285686,1.000000,3.000000,0.102306
-0.284985,1.000000,3.000000,0.102297
-0.284284,1.000000,3.000000,0.102288
-0.283584,1.000000,3.000000,0.102280
-0.282883,1.000000,3.000000,0.102273
-0.282182,1.000000,3.000000,0.102267
-0.281481,1.000000,3.000000,0.102261
-0.280781,1.000000,3.000000,0.102256
-0.280080,1.000000,3.000000,0.102251
-0.279379,1.000000,3.000000,0.102247
-0.278679,1.000000,3.000000,0.102244
-0.277978,1.000000,3.000000,0.102241
-0.277277,1.000000,3.000000,0.102238
-0.276577,1.000000,3.000000,0.102236
-0.275876,1.000000,3.000000,0.102235
-0.275175,1.000000,3.000000,0.102233
-0.274474,1.000000,3.000000,0.102232
-0.273774,1.000000,3.000000,0.102232
-0.273073,1.000000,3.000000,0.102232
-0.272372,1.000000,3.000000,0.102232
-0.271672,1.000000,3.000000,0.102232
-0.270971,1.000000,3.000000,0.102233
-0.270270,1.000000,3.000000,0.102234
-0.269570,1.000000,3.000000,0.102235
-0.268869,1.000000,3.000000,0.102237
-0.268168,1.000000,3.000000,0.102239
-0.267467,1.000000,3.000000,0.102241
-0.266767,1.000000,3.000000,0.102243
-0.266066,1.000000,3.000000,0.102245
-0.265365,1.000000,3.000000,0.102248
-0.264665,1.000000,3.000000,0.102251
-0.263964,1.000000,3.000000,0.102254
-0.263263,1.000000,3.000000,0.102257
-0.262563,1.000000,3.000000,0.102260
-0.261862,1.000000,3.000000,0.102264
-0.261161,1.000000,3.000000,0.102268
-0.260460,1.000000,3.000000,0.102271
-0.259760,1.000000,3.000000,0.102275
-0.259059,1.000000,3.000000,0.102280
-0.258358,1.000000,3.000000,0.102284
-0.257658,1.000000,3.000000,0.102288
-0.256957,1.000000,3.000000,0.102293
-0.256256,1.000000,3.000000,0.102297
-0.255556,1.000000,3.000000,0.102302
-0.254855,1.000000,3.000000,0.102307
-0.254154,1.000000,3.000000,0.102311
-0.253453,1.000000,3.000000,0.102316
-0.252753,1.000000,3.000000,0.102321
-0.252052,1.000000,3.000000,0.102326
-0.251351,1.000000,3.000000,0.102332
-0.250651,1.000000,3.000000,0.102337
-0.249950,1.000000,3.000000,0.102342
-0.249249,1.000000,3.000000,0.102348
-0.248549,1.000000,3.000000,0.102353
-0.247848,1.000000,3.000000,0.102359
-0.247147,1.000000,3.000000,0.102364
-0.246446,1.000000,3.000000,0.102370
-0.245746,1.000000,3.000000,0.102376
-0.245045,1.000000,3.000000,0.102381
-0.244344,1.000000,3.000000,0.102387
-0.243644,1.000000,3.000000,0.102393
-0.242943,1.000000,3.000000,0.102399
-0.242242,1.000000,3.000000,0.102405
-0.241542,1.000000,3.000000,0.102412
-0.240841,1.000000,3.000000,0.102418
-0.240140,1.000000,3.000000,0.102424
-0.239439,1.000000,3.000000,0.102430
-0.238739,1.000000,3.000000,0.102436
-0.238038,1.000000,3.000000,0.102443
-0.237337,1.000000,3.000000,0.102449
-0.236637,1.000000,3.000000,0.102455
-0.235936,1.000000,3.000000,0.102462
-0.235235,1.000000,3.000000,0.102468
-0.234535,1.000000,3.000000,0.102475
-0.233834,1.000000,3.000000,0.102482
-0.233133,1.000000,3.000000,0.102488
-0.232432,1.000000,3.000000,0.102495
-0.231732,1.000000,3.000000,0.102502
-0.231031,1.000000,3.000000,0.102508
-0.230330,1.000000,3.000000,0.102515
-0.229630,1.000000,3.000000,0.102522
-0.228929,1.000000,3.000000,0.102529
-0.228228,1.000000,3.000000,0.102536
-0.227528,1.000000,3.000000,0.102543
-0.226827,1.000000,3.000000,0.102550
-0.226126,1.000000,3.000000,0.102557
-0.225425,1.000000,3.000000,0.102564
-0.224725,1.000000,3.000000,0.102571
-0.224024,1.000000,3.000000,0.102578
-0.223323,1.000000,3.000000,0.102585
-0.222623,1.000000,3.000000,0.102593
-0.221922,1.000000,3.000000,0.102600
-0.221221,1.000000,3.000000,0.102607
-0.220521,1.000000,3.000000,0.102615
-0.219820,1.000000,3.000000,0.102622
-0.219119,1.000000,3.000000,0.102630
-0.218418,1.000000,3.000000,0.102637
-0.217718,1.000000,3.000000,0.102645
-0.217017,1.000000,3.000000,0.102653
-0.216316,1.000000,3.000000,0.102660
-0.215616,1.000000,3.000000,0.102668
-0.214915,1.000000,3.000000,0.102676
-0.214214,1.000000,3.000000,0.102684
-0.213514,1.000000,3.000000,0.102692
-0.212813,1.000000,3.000000,0.102700
-0.212112,1.000000,3.000000,0.102708
-0.211411,1.000000,3.000000,0.102716
-0.210711,1.000000,3.000000,0.102724
-0.210010,1.000000,3.000000,0.102732
-0.209309,1.000000,3.000000,0.102740
-0.208609,1.000000,3.000000,0.102749
-0.207908,1.000000,3.000000,0.102757
-0.207207,1.000000,3.000000,0.102765
-0.206507,1.000000,3.000000,0.102774
-0.205806,1.000000,3.000000,0.102782
-0.205105,1.000000,3.000000,0.102791
-0.204404,1.000000,3.000000,0.102800
-0.203704,1.000000,3.000000,0.102809
-0.203003,1.000000,3.000000,0.102817
-0.202302,1.000000,3.000000,0.102826
-0.201602,1.000000,3.000000,0.102836
-0.200901,1.000000,3.000000,0.102844
-0.200200,1.000000,3.000000,0.102854
-0.199499,1.000000,3.000000,0.102863
-0.198799,1.000000,3.000000,0.102872
-0.198098,1.000000,3.000000,0.102882
-0.197397,1.000000,3.000000,0.102891
-0.196697,1.000000,3.000000,0.102901
-0.195996,1.000000,3.000000,0.102911
-0.195295,1.000000,3.000000,0.102920
-0.194595,1.000000,3.000000,0.102930
-0.193894,1.000000,3.000000,0.102940
-0.193193,1.000000,3.000000,0.102950
-0.192492,1.000000,3.000000,0.102961
-0.191792,1.000000,3.000000,0.102971
-0.191091,1.000000,3.000000,0.102981
-0.190390,1.000000,3.000000,0.102992
-0.189690,1.000000,3.000000,0.103003
-0.188989,1.000000,3.000000,0.103013
-0.188288,1.000000,3.000000,0.103024
-0.187588,1.000000,3.000000,0.103035
-0.186887,1.000000,3.000000,0.103046
-0.186186,1.000000,3.000000,0.103058
-0.185485,1.000000,3.000000,0.103069
-0.184785,1.000000,3.000000,0.103080
-0.184084,1.000000,3.000000,0.103092
-0.183383,1.000000,3.000000,0.103104
-0.182683,1.000000,3.000000,0.103116
-0.181982,1.000000,3.000000,0.103128
-0.181281,1.000000,3.000000,0.103140
-0.180581,1.000000,3.000000,0.103152
-0.179880,1.000000,3.000000,0.103165
-0.179179,1.000000,3.000000,0.103178
-0.178478,1.000000,3.000000,0.103190
-0.177778,1.000000,3.000000,0.103203
-0.177077,1.000000,3.000000,0.103217
-0.176376,1.000000,3.000000,0.103230
-0.175676,1.000000,3.000000,0.103243
-0.174975,1.000000,3.000000,0.103257
-0.174274,1.000000,3.000000,0.103271
-0.173574,1.000000,3.000000,0.103285
-0.172873,1.000000,3.000000,0.103299
-0.172172,1.000000,3.000000,0.103314
-0.171471,1.000000,3.000000,0.103329
-0.170771,1.000000,3.000000,0.103344
-0.170070,1.000000,3.000000,0.103359
-0.169369,1.000000,3.000000,0.103374
-0.168669,1.000000,3.000000,0.103390
-0.167968,1.000000,3.000000,0.103405
-0.167267,1.000000,3.000000,0.103421
-0.166567,1.000000,3.000000,0.103438
-0.165866,1.000000,3.000000,0.103454
-0.165165,1.000000,3.000000,0.103471
-0.164464,1.000000,3.000000,0.103488
-0.163764,1.000000,3.000000,0.103505
-0.163063,1.000000,3.000000,0.103523
-0.162362,1.000000,3.000000,0.103541
-0.161662,1.000000,3.000000,0.103559
-0.160961,1.000000,3.000000,0.103578
-0.160260,1.000000,3.000000,0.103596
-0.159560,1.000000,3.000000,0.103615
-0.158859,1.000000,3.000000,0.103635
-0.158158,1.000000,3.000000,0.103654
-0.157457,1.000000,3.000000,0.103674
-0.156757,1.000000,3.000000,0.103695
-0.156056,1.000000,3.000000,0.103715
-0.155355,1.000000,3.000000,0.103736
-0.154655,1.000000,3.000000,0.103758
-0.153954,1.000000,3.000000,0.103780
-0.153253,1.000000,3.000000,0.103802
-0.152553,1.000000,3.000000,0.103824
-0.151852,1.000000,3.000000,0.103847
-0.151151,1.000000,3.000000,0.103871
-0.150450,1.000000,3.000000,0.103895
-0.149750,1.000000,3.000000,0.103919
-0.149049,1.000000,3.000000,0.103943
-0.148348,1.000000,3.000000,0.103969
-0.147648,1.000000,3.000000,0.103994
-0.146947,1.000000,3.000000,0.104020
-0.146246,1.000000,3.000000,0.104047
-0.145546,1.000000,3.000000,0.104074
-0.144845,1.000000,3.000000,0.104102
-0.144144,1.000000,3.000000,0.104130
-0.143443,1.000000,3.000000,0.104159
-0.142743,1.000000,3.000000,0.104188
-0.142042,1.000000,3.000000,0.104218
-0.141341,1.000000,3.000000,0.104248
-0.140641,1.000000,3.000000,0.104279
-0.139940,1.000000,3.000000,0.104311
-0.139239,1.000000,3.000000,0.104343
-0.138539,1.000000,3.000000,0.104376
-0.137838,1.000000,3.000000,0.104410
-0.137137,1.000000,3.000000,0.104444
-0.136436,1.000000,3.000000,0.104479
-0.135736,1.000000,3.000000,0.104515
-0.135035,1.000000,3.000000,0.104552
-0.134334,1.000000,3.000000,0.104589
-0.133634,1.000000,3.000000,0.104627
-0.132933,1.000000,3.000000,0.104666
-0.132232,1.000000,3.000000,0.104706
-0.131532,1.000000,3.000000,0.104747
-0.130831,1.000000,3.000000,0.104788
-0.130130,1.000000,3.000000,0.104830
-0.129429,1.000000,3.000000,0.104874
-0.128729,1.000000,3.000000,0.104918
-0.128028,1.000000,3.000000,0.104964
-0.127327,1.000000,3.000000,0.105010
-0.126627,1.000000,3.000000,0.105058
-0.125926,1.000000,3.000000,0.105106
-0.125225,1.000000,3.000000,0.105156
-0.124525,1.000000,3.000000,0.105207
-0.123824,1.000000,3.000000,0.105259
-0.123123,1.000000,3.000000,0.105312
-0.122422,1.000000,3.000000,0.105366
-0.121722,1.000000,3.000000,0.105422
-0.121021,1.000000,3.000000,0.105479
-0.120320,1.000000,3.000000,0.105538
-0.119620,1.000000,3.000000,0.105598
-0.118919,1.000000,3.000000,0.105659
-0.118218,1.000000,3.000000,0.105722
-0.117518,1.000000,3.000000,0.105786
-0.116817,1.000000,3.000000,0.105852
-0.116116,1.000000,3.000000,0.105920
-0.115415,1.000000,3.000000,0.105989
-0.114715,1.000000,3.000000,0.106060
-0.114014,1.000000,3.000000,0.106133
-0.113313,1.000000,3.000000,0.106208
-0.112613,1.000000,3.000000,0.106285
-0.111912,1.000000,3.000000,0.106363
-0.111211,1.000000,3.000000,0.106444
-0.110511,1.000000,3.000000,0.106527
-0.109810,1.000000,3.000000,0.106612
-0.109109,1.000000,3.000000,0.106699
-0.108408,1.000000,3.000000,0.106788
-0.107708,1.000000,3.000000,0.106880
-0.107007,1.000000,3.000000,0.106975
-0.106306,1.000000,3.000000,0.107071
-0.105606,1.000000,3.000000,0.107171
-0.104905,1.000000,3.000000,0.107273
-0.104204,1.000000,3.000000,0.107378
-0.103504,1.000000,3.000000,0.107486
-0.102803,1.000000,3.000000,0.107597
-0.102102,1.000000,3.000000,0.107711
-0.101401,1.000000,3.000000,0.107828
-0.100701,1.000000,3.000000,0.107948
-0.100000,1.000000,3.000000,0.108072
