-0.300000,5.001371
-0.299590,5.001371
-0.299180,5.001371
-0.298770,5.001371
-0.298360,5.001371
-0.297950,5.001371
-0.297540,5.001371
-0.297130,5.001371
-0.296720,5.001371
-0.296310,5.001371
-0.295900,5.001371
-0.295490,5.001371
-0.295080,5.001371
-0.294670,5.001371
-0.294260,5.001371
-0.293850,5.001371
-0.293440,5.001371
-0.293030,5.001371
-0.292620,5.001371
-0.292210,5.001371
-0.291800,5.001371
-0.291390,5.001371
-0.290980,5.001371
-0.290570,5.001371
-0.290160,5.001371
-0.289750,5.001371
-0.289340,5.001371
-0.288930,5.001371
-0.288520,5.001371
-0.288110,5.001371
-0.287700,5.001371
-0.287290,5.001371
-0.286880,5.001371
-0.286470,5.001371
-0.286060,5.001371
-0.285650,5.001371
-0.285240,5.001371
-0.284829,5.001371
-0.284419,5.001371
-0.284009,5.001371
-0.283599,5.001371
-0.283189,5.001371
-0.282779,5.001371
-0.282369,5.001371
-0.281959,5.001371
-0.281549,5.001371
-0.281139,5.001371
-0.280729,5.001371
-0.280319,5.001371
-0.279909,5.001371
-0.279499,5.001371
-0.279089,5.001371
-0.278679,5.001371
-0.278269,5.001371
-0.277859,5.001371
-0.277449,5.001371
-0.277039,5.001371
-0.276629,5.001371
-0.276219,5.001371
-0.275809,5.001371
-0.275399,5.001371
-0.274989,5.001371
-0.274579,5.001371
-0.274169,5.001371
-0.273759,5.001371
-0.273349,5.001371
-0.272939,5.001371
-0.272529,5.001371
-0.272119,5.001371
-0.271709,5.001371
-0.271299,5.001371
-0.270889,5.001371
-0.270479,5.001371
-0.270069,5.001371
-0.269659,5.001371
-0.269249,5.001371
-0.268839,5.001371
-0.268429,5.001371
-0.268019,5.001371
-0.267609,5.001371
-0.267199,5.001371
-0.266789,5.001371
-0.266379,5.001371
-0.265969,5.001371
-0.265559,5.001371
-0.265149,5.001371
-0.264739,5.001371
-0.264329,5.001371
-0.263919,5.001371
-0.263509,5.001371
-0.263099,5.001371
-0.262689,5.001371
-0.262279,5.001371
-0.261869,5.001371
-0.261459,5.001371
-0.261049,5.001371
-0.260639,5.001371
-0.260229,5.001371
-0.259819,5.001371
-0.259409,5.001371
-0.258999,5.001371
-0.258589,5.001371
-0.258179,5.001371
-0.257769,5.001371
-0.257359,5.001371
-0.256949,5.001371
-0.256539,5.001371
-0.256129,5.001371
-0.255719,5.001371
-0.255309,5.001371
-0.254898,5.001371
-0.254488,5.001371
-0.254078,5.001371
-0.253668,5.001371
-0.253258,5.001371
-0.252848,5.001371
-0.252438,5.001371
-0.252028,5.001371
-0.251618,5.001371
-0.251208,5.001371
-0.250798,5.001371
-0.250388,5.001371
-0.249978,5.001371
-0.249568,5.001371
-0.249158,5.001371
-0.248748,5.001371
-0.248338,5.001371
-0.247928,5.001371
-0.247518,5.001371
-0.247108,5.001371
-0.246698,5.001371
-0.246288,5.001371
-0.245878,5.001371
-0.245468,5.001371
-0.245058,5.001371
-0.244648,5.001371
-0.244238,5.001371
-0.243828,5.001371
-0.243418,5.001371
-0.243008,5.001371
-0.242598,5.001371
-0.242188,5.001371
-0.241778,5.001371
-0.241368,5.001371
-0.240958,5.001371
-0.240548,5.001371
-0.240138,5.001371
-0.239728,5.001371
-0.239318,5.001371
-0.238908,5.001371
-0.238498,5.001371
-0.238088,5.001371
-0.237678,5.001371
-0.237268,5.001371
-0.236858,5.001371
-0.236448,5.001371
-0.236038,5.001371
-0.235628,5.001371
-0.235218,5.001371
-0.234808,5.001371
-0.234398,5.001371
-0.233988,5.001371
-0.233578,5.001371
-0.233168,5.001371
-0.232758,5.001371
-0.232348,5.001371
-0.231938,5.001371
-0.231528,5.001371
-0.231118,5.001371
-0.230708,5.001371
-0.230298,5.001371
-0.229888,5.001371
-0.229478,5.001371
-0.229068,5.001371
-0.228658,5.001371
-0.228248,5.001371
-0.227838,5.001371
-0.227428,5.001371
-0.227018,5.001371
-0.226608,5.001371
-0.226198,5.001371
-0.225788,5.001371
-0.225378,5.001371
-0.224967,5.001371
-0.224557,5.001371
-0.224147,5.001371
-0.223737,5.001371
-0.223327,5.001371
-0.222917,5.001371
-0.222507,5.001371
-0.222097,5.001371
-0.221687,5.001371
-0.221277,5.001371
-0.220867,5.001371
-0.220457,5.001371
-0.220047,5.001371
-0.219637,5.001371
-0.219227,5.001371
-0.218817,5.001371
-0.218407,5.001371
-0.217997,5.001371
-0.217587,5.001371
-0.217177,5.001371
-0.216767,5.001371
-0.216357,5.001371
-0.215947,5.001371
-0.215537,5.001371
-0.215127,5.001371
-0.214717,5.001371
-0.214307,5.001371
-0.213897,5.001371
-0.213487,5.001371
-0.213077,5.001371
-0.212667,5.001371
-0.212257,5.001371
-0.211847,5.001371
-0.211437,5.001371
-0.211027,5.001371
-0.210617,5.001371
-0.210207,5.001371
-0.209797,5.001371
-0.209387,5.001371
-0.208977,5.001371
-0.208567,5.001371
-0.208157,5.001371
-0.207747,5.001371
-0.207337,5.001371
-0.206927,5.001371
-0.206517,5.001371
-0.206107,5.001371
-0.205697,5.001371
-0.205287,5.001371
-0.204877,5.001371
-0.204467,5.001371
-0.204057,5.001371
-0.203647,5.001371
-0.203237,5.001371
-0.202827,5.001371
-0.202417,5.001371
-0.202007,5.001371
-0.201597,5.001371
-0.201187,5.001371
-0.200777,5.001371
-0.200367,5.001371
-0.199957,5.001371
-0.199547,5.001371
-0.199137,5.001371
-0.198727,5.001371
-0.198317,5.001371
-0.197907,5.001371
-0.197497,5.001371
-0.197087,5.001371
-0.196677,5.001371
-0.196267,5.001371
-0.195857,5.001371
-0.195447,5.001371
-0.195037,5.001371
-0.194626,5.001371
-0.194216,5.001371
-0.193806,5.001371
-0.193396,5.001371
-0.192986,5.001371
-0.192576,5.001371
-0.192166,5.001371
-0.191756,5.001371
-0.191346,5.001371
-0.190936,5.001371
-0.190526,5.001371
-0.190116,5.001371
-0.189706,5.001371
-0.189296,5.001371
-0.188886,5.001371
-0.188476,5.001371
-0.188066,5.001371
-0.187656,5.001371
-0.187246,5.001371
-0.186836,5.001371
-0.186426,5.001371
-0.186016,5.001371
-0.185606,5.001371
-0.185196,5.001371
-0.184786,5.001371
-0.184376,5.001371
-0.183966,5.001371
-0.183556,5.001371
-0.183146,5.001371
-0.182736,5.001371
-0.182326,5.001371
-0.181916,5.001371
-0.181506,5.001371
-0.181096,5.001371
-0.180686,5.001371
-0.180276,5.001371
-0.179866,5.001371
-0.179456,5.001371
-0.179046,5.001371
-0.178636,5.001371
-0.178226,5.001371
-0.177816,5.001371
-0.177406,5.001371
-0.176996,5.001371
-0.176586,5.001371
-0.176176,5.001371
-0.175766,5.001371
-0.175356,5.001371
-0.174946,5.001371
-0.174536,5.001371
-0.174126,5.001371
-0.173716,5.001371
-0.173306,5.001371
-0.172896,5.001371
-0.172486,5.001371
-0.172076,5.001371
-0.171666,5.001371
-0.171256,5.001371
-0.170846,5.001371
-0.170436,5.001371
-0.170026,5.001371
-0.169616,5.001371
-0.169206,5.001371
-0.168796,5.001371
-0.168386,5.001371
-0.167976,5.001371
-0.167566,5.001371
-0.167156,5.001371
-0.166746,5.001371
-0.166336,5.001371
-0.165926,5.001371
-0.165516,5.001371
-0.165106,5.001371
-0.164695,5.001371
-0.164285,5.001371
-0.163875,5.001371
-0.163465,5.001371
-0.163055,5.001371
-0.162645,5.001371
-0.162235,5.001371
-0.161825,5.001371
-0.161415,5.001371
-0.161005,5.001371
-0.160595,5.001371
-0.160185,5.001371
-0.159775,5.001371
-0.159365,5.001371
-0.158955,5.001371
-0.158545,5.001371
-0.158135,5.001371
-0.157725,5.001371
-0.157315,5.001371
-0.156905,5.001371
-0.156495,5.001371
-0.156085,5.001371
-0.155675,5.001371
-0.155265,5.001371
-0.154855,5.001371
-0.154445,5.001371
-0.154035,5.001371
-0.153625,5.001371
-0.153215,5.001371
-0.152805,5.001371
-0.152395,5.001371
-0.151985,5.001371
-0.151575,5.001371
-0.151165,5.001371
-0.150755,5.001371
-0.150345,5.001371
-0.149935,5.001371
-0.149525,5.001371
-0.149115,5.001371
-0.148705,5.001371
-0.148295,5.001371
-0.147885,5.001371
-0.147475,5.001371
-0.147065,5.001371
-0.146655,5.001371
-0.146245,5.001371
-0.145835,5.001371
-0.145425,5.001371
-0.145015,5.001371
-0.144605,5.001371
-0.144195,5.001371
-0.143785,5.001371
-0.143375,5.001371
-0.142965,5.001371
-0.142555,5.001371
-0.142145,5.001371
-0.141735,5.001371
-0.141325,5.001371
-0.140915,5.001371
-0.140505,5.001371
-0.140095,5.001371
-0.139685,5.001371
-0.139275,5.001371
-0.138865,5.001371
-0.138455,5.001371
-0.138045,5.001371
-0.137635,5.001371
-0.137225,5.001371
-0.136815,5.001371
-0.136405,5.001371
-0.135995,5.001371
-0.135585,5.001371
-0.135175,5.001371
-0.134764,5.001371
-0.134354,5.001371
-0.133944,5.001371
-0.133534,5.001371
-0.133124,5.001371
-0.132714,5.001371
-0.132304,5.001371
-0.131894,5.001371
-0.131484,5.001371
-0.131074,5.001371
-0.130664,5.001371
-0.130254,5.001371
-0.129844,5.001371
-0.129434,5.001371
-0.129024,5.001371
-0.128614,5.001371
-0.128204,5.001371
-0.127794,5.001371
-0.127384,5.001371
-0.126974,5.001371
-0.126564,5.001371
-0.126154,5.001371
-0.125744,5.001371
-0.125334,5.001371
-0.124924,5.001371
-0.124514,5.001371
-0.124104,5.001371
-0.123694,5.001371
-0.123284,5.001371
-0.122874,5.001371
-0.122464,5.001371
-0.122054,5.001371
-0.121644,5.001371
-0.121234,5.001371
-0.120824,5.001371
-0.120414,5.001371
-0.120004,5.001371
-0.119594,5.001371
-0.119184,5.001371
-0.118774,5.001371
-0.118364,5.001371
-0.117954,5.001371
-0.117544,5.001371
-0.117134,5.001371
-0.116724,5.001371
-0.116314,5.001371
-0.115904,5.001371
-0.115494,5.001371
-0.115084,5.001371
-0.114674,5.001371
-0.114264,5.001371
-0.113854,5.001371
-0.113444,5.001371
-0.113034,5.001371
-0.112624,5.001371
-0.112214,5.001371
-0.111804,5.001371
-0.111394,5.001371
-0.110984,5.001371
-0.110574,5.001371
-0.110164,5.001371
-0.109754,5.001371
-0.109344,5.001371
-0.108934,5.001371
-0.108524,5.001371
-0.108114,5.001371
-0.107704,5.001371
-0.107294,5.001371
-0.106884,5.001371
-0.106474,5.001371
-0.106064,5.001371
-0.105654,5.001371
-0.105244,5.001371
-0.104833,5.001371
-0.104423,5.001371
-0.104013,5.001371
-0.103603,5.001371
-0.103193,5.001371
-0.102783,5.001371
-0.102373,5.001371
-0.101963,5.001371
-0.101553,5.001371
-0.101143,5.001371
-0.100733,5.001371
-0.100323,5.001371
-0.099913,5.001371
-0.099503,5.001371
-0.099093,5.001371
-0.098683,5.001371
-0.098273,5.001371
-0.097863,5.001371
-0.097453,5.001371
-0.097043,5.001371
-0.096633,5.001371
-0.096223,5.001371
-0.095813,5.001371
-0.095403,5.001371
-0.094993,5.001371
-0.094583,5.001371
-0.094173,5.001371
-0.093763,5.001371
-0.093353,5.001371
-0.092943,5.001371
-0.092533,5.001371
-0.092123,5.001371
-0.091713,5.001371
-0.091303,5.001371
-0.090893,5.001371
-0.090483,5.001371
-0.090073,5.001371
-0.089663,5.001371
-0.089253,5.001371
-0.088843,5.001371
-0.088433,5.001371
-0.088023,5.001371
-0.087613,5.001371
-0.087203,5.001371
-0.086793,5.001371
-0.086383,5.001371
-0.085973,5.001371
-0.085563,5.001371
-0.085153,5.001371
-0.084743,5.001371
-0.084333,5.001371
-0.083923,5.001371
-0.083513,5.001371
-0.083103,5.001371
-0.082693,5.001371
-0.082283,5.001371
-0.081873,5.001371
-0.081463,5.001371
-0.081053,5.001371
-0.080643,5.001371
-0.080233,5.001371
-0.079823,5.001371
-0.079413,5.001371
-0.079003,5.001371
-0.078593,5.001371
-0.078183,5.001371
-0.077773,5.001371
-0.077363,5.001371
-0.076953,5.001371
-0.076543,5.001371
-0.076133,5.001371
-0.075723,5.001371
-0.075313,5.001371
-0.074902,5.001371
-0.074492,5.001371
-0.074082,5.001371
-0.073672,5.001371
-0.073262,5.001371
-0.072852,5.001371
-0.072442,5.001371
-0.072032,5.001371
-0.071622,5.001371
-0.071212,5.001371
-0.070802,5.001371
-0.070392,5.001371
-0.069982,5.001371
-0.069572,5.001371
-0.069162,5.001371
-0.068752,5.001371
-0.068342,5.001371
-0.067932,5.001371
-0.067522,5.001371
-0.067112,5.001371
-0.066702,5.001371
-0.066292,5.001371
-0.065882,5.001371
-0.065472,5.001371
-0.065062,5.001371
-0.064652,5.001371
-0.064242,5.001371
-0.063832,5.001371
-0.063422,5.001371
-0.063012,5.001371
-0.062602,5.001371
-0.062192,5.001371
-0.061782,5.001371
-0.061372,5.001371
-0.060962,5.001371
-0.060552,5.001371
-0.060142,5.001371
-0.059732,5.001371
-0.059322,5.001371
-0.058912,5.001371
-0.058502,5.001371
-0.058092,5.001371
-0.057682,5.001371
-0.057272,5.001371
-0.056862,5.001371
-0.056452,5.001371
-0.056042,5.001371
-0.055632,5.001371
-0.055222,5.001371
-0.054812,5.001371
-0.054402,5.001371
-0.053992,5.001371
-0.053582,5.001371
-0.053172,5.001371
-0.052762,5.001371
-0.052352,5.001371
-0.051942,5.001371
-0.051532,5.001371
-0.051122,5.001371
-0.050712,5.001371
-0.050302,5.001371
-0.049892,5.001371
-0.049482,5.001371
-0.049072,5.001371
-0.048662,5.001371
-0.048252,5.001371
-0.047842,5.001371
-0.047432,5.001371
-0.047022,5.001371
-0.046612,5.001371
-0.046202,5.001371
-0.045792,5.001371
-0.045382,5.001371
-0.044971,5.001371
-0.044561,5.001371
-0.044151,5.001371
-0.043741,5.001371
-0.043331,5.001371
-0.042921,5.001371
-0.042511,5.001371
-0.042101,5.001371
-0.041691,5.001371
-0.041281,5.001371
-0.040871,5.001371
-0.040461,5.001371
-0.040051,5.001371
-0.039641,5.001371
-0.039231,5.001371
-0.038821,5.001371
-0.038411,5.001371
-0.038001,5.001371
-0.037591,5.001371
-0.037181,5.001371
-0.036771,5.001371
-0.036361,5.001371
-0.035951,5.001371
-0.035541,5.001371
-0.035131,5.001371
-0.034721,5.001371
-0.034311,5.001371
-0.033901,5.001371
-0.033491,5.001371
-0.033081,5.001371
-0.032671,5.001371
-0.032261,5.001371
-0.031851,5.001371
-0.031441,5.001371
-0.031031,5.001371
-0.030621,5.001371
-0.030211,5.001371
-0.029801,5.001371
-0.029391,5.001371
-0.028981,5.001371
-0.028571,5.001371
-0.028161,5.001371
-0.027751,5.001371
-0.027341,5.001371
-0.026931,5.001371
-0.026521,5.001371
-0.026111,5.001371
-0.025701,5.001371
-0.025291,5.001371
-0.024881,5.001371
-0.024471,5.001371
-0.024061,5.001371
-0.023651,5.001371
-0.023241,5.001371
-0.022831,5.001371
-0.022421,5.001371
-0.022011,5.001371
-0.021601,5.001371
-0.021191,5.001371
-0.020781,5.001371
-0.020371,5.001371
-0.019961,5.001371
-0.019551,5.001371
-0.019141,5.001371
-0.018731,5.001371
-0.018321,5.001371
-0.017911,5.001371
-0.017501,5.001371
-0.017091,5.001371
-0.016681,5.001371
-0.016271,5.001371
-0.015861,5.001371
-0.015451,5.001371
-0.015041,5.001371
-0.014630,5.001371
-0.014220,5.001371
-0.013810,5.001371
-0.013400,5.001371
-0.012990,5.001371
-0.012580,5.001371
-0.012170,5.001371
-0.011760,5.001371
-0.011350,5.001371
-0.010940,5.001371
-0.010530,5.001371
-0.010120,5.001371
-0.009710,5.001371
-0.009300,5.001371
-0.008890,5.001371
-0.008480,5.001371
-0.008070,5.001371
-0.007660,5.001371
-0.007250,5.001371
-0.006840,5.001371
-0.006430,5.001371
-0.006020,5.001371
-0.005610,5.001371
-0.005200,5.001371
-0.004790,5.001371
-0.004380,5.001371
-0.003970,5.001371
-0.003560,5.001371
-0.003150,5.001371
-0.002740,5.001371
-0.002330,5.001371
-0.001920,5.001371
-0.001510,5.001371
-0.001100,5.001371
-0.000690,5.001371
-0.000280,5.001371
0.000130,5.001371
0.000540,5.001371
0.000950,5.001371
0.001360,5.001371
0.001770,5.001371
0.002180,5.001371
0.002590,5.001371
0.003000,5.001371
0.003410,5.001371
0.003820,5.001371
0.004230,5.001371
0.004640,5.001371
0.005050,5.001371
0.005460,5.001371
0.005870,5.001371
0.006280,5.001371
0.006690,5.001371
0.007100,5.001371
0.007510,5.001371
0.007920,5.001371
0.008330,5.001371
0.008740,5.001371
0.009150,5.001371
0.009560,5.001371
0.009970,5.001371
0.010380,5.001371
0.010790,5.001371
0.011200,5.001371
0.011610,5.001371
0.012020,5.001371
0.012430,5.001371
0.012840,5.001371
0.013250,5.001371
0.013660,5.001371
0.014070,5.001371
0.014480,5.001371
0.014890,5.001371
0.015301,5.001371
0.015711,5.001371
0.016121,5.001371
0.016531,5.001371
0.016941,5.001371
0.017351,5.001371
0.017761,5.001371
0.018171,5.001371
0.018581,5.001371
0.018991,5.001371
0.019401,5.001371
0.019811,5.001371
0.020221,5.001371
0.020631,5.001371
0.021041,5.001371
0.021451,5.001371
0.021861,5.001371
0.022271,5.001371
0.022681,5.001371
0.023091,5.001371
0.023501,5.001371
0.023911,5.001371
0.024321,5.001371
0.024731,5.001371
0.025141,5.001371
0.025551,5.001371
0.025961,5.001371
0.026371,5.001371
0.026781,5.001371
0.027191,5.001371
0.027601,5.001371
0.028011,5.001371
0.028421,5.001371
0.028831,5.001371
0.029241,5.001371
0.029651,5.001371
0.030061,5.001371
0.030471,5.001371
0.030881,5.001371
0.031291,5.001371
0.031701,5.001371
0.032111,5.001371
0.032521,5.001371
0.032931,5.001371
0.033341,5.001371
0.033751,5.001371
0.034161,5.001371
0.034571,5.001371
0.034981,5.001371
0.035391,5.001371
0.035801,5.001371
0.036211,5.001371
0.036621,5.001371
0.037031,5.001371
0.037441,5.001371
0.037851,5.001371
0.038261,5.001371
0.038671,5.001371
0.039081,5.001371
0.039491,5.001371
0.039901,5.001371
0.040311,5.001371
0.040721,5.001371
0.041131,5.001371
0.041541,5.001371
0.041951,5.001371
0.042361,5.001371
0.042771,5.001371
0.043181,5.001371
0.043591,5.001371
0.044001,5.001371
0.044411,5.001371
0.044821,5.001371
0.045232,5.001371
0.045642,5.001371
0.046052,5.001371
0.046462,5.001371
0.046872,5.001371
0.047282,5.001371
0.047692,5.001371
0.048102,5.001371
0.048512,5.001371
0.048922,5.001371
0.049332,5.001371
0.049742,5.001371
0.050152,5.001371
0.050562,5.001371
0.050972,5.001371
0.051382,5.001371
0.051792,5.001371
0.052202,5.001371
0.052612,5.001371
0.053022,5.001371
0.053432,5.001371
0.053842,5.001371
0.054252,5.001371
0.054662,5.001371
0.055072,5.001371
0.055482,5.001371
0.055892,5.001371
0.056302,5.001371
0.056712,5.001371
0.057122,5.001371
0.057532,5.001371
0.057942,5.001371
0.058352,5.001371
0.058762,5.001371
0.059172,5.001371
0.059582,5.001371
0.059992,5.001371
0.060402,5.001371
0.060812,5.001371
0.061222,5.001371
0.061632,5.001371
0.062042,5.001371
0.062452,5.001371
0.062862,5.001371
0.063272,5.001371
0.063682,5.001371
0.064092,5.001371
0.064502,5.001371
0.064912,5.001371
0.065322,5.001371
0.065732,5.001371
0.066142,5.001371
0.066552,5.001371
0.066962,5.001371
0.067372,5.001371
0.067782,5.001371
0.068192,5.001371
0.068602,5.001371
0.069012,5.001371
0.069422,5.001371
0.069832,5.001371
0.070242,5.001371
0.070652,5.001371
0.071062,5.001371
0.071472,5.001371
0.071882,5.001371
0.072292,5.001371
0.072702,5.001371
0.073112,5.001371
0.073522,5.001371
0.073932,5.001371
0.074342,5.001371
0.074752,5.001371
0.075163,5.001371
0.075573,5.001371
0.075983,5.001371
0.076393,5.001371
0.076803,5.001371
0.077213,5.001371
0.077623,5.001371
0.078033,5.001371
0.078443,5.001371
0.078853,5.001371
0.079263,5.001371
0.079673,5.001371
0.080083,5.001371
0.080493,5.001371
0.080903,5.001371
0.081313,5.001371
0.081723,5.001371
0.082133,5.001371
0.082543,5.001371
0.082953,5.001371
0.083363,5.001371
0.083773,5.001371
0.084183,5.001371
0.084593,5.001371
0.085003,5.001371
0.085413,5.001371
0.085823,5.001371
0.086233,5.001371
0.086643,5.001371
0.087053,5.001371
0.087463,5.001371
0.087873,5.001371
0.088283,5.001371
0.088693,5.001371
0.089103,5.001371
0.089513,5.001371
0.089923,5.001371
0.090333,5.001371
0.090743,5.001371
0.091153,5.001371
0.091563,5.001371
0.091973,5.001371
0.092383,5.001371
0.092793,5.001371
0.093203,5.001371
0.093613,5.001371
0.094023,5.001371
0.094433,5.001371
0.094843,5.001371
0.095253,5.001371
0.095663,5.001371
0.096073,5.001371
0.096483,5.001371
0.096893,5.001371
0.097303,5.001371
0.097713,5.001371
0.098123,5.001371
0.098533,5.001371
0.098943,5.001371
0.099353,5.001371
0.099763,5.001371
0.100173,5.001371
0.100583,5.001371
0.100993,5.001371
0.101403,5.001371
0.101813,5.001371
0.102223,5.001371
0.102633,5.001371
0.103043,5.001371
0.103453,5.001371
0.103863,5.001371
0.104273,5.001371
0.104683,5.001371
0.105094,5.001371
0.105504,5.001371
0.105914,5.001371
0.106324,5.001371
0.106734,5.001371
0.107144,5.001371
0.107554,5.001371
0.107964,5.001371
0.108374,5.001371
0.108784,5.001371
0.109194,5.001371
0.109604,5.001371
0.110014,5.001371
0.110424,5.001371
0.110834,5.001371
0.111244,5.001371
0.111654,5.001371
0.112064,5.001371
0.112474,5.001371
0.112884,5.001371
0.113294,5.001371
0.113704,5.001371
0.114114,5.001371
0.114524,5.001371
0.114934,5.001371
0.115344,5.001371
0.115754,5.001371
0.116164,5.001371
0.116574,5.001371
0.116984,5.001371
0.117394,5.001371
0.117804,5.001371
0.118214,5.001371
0.118624,5.001371
0.119034,5.001371
0.119444,5.001371
0.119854,5.001371
0.120264,5.001371
0.120674,5.001371
0.121084,5.001371
0.121494,5.001371
0.121904,5.001371
0.122314,5.001371
0.122724,5.001371
0.123134,5.001371
0.123544,5.001371
0.123954,5.001371
0.124364,5.001371
0.124774,5.001371
0.125184,5.001371
0.125594,5.001371
0.126004,5.001371
0.126414,5.001371
0.126824,5.001371
0.127234,5.001371
0.127644,5.001371
0.128054,5.001371
0.128464,5.001371
0.128874,5.001371
0.129284,5.001371
0.129694,5.001371
0.130104,5.001371
0.130514,5.001371
0.130924,5.001371
0.131334,5.001371
0.131744,5.001371
0.132154,5.001371
0.132564,5.001371
0.132974,5.001371
0.133384,5.001371
0.133794,5.001371
0.134204,5.001371
0.134614,5.001371
0.135025,5.001371
0.135435,5.001371
0.135845,5.001371
0.136255,5.001371
0.136665,5.001371
0.137075,5.001371
0.137485,5.001371
0.137895,5.001371
0.138305,5.001371
0.138715,5.001371
0.139125,5.001371
0.139535,5.001371
0.139945,5.001371
0.140355,5.001371
0.140765,5.001371
0.141175,5.001371
0.141585,5.001371
0.141995,5.001371
0.142405,5.001371
0.142815,5.001371
0.143225,5.001371
0.143635,5.001371
0.144045,5.001371
0.144455,5.001371
0.144865,5.001371
0.145275,5.001371
0.145685,5.001371
0.146095,5.001371
0.146505,5.001371
0.146915,5.001371
0.147325,5.001371
0.147735,5.001371
0.148145,5.001371
0.148555,5.001371
0.148965,5.001371
0.149375,5.001371
0.149785,5.001371
0.150195,5.001371
0.150605,5.001371
0.151015,5.001371
0.151425,5.001371
0.151835,5.001371
0.152245,5.001371
0.152655,5.001371
0.153065,5.001371
0.153475,5.001371
0.153885,5.001371
0.154295,5.001371
0.154705,5.001371
0.155115,5.001371
0.155525,5.001371
0.155935,5.001371
0.156345,5.001371
0.156755,5.001371
0.157165,5.001371
0.157575,5.001371
0.157985,5.001371
0.158395,5.001371
0.158805,5.001371
0.159215,5.001371
0.159625,5.001371
0.160035,5.001371
0.160445,5.001371
0.160855,5.001371
0.161265,5.001371
0.161675,5.001371
0.162085,5.001371
0.162495,5.001371
0.162905,5.001371
0.163315,5.001371
0.163725,5.001371
0.164135,5.001371
0.164545,5.001371
0.164955,5.001371
0.165366,5.001371
0.165776,5.001371
0.166186,5.001371
0.166596,5.001371
0.167006,5.001371
0.167416,5.001371
0.167826,5.001371
0.168236,5.001371
0.168646,5.001371
0.169056,5.001371
0.169466,5.001371
0.169876,5.001371
0.170286,5.001371
0.170696,5.001371
0.171106,5.001371
0.171516,5.001371
0.171926,5.001371
0.172336,5.001371
0.172746,5.001371
0.173156,5.001371
0.173566,5.001371
0.173976,5.001371
0.174386,5.001371
0.174796,5.001371
0.175206,5.001371
0.175616,5.001371
0.176026,5.001371
0.176436,5.001371
0.176846,5.001371
0.177256,5.001371
0.177666,5.001371
0.178076,5.001371
0.178486,5.001371
0.178896,5.001371
0.179306,5.001371
0.179716,5.001371
0.180126,5.001371
0.180536,5.001371
0.180946,5.001371
0.181356,5.001371
0.181766,5.001371
0.182176,5.001371
0.182586,5.001371
0.182996,5.001371
0.183406,5.001371
0.183816,5.001371
0.184226,5.001371
0.184636,5.001371
0.185046,5.001371
0.185456,5.001371
0.185866,5.001371
0.186276,5.001371
0.186686,5.001371
0.187096,5.001371
0.187506,5.001371
0.187916,5.001371
0.188326,5.001371
0.188736,5.001371
0.189146,5.001371
0.189556,5.001371
0.189966,5.001371
0.190376,5.001371
0.190786,5.001371
0.191196,5.001371
0.191606,5.001371
0.192016,5.001371
0.192426,5.001371
0.192836,5.001371
0.193246,5.001371
0.193656,5.001371
0.194066,5.001371
0.194476,5.001371
0.194886,5.001371
0.195297,5.001371
0.195707,5.001371
0.196117,5.001371
0.196527,5.001371
0.196937,5.001371
0.197347,5.001371
0.197757,5.001371
0.198167,5.001371
0.198577,5.001371
0.198987,5.001371
0.199397,5.001371
0.199807,5.001371
0.200217,5.001371
0.200627,5.001371
0.201037,5.001371
0.201447,5.001371
0.201857,5.001371
0.202267,5.001371
0.202677,5.001371
0.203087,5.001371
0.203497,5.001371
0.203907,5.001371
0.204317,5.001371
0.204727,5.001371
0.205137,5.001371
0.205547,5.001371
0.205957,5.001371
0.206367,5.001371
0.206777,5.001371
0.207187,5.001371
0.207597,5.001371
0.208007,5.001371
0.208417,5.001371
0.208827,5.001371
0.209237,5.001371
0.209647,5.001371
0.210057,5.001371
0.210467,5.001371
0.210877,5.001371
0.211287,5.001371
0.211697,5.001371
0.212107,5.001371
0.212517,5.001371
0.212927,5.001371
0.213337,5.001371
0.213747,5.001371
0.214157,5.001371
0.214567,5.001371
0.214977,5.001371
0.215387,5.001371
0.215797,5.001371
0.216207,5.001371
0.216617,5.001371
0.217027,5.001371
0.217437,5.001371
0.217847,5.001371
0.218257,5.001371
0.218667,5.001371
0.219077,5.001371
0.219487,5.001371
0.219897,5.001371
0.220307,5.001371
0.220717,5.001371
0.221127,5.001371
0.221537,5.001371
0.221947,5.001371
0.222357,5.001371
0.222767,5.001371
0.223177,5.001371
0.223587,5.001371
0.223997,5.001371
0.224407,5.001371
0.224817,5.001371
0.225228,5.001371
0.225638,5.001371
0.226048,5.001371
0.226458,5.001371
0.226868,5.001371
0.227278,5.001371
0.227688,5.001371
0.228098,5.001371
0.228508,5.001371
0.228918,5.001371
0.229328,5.001371
0.229738,5.001371
0.230148,5.001371
0.230558,5.001371
0.230968,5.001371
0.231378,5.001371
0.231788,5.001371
0.232198,5.001371
0.232608,5.001371
0.233018,5.001371
0.233428,5.001371
0.233838,5.001371
0.234248,5.001371
0.234658,5.001371
0.235068,5.001371
0.235478,5.001371
0.235888,5.001371
0.236298,5.001371
0.236708,5.001371
0.237118,5.001371
0.237528,5.001371
0.237938,5.001371
0.238348,5.001371
0.238758,5.001371
0.239168,5.001371
0.239578,5.001371
0.239988,5.001371
0.240398,5.001371
0.240808,5.001371
0.241218,5.001371
0.241628,5.001371
0.242038,5.001371
0.242448,5.001371
0.242858,5.001371
0.243268,5.001371
0.243678,5.001371
0.244088,5.001371
0.244498,5.001371
0.244908,5.001371
0.245318,5.001371
0.245728,5.001371
0.246138,5.001371
0.246548,5.001371
0.246958,5.001371
0.247368,5.001371
0.247778,5.001371
0.248188,5.001371
0.248598,5.001371
0.249008,5.001371
0.249418,5.001371
0.249828,5.001371
0.250238,5.001371
0.250648,5.001371
0.251058,5.001371
0.251468,5.001371
0.251878,5.001371
0.252288,5.001371
0.252698,5.001371
0.253108,5.001371
0.253518,5.001371
0.253928,5.001371
0.254338,5.001371
0.254748,5.001371
0.255159,5.001371
0.255569,5.001371
0.255979,5.001371
0.256389,5.001371
0.256799,5.001371
0.257209,5.001371
0.257619,5.001371
0.258029,5.001371
0.258439,5.001371
0.258849,5.001371
0.259259,5.001371
0.259669,5.001371
0.260079,5.001371
0.260489,5.001371
0.260899,5.001371
0.261309,5.001371
0.261719,5.001371
0.262129,5.001371
0.262539,5.001371
0.262949,5.001371
0.263359,5.001371
0.263769,5.001371
0.264179,5.001371
0.264589,5.001371
0.264999,5.001371
0.265409,5.001371
0.265819,5.001371
0.266229,5.001371
0.266639,5.001371
0.267049,5.001371
0.267459,5.001371
0.267869,5.001371
0.268279,5.001371
0.268689,5.001371
0.269099,5.001371
0.269509,5.001371
0.269919,5.001371
0.270329,5.001371
0.270739,5.001371
0.271149,5.001371
0.271559,5.001371
0.271969,5.001371
0.272379,5.001371
0.272789,5.001371
0.273199,5.001371
0.273609,5.001371
0.274019,5.001371
0.274429,5.001371
0.274839,5.001371
0.275249,5.001371
0.275659,5.001371
0.276069,5.001371
0.276479,5.001371
0.276889,5.001371
0.277299,5.001371
0.277709,5.001371
0.278119,5.001371
0.278529,5.001371
0.278939,5.001371
0.279349,5.001371
0.279759,5.001371
0.280169,5.001371
0.280579,5.001371
0.280989,5.001371
0.281399,5.001371
0.281809,5.001371
0.282219,5.001371
0.282629,5.001371
0.283039,5.001371
0.283449,5.001371
0.283859,5.001371
0.284269,5.001371
0.284679,5.001371
0.285090,5.001371
0.285500,5.001371
0.285910,5.001371
0.286320,5.001371
0.286730,5.001371
0.287140,5.001371
0.287550,5.001371
0.287960,5.001371
0.288370,5.001371
0.288780,5.001371
0.289190,5.001371
0.289600,5.001371
0.290010,5.001371
0.290420,5.001371
0.290830,5.001371
0.291240,5.001371
0.291650,5.001371
0.292060,5.001371
0.292470,5.001371
0.292880,5.001371
0.293290,5.001371
0.293700,5.001371
0.294110,5.001371
0.294520,5.001371
0.294930,5.001371
0.295340,5.001371
0.295750,5.001371
0.296160,5.001371
0.296570,5.001371
0.296980,5.001371
0.297390,5.001371
0.297800,5.001371
0.298210,5.001371
0.298620,5.001371
0.299030,5.001371
0.299440,5.001371
0.299850,5.001371
0.300260,5.001371
0.300670,5.001371
0.301080,5.001371
0.301490,5.001371
0.301900,5.001371
0.302310,5.001371
0.302720,5.001371
0.303130,5.001371
0.303540,5.001371
0.303950,5.001371
0.304360,5.001371
0.304770,5.001371
0.305180,5.001371
0.305590,5.001371
0.306000,5.001371
0.306410,5.001371
0.306820,5.001371
0.307230,5.001371
0.307640,5.001371
0.308050,5.001371
0.308460,5.001371
0.308870,5.001371
0.309280,5.001371
0.309690,5.001371
0.310100,5.001371
0.310510,5.001371
0.310920,5.001371
0.311330,5.001371
0.311740,5.001371
0.312150,5.001371
0.312560,5.001371
0.312970,5.001371
0.313380,5.001371
0.313790,5.001371
0.314200,5.001371
0.314610,5.001371
0.315021,5.001371
0.315431,5.001371
0.315841,5.001371
0.316251,5.001371
0.316661,5.001371
0.317071,5.001371
0.317481,5.001371
0.317891,5.001371
0.318301,5.001371
0.318711,5.001371
0.319121,5.001371
0.319531,5.001371
0.319941,5.001371
0.320351,5.001371
0.320761,5.001371
0.321171,5.001371
0.321581,5.001371
0.321991,5.001371
0.322401,5.001371
0.322811,5.001371
0.323221,5.001371
0.323631,5.001371
0.324041,5.001371
0.324451,5.001371
0.324861,5.001371
0.325271,5.001371
0.325681,5.001371
0.326091,5.001371
0.326501,5.001371
0.326911,5.001371
0.327321,5.001371
0.327731,5.001371
0.328141,5.001371
0.328551,5.001371
0.328961,5.001371
0.329371,5.001371
0.329781,5.001371
0.330191,5.001371
0.330601,5.001371
0.331011,5.001371
0.331421,5.001371
0.331831,5.001371
0.332241,5.001371
0.332651,5.001371
0.333061,5.001371
0.333471,5.001371
0.333881,5.001371
0.334291,5.001371
0.334701,5.001371
0.335111,5.001371
0.335521,5.001371
0.335931,5.001371
0.336341,5.001371
0.336751,5.001371
0.337161,5.001371
0.337571,5.001371
0.337981,5.001371
0.338391,5.001371
0.338801,5.001371
0.339211,5.001371
0.339621,5.001371
0.340031,5.001371
0.340441,5.001371
0.340851,5.001371
0.341261,5.001371
0.341671,5.001371
0.342081,5.001371
0.342491,5.001371
0.342901,5.001371
0.343311,5.001371
0.343721,5.001371
0.344131,5.001371
0.344541,5.001371
0.344951,5.001371
0.345362,5.001371
0.345772,5.001371
0.346182,5.001371
0.346592,5.001371
0.347002,5.001371
0.347412,5.001371
0.347822,5.001371
0.348232,5.001371
0.348642,5.001371
0.349052,5.001371
0.349462,5.001371
0.349872,5.001371
0.350282,5.001371
0.350692,5.001371
0.351102,5.001371
0.351512,5.001371
0.351922,5.001371
0.352332,5.001371
0.352742,5.001371
0.353152,5.001371
0.353562,5.001371
0.353972,5.001371
0.354382,5.001371
0.354792,5.001371
0.355202,5.001371
0.355612,5.001371
0.356022,5.001371
0.356432,5.001371
0.356842,5.001371
0.357252,5.001371
0.357662,5.001371
0.358072,5.001371
0.358482,5.001371
0.358892,5.001371
0.359302,5.001371
0.359712,5.001371
0.360122,5.001371
0.360532,5.001371
0.360942,5.001371
0.361352,5.001371
0.361762,5.001371
0.362172,5.001371
0.362582,5.001371
0.362992,5.001371
0.363402,5.001371
0.363812,5.001371
0.364222,5.001371
0.364632,5.001371
0.365042,5.001371
0.365452,5.001371
0.365862,5.001371
0.366272,5.001371
0.366682,5.001371
0.367092,5.001371
0.367502,5.001371
0.367912,5.001371
0.368322,5.001371
0.368732,5.001371
0.369142,5.001371
0.369552,5.001371
0.369962,5.001371
0.370372,5.001371
0.370782,5.001371
0.371192,5.001371
0.371602,5.001371
0.372012,5.001371
0.372422,5.001371
0.372832,5.001371
0.373242,5.001371
0.373652,5.001371
0.374062,5.001371
0.374472,5.001371
0.374882,5.001371
0.375293,5.001371
0.375703,5.001371
0.376113,5.001371
0.376523,5.001371
0.376933,5.001371
0.377343,5.001371
0.377753,5.001371
0.378163,5.001371
0.378573,5.001371
0.378983,5.001371
0.379393,5.001371
0.379803,5.001371
0.380213,5.001371
0.380623,5.001371
0.381033,5.001371
0.381443,5.001371
0.381853,5.001371
0.382263,5.001371
0.382673,5.001371
0.383083,5.001371
0.383493,5.001371
0.383903,5.001371
0.384313,5.001371
0.384723,5.001371
0.385133,5.001371
0.385543,5.001371
0.385953,5.001371
0.386363,5.001371
0.386773,5.001371
0.387183,5.001371
0.387593,5.001371
0.388003,5.001371
0.388413,5.001371
0.388823,5.001371
0.389233,5.001371
0.389643,5.001371
0.390053,5.001371
0.390463,5.001371
0.390873,5.001371
0.391283,5.001371
0.391693,5.001371
0.392103,5.001371
0.392513,5.001371
0.392923,5.001371
0.393333,5.001371
0.393743,5.001371
0.394153,5.001371
0.394563,5.001371
0.394973,5.001371
0.395383,5.001371
0.395793,5.001371
0.396203,5.001371
0.396613,5.001371
0.397023,5.001371
0.397433,5.001371
0.397843,5.001371
0.398253,5.001371
0.398663,5.001371
0.399073,5.001371
0.399483,5.001371
0.399893,5.001371
0.400303,5.001371
0.400713,5.001371
0.401123,5.001371
0.401533,5.001371
0.401943,5.001371
0.402353,5.001371
0.402763,5.001371
0.403173,5.001371
0.403583,5.001371
0.403993,5.001371
0.404403,5.001371
0.404813,5.001371
0.405224,5.001371
0.405634,5.001371
0.406044,5.001371
0.406454,5.001371
0.406864,5.001371
0.407274,5.001371
0.407684,5.001371
0.408094,5.001371
0.408504,5.001371
0.408914,5.001371
0.409324,5.001371
0.409734,5.001371
0.410144,5.001371
0.410554,5.001371
0.410964,5.001371
0.411374,5.001371
0.411784,5.001371
0.412194,5.001371
0.412604,5.001371
0.413014,5.001371
0.413424,5.001371
0.413834,5.001371
0.414244,5.001371
0.414654,5.001371
0.415064,5.001371
0.415474,5.001371
0.415884,5.001371
0.416294,5.001371
0.416704,5.001371
0.417114,5.001371
0.417524,5.001371
0.417934,5.001371
0.418344,5.001371
0.418754,5.001371
0.419164,5.001371
0.419574,5.001371
0.419984,5.001371
0.420394,5.001371
0.420804,5.001371
0.421214,5.001371
0.421624,5.001371
0.422034,5.001371
0.422444,5.001371
0.422854,5.001371
0.423264,5.001371
0.423674,5.001371
0.424084,5.001371
0.424494,5.001371
0.424904,5.001371
0.425314,5.001371
0.425724,5.001371
0.426134,5.001371
0.426544,5.001371
0.426954,5.001371
0.427364,5.001371
0.427774,5.001371
0.428184,5.001371
0.428594,5.001371
0.429004,5.001371
0.429414,5.001371
0.429824,5.001371
0.430234,5.001371
0.430644,5.001371
0.431054,5.001371
0.431464,5.001371
0.431874,5.001371
0.432284,5.001371
0.432694,5.001371
0.433104,5.001371
0.433514,5.001371
0.433924,5.001371
0.434334,5.001371
0.434744,5.001371
0.435155,5.001371
0.435565,5.001371
0.435975,5.001371
0.436385,5.001371
0.436795,5.001371
0.437205,5.001371
0.437615,5.001371
0.438025,5.001371
0.438435,5.001371
0.438845,5.001371
0.439255,5.001371
0.439665,5.001371
0.440075,5.001371
0.440485,5.001371
0.440895,5.001371
0.441305,5.001371
0.441715,5.001371
0.442125,5.001371
0.442535,5.001371
0.442945,5.001371
0.443355,5.001371
0.443765,5.001371
0.444175,5.001371
0.444585,5.001371
0.444995,5.001371
0.445405,5.001371
0.445815,5.001371
0.446225,5.001371
0.446635,5.001371
0.447045,5.001371
0.447455,5.001371
0.447865,5.001371
0.448275,5.001371
0.448685,5.001371
0.449095,5.001371
0.449505,5.001371
0.449915,5.001371
0.450325,5.001371
0.450735,5.001371
0.451145,5.001371
0.451555,5.001371
0.451965,5.001371
0.452375,5.001371
0.452785,5.001371
0.453195,5.001371
0.453605,5.001371
0.454015,5.001371
0.454425,5.001371
0.454835,5.001371
0.455245,5.001371
0.455655,5.001371
0.456065,5.001371
0.456475,5.001371
0.456885,5.001371
0.457295,5.001371
0.457705,5.001371
0.458115,5.001371
0.458525,5.001371
0.458935,5.001371
0.459345,5.001371
0.459755,5.001371
0.460165,5.001371
0.460575,5.001371
0.460985,5.001371
0.461395,5.001371
0.461805,5.001371
0.462215,5.001371
0.462625,5.001371
0.463035,5.001371
0.463445,5.001371
0.463855,5.001371
0.464265,5.001371
0.464675,5.001371
0.465086,5.001371
0.465496,5.001371
0.465906,5.001371
0.466316,5.001371
0.466726,5.001371
0.467136,5.001371
0.467546,5.001371
0.467956,5.001371
0.468366,5.001371
0.468776,5.001371
0.469186,5.001371
0.469596,5.001371
0.470006,5.001371
0.470416,5.001371
0.470826,5.001371
0.471236,5.001371
0.471646,5.001371
0.472056,5.001371
0.472466,5.001371
0.472876,5.001371
0.473286,5.001371
0.473696,5.001371
0.474106,5.001371
0.474516,5.001371
0.474926,5.001371
0.475336,5.001371
0.475746,5.001371
0.476156,5.001371
0.476566,5.001371
0.476976,5.001371
0.477386,5.001371
0.477796,5.001371
0.478206,5.001371
0.478616,5.001371
0.479026,5.001371
0.479436,5.001371
0.479846,5.001371
0.480256,5.001371
0.480666,5.001371
0.481076,5.001371
0.481486,5.001371
0.481896,5.001371
0.482306,5.001371
0.482716,5.001371
0.483126,5.001371
0.483536,5.001371
0.483946,5.001371
0.484356,5.001371
0.484766,5.001371
0.485176,5.001371
0.485586,5.001371
0.485996,5.001371
0.486406,5.001371
0.486816,5.001371
0.487226,5.001371
0.487636,5.001371
0.488046,5.001371
0.488456,5.001371
0.488866,5.001371
0.489276,5.001371
0.489686,5.001371
0.490096,5.001371
0.490506,5.001371
0.490916,5.001371
0.491326,5.001371
0.491736,5.001371
0.492146,5.001371
0.492556,5.001371
0.492966,5.001371
0.493376,5.001371
0.493786,5.001371
0.494196,5.001371
0.494606,5.001371
0.495017,5.001371
0.495427,5.001371
0.495837,5.001371
0.496247,5.001371
0.496657,5.001371
0.497067,5.001371
0.497477,5.001371
0.497887,5.001371
0.498297,5.001371
0.498707,5.001371
0.499117,5.001371
0.499527,5.001371
0.499937,5.001371
0.500347,5.001371
0.500757,5.001371
0.501167,5.001371
0.501577,5.001371
0.501987,5.001371
0.502397,5.001371
0.502807,5.001371
0.503217,5.001371
0.503627,5.001371
0.504037,5.001371
0.504447,5.001371
0.504857,5.001371
0.505267,5.001371
0.505677,5.001371
0.506087,5.001371
0.506497,5.001371
0.506907,5.001371
0.507317,5.001371
0.507727,5.001371
0.508137,5.001371
0.508547,5.001371
0.508957,5.001371
0.509367,5.001371
0.509777,5.001371
0.510187,5.001371
0.510597,5.001371
0.511007,5.001371
0.511417,5.001371
0.511827,5.001371
0.512237,5.001371
0.512647,5.001371
0.513057,5.001371
0.513467,5.001371
0.513877,5.001371
0.514287,5.001371
0.514697,5.001371
0.515107,5.001371
0.515517,5.001371
0.515927,5.001371
0.516337,5.001371
0.516747,5.001371
0.517157,5.001371
0.517567,5.001371
0.517977,5.001371
0.518387,5.001371
0.518797,5.001371
0.519207,5.001371
0.519617,5.001371
0.520027,5.001371
0.520437,5.001371
0.520847,5.001371
0.521257,5.001371
0.521667,5.001371
0.522077,5.001371
0.522487,5.001371
0.522897,5.001371
0.523307,5.001371
0.523717,5.001371
0.524127,5.001371
0.524537,5.001371
0.524947,5.001371
0.525358,5.001371
0.525768,5.001371
0.526178,5.001371
0.526588,5.001371
0.526998,5.001371
0.527408,5.001371
0.527818,5.001371
0.528228,5.001371
0.528638,5.001371
0.529048,5.001371
0.529458,5.001371
0.529868,5.001371
0.530278,5.001371
0.530688,5.001371
0.531098,5.001371
0.531508,5.001371
0.531918,5.001371
0.532328,5.001371
0.532738,5.001371
0.533148,5.001371
0.533558,5.001371
0.533968,5.001371
0.534378,5.001371
0.534788,5.001371
0.535198,5.001371
0.535608,5.001371
0.536018,5.001371
0.536428,5.001371
0.536838,5.001371
0.537248,5.001371
0.537658,5.001371
0.538068,5.001371
0.538478,5.001371
0.538888,5.001371
0.539298,5.001371
0.539708,5.001371
0.540118,5.001371
0.540528,5.001371
0.540938,5.001371
0.541348,5.001371
0.541758,5.001371
0.542168,5.001371
0.542578,5.001371
0.542988,5.001371
0.543398,5.001371
0.543808,5.001371
0.544218,5.001371
0.544628,5.001371
0.545038,5.001371
0.545448,5.001371
0.545858,5.001371
0.546268,5.001371
0.546678,5.001371
0.547088,5.001371
0.547498,5.001371
0.547908,5.001371
0.548318,5.001371
0.548728,5.001371
0.549138,5.001371
0.549548,5.001371
0.549958,5.001371
0.550368,5.001371
0.550778,5.001371
0.551188,5.001371
0.551598,5.001371
0.552008,5.001371
0.552418,5.001371
0.552828,5.001371
0.553238,5.001371
0.553648,5.001371
0.554058,5.001371
0.554468,5.001371
0.554878,5.001371
0.555289,5.001371
0.555699,5.001371
0.556109,5.001371
0.556519,5.001371
0.556929,5.001371
0.557339,5.001371
0.557749,5.001371
0.558159,5.001371
0.558569,5.001371
0.558979,5.001371
0.559389,5.001371
0.559799,5.001371
0.560209,5.001371
0.560619,5.001371
0.561029,5.001371
0.561439,5.001371
0.561849,5.001371
0.562259,5.001371
0.562669,5.001371
0.563079,5.001371
0.563489,5.001371
0.563899,5.001371
0.564309,5.001371
0.564719,5.001371
0.565129,5.001371
0.565539,5.001371
0.565949,5.001371
0.566359,5.001371
0.566769,5.001371
0.567179,5.001371
0.567589,5.001371
0.567999,5.001371
0.568409,5.001371
0.568819,5.001371
0.569229,5.001371
0.569639,5.001371
0.570049,5.001371
0.570459,5.001371
0.570869,5.001371
0.571279,5.001371
0.571689,5.001371
0.572099,5.001371
0.572509,5.001371
0.572919,5.001371
0.573329,5.001371
0.573739,5.001371
0.574149,5.001371
0.574559,5.001371
0.574969,5.001371
0.575379,5.001371
0.575789,5.001371
0.576199,5.001371
0.576609,5.001371
0.577019,5.001371
0.577429,5.001371
0.577839,5.001371
0.578249,5.001371
0.578659,5.001371
0.579069,5.001371
0.579479,5.001371
0.579889,5.001371
0.580299,5.001371
0.580709,5.001371
0.581119,5.001371
0.581529,5.001371
0.581939,5.001371
0.582349,5.001371
0.582759,5.001371
0.583169,5.001371
0.583579,5.001371
0.583989,5.001371
0.584399,5.001371
0.584809,5.001371
0.585220,5.001371
0.585630,5.001371
0.586040,5.001371
0.586450,5.001371
0.586860,5.001371
0.587270,5.001371
0.587680,5.001371
0.588090,5.001371
0.588500,5.001371
0.588910,5.001371
0.589320,5.001371
0.589730,5.001371
0.590140,5.001371
0.590550,5.001371
0.590960,5.001371
0.591370,5.001371
0.591780,5.001371
0.592190,5.001371
0.592600,5.001371
0.593010,5.001371
0.593420,5.001371
0.593830,5.001371
0.594240,5.001371
0.594650,5.001371
0.595060,5.001371
0.595470,5.001371
0.595880,5.001371
0.596290,5.001371
0.596700,5.001371
0.597110,5.001371
0.597520,5.001371
0.597930,5.001371
0.598340,5.001371
0.598750,5.001371
0.599160,5.001371
0.599570,5.001371
0.599980,5.001371
0.600390,5.001371
0.600800,5.001371
0.601210,5.001371
0.601620,5.001371
0.602030,5.001371
0.602440,5.001371
0.602850,5.001371
0.603260,5.001371
0.603670,5.001371
0.604080,5.001371
0.604490,5.001371
0.604900,5.001371
0.605310,5.001371
0.605720,5.001371
0.606130,5.001371
0.606540,5.001371
0.606950,5.001371
0.607360,5.001371
0.607770,5.001371
0.608180,5.001371
0.608590,5.001371
0.609000,5.001371
0.609410,5.001371
0.609820,5.001371
0.610230,5.001371
0.610640,5.001371
0.611050,5.001371
0.611460,5.001371
0.611870,5.001371
0.612280,5.001371
0.612690,5.001371
0.613100,5.001371
0.613510,5.001371
0.613920,5.001371
0.614330,5.001371
0.614740,5.001371
0.615151,5.001371
0.615561,5.001371
0.615971,5.001371
0.616381,5.001371
0.616791,5.001371
0.617201,5.001371
0.617611,5.001371
0.618021,5.001371
0.618431,5.001371
0.618841,5.001371
0.619251,5.001371
0.619661,5.001371
0.620071,5.001371
0.620481,5.001371
0.620891,5.001371
0.621301,5.001371
0.621711,5.001371
0.622121,5.001371
0.622531,5.001371
0.622941,5.001371
0.623351,5.001371
0.623761,5.001371
0.624171,5.001371
0.624581,5.001371
0.624991,5.001371
0.625401,5.001371
0.625811,5.001371
0.626221,5.001371
0.626631,5.001371
0.627041,5.001371
0.627451,5.001371
0.627861,5.001371
0.628271,5.001371
0.628681,5.001371
0.629091,5.001371
0.629501,5.001371
0.629911,5.001371
0.630321,5.001371
0.630731,5.001371
0.631141,5.001371
0.631551,5.001371
0.631961,5.001371
0.632371,5.001371
0.632781,5.001371
0.633191,5.001371
0.633601,5.001371
0.634011,5.001371
0.634421,5.001371
0.634831,5.001371
0.635241,5.001371
0.635651,5.001371
0.636061,5.001371
0.636471,5.001371
0.636881,5.001371
0.637291,5.001371
0.637701,5.001371
0.638111,5.001371
0.638521,5.001371
0.638931,5.001371
0.639341,5.001371
0.639751,5.001371
0.640161,5.001371
0.640571,5.001371
0.640981,5.001371
0.641391,5.001371
0.641801,5.001371
0.642211,5.001371
0.642621,5.001371
0.643031,5.001371
0.643441,5.001371
0.643851,5.001371
0.644261,5.001371
0.644671,5.001371
0.645082,5.001371
0.645492,5.001371
0.645902,5.001371
0.646312,5.001371
0.646722,5.001371
0.647132,5.001371
0.647542,5.001371
0.647952,5.001371
0.648362,5.001371
0.648772,5.001371
0.649182,5.001371
0.649592,5.001371
0.650002,5.001371
0.650412,5.001371
0.650822,5.001371
0.651232,5.001371
0.651642,5.001371
0.652052,5.001371
0.652462,5.001371
0.652872,5.001371
0.653282,5.001371
0.653692,5.001371
0.654102,5.001371
0.654512,5.001371
0.654922,5.001371
0.655332,5.001371
0.655742,5.001371
0.656152,5.001371
0.656562,5.001371
0.656972,5.001371
0.657382,5.001371
0.657792,5.001371
0.658202,5.001371
0.658612,5.001371
0.659022,5.001371
0.659432,5.001371
0.659842,5.001371
0.660252,5.001371
0.660662,5.001371
0.661072,5.001371
0.661482,5.001371
0.661892,5.001371
0.662302,5.001371
0.662712,5.001371
0.663122,5.001371
0.663532,5.001371
0.663942,5.001371
0.664352,5.001371
0.664762,5.001371
0.665172,5.001371
0.665582,5.001371
0.665992,5.001371
0.666402,5.001371
0.666812,5.001371
0.667222,5.001371
0.667632,5.001371
0.668042,5.001371
0.668452,5.001371
0.668862,5.001371
0.669272,5.001371
0.669682,5.001371
0.670092,5.001371
0.670502,5.001371
0.670912,5.001371
0.671322,5.001371
0.671732,5.001371
0.672142,5.001371
0.672552,5.001371
0.672962,5.001371
0.673372,5.001371
0.673782,5.001371
0.674192,5.001371
0.674602,5.001371
0.675013,5.001371
0.675423,5.001371
0.675833,5.001371
0.676243,5.001371
0.676653,5.001371
0.677063,5.001371
0.677473,5.001371
0.677883,5.001371
0.678293,5.001371
0.678703,5.001371
0.679113,5.001371
0.679523,5.001371
0.679933,5.001371
0.680343,5.001371
0.680753,5.001371
0.681163,5.001371
0.681573,5.001371
0.681983,5.001371
0.682393,5.001371
0.682803,5.001371
0.683213,5.001371
0.683623,5.001371
0.684033,5.001371
0.684443,5.001371
0.684853,5.001371
0.685263,5.001371
0.685673,5.001371
0.686083,5.001371
0.686493,5.001371
0.686903,5.001371
0.687313,5.001371
0.687723,5.001371
0.688133,5.001371
0.688543,5.001371
0.688953,5.001371
0.689363,5.001371
0.689773,5.001371
0.690183,5.001371
0.690593,5.001371
0.691003,5.001371
0.691413,5.001371
0.691823,5.001371
0.692233,5.001371
0.692643,5.001371
0.693053,5.001371
0.693463,5.001371
0.693873,5.001371
0.694283,5.001371
0.694693,5.001371
0.695103,5.001371
0.695513,5.001371
0.695923,5.001371
0.696333,5.001371
0.696743,5.001371
0.697153,5.001371
0.697563,5.001371
0.697973,5.001371
0.698383,5.001371
0.698793,5.001371
0.699203,5.001371
0.699613,5.001371
0.700023,5.001371
0.700433,5.001371
0.700843,5.001371
0.701253,5.001371
0.701663,5.001371
0.702073,5.001371
0.702483,5.001371
0.702893,5.001371
0.703303,5.001371
0.703713,5.001371
0.704123,5.001371
0.704533,5.001371
0.704943,5.001371
0.705354,5.001371
0.705764,5.001371
0.706174,5.001371
0.706584,5.001371
0.706994,5.001371
0.707404,5.001371
0.707814,5.001371
0.708224,5.001371
0.708634,5.001371
0.709044,5.001371
0.709454,5.001371
0.709864,5.001371
0.710274,5.001371
0.710684,5.001371
0.711094,5.001371
0.711504,5.001371
0.711914,5.001371
0.712324,5.001371
0.712734,5.001371
0.713144,5.001371
0.713554,5.001371
0.713964,5.001371
0.714374,5.001371
0.714784,5.001371
0.715194,5.001371
0.715604,5.001371
0.716014,5.001371
0.716424,5.001371
0.716834,5.001371
0.717244,5.001371
0.717654,5.001371
0.718064,5.001371
0.718474,5.001371
0.718884,5.001371
0.719294,5.001371
0.719704,5.001371
0.720114,5.001371
0.720524,5.001371
0.720934,5.001371
0.721344,5.001371
0.721754,5.001371
0.722164,5.001371
0.722574,5.001371
0.722984,5.001371
0.723394,5.001371
0.723804,5.001371
0.724214,5.001371
0.724624,5.001371
0.725034,5.001371
0.725444,5.001371
0.725854,5.001371
0.726264,5.001371
0.726674,5.001371
0.727084,5.001371
0.727494,5.001371
0.727904,5.001371
0.728314,5.001371
0.728724,5.001371
0.729134,5.001371
0.729544,5.001371
0.729954,5.001371
0.730364,5.001371
0.730774,5.001371
0.731184,5.001371
0.731594,5.001371
0.732004,5.001371
0.732414,5.001371
0.732824,5.001371
0.733234,5.001371
0.733644,5.001371
0.734054,5.001371
0.734464,5.001371
0.734874,5.001371
0.735285,5.001371
0.735695,5.001371
0.736105,5.001371
0.736515,5.001371
0.736925,5.001371
0.737335,5.001371
0.737745,5.001371
0.738155,5.001371
0.738565,5.001371
0.738975,5.001371
0.739385,5.001371
0.739795,5.001371
0.740205,5.001371
0.740615,5.001371
0.741025,5.001371
0.741435,5.001371
0.741845,5.001371
0.742255,5.001371
0.742665,5.001371
0.743075,5.001371
0.743485,5.001371
0.743895,5.001371
0.744305,5.001371
0.744715,5.001371
0.745125,5.001371
0.745535,5.001371
0.745945,5.001371
0.746355,5.001371
0.746765,5.001371
0.747175,5.001371
0.747585,5.001371
0.747995,5.001371
0.748405,5.001371
0.748815,5.001371
0.749225,5.001371
0.749635,5.001371
0.750045,5.001371
0.750455,5.001371
0.750865,5.001371
0.751275,5.001371
0.751685,5.001371
0.752095,5.001371
0.752505,5.001371
0.752915,5.001371
0.753325,5.001371
0.753735,5.001371
0.754145,5.001371
0.754555,5.001371
0.754965,5.001371
0.755375,5.001371
0.755785,5.001371
0.756195,5.001371
0.756605,5.001371
0.757015,5.001371
0.757425,5.001371
0.757835,5.001371
0.758245,5.001371
0.758655,5.001371
0.759065,5.001371
0.759475,5.001371
0.759885,5.001371
0.760295,5.001371
0.760705,5.001371
0.761115,5.001371
0.761525,5.001371
0.761935,5.001371
0.762345,5.001371
0.762755,5.001371
0.763165,5.001371
0.763575,5.001371
0.763985,5.001371
0.764395,5.001371
0.764805,5.001371
0.765216,5.001371
0.765626,5.001371
0.766036,5.001371
0.766446,5.001371
0.766856,5.001371
0.767266,5.001371
0.767676,5.001371
0.768086,5.001371
0.768496,5.001371
0.768906,5.001371
0.769316,5.001371
0.769726,5.001371
0.770136,5.001371
0.770546,5.001371
0.770956,5.001371
0.771366,5.001371
0.771776,5.001371
0.772186,5.001371
0.772596,5.001371
0.773006,5.001371
0.773416,5.001371
0.773826,5.001371
0.774236,5.001371
0.774646,5.001371
0.775056,5.001371
0.775466,5.001371
0.775876,5.001371
0.776286,5.001371
0.776696,5.001371
0.777106,5.001371
0.777516,5.001371
0.777926,5.001371
0.778336,5.001371
0.778746,5.001371
0.779156,5.001371
0.779566,5.001371
0.779976,5.001371
0.780386,5.001371
0.780796,5.001371
0.781206,5.001371
0.781616,5.001371
0.782026,5.001371
0.782436,5.001371
0.782846,5.001371
0.783256,5.001371
0.783666,5.001371
0.784076,5.001371
0.784486,5.001371
0.784896,5.001371
0.785306,5.001371
0.785716,5.001371
0.786126,5.001371
0.786536,5.001371
0.786946,5.001371
0.787356,5.001371
0.787766,5.001371
0.788176,5.001371
0.788586,5.001371
0.788996,5.001371
0.789406,5.001371
0.789816,5.001371
0.790226,5.001371
0.790636,5.001371
0.791046,5.001371
0.791456,5.001371
0.791866,5.001371
0.792276,5.001371
0.792686,5.001371
0.793096,5.001371
0.793506,5.001371
0.793916,5.001371
0.794326,5.001371
0.794736,5.001371
0.795147,5.001371
0.795557,5.001371
0.795967,5.001371
0.796377,5.001371
0.796787,5.001371
0.797197,5.001371
0.797607,5.001371
0.798017,5.001371
0.798427,5.001371
0.798837,5.001371
0.799247,5.001371
0.799657,5.001371
0.800067,5.001371
0.800477,5.001371
0.800887,5.001371
0.801297,5.001371
0.801707,5.001371
0.802117,5.001371
0.802527,5.001371
0.802937,5.001371
0.803347,5.001371
0.803757,5.001371
0.804167,5.001371
0.804577,5.001371
0.804987,5.001371
0.805397,5.001371
0.805807,5.001371
0.806217,5.001371
0.806627,5.001371
0.807037,5.001371
0.807447,5.001371
0.807857,5.001371
0.808267,5.001371
0.808677,5.001371
0.809087,5.001371
0.809497,5.001371
0.809907,5.001371
0.810317,5.001371
0.810727,5.001371
0.811137,5.001371
0.811547,5.001371
0.811957,5.001371
0.812367,5.001371
0.812777,5.001371
0.813187,5.001371
0.813597,5.001371
0.814007,5.001371
0.814417,5.001371
0.814827,5.001371
0.815237,5.001371
0.815647,5.001371
0.816057,5.001371
0.816467,5.001371
0.816877,5.001371
0.817287,5.001371
0.817697,5.001371
0.818107,5.001371
0.818517,5.001371
0.818927,5.001371
0.819337,5.001371
0.819747,5.001371
0.820157,5.001371
0.820567,5.001371
0.820977,5.001371
0.821387,5.001371
0.821797,5.001371
0.822207,5.001371
0.822617,5.001371
0.823027,5.001371
0.823437,5.001371
0.823847,5.001371
0.824257,5.001371
0.824667,5.001371
0.825078,5.001371
0.825488,5.001371
0.825898,5.001371
0.826308,5.001371
0.826718,5.001371
0.827128,5.001371
0.827538,5.001371
0.827948,5.001371
0.828358,5.001371
0.828768,5.001371
0.829178,5.001371
0.829588,5.001371
0.829998,5.001371
0.830408,5.001371
0.830818,5.001371
0.831228,5.001371
0.831638,5.001371
0.832048,5.001371
0.832458,5.001371
0.832868,5.001371
0.833278,5.001371
0.833688,5.001371
0.834098,5.001371
0.834508,5.001371
0.834918,5.001371
0.835328,5.001371
0.835738,5.001371
0.836148,5.001371
0.836558,5.001371
0.836968,5.001371
0.837378,5.001371
0.837788,5.001371
0.838198,5.001371
0.838608,5.001371
0.839018,5.001371
0.839428,5.001371
0.839838,5.001371
0.840248,5.001371
0.840658,5.001371
0.841068,5.001371
0.841478,5.001371
0.841888,5.001371
0.842298,5.001371
0.842708,5.001371
0.843118,5.001371
0.843528,5.001371
0.843938,5.001371
0.844348,5.001371
0.844758,5.001371
0.845168,5.001371
0.845578,5.001371
0.845988,5.001371
0.846398,5.001371
0.846808,5.001371
0.847218,5.001371
0.847628,5.001371
0.848038,5.001371
0.848448,5.001371
0.848858,5.001371
0.849268,5.001371
0.849678,5.001371
0.850088,5.001371
0.850498,5.001371
0.850908,5.001371
0.851318,5.001371
0.851728,5.001371
0.852138,5.001371
0.852548,5.001371
0.852958,5.001371
0.853368,5.001371
0.853778,5.001371
0.854188,5.001371
0.854598,5.001371
0.855009,5.001371
0.855419,5.001371
0.855829,5.001371
0.856239,5.001371
0.856649,5.001371
0.857059,5.001371
0.857469,5.001371
0.857879,5.001371
0.858289,5.001371
0.858699,5.001371
0.859109,5.001371
0.859519,5.001371
0.859929,5.001371
0.860339,5.001371
0.860749,5.001371
0.861159,5.001371
0.861569,5.001371
0.861979,5.001371
0.862389,5.001371
0.862799,5.001371
0.863209,5.001371
0.863619,5.001371
0.864029,5.001371
0.864439,5.001371
0.864849,5.001371
0.865259,5.001371
0.865669,5.001371
0.866079,5.001371
0.866489,5.001371
0.866899,5.001371
0.867309,5.001371
0.867719,5.001371
0.868129,5.001371
0.868539,5.001371
0.868949,5.001371
0.869359,5.001371
0.869769,5.001371
0.870179,5.001371
0.870589,5.001371
0.870999,5.001371
0.871409,5.001371
0.871819,5.001371
0.872229,5.001371
0.872639,5.001371
0.873049,5.001371
0.873459,5.001371
0.873869,5.001371
0.874279,5.001371
0.874689,5.001371
0.875099,5.001371
0.875509,5.001371
0.875919,5.001371
0.876329,5.001371
0.876739,5.001371
0.877149,5.001371
0.877559,5.001371
0.877969,5.001371
0.878379,5.001371
0.878789,5.001371
0.879199,5.001371
0.879609,5.001371
0.880019,5.001371
0.880429,5.001371
0.880839,5.001371
0.881249,5.001371
0.881659,5.001371
0.882069,5.001371
0.882479,5.001371
0.882889,5.001371
0.883299,5.001371
0.883709,5.001371
0.884119,5.001371
0.884529,5.001371
0.884939,5.001371
0.885350,5.001371
0.885760,5.001371
0.886170,5.001371
0.886580,5.001371
0.886990,5.001371
0.887400,5.001371
0.887810,5.001371
0.888220,5.001371
0.888630,5.001371
0.889040,5.001371
0.889450,5.001371
0.889860,5.001371
0.890270,5.001371
0.890680,5.001371
0.891090,5.001371
0.891500,5.001371
0.891910,5.001371
0.892320,5.001371
0.892730,5.001371
0.893140,5.001371
0.893550,5.001371
0.893960,5.001371
0.894370,5.001371
0.894780,5.001371
0.895190,5.001371
0.895600,5.001371
0.896010,5.001371
0.896420,5.001371
0.896830,5.001371
0.897240,5.001371
0.897650,5.001371
0.898060,5.001371
0.898470,5.001371
0.898880,5.001371
0.899290,5.001371
0.899700,5.001371
0.900110,5.001371
0.900520,5.001371
0.900930,5.001371
0.901340,5.001371
0.901750,5.001371
0.902160,5.001371
0.902570,5.001371
0.902980,5.001371
0.903390,5.001371
0.903800,5.001371
0.904210,5.001371
0.904620,5.001371
0.905030,5.001371
0.905440,5.001371
0.905850,5.001371
0.906260,5.001371
0.906670,5.001371
0.907080,5.001371
0.907490,5.001371
0.907900,5.001371
0.908310,5.001371
0.908720,5.001371
0.909130,5.001371
0.909540,5.001371
0.909950,5.001371
0.910360,5.001371
0.910770,5.001371
0.911180,5.001371
0.911590,5.001371
0.912000,5.001371
0.912410,5.001371
0.912820,5.001371
0.913230,5.001371
0.913640,5.001371
0.914050,5.001371
0.914460,5.001371
0.914870,5.001371
0.915281,5.001371
0.915691,5.001371
0.916101,5.001371
0.916511,5.001371
0.916921,5.001371
0.917331,5.001371
0.917741,5.001371
0.918151,5.001371
0.918561,5.001371
0.918971,5.001371
0.919381,5.001371
0.919791,5.001371
0.920201,5.001371
0.920611,5.001371
0.921021,5.001371
0.921431,5.001371
0.921841,5.001371
0.922251,5.001371
0.922661,5.001371
0.923071,5.001371
0.923481,5.001371
0.923891,5.001371
0.924301,5.001371
0.924711,5.001371
0.925121,5.001371
0.925531,5.001371
0.925941,5.001371
0.926351,5.001371
0.926761,5.001371
0.927171,5.001371
0.927581,5.001371
0.927991,5.001371
0.928401,5.001371
0.928811,5.001371
0.929221,5.001371
0.929631,5.001371
0.930041,5.001371
0.930451,5.001371
0.930861,5.001371
0.931271,5.001371
0.931681,5.001371
0.932091,5.001371
0.932501,5.001371
0.932911,5.001371
0.933321,5.001371
0.933731,5.001371
0.934141,5.001371
0.934551,5.001371
0.934961,5.001371
0.935371,5.001371
0.935781,5.001371
0.936191,5.001371
0.936601,5.001371
0.937011,5.001371
0.937421,5.001371
0.937831,5.001371
0.938241,5.001371
0.938651,5.001371
0.939061,5.001371
0.939471,5.001371
0.939881,5.001371
0.940291,5.001371
0.940701,5.001371
0.941111,5.001371
0.941521,5.001371
0.941931,5.001371
0.942341,5.001371
0.942751,5.001371
0.943161,5.001371
0.943571,5.001371
0.943981,5.001371
0.944391,5.001371
0.944801,5.001371
0.945212,5.001371
0.945622,5.001371
0.946032,5.001371
0.946442,5.001371
0.946852,5.001371
0.947262,5.001371
0.947672,5.001371
0.948082,5.001371
0.948492,5.001371
0.948902,5.001371
0.949312,5.001371
0.949722,5.001371
0.950132,5.001371
0.950542,5.001371
0.950952,5.001371
0.951362,5.001371
0.951772,5.001371
0.952182,5.001371
0.952592,5.001371
0.953002,5.001371
0.953412,5.001371
0.953822,5.001371
0.954232,5.001371
0.954642,5.001371
0.955052,5.001371
0.955462,5.001371
0.955872,5.001371
0.956282,5.001371
0.956692,5.001371
0.957102,5.001371
0.957512,5.001371
0.957922,5.001371
0.958332,5.001371
0.958742,5.001371
0.959152,5.001371
0.959562,5.001371
0.959972,5.001371
0.960382,5.001371
0.960792,5.001371
0.961202,5.001371
0.961612,5.001371
0.962022,5.001371
0.962432,5.001371
0.962842,5.001371
0.963252,5.001371
0.963662,5.001371
0.964072,5.001371
0.964482,5.001371
0.964892,5.001371
0.965302,5.001371
0.965712,5.001371
0.966122,5.001371
0.966532,5.001371
0.966942,5.001371
0.967352,5.001371
0.967762,5.001371
0.968172,5.001371
0.968582,5.001371
0.968992,5.001371
0.969402,5.001371
0.969812,5.001371
0.970222,5.001371
0.970632,5.001371
0.971042,5.001371
0.971452,5.001371
0.971862,5.001371
0.972272,5.001371
0.972682,5.001371
0.973092,5.001371
0.973502,5.001371
0.973912,5.001371
0.974322,5.001371
0.974732,5.001371
0.975143,5.001371
0.975553,5.001371
0.975963,5.001371
0.976373,5.001371
0.976783,5.001371
0.977193,5.001371
0.977603,5.001371
0.978013,5.001371
0.978423,5.001371
0.978833,5.001371
0.979243,5.001371
0.979653,5.001371
0.980063,5.001371
0.980473,5.001371
0.980883,5.001371
0.981293,5.001371
0.981703,5.001371
0.982113,5.001371
0.982523,5.001371
0.982933,5.001371
0.983343,5.001371
0.983753,5.001371
0.984163,5.001371
0.984573,5.001371
0.984983,5.001371
0.985393,5.001371
0.985803,5.001371
0.986213,5.001371
0.986623,5.001371
0.987033,5.001371
0.987443,5.001371
0.987853,5.001371
0.988263,5.001371
0.988673,5.001371
0.989083,5.001371
0.989493,5.001371
0.989903,5.001371
0.990313,5.001371
0.990723,5.001371
0.991133,5.001371
0.991543,5.001371
0.991953,5.001371
0.992363,5.001371
0.992773,5.001371
0.993183,5.001371
0.993593,5.001371
0.994003,5.001371
0.994413,5.001371
0.994823,5.001371
0.995233,5.001371
0.995643,5.001371
0.996053,5.001371
0.996463,5.001371
0.996873,5.001371
0.997283,5.001371
0.997693,5.001371
0.998103,5.001371
0.998513,5.001371
0.998923,5.001371
0.999333,5.001371
0.999743,5.001371
1.000153,5.001371
1.000563,5.001371
1.000973,5.001371
1.001383,5.001371
1.001793,5.001371
1.002203,5.001371
1.002613,5.001371
1.003023,5.001371
1.003433,5.001371
1.003843,5.001371
1.004253,5.001371
1.004663,5.001371
1.005074,5.001371
1.005484,5.001371
1.005894,5.001371
1.006304,5.001371
1.006714,5.001371
1.007124,5.001371
1.007534,5.001371
1.007944,5.001371
1.008354,5.001371
1.008764,5.001371
1.009174,5.001371
1.009584,5.001371
1.009994,5.001371
1.010404,5.001371
1.010814,5.001371
1.011224,5.001371
1.011634,5.001371
1.012044,5.001371
1.012454,5.001371
1.012864,5.001371
1.013274,5.001371
1.013684,5.001371
1.014094,5.001371
1.014504,5.001371
1.014914,5.001371
1.015324,5.001371
1.015734,5.001371
1.016144,5.001371
1.016554,5.001371
1.016964,5.001371
1.017374,5.001371
1.017784,5.001371
1.018194,5.001371
1.018604,5.001371
1.019014,5.001371
1.019424,5.001371
1.019834,5.001371
1.020244,5.001371
1.020654,5.001371
1.021064,5.001371
1.021474,5.001371
1.021884,5.001371
1.022294,5.001371
1.022704,5.001371
1.023114,5.001371
1.023524,5.001371
1.023934,5.001371
1.024344,5.001371
1.024754,5.001371
1.025164,5.001371
1.025574,5.001371
1.025984,5.001371
1.026394,5.001371
1.026804,5.001371
1.027214,5.001371
1.027624,5.001371
1.028034,5.001371
1.028444,5.001371
1.028854,5.001371
1.029264,5.001371
1.029674,5.001371
1.030084,5.001371
1.030494,5.001371
1.030904,5.001371
1.031314,5.001371
1.031724,5.001371
1.032134,5.001371
1.032544,5.001371
1.032954,5.001371
1.033364,5.001371
1.033774,5.001371
1.034184,5.001371
1.034594,5.001371
1.035005,5.001371
1.035415,5.001371
1.035825,5.001371
1.036235,5.001371
1.036645,5.001371
1.037055,5.001371
1.037465,5.001371
1.037875,5.001371
1.038285,5.001371
1.038695,5.001371
1.039105,5.001371
1.039515,5.001371
1.039925,5.001371
1.040335,5.001371
1.040745,5.001371
1.041155,5.001371
1.041565,5.001371
1.041975,5.001371
1.042385,5.001371
1.042795,5.001371
1.043205,5.001371
1.043615,5.001371
1.044025,5.001371
1.044435,5.001371
1.044845,5.001371
1.045255,5.001371
1.045665,5.001371
1.046075,5.001371
1.046485,5.001371
1.046895,5.001371
1.047305,5.001371
1.047715,5.001371
1.048125,5.001371
1.048535,5.001371
1.048945,5.001371
1.049355,5.001371
1.049765,5.001371
1.050175,5.001371
1.050585,5.001371
1.050995,5.001371
1.051405,5.001371
1.051815,5.001371
1.052225,5.001371
1.052635,5.001371
1.053045,5.001371
1.053455,5.001371
1.053865,5.001371
1.054275,5.001371
1.054685,5.001371
1.055095,5.001371
1.055505,5.001371
1.055915,5.001371
1.056325,5.001371
1.056735,5.001371
1.057145,5.001371
1.057555,5.001371
1.057965,5.001371
1.058375,5.001371
1.058785,5.001371
1.059195,5.001371
1.059605,5.001371
1.060015,5.001371
1.060425,5.001371
1.060835,5.001371
1.061245,5.001371
1.061655,5.001371
1.062065,5.001371
1.062475,5.001371
1.062885,5.001371
1.063295,5.001371
1.063705,5.001371
1.064115,5.001371
1.064525,5.001371
1.064935,5.001371
1.065346,5.001371
1.065756,5.001371
1.066166,5.001371
1.066576,5.001371
1.066986,5.001371
1.067396,5.001371
1.067806,5.001371
1.068216,5.001371
1.068626,5.001371
1.069036,5.001371
1.069446,5.001371
1.069856,5.001371
1.070266,5.001371
1.070676,5.001371
1.071086,5.001371
1.071496,5.001371
1.071906,5.001371
1.072316,5.001371
1.072726,5.001371
1.073136,5.001371
1.073546,5.001371
1.073956,5.001371
1.074366,5.001371
1.074776,5.001371
1.075186,5.001371
1.075596,5.001371
1.076006,5.001371
1.076416,5.001371
1.076826,5.001371
1.077236,5.001371
1.077646,5.001371
1.078056,5.001371
1.078466,5.001371
1.078876,5.001371
1.079286,5.001371
1.079696,5.001371
1.080106,5.001371
1.080516,5.001371
1.080926,5.001371
1.081336,5.001371
1.081746,5.001371
1.082156,5.001371
1.082566,5.001371
1.082976,5.001371
1.083386,5.001371
1.083796,5.001371
1.084206,5.001371
1.084616,5.001371
1.085026,5.001371
1.085436,5.001371
1.085846,5.001371
1.086256,5.001371
1.086666,5.001371
1.087076,5.001371
1.087486,5.001371
1.087896,5.001371
1.088306,5.001371
1.088716,5.001371
1.089126,5.001371
1.089536,5.001371
1.089946,5.001371
1.090356,5.001371
1.090766,5.001371
1.091176,5.001371
1.091586,5.001371
1.091996,5.001371
1.092406,5.001371
1.092816,5.001371
1.093226,5.001371
1.093636,5.001371
1.094046,5.001371
1.094456,5.001371
1.094866,5.001371
1.095277,5.001371
1.095687,5.001371
1.096097,5.001371
1.096507,5.001371
1.096917,5.001371
1.097327,5.001371
1.097737,5.001371
1.098147,5.001371
1.098557,5.001371
1.098967,5.001371
1.099377,5.001371
1.099787,5.001371
1.100197,5.001371
1.100607,5.001371
1.101017,5.001371
1.101427,5.001371
1.101837,5.001371
1.102247,5.001371
1.102657,5.001371
1.103067,5.001371
1.103477,5.001371
1.103887,5.001371
1.104297,5.001371
1.104707,5.001371
1.105117,5.001371
1.105527,5.001371
1.105937,5.001371
1.106347,5.001371
1.106757,5.001371
1.107167,5.001371
1.107577,5.001371
1.107987,5.001371
1.108397,5.001371
1.108807,5.001371
1.109217,5.001371
1.109627,5.001371
1.110037,5.001371
1.110447,5.001371
1.110857,5.001371
1.111267,5.001371
1.111677,5.001371
1.112087,5.001371
1.112497,5.001371
1.112907,5.001371
1.113317,5.001371
1.113727,5.001371
1.114137,5.001371
1.114547,5.001371
1.114957,5.001371
1.115367,5.001371
1.115777,5.001371
1.116187,5.001371
1.116597,5.001371
1.117007,5.001371
1.117417,5.001371
1.117827,5.001371
1.118237,5.001371
1.118647,5.001371
1.119057,5.001371
1.119467,5.001371
1.119877,5.001371
1.120287,5.001371
1.120697,5.001371
1.121107,5.001371
1.121517,5.001371
1.121927,5.001371
1.122337,5.001371
1.122747,5.001371
1.123157,5.001371
1.123567,5.001371
1.123977,5.001371
1.124387,5.001371
1.124797,5.001371
1.125208,5.001371
1.125618,5.001371
1.126028,5.001371
1.126438,5.001371
1.126848,5.001371
1.127258,5.001371
1.127668,5.001371
1.128078,5.001371
1.128488,5.001371
1.128898,5.001371
1.129308,5.001371
1.129718,5.001371
1.130128,5.001371
1.130538,5.001371
1.130948,5.001371
1.131358,5.001371
1.131768,5.001371
1.132178,5.001371
1.132588,5.001371
1.132998,5.001371
1.133408,5.001371
1.133818,5.001371
1.134228,5.001371
1.134638,5.001371
1.135048,5.001371
1.135458,5.001371
1.135868,5.001371
1.136278,5.001371
1.136688,5.001371
1.137098,5.001371
1.137508,5.001371
1.137918,5.001371
1.138328,5.001371
1.138738,5.001371
1.139148,5.001371
1.139558,5.001371
1.139968,5.001371
1.140378,5.001371
1.140788,5.001371
1.141198,5.001371
1.141608,5.001371
1.142018,5.001371
1.142428,5.001371
1.142838,5.001371
1.143248,5.001371
1.143658,5.001371
1.144068,5.001371
1.144478,5.001371
1.144888,5.001371
1.145298,5.001371
1.145708,5.001371
1.146118,5.001371
1.146528,5.001371
1.146938,5.001371
1.147348,5.001371
1.147758,5.001371
1.148168,5.001371
1.148578,5.001371
1.148988,5.001371
1.149398,5.001371
1.149808,5.001371
1.150218,5.001371
1.150628,5.001371
1.151038,5.001371
1.151448,5.001371
1.151858,5.001371
1.152268,5.001371
1.152678,5.001371
1.153088,5.001371
1.153498,5.001371
1.153908,5.001371
1.154318,5.001371
1.154728,5.001371
1.155139,5.001371
1.155549,5.001371
1.155959,5.001371
1.156369,5.001371
1.156779,5.001371
1.157189,5.001371
1.157599,5.001371
1.158009,5.001371
1.158419,5.001371
1.158829,5.001371
1.159239,5.001371
1.159649,5.001371
1.160059,5.001371
1.160469,5.001371
1.160879,5.001371
1.161289,5.001371
1.161699,5.001371
1.162109,5.001371
1.162519,5.001371
1.162929,5.001371
1.163339,5.001371
1.163749,5.001371
1.164159,5.001371
1.164569,5.001371
1.164979,5.001371
1.165389,5.001371
1.165799,5.001371
1.166209,5.001371
1.166619,5.001371
1.167029,5.001371
1.167439,5.001371
1.167849,5.001371
1.168259,5.001371
1.168669,5.001371
1.169079,5.001371
1.169489,5.001371
1.169899,5.001371
1.170309,5.001371
1.170719,5.001371
1.171129,5.001371
1.171539,5.001371
1.171949,5.001371
1.172359,5.001371
1.172769,5.001371
1.173179,5.001371
1.173589,5.001371
1.173999,5.001371
1.174409,5.001371
1.174819,5.001371
1.175229,5.001371
1.175639,5.001371
1.176049,5.001371
1.176459,5.001371
1.176869,5.001371
1.177279,5.001371
1.177689,5.001371
1.178099,5.001371
1.178509,5.001371
1.178919,5.001371
1.179329,5.001371
1.179739,5.001371
1.180149,5.001371
1.180559,5.001371
1.180969,5.001371
1.181379,5.001371
1.181789,5.001371
1.182199,5.001371
1.182609,5.001371
1.183019,5.001371
1.183429,5.001371
1.183839,5.001371
1.184249,5.001371
1.184659,5.001371
1.185070,5.001371
1.185480,5.001371
1.185890,5.001371
1.186300,5.001371
1.186710,5.001371
1.187120,5.001371
1.187530,5.001371
1.187940,5.001371
1.188350,5.001371
1.188760,5.001371
1.189170,5.001371
1.189580,5.001371
1.189990,5.001371
1.190400,5.001371
1.190810,5.001371
1.191220,5.001371
1.191630,5.001371
1.192040,5.001371
1.192450,5.001371
1.192860,5.001371
1.193270,5.001371
1.193680,5.001371
1.194090,5.001371
1.194500,5.001371
1.194910,5.001371
1.195320,5.001371
1.195730,5.001371
1.196140,5.001371
1.196550,5.001371
1.196960,5.001371
1.197370,5.001371
1.197780,5.001371
1.198190,5.001371
1.198600,5.001371
1.199010,5.001371
1.199420,5.001371
1.199830,5.001371
1.200240,5.001371
1.200650,5.001371
1.201060,5.001371
1.201470,5.001371
1.201880,5.001371
1.202290,5.001371
1.202700,5.001371
1.203110,5.001371
1.203520,5.001371
1.203930,5.001371
1.204340,5.001371
1.204750,5.001371
1.205160,5.001371
1.205570,5.001371
1.205980,5.001371
1.206390,5.001371
1.206800,5.001371
1.207210,5.001371
1.207620,5.001371
1.208030,5.001371
1.208440,5.001371
1.208850,5.001371
1.209260,5.001371
1.209670,5.001371
1.210080,5.001371
1.210490,5.001371
1.210900,5.001371
1.211310,5.001371
1.211720,5.001371
1.212130,5.001371
1.212540,5.001371
1.212950,5.001371
1.213360,5.001371
1.213770,5.001371
1.214180,5.001371
1.214590,5.001371
1.215001,5.001371
1.215411,5.001371
1.215821,5.001371
1.216231,5.001371
1.216641,5.001371
1.217051,5.001371
1.217461,5.001371
1.217871,5.001371
1.218281,5.001371
1.218691,5.001371
1.219101,5.001371
1.219511,5.001371
1.219921,5.001371
1.220331,5.001371
1.220741,5.001371
1.221151,5.001371
1.221561,5.001371
1.221971,5.001371
1.222381,5.001371
1.222791,5.001371
1.223201,5.001371
1.223611,5.001371
1.224021,5.001371
1.224431,5.001371
1.224841,5.001371
1.225251,5.001371
1.225661,5.001371
1.226071,5.001371
1.226481,5.001371
1.226891,5.001371
1.227301,5.001371
1.227711,5.001371
1.228121,5.001371
1.228531,5.001371
1.228941,5.001371
1.229351,5.001371
1.229761,5.001371
1.230171,5.001371
1.230581,5.001371
1.230991,5.001371
1.231401,5.001371
1.231811,5.001371
1.232221,5.001371
1.232631,5.001371
1.233041,5.001371
1.233451,5.001371
1.233861,5.001371
1.234271,5.001371
1.234681,5.001371
1.235091,5.001371
1.235501,5.001371
1.235911,5.001371
1.236321,5.001371
1.236731,5.001371
1.237141,5.001371
1.237551,5.001371
1.237961,5.001371
1.238371,5.001371
1.238781,5.001371
1.239191,5.001371
1.239601,5.001371
1.240011,5.001371
1.240421,5.001371
1.240831,5.001371
1.241241,5.001371
1.241651,5.001371
1.242061,5.001371
1.242471,5.001371
1.242881,5.001371
1.243291,5.001371
1.243701,5.001371
1.244111,5.001371
1.244521,5.001371
1.244931,5.001371
1.245342,5.001371
1.245752,5.001371
1.246162,5.001371
1.246572,5.001371
1.246982,5.001371
1.247392,5.001371
1.247802,5.001371
1.248212,5.001371
1.248622,5.001371
1.249032,5.001371
1.249442,5.001371
1.249852,5.001371
1.250262,5.001371
1.250672,5.001371
1.251082,5.001371
1.251492,5.001371
1.251902,5.001371
1.252312,5.001371
1.252722,5.001371
1.253132,5.001371
1.253542,5.001371
1.253952,5.001371
1.254362,5.001371
1.254772,5.001371
1.255182,5.001371
1.255592,5.001371
1.256002,5.001371
1.256412,5.001371
1.256822,5.001371
1.257232,5.001371
1.257642,5.001371
1.258052,5.001371
1.258462,5.001371
1.258872,5.001371
1.259282,5.001371
1.259692,5.001371
1.260102,5.001371
1.260512,5.001371
1.260922,5.001371
1.261332,5.001371
1.261742,5.001371
1.262152,5.001371
1.262562,5.001371
1.262972,5.001371
1.263382,5.001371
1.263792,5.001371
1.264202,5.001371
1.264612,5.001371
1.265022,5.001371
1.265432,5.001371
1.265842,5.001371
1.266252,5.001371
1.266662,5.001371
1.267072,5.001371
1.267482,5.001371
1.267892,5.001371
1.268302,5.001371
1.268712,5.001371
1.269122,5.001371
1.269532,5.001371
1.269942,5.001371
1.270352,5.001371
1.270762,5.001371
1.271172,5.001371
1.271582,5.001371
1.271992,5.001371
1.272402,5.001371
1.272812,5.001371
1.273222,5.001371
1.273632,5.001371
1.274042,5.001371
1.274452,5.001371
1.274862,5.001371
1.275273,5.001371
1.275683,5.001371
1.276093,5.001371
1.276503,5.001371
1.276913,5.001371
1.277323,5.001371
1.277733,5.001371
1.278143,5.001371
1.278553,5.001371
1.278963,5.001371
1.279373,5.001371
1.279783,5.001371
1.280193,5.001371
1.280603,5.001371
1.281013,5.001371
1.281423,5.001371
1.281833,5.001371
1.282243,5.001371
1.282653,5.001371
1.283063,5.001371
1.283473,5.001371
1.283883,5.001371
1.284293,5.001371
1.284703,5.001371
1.285113,5.001371
1.285523,5.001371
1.285933,5.001371
1.286343,5.001371
1.286753,5.001371
1.287163,5.001371
1.287573,5.001371
1.287983,5.001371
1.288393,5.001371
1.288803,5.001371
1.289213,5.001371
1.289623,5.001371
1.290033,5.001371
1.290443,5.001371
1.290853,5.001371
1.291263,5.001371
1.291673,5.001371
1.292083,5.001371
1.292493,5.001371
1.292903,5.001371
1.293313,5.001371
1.293723,5.001371
1.294133,5.001371
1.294543,5.001371
1.294953,5.001371
1.295363,5.001371
1.295773,5.001371
1.296183,5.001371
1.296593,5.001371
1.297003,5.001371
1.297413,5.001371
1.297823,5.001371
1.298233,5.001371
1.298643,5.001371
1.299053,5.001371
1.299463,5.001371
1.299873,5.001371
1.300283,5.001371
1.300693,5.001371
1.301103,5.001371
1.301513,5.001371
1.301923,5.001371
1.302333,5.001371
1.302743,5.001371
1.303153,5.001371
1.303563,5.001371
1.303973,5.001371
1.304383,5.001371
1.304793,5.001371
1.305204,5.001371
1.305614,5.001371
1.306024,5.001371
1.306434,5.001371
1.306844,5.001371
1.307254,5.001371
1.307664,5.001371
1.308074,5.001371
1.308484,5.001371
1.308894,5.001371
1.309304,5.001371
1.309714,5.001371
1.310124,5.001371
1.310534,5.001371
1.310944,5.001371
1.311354,5.001371
1.311764,5.001371
1.312174,5.001371
1.312584,5.001371
1.312994,5.001371
1.313404,5.001371
1.313814,5.001371
1.314224,5.001371
1.314634,5.001371
1.315044,5.001371
1.315454,5.001371
1.315864,5.001371
1.316274,5.001371
1.316684,5.001371
1.317094,5.001371
1.317504,5.001371
1.317914,5.001371
1.318324,5.001371
1.318734,5.001371
1.319144,5.001371
1.319554,5.001371
1.319964,5.001371
1.320374,5.001371
1.320784,5.001371
1.321194,5.001371
1.321604,5.001371
1.322014,5.001371
1.322424,5.001371
1.322834,5.001371
1.323244,5.001371
1.323654,5.001371
1.324064,5.001371
1.324474,5.001371
1.324884,5.001371
1.325294,5.001371
1.325704,5.001371
1.326114,5.001371
1.326524,5.001371
1.326934,5.001371
1.327344,5.001371
1.327754,5.001371
1.328164,5.001371
1.328574,5.001371
1.328984,5.001371
1.329394,5.001371
1.329804,5.001371
1.330214,5.001371
1.330624,5.001371
1.331034,5.001371
1.331444,5.001371
1.331854,5.001371
1.332264,5.001371
1.332674,5.001371
1.333084,5.001371
1.333494,5.001371
1.333904,5.001371
1.334314,5.001371
1.334724,5.001371
1.335135,5.001371
1.335545,5.001371
1.335955,5.001371
1.336365,5.001371
1.336775,5.001371
1.337185,5.001371
1.337595,5.001371
1.338005,5.001371
1.338415,5.001371
1.338825,5.001371
1.339235,5.001371
1.339645,5.001371
1.340055,5.001371
1.340465,5.001371
1.340875,5.001371
1.341285,5.001371
1.341695,5.001371
1.342105,5.001371
1.342515,5.001371
1.342925,5.001371
1.343335,5.001371
1.343745,5.001371
1.344155,5.001371
1.344565,5.001371
1.344975,5.001371
1.345385,5.001371
1.345795,5.001371
1.346205,5.001371
1.346615,5.001371
1.347025,5.001371
1.347435,5.001371
1.347845,5.001371
1.348255,5.001371
1.348665,5.001371
1.349075,5.001371
1.349485,5.001371
1.349895,5.001371
1.350305,5.001371
1.350715,5.001371
1.351125,5.001371
1.351535,5.001371
1.351945,5.001371
1.352355,5.001371
1.352765,5.001371
1.353175,5.001371
1.353585,5.001371
1.353995,5.001371
1.354405,5.001371
1.354815,5.001371
1.355225,5.001371
1.355635,5.001371
1.356045,5.001371
1.356455,5.001371
1.356865,5.001371
1.357275,5.001371
1.357685,5.001371
1.358095,5.001371
1.358505,5.001371
1.358915,5.001371
1.359325,5.001371
1.359735,5.001371
1.360145,5.001371
1.360555,5.001371
1.360965,5.001371
1.361375,5.001371
1.361785,5.001371
1.362195,5.001371
1.362605,5.001371
1.363015,5.001371
1.363425,5.001371
1.363835,5.001371
1.364245,5.001371
1.364655,5.001371
1.365066,5.001371
1.365476,5.001371
1.365886,5.001371
1.366296,5.001371
1.366706,5.001371
1.367116,5.001371
1.367526,5.001371
1.367936,5.001371
1.368346,5.001371
1.368756,5.001371
1.369166,5.001371
1.369576,5.001371
1.369986,5.001371
1.370396,5.001371
1.370806,5.001371
1.371216,5.001371
1.371626,5.001371
1.372036,5.001371
1.372446,5.001371
1.372856,5.001371
1.373266,5.001371
1.373676,5.001371
1.374086,5.001371
1.374496,5.001371
1.374906,5.001371
1.375316,5.001371
1.375726,5.001371
1.376136,5.001371
1.376546,5.001371
1.376956,5.001371
1.377366,5.001371
1.377776,5.001371
1.378186,5.001371
1.378596,5.001371
1.379006,5.001371
1.379416,5.001371
1.379826,5.001371
1.380236,5.001371
1.380646,5.001371
1.381056,5.001371
1.381466,5.001371
1.381876,5.001371
1.382286,5.001371
1.382696,5.001371
1.383106,5.001371
1.383516,5.001371
1.383926,5.001371
1.384336,5.001371
1.384746,5.001371
1.385156,5.001371
1.385566,5.001371
1.385976,5.001371
1.386386,5.001371
1.386796,5.001371
1.387206,5.001371
1.387616,5.001371
1.388026,5.001371
1.388436,5.001371
1.388846,5.001371
1.389256,5.001371
1.389666,5.001371
1.390076,5.001371
1.390486,5.001371
1.390896,5.001371
1.391306,5.001371
1.391716,5.001371
1.392126,5.001371
1.392536,5.001371
1.392946,5.001371
1.393356,5.001371
1.393766,5.001371
1.394176,5.001371
1.394586,5.001371
1.394996,5.001371
1.395407,5.001371
1.395817,5.001371
1.396227,5.001371
1.396637,5.001371
1.397047,5.001371
1.397457,5.001371
1.397867,5.001371
1.398277,5.001371
1.398687,5.001371
1.399097,5.001371
1.399507,5.001371
1.399917,5.001371
1.400327,5.001371
1.400737,5.001371
1.401147,5.001371
1.401557,5.001371
1.401967,5.001371
1.402377,5.001371
1.402787,5.001371
1.403197,5.001371
1.403607,5.001371
1.404017,5.001371
1.404427,5.001371
1.404837,5.001371
1.405247,5.001371
1.405657,5.001371
1.406067,5.001371
1.406477,5.001371
1.406887,5.001371
1.407297,5.001371
1.407707,5.001371
1.408117,5.001371
1.408527,5.001371
1.408937,5.001371
1.409347,5.001371
1.409757,5.001371
1.410167,5.001371
1.410577,5.001371
1.410987,5.001371
1.411397,5.001371
1.411807,5.001371
1.412217,5.001371
1.412627,5.001371
1.413037,5.001371
1.413447,5.001371
1.413857,5.001371
1.414267,5.001371
1.414677,5.001371
1.415087,5.001371
1.415497,5.001371
1.415907,5.001371
1.416317,5.001371
1.416727,5.001371
1.417137,5.001371
1.417547,5.001371
1.417957,5.001371
1.418367,5.001371
1.418777,5.001371
1.419187,5.001371
1.419597,5.001371
1.420007,5.001371
1.420417,5.001371
1.420827,5.001371
1.421237,5.001371
1.421647,5.001371
1.422057,5.001371
1.422467,5.001371
1.422877,5.001371
1.423287,5.001371
1.423697,5.001371
1.424107,5.001371
1.424517,5.001371
1.424927,5.001371
1.425338,5.001371
1.425748,5.001371
1.426158,5.001371
1.426568,5.001371
1.426978,5.001371
1.427388,5.001371
1.427798,5.001371
1.428208,5.001371
1.428618,5.001371
1.429028,5.001371
1.429438,5.001371
1.429848,5.001371
1.430258,5.001371
1.430668,5.001371
1.431078,5.001371
1.431488,5.001371
1.431898,5.001371
1.432308,5.001371
1.432718,5.001371
1.433128,5.001371
1.433538,5.001371
1.433948,5.001371
1.434358,5.001371
1.434768,5.001371
1.435178,5.001371
1.435588,5.001371
1.435998,5.001371
1.436408,5.001371
1.436818,5.001371
1.437228,5.001371
1.437638,5.001371
1.438048,5.001371
1.438458,5.001371
1.438868,5.001371
1.439278,5.001371
1.439688,5.001371
1.440098,5.001371
1.440508,5.001371
1.440918,5.001371
1.441328,5.001371
1.441738,5.001371
1.442148,5.001371
1.442558,5.001371
1.442968,5.001371
1.443378,5.001371
1.443788,5.001371
1.444198,5.001371
1.444608,5.001371
1.445018,5.001371
1.445428,5.001371
1.445838,5.001371
1.446248,5.001371
1.446658,5.001371
1.447068,5.001371
1.447478,5.001371
1.447888,5.001371
1.448298,5.001371
1.448708,5.001371
1.449118,5.001371
1.449528,5.001371
1.449938,5.001371
1.450348,5.001371
1.450758,5.001371
1.451168,5.001371
1.451578,5.001371
1.451988,5.001371
1.452398,5.001371
1.452808,5.001371
1.453218,5.001371
1.453628,5.001371
1.454038,5.001371
1.454448,5.001371
1.454858,5.001371
1.455269,5.001371
1.455679,5.001371
1.456089,5.001371
1.456499,5.001371
1.456909,5.001371
1.457319,5.001371
1.457729,5.001371
1.458139,5.001371
1.458549,5.001371
1.458959,5.001371
1.459369,5.001371
1.459779,5.001371
1.460189,5.001371
1.460599,5.001371
1.461009,5.001371
1.461419,5.001371
1.461829,5.001371
1.462239,5.001371
1.462649,5.001371
1.463059,5.001371
1.463469,5.001371
1.463879,5.001371
1.464289,5.001371
1.464699,5.001371
1.465109,5.001371
1.465519,5.001371
1.465929,5.001371
1.466339,5.001371
1.466749,5.001371
1.467159,5.001371
1.467569,5.001371
1.467979,5.001371
1.468389,5.001371
1.468799,5.001371
1.469209,5.001371
1.469619,5.001371
1.470029,5.001371
1.470439,5.001371
1.470849,5.001371
1.471259,5.001371
1.471669,5.001371
1.472079,5.001371
1.472489,5.001371
1.472899,5.001371
1.473309,5.001371
1.473719,5.001371
1.474129,5.001371
1.474539,5.001371
1.474949,5.001371
1.475359,5.001371
1.475769,5.001371
1.476179,5.001371
1.476589,5.001371
1.476999,5.001371
1.477409,5.001371
1.477819,5.001371
1.478229,5.001371
1.478639,5.001371
1.479049,5.001371
1.479459,5.001371
1.479869,5.001371
1.480279,5.001371
1.480689,5.001371
1.481099,5.001371
1.481509,5.001371
1.481919,5.001371
1.482329,5.001371
1.482739,5.001371
1.483149,5.001371
1.483559,5.001371
1.483969,5.001371
1.484379,5.001371
1.484789,5.001371
1.485200,5.001371
1.485610,5.001371
1.486020,5.001371
1.486430,5.001371
1.486840,5.001371
1.487250,5.001371
1.487660,5.001371
1.488070,5.001371
1.488480,5.001371
1.488890,5.001371
1.489300,5.001371
1.489710,5.001371
1.490120,5.001371
1.490530,5.001371
1.490940,5.001371
1.491350,5.001371
1.491760,5.001371
1.492170,5.001371
1.492580,5.001371
1.492990,5.001371
1.493400,5.001371
1.493810,5.001371
1.494220,5.001371
1.494630,5.001371
1.495040,5.001371
1.495450,5.001371
1.495860,5.001371
1.496270,5.001371
1.496680,5.001371
1.497090,5.001371
1.497500,5.001371
1.497910,5.001371
1.498320,5.001371
1.498730,5.001371
1.499140,5.001371
1.499550,5.001371
1.499960,5.001371
1.500370,5.001371
1.500780,5.001371
1.501190,5.001371
1.501600,5.001371
1.502010,5.001371
1.502420,5.001371
1.502830,5.001371
1.503240,5.001371
1.503650,5.001371
1.504060,5.001371
1.504470,5.001371
1.504880,5.001371
1.505290,5.001371
1.505700,5.001371
1.506110,5.001371
1.506520,5.001371
1.506930,5.001371
1.507340,5.001371
1.507750,5.001371
1.508160,5.001371
1.508570,5.001371
1.508980,5.001371
1.509390,5.001371
1.509800,5.001371
1.510210,5.001371
1.510620,5.001371
1.511030,5.001371
1.511440,5.001371
1.511850,5.001371
1.512260,5.001371
1.512670,5.001371
1.513080,5.001371
1.513490,5.001371
1.513900,5.001371
1.514310,5.001371
1.514720,5.001371
1.515131,5.001371
1.515541,5.001371
1.515951,5.001371
1.516361,5.001371
1.516771,5.001371
1.517181,5.001371
1.517591,5.001371
1.518001,5.001371
1.518411,5.001371
1.518821,5.001371
1.519231,5.001371
1.519641,5.001371
1.520051,5.001371
1.520461,5.001371
1.520871,5.001371
1.521281,5.001371
1.521691,5.001371
1.522101,5.001371
1.522511,5.001371
1.522921,5.001371
1.523331,5.001371
1.523741,5.001371
1.524151,5.001371
1.524561,5.001371
1.524971,5.001371
1.525381,5.001371
1.525791,5.001371
1.526201,5.001371
1.526611,5.001371
1.527021,5.001371
1.527431,5.001371
1.527841,5.001371
1.528251,5.001371
1.528661,5.001371
1.529071,5.001371
1.529481,5.001371
1.529891,5.001371
1.530301,5.001371
1.530711,5.001371
1.531121,5.001371
1.531531,5.001371
1.531941,5.001371
1.532351,5.001371
1.532761,5.001371
1.533171,5.001371
1.533581,5.001371
1.533991,5.001371
1.534401,5.001371
1.534811,5.001371
1.535221,5.001371
1.535631,5.001371
1.536041,5.001371
1.536451,5.001371
1.536861,5.001371
1.537271,5.001371
1.537681,5.001371
1.538091,5.001371
1.538501,5.001371
1.538911,5.001371
1.539321,5.001371
1.539731,5.001371
1.540141,5.001371
1.540551,5.001371
1.540961,5.001371
1.541371,5.001371
1.541781,5.001371
1.542191,5.001371
1.542601,5.001371
1.543011,5.001371
1.543421,5.001371
1.543831,5.001371
1.544241,5.001371
1.544651,5.001371
1.545062,5.001371
1.545472,5.001371
1.545882,5.001371
1.546292,5.001371
1.546702,5.001371
1.547112,5.001371
1.547522,5.001371
1.547932,5.001371
1.548342,5.001371
1.548752,5.001371
1.549162,5.001371
1.549572,5.001371
1.549982,5.001371
1.550392,5.001371
1.550802,5.001371
1.551212,5.001371
1.551622,5.001371
1.552032,5.001371
1.552442,5.001371
1.552852,5.001371
1.553262,5.001371
1.553672,5.001371
1.554082,5.001371
1.554492,5.001371
1.554902,5.001371
1.555312,5.001371
1.555722,5.001371
1.556132,5.001371
1.556542,5.001371
1.556952,5.001371
1.557362,5.001371
1.557772,5.001371
1.558182,5.001371
1.558592,5.001371
1.559002,5.001371
1.559412,5.001371
1.559822,5.001371
1.560232,5.001371
1.560642,5.001371
1.561052,5.001371
1.561462,5.001371
1.561872,5.001371
1.562282,5.001371
1.562692,5.001371
1.563102,5.001371
1.563512,5.001371
1.563922,5.001371
1.564332,5.001371
1.564742,5.001371
1.565152,5.001371
1.565562,5.001371
1.565972,5.001371
1.566382,5.001371
1.566792,5.001371
1.567202,5.001371
1.567612,5.001371
1.568022,5.001371
1.568432,5.001371
1.568842,5.001371
1.569252,5.001371
1.569662,5.001371
1.570072,5.001371
1.570482,5.001371
1.570892,5.001371
1.571302,5.001371
1.571712,5.001371
1.572122,5.001371
1.572532,5.001371
1.572942,5.001371
1.573352,5.001371
1.573762,5.001371
1.574172,5.001371
1.574582,5.001371
1.574992,5.001371
1.575403,5.001371
1.575813,5.001371
1.576223,5.001371
1.576633,5.001371
1.577043,5.001371
1.577453,5.001371
1.577863,5.001371
1.578273,5.001371
1.578683,5.001371
1.579093,5.001371
1.579503,5.001371
1.579913,5.001371
1.580323,5.001371
1.580733,5.001371
1.581143,5.001371
1.581553,5.001371
1.581963,5.001371
1.582373,5.001371
1.582783,5.001371
1.583193,5.001371
1.583603,5.001371
1.584013,5.001371
1.584423,5.001371
1.584833,5.001371
1.585243,5.001371
1.585653,5.001371
1.586063,5.001371
1.586473,5.001371
1.586883,5.001371
1.587293,5.001371
1.587703,5.001371
1.588113,5.001371
1.588523,5.001371
1.588933,5.001371
1.589343,5.001371
1.589753,5.001371
1.590163,5.001371
1.590573,5.001371
1.590983,5.001371
1.591393,5.001371
1.591803,5.001371
1.592213,5.001371
1.592623,5.001371
1.593033,5.001371
1.593443,5.001371
1.593853,5.001371
1.594263,5.001371
1.594673,5.001371
1.595083,5.001371
1.595493,5.001371
1.595903,5.001371
1.596313,5.001371
1.596723,5.001371
1.597133,5.001371
1.597543,5.001371
1.597953,5.001371
1.598363,5.001371
1.598773,5.001371
1.599183,5.001371
1.599593,5.001371
1.600003,5.001371
1.600413,5.001371
1.600823,5.001371
1.601233,5.001371
1.601643,5.001371
1.602053,5.001371
1.602463,5.001371
1.602873,5.001371
1.603283,5.001371
1.603693,5.001371
1.604103,5.001371
1.604513,5.001371
1.604923,5.001371
1.605334,5.001371
1.605744,5.001371
1.606154,5.001371
1.606564,5.001371
1.606974,5.001371
1.607384,5.001371
1.607794,5.001371
1.608204,5.001371
1.608614,5.001371
1.609024,5.001371
1.609434,5.001371
1.609844,5.001371
1.610254,5.001371
1.610664,5.001371
1.611074,5.001371
1.611484,5.001371
1.611894,5.001371
1.612304,5.001371
1.612714,5.001371
1.613124,5.001371
1.613534,5.001371
1.613944,5.001371
1.614354,5.001371
1.614764,5.001371
1.615174,5.001371
1.615584,5.001371
1.615994,5.001371
1.616404,5.001371
1.616814,5.001371
1.617224,5.001371
1.617634,5.001371
1.618044,5.001371
1.618454,5.001371
1.618864,5.001371
1.619274,5.001371
1.619684,5.001371
1.620094,5.001371
1.620504,5.001371
1.620914,5.001371
1.621324,5.001371
1.621734,5.001371
1.622144,5.001371
1.622554,5.001371
1.622964,5.001371
1.623374,5.001371
1.623784,5.001371
1.624194,5.001371
1.624604,5.001371
1.625014,5.001371
1.625424,5.001371
1.625834,5.001371
1.626244,5.001371
1.626654,5.001371
1.627064,5.001371
1.627474,5.001371
1.627884,5.001371
1.628294,5.001371
1.628704,5.001371
1.629114,5.001371
1.629524,5.001371
1.629934,5.001371
1.630344,5.001371
1.630754,5.001371
1.631164,5.001371
1.631574,5.001371
1.631984,5.001371
1.632394,5.001371
1.632804,5.001371
1.633214,5.001371
1.633624,5.001371
1.634034,5.001371
1.634444,5.001371
1.634854,5.001371
1.635265,5.001371
1.635675,5.001371
1.636085,5.001371
1.636495,5.001371
1.636905,5.001371
1.637315,5.001371
1.637725,5.001371
1.638135,5.001371
1.638545,5.001371
1.638955,5.001371
1.639365,5.001371
1.639775,5.001371
1.640185,5.001371
1.640595,5.001371
1.641005,5.001371
1.641415,5.001371
1.641825,5.001371
1.642235,5.001371
1.642645,5.001371
1.643055,5.001371
1.643465,5.001371
1.643875,5.001371
1.644285,5.001371
1.644695,5.001371
1.645105,5.001371
1.645515,5.001371
1.645925,5.001371
1.646335,5.001371
1.646745,5.001371
1.647155,5.001371
1.647565,5.001371
1.647975,5.001371
1.648385,5.001371
1.648795,5.001371
1.649205,5.001371
1.649615,5.001371
1.650025,5.001371
1.650435,5.001371
1.650845,5.001371
1.651255,5.001371
1.651665,5.001371
1.652075,5.001371
1.652485,5.001371
1.652895,5.001371
1.653305,5.001371
1.653715,5.001371
1.654125,5.001371
1.654535,5.001371
1.654945,5.001371
1.655355,5.001371
1.655765,5.001371
1.656175,5.001371
1.656585,5.001371
1.656995,5.001371
1.657405,5.001371
1.657815,5.001371
1.658225,5.001371
1.658635,5.001371
1.659045,5.001371
1.659455,5.001371
1.659865,5.001371
1.660275,5.001371
1.660685,5.001371
1.661095,5.001371
1.661505,5.001371
1.661915,5.001371
1.662325,5.001371
1.662735,5.001371
1.663145,5.001371
1.663555,5.001371
1.663965,5.001371
1.664375,5.001371
1.664785,5.001371
1.665196,5.001371
1.665606,5.001371
1.666016,5.001371
1.666426,5.001371
1.666836,5.001371
1.667246,5.001371
1.667656,5.001371
1.668066,5.001371
1.668476,5.001371
1.668886,5.001371
1.669296,5.001371
1.669706,5.001371
1.670116,5.001371
1.670526,5.001371
1.670936,5.001371
1.671346,5.001371
1.671756,5.001371
1.672166,5.001371
1.672576,5.001371
1.672986,5.001371
1.673396,5.001371
1.673806,5.001371
1.674216,5.001371
1.674626,5.001371
1.675036,5.001371
1.675446,5.001371
1.675856,5.001371
1.676266,5.001371
1.676676,5.001371
1.677086,5.001371
1.677496,5.001371
1.677906,5.001371
1.678316,5.001371
1.678726,5.001371
1.679136,5.001371
1.679546,5.001371
1.679956,5.001371
1.680366,5.001371
1.680776,5.001371
1.681186,5.001371
1.681596,5.001371
1.682006,5.001371
1.682416,5.001371
1.682826,5.001371
1.683236,5.001371
1.683646,5.001371
1.684056,5.001371
1.684466,5.001371
1.684876,5.001371
1.685286,5.001371
1.685696,5.001371
1.686106,5.001371
1.686516,5.001371
1.686926,5.001371
1.687336,5.001371
1.687746,5.001371
1.688156,5.001371
1.688566,5.001371
1.688976,5.001371
1.689386,5.001371
1.689796,5.001371
1.690206,5.001371
1.690616,5.001371
1.691026,5.001371
1.691436,5.001371
1.691846,5.001371
1.692256,5.001371
1.692666,5.001371
1.693076,5.001371
1.693486,5.001371
1.693896,5.001371
1.694306,5.001371
1.694716,5.001371
1.695127,5.001371
1.695537,5.001371
1.695947,5.001371
1.696357,5.001371
1.696767,5.001371
1.697177,5.001371
1.697587,5.001371
1.697997,5.001371
1.698407,5.001371
1.698817,5.001371
1.699227,5.001371
1.699637,5.001371
1.700047,5.001371
1.700457,5.001371
1.700867,5.001371
1.701277,5.001371
1.701687,5.001371
1.702097,5.001371
1.702507,5.001371
1.702917,5.001371
1.703327,5.001371
1.703737,5.001371
1.704147,5.001371
1.704557,5.001371
1.704967,5.001371
1.705377,5.001371
1.705787,5.001371
1.706197,5.001371
1.706607,5.001371
1.707017,5.001371
1.707427,5.001371
1.707837,5.001371
1.708247,5.001371
1.708657,5.001371
1.709067,5.001371
1.709477,5.001371
1.709887,5.001371
1.710297,5.001371
1.710707,5.001371
1.711117,5.001371
1.711527,5.001371
1.711937,5.001371
1.712347,5.001371
1.712757,5.001371
1.713167,5.001371
1.713577,5.001371
1.713987,5.001371
1.714397,5.001371
1.714807,5.001371
1.715217,5.001371
1.715627,5.001371
1.716037,5.001371
1.716447,5.001371
1.716857,5.001371
1.717267,5.001371
1.717677,5.001371
1.718087,5.001371
1.718497,5.001371
1.718907,5.001371
1.719317,5.001371
1.719727,5.001371
1.720137,5.001371
1.720547,5.001371
1.720957,5.001371
1.721367,5.001371
1.721777,5.001371
1.722187,5.001371
1.722597,5.001371
1.723007,5.001371
1.723417,5.001371
1.723827,5.001371
1.724237,5.001371
1.724647,5.001371
1.725058,5.001371
1.725468,5.001371
1.725878,5.001371
1.726288,5.001371
1.726698,5.001371
1.727108,5.001371
1.727518,5.001371
1.727928,5.001371
1.728338,5.001371
1.728748,5.001371
1.729158,5.001371
1.729568,5.001371
1.729978,5.001371
1.730388,5.001371
1.730798,5.001371
1.731208,5.001371
1.731618,5.001371
1.732028,5.001371
1.732438,5.001371
1.732848,5.001371
1.733258,5.001371
1.733668,5.001371
1.734078,5.001371
1.734488,5.001371
1.734898,5.001371
1.735308,5.001371
1.735718,5.001371
1.736128,5.001371
1.736538,5.001371
1.736948,5.001371
1.737358,5.001371
1.737768,5.001371
1.738178,5.001371
1.738588,5.001371
1.738998,5.001371
1.739408,5.001371
1.739818,5.001371
1.740228,5.001371
1.740638,5.001371
1.741048,5.001371
1.741458,5.001371
1.741868,5.001371
1.742278,5.001371
1.742688,5.001371
1.743098,5.001371
1.743508,5.001371
1.743918,5.001371
1.744328,5.001371
1.744738,5.001371
1.745148,5.001371
1.745558,5.001371
1.745968,5.001371
1.746378,5.001371
1.746788,5.001371
1.747198,5.001371
1.747608,5.001371
1.748018,5.001371
1.748428,5.001371
1.748838,5.001371
1.749248,5.001371
1.749658,5.001371
1.750068,5.001371
1.750478,5.001371
1.750888,5.001371
1.751298,5.001371
1.751708,5.001371
1.752118,5.001371
1.752528,5.001371
1.752938,5.001371
1.753348,5.001371
1.753758,5.001371
1.754168,5.001371
1.754578,5.001371
1.754988,5.001371
1.755399,5.001371
1.755809,5.001371
1.756219,5.001371
1.756629,5.001371
1.757039,5.001371
1.757449,5.001371
1.757859,5.001371
1.758269,5.001371
1.758679,5.001371
1.759089,5.001371
1.759499,5.001371
1.759909,5.001371
1.760319,5.001371
1.760729,5.001371
1.761139,5.001371
1.761549,5.001371
1.761959,5.001371
1.762369,5.001371
1.762779,5.001371
1.763189,5.001371
1.763599,5.001371
1.764009,5.001371
1.764419,5.001371
1.764829,5.001371
1.765239,5.001371
1.765649,5.001371
1.766059,5.001371
1.766469,5.001371
1.766879,5.001371
1.767289,5.001371
1.767699,5.001371
1.768109,5.001371
1.768519,5.001371
1.768929,5.001371
1.769339,5.001371
1.769749,5.001371
1.770159,5.001371
1.770569,5.001371
1.770979,5.001371
1.771389,5.001371
1.771799,5.001371
1.772209,5.001371
1.772619,5.001371
1.773029,5.001371
1.773439,5.001371
1.773849,5.001371
1.774259,5.001371
1.774669,5.001371
1.775079,5.001371
1.775489,5.001371
1.775899,5.001371
1.776309,5.001371
1.776719,5.001371
1.777129,5.001371
1.777539,5.001371
1.777949,5.001371
1.778359,5.001371
1.778769,5.001371
1.779179,5.001371
1.779589,5.001371
1.779999,5.001371
1.780409,5.001371
1.780819,5.001371
1.781229,5.001371
1.781639,5.001371
1.782049,5.001371
1.782459,5.001371
1.782869,5.001371
1.783279,5.001371
1.783689,5.001371
1.784099,5.001371
1.784509,5.001371
1.784919,5.001371
1.785330,5.001371
1.785740,5.001371
1.786150,5.001371
1.786560,5.001371
1.786970,5.001371
1.787380,5.001371
1.787790,5.001371
1.788200,5.001371
1.788610,5.001371
1.789020,5.001371
1.789430,5.001371
1.789840,5.001371
1.790250,5.001371
1.790660,5.001371
1.791070,5.001371
1.791480,5.001371
1.791890,5.001371
1.792300,5.001371
1.792710,5.001371
1.793120,5.001371
1.793530,5.001371
1.793940,5.001371
1.794350,5.001371
1.794760,5.001371
1.795170,5.001371
1.795580,5.001371
1.795990,5.001371
1.796400,5.001371
1.796810,5.001371
1.797220,5.001371
1.797630,5.001371
1.798040,5.001371
1.798450,5.001371
1.798860,5.001371
1.799270,5.001371
1.799680,5.001371
1.800090,5.001371
1.800500,5.001371
1.800910,5.001371
1.801320,5.001371
1.801730,5.001371
1.802140,5.001371
1.802550,5.001371
1.802960,5.001371
1.803370,5.001371
1.803780,5.001371
1.804190,5.001371
1.804600,5.001371
1.805010,5.001371
1.805420,5.001371
1.805830,5.001371
1.806240,5.001371
1.806650,5.001371
1.807060,5.001371
1.807470,5.001371
1.807880,5.001371
1.808290,5.001371
1.808700,5.001371
1.809110,5.001371
1.809520,5.001371
1.809930,5.001371
1.810340,5.001371
1.810750,5.001371
1.811160,5.001371
1.811570,5.001371
1.811980,5.001371
1.812390,5.001371
1.812800,5.001371
1.813210,5.001371
1.813620,5.001371
1.814030,5.001371
1.814440,5.001371
1.814850,5.001371
1.815261,5.001371
1.815671,5.001371
1.816081,5.001371
1.816491,5.001371
1.816901,5.001371
1.817311,5.001371
1.817721,5.001371
1.818131,5.001371
1.818541,5.001371
1.818951,5.001371
1.819361,5.001371
1.819771,5.001371
1.820181,5.001371
1.820591,5.001371
1.821001,5.001371
1.821411,5.001371
1.821821,5.001371
1.822231,5.001371
1.822641,5.001371
1.823051,5.001371
1.823461,5.001371
1.823871,5.001371
1.824281,5.001371
1.824691,5.001371
1.825101,5.001371
1.825511,5.001371
1.825921,5.001371
1.826331,5.001371
1.826741,5.001371
1.827151,5.001371
1.827561,5.001371
1.827971,5.001371
1.828381,5.001371
1.828791,5.001371
1.829201,5.001371
1.829611,5.001371
1.830021,5.001371
1.830431,5.001371
1.830841,5.001371
1.831251,5.001371
1.831661,5.001371
1.832071,5.001371
1.832481,5.001371
1.832891,5.001371
1.833301,5.001371
1.833711,5.001371
1.834121,5.001371
1.834531,5.001371
1.834941,5.001371
1.835351,5.001371
1.835761,5.001371
1.836171,5.001371
1.836581,5.001371
1.836991,5.001371
1.837401,5.001371
1.837811,5.001371
1.838221,5.001371
1.838631,5.001371
1.839041,5.001371
1.839451,5.001371
1.839861,5.001371
1.840271,5.001371
1.840681,5.001371
1.841091,5.001371
1.841501,5.001371
1.841911,5.001371
1.842321,5.001371
1.842731,5.001371
1.843141,5.001371
1.843551,5.001371
1.843961,5.001371
1.844371,5.001371
1.844781,5.001371
1.845192,5.001371
1.845602,5.001371
1.846012,5.001371
1.846422,5.001371
1.846832,5.001371
1.847242,5.001371
1.847652,5.001371
1.848062,5.001371
1.848472,5.001371
1.848882,5.001371
1.849292,5.001371
1.849702,5.001371
1.850112,5.001371
1.850522,5.001371
1.850932,5.001371
1.851342,5.001371
1.851752,5.001371
1.852162,5.001371
1.852572,5.001371
1.852982,5.001371
1.853392,5.001371
1.853802,5.001371
1.854212,5.001371
1.854622,5.001371
1.855032,5.001371
1.855442,5.001371
1.855852,5.001371
1.856262,5.001371
1.856672,5.001371
1.857082,5.001371
1.857492,5.001371
1.857902,5.001371
1.858312,5.001371
1.858722,5.001371
1.859132,5.001371
1.859542,5.001371
1.859952,5.001371
1.860362,5.001371
1.860772,5.001371
1.861182,5.001371
1.861592,5.001371
1.862002,5.001371
1.862412,5.001371
1.862822,5.001371
1.863232,5.001371
1.863642,5.001371
1.864052,5.001371
1.864462,5.001371
1.864872,5.001371
1.865282,5.001371
1.865692,5.001371
1.866102,5.001371
1.866512,5.001371
1.866922,5.001371
1.867332,5.001371
1.867742,5.001371
1.868152,5.001371
1.868562,5.001371
1.868972,5.001371
1.869382,5.001371
1.869792,5.001371
1.870202,5.001371
1.870612,5.001371
1.871022,5.001371
1.871432,5.001371
1.871842,5.001371
1.872252,5.001371
1.872662,5.001371
1.873072,5.001371
1.873482,5.001371
1.873892,5.001371
1.874302,5.001371
1.874712,5.001371
1.875123,5.001371
1.875533,5.001371
1.875943,5.001371
1.876353,5.001371
1.876763,5.001371
1.877173,5.001371
1.877583,5.001371
1.877993,5.001371
1.878403,5.001371
1.878813,5.001371
1.879223,5.001371
1.879633,5.001371
1.880043,5.001371
1.880453,5.001371
1.880863,5.001371
1.881273,5.001371
1.881683,5.001371
1.882093,5.001371
1.882503,5.001371
1.882913,5.001371
1.883323,5.001371
1.883733,5.001371
1.884143,5.001371
1.884553,5.001371
1.884963,5.001371
1.885373,5.001371
1.885783,5.001371
1.886193,5.001371
1.886603,5.001371
1.887013,5.001371
1.887423,5.001371
1.887833,5.001371
1.888243,5.001371
1.888653,5.001371
1.889063,5.001371
1.889473,5.001371
1.889883,5.001371
1.890293,5.001371
1.890703,5.001371
1.891113,5.001371
1.891523,5.001371
1.891933,5.001371
1.892343,5.001371
1.892753,5.001371
1.893163,5.001371
1.893573,5.001371
1.893983,5.001371
1.894393,5.001371
1.894803,5.001371
1.895213,5.001371
1.895623,5.001371
1.896033,5.001371
1.896443,5.001371
1.896853,5.001371
1.897263,5.001371
1.897673,5.001371
1.898083,5.001371
1.898493,5.001371
1.898903,5.001371
1.899313,5.001371
1.899723,5.001371
1.900133,5.001371
1.900543,5.001371
1.900953,5.001371
1.901363,5.001371
1.901773,5.001371
1.902183,5.001371
1.902593,5.001371
1.903003,5.001371
1.903413,5.001371
1.903823,5.001371
1.904233,5.001371
1.904643,5.001371
1.905054,5.001371
1.905464,5.001371
1.905874,5.001371
1.906284,5.001371
1.906694,5.001371
1.907104,5.001371
1.907514,5.001371
1.907924,5.001371
1.908334,5.001371
1.908744,5.001371
1.909154,5.001371
1.909564,5.001371
1.909974,5.001371
1.910384,5.001371
1.910794,5.001371
1.911204,5.001371
1.911614,5.001371
1.912024,5.001371
1.912434,5.001371
1.912844,5.001371
1.913254,5.001371
1.913664,5.001371
1.914074,5.001371
1.914484,5.001371
1.914894,5.001371
1.915304,5.001371
1.915714,5.001371
1.916124,5.001371
1.916534,5.001371
1.916944,5.001371
1.917354,5.001371
1.917764,5.001371
1.918174,5.001371
1.918584,5.001371
1.918994,5.001371
1.919404,5.001371
1.919814,5.001371
1.920224,5.001371
1.920634,5.001371
1.921044,5.001371
1.921454,5.001371
1.921864,5.001371
1.922274,5.001371
1.922684,5.001371
1.923094,5.001371
1.923504,5.001371
1.923914,5.001371
1.924324,5.001371
1.924734,5.001371
1.925144,5.001371
1.925554,5.001371
1.925964,5.001371
1.926374,5.001371
1.926784,5.001371
1.927194,5.001371
1.927604,5.001371
1.928014,5.001371
1.928424,5.001371
1.928834,5.001371
1.929244,5.001371
1.929654,5.001371
1.930064,5.001371
1.930474,5.001371
1.930884,5.001371
1.931294,5.001371
1.931704,5.001371
1.932114,5.001371
1.932524,5.001371
1.932934,5.001371
1.933344,5.001371
1.933754,5.001371
1.934164,5.001371
1.934574,5.001371
1.934984,5.001371
1.935395,5.001371
1.935805,5.001371
1.936215,5.001371
1.936625,5.001371
1.937035,5.001371
1.937445,5.001371
1.937855,5.001371
1.938265,5.001371
1.938675,5.001371
1.939085,5.001371
1.939495,5.001371
1.939905,5.001371
1.940315,5.001371
1.940725,5.001371
1.941135,5.001371
1.941545,5.001371
1.941955,5.001371
1.942365,5.001371
1.942775,5.001371
1.943185,5.001371
1.943595,5.001371
1.944005,5.001371
1.944415,5.001371
1.944825,5.001371
1.945235,5.001371
1.945645,5.001371
1.946055,5.001371
1.946465,5.001371
1.946875,5.001371
1.947285,5.001371
1.947695,5.001371
1.948105,5.001371
1.948515,5.001371
1.948925,5.001371
1.949335,5.001371
1.949745,5.001371
1.950155,5.001371
1.950565,5.001371
1.950975,5.001371
1.951385,5.001371
1.951795,5.001371
1.952205,5.001371
1.952615,5.001371
1.953025,5.001371
1.953435,5.001371
1.953845,5.001371
1.954255,5.001371
1.954665,5.001371
1.955075,5.001371
1.955485,5.001371
1.955895,5.001371
1.956305,5.001371
1.956715,5.001371
1.957125,5.001371
1.957535,5.001371
1.957945,5.001371
1.958355,5.001371
1.958765,5.001371
1.959175,5.001371
1.959585,5.001371
1.959995,5.001371
1.960405,5.001371
1.960815,5.001371
1.961225,5.001371
1.961635,5.001371
1.962045,5.001371
1.962455,5.001371
1.962865,5.001371
1.963275,5.001371
1.963685,5.001371
1.964095,5.001371
1.964505,5.001371
1.964915,5.001371
1.965326,5.001371
1.965736,5.001371
1.966146,5.001371
1.966556,5.001371
1.966966,5.001371
1.967376,5.001371
1.967786,5.001371
1.968196,5.001371
1.968606,5.001371
1.969016,5.001371
1.969426,5.001371
1.969836,5.001371
1.970246,5.001371
1.970656,5.001371
1.971066,5.001371
1.971476,5.001371
1.971886,5.001371
1.972296,5.001371
1.972706,5.001371
1.973116,5.001371
1.973526,5.001371
1.973936,5.001371
1.974346,5.001371
1.974756,5.001371
1.975166,5.001371
1.975576,5.001371
1.975986,5.001371
1.976396,5.001371
1.976806,5.001371
1.977216,5.001371
1.977626,5.001371
1.978036,5.001371
1.978446,5.001371
1.978856,5.001371
1.979266,5.001371
1.979676,5.001371
1.980086,5.001371
1.980496,5.001371
1.980906,5.001371
1.981316,5.001371
1.981726,5.001371
1.982136,5.001371
1.982546,5.001371
1.982956,5.001371
1.983366,5.001371
1.983776,5.001371
1.984186,5.001371
1.984596,5.001371
1.985006,5.001371
1.985416,5.001371
1.985826,5.001371
1.986236,5.001371
1.986646,5.001371
1.987056,5.001371
1.987466,5.001371
1.987876,5.001371
1.988286,5.001371
1.988696,5.001371
1.989106,5.001371
1.989516,5.001371
1.989926,5.001371
1.990336,5.001371
1.990746,5.001371
1.991156,5.001371
1.991566,5.001371
1.991976,5.001371
1.992386,5.001371
1.992796,5.001371
1.993206,5.001371
1.993616,5.001371
1.994026,5.001371
1.994436,5.001371
1.994846,5.001371
1.995257,5.001371
1.995667,5.001371
1.996077,5.001371
1.996487,5.001371
1.996897,5.001371
1.997307,5.001371
1.997717,5.001371
1.998127,5.001371
1.998537,5.001371
1.998947,5.001371
1.999357,5.001371
1.999767,5.001371
2.000177,5.001371
2.000587,5.001371
2.000997,5.001371
2.001407,5.001371
2.001817,5.001371
2.002227,5.001371
2.002637,5.001371
2.003047,5.001371
2.003457,5.001371
2.003867,5.001371
2.004277,5.001371
2.004687,5.001371
2.005097,5.001371
2.005507,5.001371
2.005917,5.001371
2.006327,5.001371
2.006737,5.001371
2.007147,5.001371
2.007557,5.001371
2.007967,5.001371
2.008377,5.001371
2.008787,5.001371
2.009197,5.001371
2.009607,5.001371
2.010017,5.001371
2.010427,5.001371
2.010837,5.001371
2.011247,5.001371
2.011657,5.001371
2.012067,5.001371
2.012477,5.001371
2.012887,5.001371
2.013297,5.001371
2.013707,5.001371
2.014117,5.001371
2.014527,5.001371
2.014937,5.001371
2.015347,5.001371
2.015757,5.001371
2.016167,5.001371
2.016577,5.001371
2.016987,5.001371
2.017397,5.001371
2.017807,5.001371
2.018217,5.001371
2.018627,5.001371
2.019037,5.001371
2.019447,5.001371
2.019857,5.001371
2.020267,5.001371
2.020677,5.001371
2.021087,5.001371
2.021497,5.001371
2.021907,5.001371
2.022317,5.001371
2.022727,5.001371
2.023137,5.001371
2.023547,5.001371
2.023957,5.001371
2.024367,5.001371
2.024777,5.001371
2.025188,5.001371
2.025598,5.001371
2.026008,5.001371
2.026418,5.001371
2.026828,5.001371
2.027238,5.001371
2.027648,5.001371
2.028058,5.001371
2.028468,5.001371
2.028878,5.001371
2.029288,5.001371
2.029698,5.001371
2.030108,5.001371
2.030518,5.001371
2.030928,5.001371
2.031338,5.001371
2.031748,5.001371
2.032158,5.001371
2.032568,5.001371
2.032978,5.001371
2.033388,5.001371
2.033798,5.001371
2.034208,5.001371
2.034618,5.001371
2.035028,5.001371
2.035438,5.001371
2.035848,5.001371
2.036258,5.001371
2.036668,5.001371
2.037078,5.001371
2.037488,5.001371
2.037898,5.001371
2.038308,5.001371
2.038718,5.001371
2.039128,5.001371
2.039538,5.001371
2.039948,5.001371
2.040358,5.001371
2.040768,5.001371
2.041178,5.001371
2.041588,5.001371
2.041998,5.001371
2.042408,5.001371
2.042818,5.001371
2.043228,5.001371
2.043638,5.001371
2.044048,5.001371
2.044458,5.001371
2.044868,5.001371
2.045278,5.001371
2.045688,5.001371
2.046098,5.001371
2.046508,5.001371
2.046918,5.001371
2.047328,5.001371
2.047738,5.001371
2.048148,5.001371
2.048558,5.001371
2.048968,5.001371
2.049378,5.001371
2.049788,5.001371
2.050198,5.001371
2.050608,5.001371
2.051018,5.001371
2.051428,5.001371
2.051838,5.001371
2.052248,5.001371
2.052658,5.001371
2.053068,5.001371
2.053478,5.001371
2.053888,5.001371
2.054298,5.001371
2.054708,5.001371
2.055119,5.001371
2.055529,5.001371
2.055939,5.001371
2.056349,5.001371
2.056759,5.001371
2.057169,5.001371
2.057579,5.001371
2.057989,5.001371
2.058399,5.001371
2.058809,5.001371
2.059219,5.001371
2.059629,5.001371
2.060039,5.001371
2.060449,5.001371
2.060859,5.001371
2.061269,5.001371
2.061679,5.001371
2.062089,5.001371
2.062499,5.001371
2.062909,5.001371
2.063319,5.001371
2.063729,5.001371
2.064139,5.001371
2.064549,5.001371
2.064959,5.001371
2.065369,5.001371
2.065779,5.001371
2.066189,5.001371
2.066599,5.001371
2.067009,5.001371
2.067419,5.001371
2.067829,5.001371
2.068239,5.001371
2.068649,5.001371
2.069059,5.001371
2.069469,5.001371
2.069879,5.001371
2.070289,5.001371
2.070699,5.001371
2.071109,5.001371
2.071519,5.001371
2.071929,5.001371
2.072339,5.001371
2.072749,5.001371
2.073159,5.001371
2.073569,5.001371
2.073979,5.001371
2.074389,5.001371
2.074799,5.001371
2.075209,5.001371
2.075619,5.001371
2.076029,5.001371
2.076439,5.001371
2.076849,5.001371
2.077259,5.001371
2.077669,5.001371
2.078079,5.001371
2.078489,5.001371
2.078899,5.001371
2.079309,5.001371
2.079719,5.001371
2.080129,5.001371
2.080539,5.001371
2.080949,5.001371
2.081359,5.001371
2.081769,5.001371
2.082179,5.001371
2.082589,5.001371
2.082999,5.001371
2.083409,5.001371
2.083819,5.001371
2.084229,5.001371
2.084639,5.001371
2.085050,5.001371
2.085460,5.001371
2.085870,5.001371
2.086280,5.001371
2.086690,5.001371
2.087100,5.001371
2.087510,5.001371
2.087920,5.001371
2.088330,5.001371
2.088740,5.001371
2.089150,5.001371
2.089560,5.001371
2.089970,5.001371
2.090380,5.001371
2.090790,5.001371
2.091200,5.001371
2.091610,5.001371
2.092020,5.001371
2.092430,5.001371
2.092840,5.001371
2.093250,5.001371
2.093660,5.001371
2.094070,5.001371
2.094480,5.001371
2.094890,5.001371
2.095300,5.001371
2.095710,5.001371
2.096120,5.001371
2.096530,5.001371
2.096940,5.001371
2.097350,5.001371
2.097760,5.001371
2.098170,5.001371
2.098580,5.001371
2.098990,5.001371
2.099400,5.001371
2.099810,5.001371
2.100220,5.001371
2.100630,5.001371
2.101040,5.001371
2.101450,5.001371
2.101860,5.001371
2.102270,5.001371
2.102680,5.001371
2.103090,5.001371
2.103500,5.001371
2.103910,5.001371
2.104320,5.001371
2.104730,5.001371
2.105140,5.001371
2.105550,5.001371
2.105960,5.001371
2.106370,5.001371
2.106780,5.001371
2.107190,5.001371
2.107600,5.001371
2.108010,5.001371
2.108420,5.001371
2.108830,5.001371
2.109240,5.001371
2.109650,5.001371
2.110060,5.001371
2.110470,5.001371
2.110880,5.001371
2.111290,5.001371
2.111700,5.001371
2.112110,5.001371
2.112520,5.001371
2.112930,5.001371
2.113340,5.001371
2.113750,5.001371
2.114160,5.001371
2.114570,5.001371
2.114980,5.001371
2.115391,5.001371
2.115801,5.001371
2.116211,5.001371
2.116621,5.001371
2.117031,5.001371
2.117441,5.001371
2.117851,5.001371
2.118261,5.001371
2.118671,5.001371
2.119081,5.001371
2.119491,5.001371
2.119901,5.001371
2.120311,5.001371
2.120721,5.001371
2.121131,5.001371
2.121541,5.001371
2.121951,5.001371
2.122361,5.001371
2.122771,5.001371
2.123181,5.001371
2.123591,5.001371
2.124001,5.001371
2.124411,5.001371
2.124821,5.001371
2.125231,5.001371
2.125641,5.001371
2.126051,5.001371
2.126461,5.001371
2.126871,5.001371
2.127281,5.001371
2.127691,5.001371
2.128101,5.001371
2.128511,5.001371
2.128921,5.001371
2.129331,5.001371
2.129741,5.001371
2.130151,5.001371
2.130561,5.001371
2.130971,5.001371
2.131381,5.001371
2.131791,5.001371
2.132201,5.001371
2.132611,5.001371
2.133021,5.001371
2.133431,5.001371
2.133841,5.001371
2.134251,5.001371
2.134661,5.001371
2.135071,5.001371
2.135481,5.001371
2.135891,5.001371
2.136301,5.001371
2.136711,5.001371
2.137121,5.001371
2.137531,5.001371
2.137941,5.001371
2.138351,5.001371
2.138761,5.001371
2.139171,5.001371
2.139581,5.001371
2.139991,5.001371
2.140401,5.001371
2.140811,5.001371
2.141221,5.001371
2.141631,5.001371
2.142041,5.001371
2.142451,5.001371
2.142861,5.001371
2.143271,5.001371
2.143681,5.001371
2.144091,5.001371
2.144501,5.001371
2.144911,5.001371
2.145322,5.001371
2.145732,5.001371
2.146142,5.001371
2.146552,5.001371
2.146962,5.001371
2.147372,5.001371
2.147782,5.001371
2.148192,5.001371
2.148602,5.001371
2.149012,5.001371
2.149422,5.001371
2.149832,5.001371
2.150242,5.001371
2.150652,5.001371
2.151062,5.001371
2.151472,5.001371
2.151882,5.001371
2.152292,5.001371
2.152702,5.001371
2.153112,5.001371
2.153522,5.001371
2.153932,5.001371
2.154342,5.001371
2.154752,5.001371
2.155162,5.001371
2.155572,5.001371
2.155982,5.001371
2.156392,5.001371
2.156802,5.001371
2.157212,5.001371
2.157622,5.001371
2.158032,5.001371
2.158442,5.001371
2.158852,5.001371
2.159262,5.001371
2.159672,5.001371
2.160082,5.001371
2.160492,5.001371
2.160902,5.001371
2.161312,5.001371
2.161722,5.001371
2.162132,5.001371
2.162542,5.001371
2.162952,5.001371
2.163362,5.001371
2.163772,5.001371
2.164182,5.001371
2.164592,5.001371
2.165002,5.001371
2.165412,5.001371
2.165822,5.001371
2.166232,5.001371
2.166642,5.001371
2.167052,5.001371
2.167462,5.001371
2.167872,5.001371
2.168282,5.001371
2.168692,5.001371
2.169102,5.001371
2.169512,5.001371
2.169922,5.001371
2.170332,5.001371
2.170742,5.001371
2.171152,5.001371
2.171562,5.001371
2.171972,5.001371
2.172382,5.001371
2.172792,5.001371
2.173202,5.001371
2.173612,5.001371
2.174022,5.001371
2.174432,5.001371
2.174842,5.001371
2.175253,5.001371
2.175663,5.001371
2.176073,5.001371
2.176483,5.001371
2.176893,5.001371
2.177303,5.001371
2.177713,5.001371
2.178123,5.001371
2.178533,5.001371
2.178943,5.001371
2.179353,5.001371
2.179763,5.001371
2.180173,5.001371
2.180583,5.001371
2.180993,5.001371
2.181403,5.001371
2.181813,5.001371
2.182223,5.001371
2.182633,5.001371
2.183043,5.001371
2.183453,5.001371
2.183863,5.001371
2.184273,5.001371
2.184683,5.001371
2.185093,5.001371
2.185503,5.001371
2.185913,5.001371
2.186323,5.001371
2.186733,5.001371
2.187143,5.001371
2.187553,5.001371
2.187963,5.001371
2.188373,5.001371
2.188783,5.001371
2.189193,5.001371
2.189603,5.001371
2.190013,5.001371
2.190423,5.001371
2.190833,5.001371
2.191243,5.001371
2.191653,5.001371
2.192063,5.001371
2.192473,5.001371
2.192883,5.001371
2.193293,5.001371
2.193703,5.001371
2.194113,5.001371
2.194523,5.001371
2.194933,5.001371
2.195343,5.001371
2.195753,5.001371
2.196163,5.001371
2.196573,5.001371
2.196983,5.001371
2.197393,5.001371
2.197803,5.001371
2.198213,5.001371
2.198623,5.001371
2.199033,5.001371
2.199443,5.001371
2.199853,5.001371
2.200263,5.001371
2.200673,5.001371
2.201083,5.001371
2.201493,5.001371
2.201903,5.001371
2.202313,5.001371
2.202723,5.001371
2.203133,5.001371
2.203543,5.001371
2.203953,5.001371
2.204363,5.001371
2.204773,5.001371
2.205184,5.001371
2.205594,5.001371
2.206004,5.001371
2.206414,5.001371
2.206824,5.001371
2.207234,5.001371
2.207644,5.001371
2.208054,5.001371
2.208464,5.001371
2.208874,5.001371
2.209284,5.001371
2.209694,5.001371
2.210104,5.001371
2.210514,5.001371
2.210924,5.001371
2.211334,5.001371
2.211744,5.001371
2.212154,5.001371
2.212564,5.001371
2.212974,5.001371
2.213384,5.001371
2.213794,5.001371
2.214204,5.001371
2.214614,5.001371
2.215024,5.001371
2.215434,5.001371
2.215844,5.001371
2.216254,5.001371
2.216664,5.001371
2.217074,5.001371
2.217484,5.001371
2.217894,5.001371
2.218304,5.001371
2.218714,5.001371
2.219124,5.001371
2.219534,5.001371
2.219944,5.001371
2.220354,5.001371
2.220764,5.001371
2.221174,5.001371
2.221584,5.001371
2.221994,5.001371
2.222404,5.001371
2.222814,5.001371
2.223224,5.001371
2.223634,5.001371
2.224044,5.001371
2.224454,5.001371
2.224864,5.001371
2.225274,5.001371
2.225684,5.001371
2.226094,5.001371
2.226504,5.001371
2.226914,5.001371
2.227324,5.001371
2.227734,5.001371
2.228144,5.001371
2.228554,5.001371
2.228964,5.001371
2.229374,5.001371
2.229784,5.001371
2.230194,5.001371
2.230604,5.001371
2.231014,5.001371
2.231424,5.001371
2.231834,5.001371
2.232244,5.001371
2.232654,5.001371
2.233064,5.001371
2.233474,5.001371
2.233884,5.001371
2.234294,5.001371
2.234704,5.001371
2.235115,5.001371
2.235525,5.001371
2.235935,5.001371
2.236345,5.001371
2.236755,5.001371
2.237165,5.001371
2.237575,5.001371
2.237985,5.001371
2.238395,5.001371
2.238805,5.001371
2.239215,5.001371
2.239625,5.001371
2.240035,5.001371
2.240445,5.001371
2.240855,5.001371
2.241265,5.001371
2.241675,5.001371
2.242085,5.001371
2.242495,5.001371
2.242905,5.001371
2.243315,5.001371
2.243725,5.001371
2.244135,5.001371
2.244545,5.001371
2.244955,5.001371
2.245365,5.001371
2.245775,5.001371
2.246185,5.001371
2.246595,5.001371
2.247005,5.001371
2.247415,5.001371
2.247825,5.001371
2.248235,5.001371
2.248645,5.001371
2.249055,5.001371
2.249465,5.001371
2.249875,5.001371
2.250285,5.001371
2.250695,5.001371
2.251105,5.001371
2.251515,5.001371
2.251925,5.001371
2.252335,5.001371
2.252745,5.001371
2.253155,5.001371
2.253565,5.001371
2.253975,5.001371
2.254385,5.001371
2.254795,5.001371
2.255205,5.001371
2.255615,5.001371
2.256025,5.001371
2.256435,5.001371
2.256845,5.001371
2.257255,5.001371
2.257665,5.001371
2.258075,5.001371
2.258485,5.001371
2.258895,5.001371
2.259305,5.001371
2.259715,5.001371
2.260125,5.001371
2.260535,5.001371
2.260945,5.001371
2.261355,5.001371
2.261765,5.001371
2.262175,5.001371
2.262585,5.001371
2.262995,5.001371
2.263405,5.001371
2.263815,5.001371
2.264225,5.001371
2.264635,5.001371
2.265046,5.001371
2.265456,5.001371
2.265866,5.001371
2.266276,5.001371
2.266686,5.001371
2.267096,5.001371
2.267506,5.001371
2.267916,5.001371
2.268326,5.001371
2.268736,5.001371
2.269146,5.001371
2.269556,5.001371
2.269966,5.001371
2.270376,5.001371
2.270786,5.001371
2.271196,5.001371
2.271606,5.001371
2.272016,5.001371
2.272426,5.001371
2.272836,5.001371
2.273246,5.001371
2.273656,5.001371
2.274066,5.001371
2.274476,5.001371
2.274886,5.001371
2.275296,5.001371
2.275706,5.001371
2.276116,5.001371
2.276526,5.001371
2.276936,5.001371
2.277346,5.001371
2.277756,5.001371
2.278166,5.001371
2.278576,5.001371
2.278986,5.001371
2.279396,5.001371
2.279806,5.001371
2.280216,5.001371
2.280626,5.001371
2.281036,5.001371
2.281446,5.001371
2.281856,5.001371
2.282266,5.001371
2.282676,5.001371
2.283086,5.001371
2.283496,5.001371
2.283906,5.001371
2.284316,5.001371
2.284726,5.001371
2.285136,5.001371
2.285546,5.001371
2.285956,5.001371
2.286366,5.001371
2.286776,5.001371
2.287186,5.001371
2.287596,5.001371
2.288006,5.001371
2.288416,5.001371
2.288826,5.001371
2.289236,5.001371
2.289646,5.001371
2.290056,5.001371
2.290466,5.001371
2.290876,5.001371
2.291286,5.001371
2.291696,5.001371
2.292106,5.001371
2.292516,5.001371
2.292926,5.001371
2.293336,5.001371
2.293746,5.001371
2.294156,5.001371
2.294566,5.001371
2.294976,5.001371
2.295387,5.001371
2.295797,5.001371
2.296207,5.001371
2.296617,5.001371
2.297027,5.001371
2.297437,5.001371
2.297847,5.001371
2.298257,5.001371
2.298667,5.001371
2.299077,5.001371
2.299487,5.001371
2.299897,5.001371
2.300307,5.001371
2.300717,5.001371
2.301127,5.001371
2.301537,5.001371
2.301947,5.001371
2.302357,5.001371
2.302767,5.001371
2.303177,5.001371
2.303587,5.001371
2.303997,5.001371
2.304407,5.001371
2.304817,5.001371
2.305227,5.001371
2.305637,5.001371
2.306047,5.001371
2.306457,5.001371
2.306867,5.001371
2.307277,5.001371
2.307687,5.001371
2.308097,5.001371
2.308507,5.001371
2.308917,5.001371
2.309327,5.001371
2.309737,5.001371
2.310147,5.001371
2.310557,5.001371
2.310967,5.001371
2.311377,5.001371
2.311787,5.001371
2.312197,5.001371
2.312607,5.001371
2.313017,5.001371
2.313427,5.001371
2.313837,5.001371
2.314247,5.001371
2.314657,5.001371
2.315067,5.001371
2.315477,5.001371
2.315887,5.001371
2.316297,5.001371
2.316707,5.001371
2.317117,5.001371
2.317527,5.001371
2.317937,5.001371
2.318347,5.001371
2.318757,5.001371
2.319167,5.001371
2.319577,5.001371
2.319987,5.001371
2.320397,5.001371
2.320807,5.001371
2.321217,5.001371
2.321627,5.001371
2.322037,5.001371
2.322447,5.001371
2.322857,5.001371
2.323267,5.001371
2.323677,5.001371
2.324087,5.001371
2.324497,5.001371
2.324907,5.001371
2.325318,5.001371
2.325728,5.001371
2.326138,5.001371
2.326548,5.001371
2.326958,5.001371
2.327368,5.001371
2.327778,5.001371
2.328188,5.001371
2.328598,5.001371
2.329008,5.001371
2.329418,5.001371
2.329828,5.001371
2.330238,5.001371
2.330648,5.001371
2.331058,5.001371
2.331468,5.001371
2.331878,5.001371
2.332288,5.001371
2.332698,5.001371
2.333108,5.001371
2.333518,5.001371
2.333928,5.001371
2.334338,5.001371
2.334748,5.001371
2.335158,5.001371
2.335568,5.001371
2.335978,5.001371
2.336388,5.001371
2.336798,5.001371
2.337208,5.001371
2.337618,5.001371
2.338028,5.001371
2.338438,5.001371
2.338848,5.001371
2.339258,5.001371
2.339668,5.001371
2.340078,5.001371
2.340488,5.001371
2.340898,5.001371
2.341308,5.001371
2.341718,5.001371
2.342128,5.001371
2.342538,5.001371
2.342948,5.001371
2.343358,5.001371
2.343768,5.001371
2.344178,5.001371
2.344588,5.001371
2.344998,5.001371
2.345408,5.001371
2.345818,5.001371
2.346228,5.001371
2.346638,5.001371
2.347048,5.001371
2.347458,5.001371
2.347868,5.001371
2.348278,5.001371
2.348688,5.001371
2.349098,5.001371
2.349508,5.001371
2.349918,5.001371
2.350328,5.001371
2.350738,5.001371
2.351148,5.001371
2.351558,5.001371
2.351968,5.001371
2.352378,5.001371
2.352788,5.001371
2.353198,5.001371
2.353608,5.001371
2.354018,5.001371
2.354428,5.001371
2.354838,5.001371
2.355249,5.001371
2.355659,5.001371
2.356069,5.001371
2.356479,5.001371
2.356889,5.001371
2.357299,5.001371
2.357709,5.001371
2.358119,5.001371
2.358529,5.001371
2.358939,5.001371
2.359349,5.001371
2.359759,5.001371
2.360169,5.001371
2.360579,5.001371
2.360989,5.001371
2.361399,5.001371
2.361809,5.001371
2.362219,5.001371
2.362629,5.001371
2.363039,5.001371
2.363449,5.001371
2.363859,5.001371
2.364269,5.001371
2.364679,5.001371
2.365089,5.001371
2.365499,5.001371
2.365909,5.001371
2.366319,5.001371
2.366729,5.001371
2.367139,5.001371
2.367549,5.001371
2.367959,5.001371
2.368369,5.001371
2.368779,5.001371
2.369189,5.001371
2.369599,5.001371
2.370009,5.001371
2.370419,5.001371
2.370829,5.001371
2.371239,5.001371
2.371649,5.001371
2.372059,5.001371
2.372469,5.001371
2.372879,5.001371
2.373289,5.001371
2.373699,5.001371
2.374109,5.001371
2.374519,5.001371
2.374929,5.001371
2.375339,5.001371
2.375749,5.001371
2.376159,5.001371
2.376569,5.001371
2.376979,5.001371
2.377389,5.001371
2.377799,5.001371
2.378209,5.001371
2.378619,5.001371
2.379029,5.001371
2.379439,5.001371
2.379849,5.001371
2.380259,5.001371
2.380669,5.001371
2.381079,5.001371
2.381489,5.001371
2.381899,5.001371
2.382309,5.001371
2.382719,5.001371
2.383129,5.001371
2.383539,5.001371
2.383949,5.001371
2.384359,5.001371
2.384769,5.001371
2.385180,5.001371
2.385590,5.001371
2.386000,5.001371
2.386410,5.001371
2.386820,5.001371
2.387230,5.001371
2.387640,5.001371
2.388050,5.001371
2.388460,5.001371
2.388870,5.001371
2.389280,5.001371
2.389690,5.001371
2.390100,5.001371
2.390510,5.001371
2.390920,5.001371
2.391330,5.001371
2.391740,5.001371
2.392150,5.001371
2.392560,5.001371
2.392970,5.001371
2.393380,5.001371
2.393790,5.001371
2.394200,5.001371
2.394610,5.001371
2.395020,5.001371
2.395430,5.001371
2.395840,5.001371
2.396250,5.001371
2.396660,5.001371
2.397070,5.001371
2.397480,5.001371
2.397890,5.001371
2.398300,5.001371
2.398710,5.001371
2.399120,5.001371
2.399530,5.001371
2.399940,5.001371
2.400350,5.001371
2.400760,5.001371
2.401170,5.001371
2.401580,5.001371
2.401990,5.001371
2.402400,5.001371
2.402810,5.001371
2.403220,5.001371
2.403630,5.001371
2.404040,5.001371
2.404450,5.001371
2.404860,5.001371
2.405270,5.001371
2.405680,5.001371
2.406090,5.001371
2.406500,5.001371
2.406910,5.001371
2.407320,5.001371
2.407730,5.001371
2.408140,5.001371
2.408550,5.001371
2.408960,5.001371
2.409370,5.001371
2.409780,5.001371
2.410190,5.001371
2.410600,5.001371
2.411010,5.001371
2.411420,5.001371
2.411830,5.001371
2.412240,5.001371
2.412650,5.001371
2.413060,5.001371
2.413470,5.001371
2.413880,5.001371
2.414290,5.001371
2.414700,5.001371
2.415111,5.001371
2.415521,5.001371
2.415931,5.001371
2.416341,5.001371
2.416751,5.001371
2.417161,5.001371
2.417571,5.001371
2.417981,5.001371
2.418391,5.001371
2.418801,5.001371
2.419211,5.001371
2.419621,5.001371
2.420031,5.001371
2.420441,5.001371
2.420851,5.001371
2.421261,5.001371
2.421671,5.001371
2.422081,5.001371
2.422491,5.001371
2.422901,5.001371
2.423311,5.001371
2.423721,5.001371
2.424131,5.001371
2.424541,5.001371
2.424951,5.001371
2.425361,5.001371
2.425771,5.001371
2.426181,5.001371
2.426591,5.001371
2.427001,5.001371
2.427411,5.001371
2.427821,5.001371
2.428231,5.001371
2.428641,5.001371
2.429051,5.001371
2.429461,5.001371
2.429871,5.001371
2.430281,5.001371
2.430691,5.001371
2.431101,5.001371
2.431511,5.001371
2.431921,5.001371
2.432331,5.001371
2.432741,5.001371
2.433151,5.001371
2.433561,5.001371
2.433971,5.001371
2.434381,5.001371
2.434791,5.001371
2.435201,5.001371
2.435611,5.001371
2.436021,5.001371
2.436431,5.001371
2.436841,5.001371
2.437251,5.001371
2.437661,5.001371
2.438071,5.001371
2.438481,5.001371
2.438891,5.001371
2.439301,5.001371
2.439711,5.001371
2.440121,5.001371
2.440531,5.001371
2.440941,5.001371
2.441351,5.001371
2.441761,5.001371
2.442171,5.001371
2.442581,5.001371
2.442991,5.001371
2.443401,5.001371
2.443811,5.001371
2.444221,5.001371
2.444631,5.001371
2.445042,5.001371
2.445452,5.001371
2.445862,5.001371
2.446272,5.001371
2.446682,5.001371
2.447092,5.001371
2.447502,5.001371
2.447912,5.001371
2.448322,5.001371
2.448732,5.001371
2.449142,5.001371
2.449552,5.001371
2.449962,5.001371
2.450372,5.001371
2.450782,5.001371
2.451192,5.001371
2.451602,5.001371
2.452012,5.001371
2.452422,5.001371
2.452832,5.001371
2.453242,5.001371
2.453652,5.001371
2.454062,5.001371
2.454472,5.001371
2.454882,5.001371
2.455292,5.001371
2.455702,5.001371
2.456112,5.001371
2.456522,5.001371
2.456932,5.001371
2.457342,5.001371
2.457752,5.001371
2.458162,5.001371
2.458572,5.001371
2.458982,5.001371
2.459392,5.001371
2.459802,5.001371
2.460212,5.001371
2.460622,5.001371
2.461032,5.001371
2.461442,5.001371
2.461852,5.001371
2.462262,5.001371
2.462672,5.001371
2.463082,5.001371
2.463492,5.001371
2.463902,5.001371
2.464312,5.001371
2.464722,5.001371
2.465132,5.001371
2.465542,5.001371
2.465952,5.001371
2.466362,5.001371
2.466772,5.001371
2.467182,5.001371
2.467592,5.001371
2.468002,5.001371
2.468412,5.001371
2.468822,5.001371
2.469232,5.001371
2.469642,5.001371
2.470052,5.001371
2.470462,5.001371
2.470872,5.001371
2.471282,5.001371
2.471692,5.001371
2.472102,5.001371
2.472512,5.001371
2.472922,5.001371
2.473332,5.001371
2.473742,5.001371
2.474152,5.001371
2.474562,5.001371
2.474972,5.001371
2.475383,5.001371
2.475793,5.001371
2.476203,5.001371
2.476613,5.001371
2.477023,5.001371
2.477433,5.001371
2.477843,5.001371
2.478253,5.001371
2.478663,5.001371
2.479073,5.001371
2.479483,5.001371
2.479893,5.001371
2.480303,5.001371
2.480713,5.001371
2.481123,5.001371
2.481533,5.001371
2.481943,5.001371
2.482353,5.001371
2.482763,5.001371
2.483173,5.001371
2.483583,5.001371
2.483993,5.001371
2.484403,5.001371
2.484813,5.001371
2.485223,5.001371
2.485633,5.001371
2.486043,5.001371
2.486453,5.001371
2.486863,5.001371
2.487273,5.001371
2.487683,5.001371
2.488093,5.001371
2.488503,5.001371
2.488913,5.001371
2.489323,5.001371
2.489733,5.001371
2.490143,5.001371
2.490553,5.001371
2.490963,5.001371
2.491373,5.001371
2.491783,5.001371
2.492193,5.001371
2.492603,5.001371
2.493013,5.001371
2.493423,5.001371
2.493833,5.001371
2.494243,5.001371
2.494653,5.001371
2.495063,5.001371
2.495473,5.001371
2.495883,5.001371
2.496293,5.001371
2.496703,5.001371
2.497113,5.001371
2.497523,5.001371
2.497933,5.001371
2.498343,5.001371
2.498753,5.001371
2.499163,5.001371
2.499573,5.001371
2.499983,5.001371
2.500393,5.001371
2.500803,5.001371
2.501213,5.001371
2.501623,5.001371
2.502033,5.001371
2.502443,5.001371
2.502853,5.001371
2.503263,5.001371
2.503673,5.001371
2.504083,5.001371
2.504493,5.001371
2.504903,5.001371
2.505314,5.001371
2.505724,5.001371
2.506134,5.001371
2.506544,5.001371
2.506954,5.001371
2.507364,5.001371
2.507774,5.001371
2.508184,5.001371
2.508594,5.001371
2.509004,5.001371
2.509414,5.001371
2.509824,5.001371
2.510234,5.001371
2.510644,5.001371
2.511054,5.001371
2.511464,5.001371
2.511874,5.001371
2.512284,5.001371
2.512694,5.001371
2.513104,5.001371
2.513514,5.001371
2.513924,5.001371
2.514334,5.001371
2.514744,5.001371
2.515154,5.001371
2.515564,5.001371
2.515974,5.001371
2.516384,5.001371
2.516794,5.001371
2.517204,5.001371
2.517614,5.001371
2.518024,5.001371
2.518434,5.001371
2.518844,5.001371
2.519254,5.001371
2.519664,5.001371
2.520074,5.001371
2.520484,5.001371
2.520894,5.001371
2.521304,5.001371
2.521714,5.001371
2.522124,5.001371
2.522534,5.001371
2.522944,5.001371
2.523354,5.001371
2.523764,5.001371
2.524174,5.001371
2.524584,5.001371
2.524994,5.001371
2.525404,5.001371
2.525814,5.001371
2.526224,5.001371
2.526634,5.001371
2.527044,5.001371
2.527454,5.001371
2.527864,5.001371
2.528274,5.001371
2.528684,5.001371
2.529094,5.001371
2.529504,5.001371
2.529914,5.001371
2.530324,5.001371
2.530734,5.001371
2.531144,5.001371
2.531554,5.001371
2.531964,5.001371
2.532374,5.001371
2.532784,5.001371
2.533194,5.001371
2.533604,5.001371
2.534014,5.001371
2.534424,5.001371
2.534834,5.001371
2.535245,5.001371
2.535655,5.001371
2.536065,5.001371
2.536475,5.001371
2.536885,5.001371
2.537295,5.001371
2.537705,5.001371
2.538115,5.001371
2.538525,5.001371
2.538935,5.001371
2.539345,5.001371
2.539755,5.001371
2.540165,5.001371
2.540575,5.001371
2.540985,5.001371
2.541395,5.001371
2.541805,5.001371
2.542215,5.001371
2.542625,5.001371
2.543035,5.001371
2.543445,5.001371
2.543855,5.001371
2.544265,5.001371
2.544675,5.001371
2.545085,5.001371
2.545495,5.001371
2.545905,5.001371
2.546315,5.001371
2.546725,5.001371
2.547135,5.001371
2.547545,5.001371
2.547955,5.001371
2.548365,5.001371
2.548775,5.001371
2.549185,5.001371
2.549595,5.001371
2.550005,5.001371
2.550415,5.001371
2.550825,5.001371
2.551235,5.001371
2.551645,5.001371
2.552055,5.001371
2.552465,5.001371
2.552875,5.001371
2.553285,5.001371
2.553695,5.001371
2.554105,5.001371
2.554515,5.001371
2.554925,5.001371
2.555335,5.001371
2.555745,5.001371
2.556155,5.001371
2.556565,5.001371
2.556975,5.001371
2.557385,5.001371
2.557795,5.001371
2.558205,5.001371
2.558615,5.001371
2.559025,5.001371
2.559435,5.001371
2.559845,5.001371
2.560255,5.001371
2.560665,5.001371
2.561075,5.001371
2.561485,5.001371
2.561895,5.001371
2.562305,5.001371
2.562715,5.001371
2.563125,5.001371
2.563535,5.001371
2.563945,5.001371
2.564355,5.001371
2.564765,5.001371
2.565176,5.001371
2.565586,5.001371
2.565996,5.001371
2.566406,5.001371
2.566816,5.001371
2.567226,5.001371
2.567636,5.001371
2.568046,5.001371
2.568456,5.001371
2.568866,5.001371
2.569276,5.001371
2.569686,5.001371
2.570096,5.001371
2.570506,5.001371
2.570916,5.001371
2.571326,5.001371
2.571736,5.001371
2.572146,5.001371
2.572556,5.001371
2.572966,5.001371
2.573376,5.001371
2.573786,5.001371
2.574196,5.001371
2.574606,5.001371
2.575016,5.001371
2.575426,5.001371
2.575836,5.001371
2.576246,5.001371
2.576656,5.001371
2.577066,5.001371
2.577476,5.001371
2.577886,5.001371
2.578296,5.001371
2.578706,5.001371
2.579116,5.001371
2.579526,5.001371
2.579936,5.001371
2.580346,5.001371
2.580756,5.001371
2.581166,5.001371
2.581576,5.001371
2.581986,5.001371
2.582396,5.001371
2.582806,5.001371
2.583216,5.001371
2.583626,5.001371
2.584036,5.001371
2.584446,5.001371
2.584856,5.001371
2.585266,5.001371
2.585676,5.001371
2.586086,5.001371
2.586496,5.001371
2.586906,5.001371
2.587316,5.001371
2.587726,5.001371
2.588136,5.001371
2.588546,5.001371
2.588956,5.001371
2.589366,5.001371
2.589776,5.001371
2.590186,5.001371
2.590596,5.001371
2.591006,5.001371
2.591416,5.001371
2.591826,5.001371
2.592236,5.001371
2.592646,5.001371
2.593056,5.001371
2.593466,5.001371
2.593876,5.001371
2.594286,5.001371
2.594696,5.001371
2.595107,5.001371
2.595517,5.001371
2.595927,5.001371
2.596337,5.001371
2.596747,5.001371
2.597157,5.001371
2.597567,5.001371
2.597977,5.001371
2.598387,5.001371
2.598797,5.001371
2.599207,5.001371
2.599617,5.001371
2.600027,5.001371
2.600437,5.001371
2.600847,5.001371
2.601257,5.001371
2.601667,5.001371
2.602077,5.001371
2.602487,5.001371
2.602897,5.001371
2.603307,5.001371
2.603717,5.001371
2.604127,5.001371
2.604537,5.001371
2.604947,5.001371
2.605357,5.001371
2.605767,5.001371
2.606177,5.001371
2.606587,5.001371
2.606997,5.001371
2.607407,5.001371
2.607817,5.001371
2.608227,5.001371
2.608637,5.001371
2.609047,5.001371
2.609457,5.001371
2.609867,5.001371
2.610277,5.001371
2.610687,5.001371
2.611097,5.001371
2.611507,5.001371
2.611917,5.001371
2.612327,5.001371
2.612737,5.001371
2.613147,5.001371
2.613557,5.001371
2.613967,5.001371
2.614377,5.001371
2.614787,5.001371
2.615197,5.001371
2.615607,5.001371
2.616017,5.001371
2.616427,5.001371
2.616837,5.001371
2.617247,5.001371
2.617657,5.001371
2.618067,5.001371
2.618477,5.001371
2.618887,5.001371
2.619297,5.001371
2.619707,5.001371
2.620117,5.001371
2.620527,5.001371
2.620937,5.001371
2.621347,5.001371
2.621757,5.001371
2.622167,5.001371
2.622577,5.001371
2.622987,5.001371
2.623397,5.001371
2.623807,5.001371
2.624217,5.001371
2.624627,5.001371
2.625038,5.001371
2.625448,5.001371
2.625858,5.001371
2.626268,5.001371
2.626678,5.001371
2.627088,5.001371
2.627498,5.001371
2.627908,5.001371
2.628318,5.001371
2.628728,5.001371
2.629138,5.001371
2.629548,5.001371
2.629958,5.001371
2.630368,5.001371
2.630778,5.001371
2.631188,5.001371
2.631598,5.001371
2.632008,5.001371
2.632418,5.001371
2.632828,5.001371
2.633238,5.001371
2.633648,5.001371
2.634058,5.001371
2.634468,5.001371
2.634878,5.001371
2.635288,5.001371
2.635698,5.001371
2.636108,5.001371
2.636518,5.001371
2.636928,5.001371
2.637338,5.001371
2.637748,5.001371
2.638158,5.001371
2.638568,5.001371
2.638978,5.001371
2.639388,5.001371
2.639798,5.001371
2.640208,5.001371
2.640618,5.001371
2.641028,5.001371
2.641438,5.001371
2.641848,5.001371
2.642258,5.001371
2.642668,5.001371
2.643078,5.001371
2.643488,5.001371
2.643898,5.001371
2.644308,5.001371
2.644718,5.001371
2.645128,5.001371
2.645538,5.001371
2.645948,5.001371
2.646358,5.001371
2.646768,5.001371
2.647178,5.001371
2.647588,5.001371
2.647998,5.001371
2.648408,5.001371
2.648818,5.001371
2.649228,5.001371
2.649638,5.001371
2.650048,5.001371
2.650458,5.001371
2.650868,5.001371
2.651278,5.001371
2.651688,5.001371
2.652098,5.001371
2.652508,5.001371
2.652918,5.001371
2.653328,5.001371
2.653738,5.001371
2.654148,5.001371
2.654558,5.001371
2.654968,5.001371
2.655379,5.001371
2.655789,5.001371
2.656199,5.001371
2.656609,5.001371
2.657019,5.001371
2.657429,5.001371
2.657839,5.001371
2.658249,5.001371
2.658659,5.001371
2.659069,5.001371
2.659479,5.001371
2.659889,5.001371
2.660299,5.001371
2.660709,5.001371
2.661119,5.001371
2.661529,5.001371
2.661939,5.001371
2.662349,5.001371
2.662759,5.001371
2.663169,5.001371
2.663579,5.001371
2.663989,5.001371
2.664399,5.001371
2.664809,5.001371
2.665219,5.001371
2.665629,5.001371
2.666039,5.001371
2.666449,5.001371
2.666859,5.001371
2.667269,5.001371
2.667679,5.001371
2.668089,5.001371
2.668499,5.001371
2.668909,5.001371
2.669319,5.001371
2.669729,5.001371
2.670139,5.001371
2.670549,5.001371
2.670959,5.001371
2.671369,5.001371
2.671779,5.001371
2.672189,5.001371
2.672599,5.001371
2.673009,5.001371
2.673419,5.001371
2.673829,5.001371
2.674239,5.001371
2.674649,5.001371
2.675059,5.001371
2.675469,5.001371
2.675879,5.001371
2.676289,5.001371
2.676699,5.001371
2.677109,5.001371
2.677519,5.001371
2.677929,5.001371
2.678339,5.001371
2.678749,5.001371
2.679159,5.001371
2.679569,5.001371
2.679979,5.001371
2.680389,5.001371
2.680799,5.001371
2.681209,5.001371
2.681619,5.001371
2.682029,5.001371
2.682439,5.001371
2.682849,5.001371
2.683259,5.001371
2.683669,5.001371
2.684079,5.001371
2.684489,5.001371
2.684899,5.001371
2.685310,5.001371
2.685720,5.001371
2.686130,5.001371
2.686540,5.001371
2.686950,5.001371
2.687360,5.001371
2.687770,5.001371
2.688180,5.001371
2.688590,5.001371
2.689000,5.001371
2.689410,5.001371
2.689820,5.001371
2.690230,5.001371
2.690640,5.001371
2.691050,5.001371
2.691460,5.001371
2.691870,5.001371
2.692280,5.001371
2.692690,5.001371
2.693100,5.001371
2.693510,5.001371
2.693920,5.001371
2.694330,5.001371
2.694740,5.001371
2.695150,5.001371
2.695560,5.001371
2.695970,5.001371
2.696380,5.001371
2.696790,5.001371
2.697200,5.001371
2.697610,5.001371
2.698020,5.001371
2.698430,5.001371
2.698840,5.001371
2.699250,5.001371
2.699660,5.001371
2.700070,5.001371
2.700480,5.001371
2.700890,5.001371
2.701300,5.001371
2.701710,5.001371
2.702120,5.001371
2.702530,5.001371
2.702940,5.001371
2.703350,5.001371
2.703760,5.001371
2.704170,5.001371
2.704580,5.001371
2.704990,5.001371
2.705400,5.001371
2.705810,5.001371
2.706220,5.001371
2.706630,5.001371
2.707040,5.001371
2.707450,5.001371
2.707860,5.001371
2.708270,5.001371
2.708680,5.001371
2.709090,5.001371
2.709500,5.001371
2.709910,5.001371
2.710320,5.001371
2.710730,5.001371
2.711140,5.001371
2.711550,5.001371
2.711960,5.001371
2.712370,5.001371
2.712780,5.001371
2.713190,5.001371
2.713600,5.001371
2.714010,5.001371
2.714420,5.001371
2.714830,5.001371
2.715241,5.001371
2.715651,5.001371
2.716061,5.001371
2.716471,5.001371
2.716881,5.001371
2.717291,5.001371
2.717701,5.001371
2.718111,5.001371
2.718521,5.001371
2.718931,5.001371
2.719341,5.001371
2.719751,5.001371
2.720161,5.001371
2.720571,5.001371
2.720981,5.001371
2.721391,5.001371
2.721801,5.001371
2.722211,5.001371
2.722621,5.001371
2.723031,5.001371
2.723441,5.001371
2.723851,5.001371
2.724261,5.001371
2.724671,5.001371
2.725081,5.001371
2.725491,5.001371
2.725901,5.001371
2.726311,5.001371
2.726721,5.001371
2.727131,5.001371
2.727541,5.001371
2.727951,5.001371
2.728361,5.001371
2.728771,5.001371
2.729181,5.001371
2.729591,5.001371
2.730001,5.001371
2.730411,5.001371
2.730821,5.001371
2.731231,5.001371
2.731641,5.001371
2.732051,5.001371
2.732461,5.001371
2.732871,5.001371
2.733281,5.001371
2.733691,5.001371
2.734101,5.001371
2.734511,5.001371
2.734921,5.001371
2.735331,5.001371
2.735741,5.001371
2.736151,5.001371
2.736561,5.001371
2.736971,5.001371
2.737381,5.001371
2.737791,5.001371
2.738201,5.001371
2.738611,5.001371
2.739021,5.001371
2.739431,5.001371
2.739841,5.001371
2.740251,5.001371
2.740661,5.001371
2.741071,5.001371
2.741481,5.001371
2.741891,5.001371
2.742301,5.001371
2.742711,5.001371
2.743121,5.001371
2.743531,5.001371
2.743941,5.001371
2.744351,5.001371
2.744761,5.001371
2.745172,5.001371
2.745582,5.001371
2.745992,5.001371
2.746402,5.001371
2.746812,5.001371
2.747222,5.001371
2.747632,5.001371
2.748042,5.001371
2.748452,5.001371
2.748862,5.001371
2.749272,5.001371
2.749682,5.001371
2.750092,5.001371
2.750502,5.001371
2.750912,5.001371
2.751322,5.001371
2.751732,5.001371
2.752142,5.001371
2.752552,5.001371
2.752962,5.001371
2.753372,5.001371
2.753782,5.001371
2.754192,5.001371
2.754602,5.001371
2.755012,5.001371
2.755422,5.001371
2.755832,5.001371
2.756242,5.001371
2.756652,5.001371
2.757062,5.001371
2.757472,5.001371
2.757882,5.001371
2.758292,5.001371
2.758702,5.001371
2.759112,5.001371
2.759522,5.001371
2.759932,5.001371
2.760342,5.001371
2.760752,5.001371
2.761162,5.001371
2.761572,5.001371
2.761982,5.001371
2.762392,5.001371
2.762802,5.001371
2.763212,5.001371
2.763622,5.001371
2.764032,5.001371
2.764442,5.001371
2.764852,5.001371
2.765262,5.001371
2.765672,5.001371
2.766082,5.001371
2.766492,5.001371
2.766902,5.001371
2.767312,5.001371
2.767722,5.001371
2.768132,5.001371
2.768542,5.001371
2.768952,5.001371
2.769362,5.001371
2.769772,5.001371
2.770182,5.001371
2.770592,5.001371
2.771002,5.001371
2.771412,5.001371
2.771822,5.001371
2.772232,5.001371
2.772642,5.001371
2.773052,5.001371
2.773462,5.001371
2.773872,5.001371
2.774282,5.001371
2.774692,5.001371
2.775103,5.001371
2.775513,5.001371
2.775923,5.001371
2.776333,5.001371
2.776743,5.001371
2.777153,5.001371
2.777563,5.001371
2.777973,5.001371
2.778383,5.001371
2.778793,5.001371
2.779203,5.001371
2.779613,5.001371
2.780023,5.001371
2.780433,5.001371
2.780843,5.001371
2.781253,5.001371
2.781663,5.001371
2.782073,5.001371
2.782483,5.001371
2.782893,5.001371
2.783303,5.001371
2.783713,5.001371
2.784123,5.001371
2.784533,5.001371
2.784943,5.001371
2.785353,5.001371
2.785763,5.001371
2.786173,5.001371
2.786583,5.001371
2.786993,5.001371
2.787403,5.001371
2.787813,5.001371
2.788223,5.001371
2.788633,5.001371
2.789043,5.001371
2.789453,5.001371
2.789863,5.001371
2.790273,5.001371
2.790683,5.001371
2.791093,5.001371
2.791503,5.001371
2.791913,5.001371
2.792323,5.001371
2.792733,5.001371
2.793143,5.001371
2.793553,5.001371
2.793963,5.001371
2.794373,5.001371
2.794783,5.001371
2.795193,5.001371
2.795603,5.001371
2.796013,5.001371
2.796423,5.001371
2.796833,5.001371
2.797243,5.001371
2.797653,5.001371
2.798063,5.001371
2.798473,5.001371
2.798883,5.001371
2.799293,5.001371
2.799703,5.001371
2.800113,5.001371
2.800523,5.001371
2.800933,5.001371
2.801343,5.001371
2.801753,5.001371
2.802163,5.001371
2.802573,5.001371
2.802983,5.001371
2.803393,5.001371
2.803803,5.001371
2.804213,5.001371
2.804623,5.001371
2.805034,5.001371
2.805444,5.001371
2.805854,5.001371
2.806264,5.001371
2.806674,5.001371
2.807084,5.001371
2.807494,5.001371
2.807904,5.001371
2.808314,5.001371
2.808724,5.001371
2.809134,5.001371
2.809544,5.001371
2.809954,5.001371
2.810364,5.001371
2.810774,5.001371
2.811184,5.001371
2.811594,5.001371
2.812004,5.001371
2.812414,5.001371
2.812824,5.001371
2.813234,5.001371
2.813644,5.001371
2.814054,5.001371
2.814464,5.001371
2.814874,5.001371
2.815284,5.001371
2.815694,5.001371
2.816104,5.001371
2.816514,5.001371
2.816924,5.001371
2.817334,5.001371
2.817744,5.001371
2.818154,5.001371
2.818564,5.001371
2.818974,5.001371
2.819384,5.001371
2.819794,5.001371
2.820204,5.001371
2.820614,5.001371
2.821024,5.001371
2.821434,5.001371
2.821844,5.001371
2.822254,5.001371
2.822664,5.001371
2.823074,5.001371
2.823484,5.001371
2.823894,5.001371
2.824304,5.001371
2.824714,5.001371
2.825124,5.001371
2.825534,5.001371
2.825944,5.001371
2.826354,5.001371
2.826764,5.001371
2.827174,5.001371
2.827584,5.001371
2.827994,5.001371
2.828404,5.001371
2.828814,5.001371
2.829224,5.001371
2.829634,5.001371
2.830044,5.001371
2.830454,5.001371
2.830864,5.001371
2.831274,5.001371
2.831684,5.001371
2.832094,5.001371
2.832504,5.001371
2.832914,5.001371
2.833324,5.001371
2.833734,5.001371
2.834144,5.001371
2.834554,5.001371
2.834964,5.001371
2.835375,5.001371
2.835785,5.001371
2.836195,5.001371
2.836605,5.001371
2.837015,5.001371
2.837425,5.001371
2.837835,5.001371
2.838245,5.001371
2.838655,5.001371
2.839065,5.001371
2.839475,5.001371
2.839885,5.001371
2.840295,5.001371
2.840705,5.001371
2.841115,5.001371
2.841525,5.001371
2.841935,5.001371
2.842345,5.001371
2.842755,5.001371
2.843165,5.001371
2.843575,5.001371
2.843985,5.001371
2.844395,5.001371
2.844805,5.001371
2.845215,5.001371
2.845625,5.001371
2.846035,5.001371
2.846445,5.001371
2.846855,5.001371
2.847265,5.001371
2.847675,5.001371
2.848085,5.001371
2.848495,5.001371
2.848905,5.001371
2.849315,5.001371
2.849725,5.001371
2.850135,5.001371
2.850545,5.001371
2.850955,5.001371
2.851365,5.001371
2.851775,5.001371
2.852185,5.001371
2.852595,5.001371
2.853005,5.001371
2.853415,5.001371
2.853825,5.001371
2.854235,5.001371
2.854645,5.001371
2.855055,5.001371
2.855465,5.001371
2.855875,5.001371
2.856285,5.001371
2.856695,5.001371
2.857105,5.001371
2.857515,5.001371
2.857925,5.001371
2.858335,5.001371
2.858745,5.001371
2.859155,5.001371
2.859565,5.001371
2.859975,5.001371
2.860385,5.001371
2.860795,5.001371
2.861205,5.001371
2.861615,5.001371
2.862025,5.001371
2.862435,5.001371
2.862845,5.001371
2.863255,5.001371
2.863665,5.001371
2.864075,5.001371
2.864485,5.001371
2.864895,5.001371
2.865306,5.001371
2.865716,5.001371
2.866126,5.001371
2.866536,5.001371
2.866946,5.001371
2.867356,5.001371
2.867766,5.001371
2.868176,5.001371
2.868586,5.001371
2.868996,5.001371
2.869406,5.001371
2.869816,5.001371
2.870226,5.001371
2.870636,5.001371
2.871046,5.001371
2.871456,5.001371
2.871866,5.001371
2.872276,5.001371
2.872686,5.001371
2.873096,5.001371
2.873506,5.001371
2.873916,5.001371
2.874326,5.001371
2.874736,5.001371
2.875146,5.001371
2.875556,5.001371
2.875966,5.001371
2.876376,5.001371
2.876786,5.001371
2.877196,5.001371
2.877606,5.001371
2.878016,5.001371
2.878426,5.001371
2.878836,5.001371
2.879246,5.001371
2.879656,5.001371
2.880066,5.001371
2.880476,5.001371
2.880886,5.001371
2.881296,5.001371
2.881706,5.001371
2.882116,5.001371
2.882526,5.001371
2.882936,5.001371
2.883346,5.001371
2.883756,5.001371
2.884166,5.001371
2.884576,5.001371
2.884986,5.001371
2.885396,5.001371
2.885806,5.001371
2.886216,5.001371
2.886626,5.001371
2.887036,5.001371
2.887446,5.001371
2.887856,5.001371
2.888266,5.001371
2.888676,5.001371
2.889086,5.001371
2.889496,5.001371
2.889906,5.001371
2.890316,5.001371
2.890726,5.001371
2.891136,5.001371
2.891546,5.001371
2.891956,5.001371
2.892366,5.001371
2.892776,5.001371
2.893186,5.001371
2.893596,5.001371
2.894006,5.001371
2.894416,5.001371
2.894826,5.001371
2.895237,5.001371
2.895647,5.001371
2.896057,5.001371
2.896467,5.001371
2.896877,5.001371
2.897287,5.001371
2.897697,5.001371
2.898107,5.001371
2.898517,5.001371
2.898927,5.001371
2.899337,5.001371
2.899747,5.001371
2.900157,5.001371
2.900567,5.001371
2.900977,5.001371
2.901387,5.001371
2.901797,5.001371
2.902207,5.001371
2.902617,5.001371
2.903027,5.001371
2.903437,5.001371
2.903847,5.001371
2.904257,5.001371
2.904667,5.001371
2.905077,5.001371
2.905487,5.001371
2.905897,5.001371
2.906307,5.001371
2.906717,5.001371
2.907127,5.001371
2.907537,5.001371
2.907947,5.001371
2.908357,5.001371
2.908767,5.001371
2.909177,5.001371
2.909587,5.001371
2.909997,5.001371
2.910407,5.001371
2.910817,5.001371
2.911227,5.001371
2.911637,5.001371
2.912047,5.001371
2.912457,5.001371
2.912867,5.001371
2.913277,5.001371
2.913687,5.001371
2.914097,5.001371
2.914507,5.001371
2.914917,5.001371
2.915327,5.001371
2.915737,5.001371
2.916147,5.001371
2.916557,5.001371
2.916967,5.001371
2.917377,5.001371
2.917787,5.001371
2.918197,5.001371
2.918607,5.001371
2.919017,5.001371
2.919427,5.001371
2.919837,5.001371
2.920247,5.001371
2.920657,5.001371
2.921067,5.001371
2.921477,5.001371
2.921887,5.001371
2.922297,5.001371
2.922707,5.001371
2.923117,5.001371
2.923527,5.001371
2.923937,5.001371
2.924347,5.001371
2.924757,5.001371
2.925168,5.001371
2.925578,5.001371
2.925988,5.001371
2.926398,5.001371
2.926808,5.001371
2.927218,5.001371
2.927628,5.001371
2.928038,5.001371
2.928448,5.001371
2.928858,5.001371
2.929268,5.001371
2.929678,5.001371
2.930088,5.001371
2.930498,5.001371
2.930908,5.001371
2.931318,5.001371
2.931728,5.001371
2.932138,5.001371
2.932548,5.001371
2.932958,5.001371
2.933368,5.001371
2.933778,5.001371
2.934188,5.001371
2.934598,5.001371
2.935008,5.001371
2.935418,5.001371
2.935828,5.001371
2.936238,5.001371
2.936648,5.001371
2.937058,5.001371
2.937468,5.001371
2.937878,5.001371
2.938288,5.001371
2.938698,5.001371
2.939108,5.001371
2.939518,5.001371
2.939928,5.001371
2.940338,5.001371
2.940748,5.001371
2.941158,5.001371
2.941568,5.001371
2.941978,5.001371
2.942388,5.001371
2.942798,5.001371
2.943208,5.001371
2.943618,5.001371
2.944028,5.001371
2.944438,5.001371
2.944848,5.001371
2.945258,5.001371
2.945668,5.001371
2.946078,5.001371
2.946488,5.001371
2.946898,5.001371
2.947308,5.001371
2.947718,5.001371
2.948128,5.001371
2.948538,5.001371
2.948948,5.001371
2.949358,5.001371
2.949768,5.001371
2.950178,5.001371
2.950588,5.001371
2.950998,5.001371
2.951408,5.001371
2.951818,5.001371
2.952228,5.001371
2.952638,5.001371
2.953048,5.001371
2.953458,5.001371
2.953868,5.001371
2.954278,5.001371
2.954688,5.001371
2.955099,5.001371
2.955509,5.001371
2.955919,5.001371
2.956329,5.001371
2.956739,5.001371
2.957149,5.001371
2.957559,5.001371
2.957969,5.001371
2.958379,5.001371
2.958789,5.001371
2.959199,5.001371
2.959609,5.001371
2.960019,5.001371
2.960429,5.001371
2.960839,5.001371
2.961249,5.001371
2.961659,5.001371
2.962069,5.001371
2.962479,5.001371
2.962889,5.001371
2.963299,5.001371
2.963709,5.001371
2.964119,5.001371
2.964529,5.001371
2.964939,5.001371
2.965349,5.001371
2.965759,5.001371
2.966169,5.001371
2.966579,5.001371
2.966989,5.001371
2.967399,5.001371
2.967809,5.001371
2.968219,5.001371
2.968629,5.001371
2.969039,5.001371
2.969449,5.001371
2.969859,5.001371
2.970269,5.001371
2.970679,5.001371
2.971089,5.001371
2.971499,5.001371
2.971909,5.001371
2.972319,5.001371
2.972729,5.001371
2.973139,5.001371
2.973549,5.001371
2.973959,5.001371
2.974369,5.001371
2.974779,5.001371
2.975189,5.001371
2.975599,5.001371
2.976009,5.001371
2.976419,5.001371
2.976829,5.001371
2.977239,5.001371
2.977649,5.001371
2.978059,5.001371
2.978469,5.001371
2.978879,5.001371
2.979289,5.001371
2.979699,5.001371
2.980109,5.001371
2.980519,5.001371
2.980929,5.001371
2.981339,5.001371
2.981749,5.001371
2.982159,5.001371
2.982569,5.001371
2.982979,5.001371
2.983389,5.001371
2.983799,5.001371
2.984209,5.001371
2.984619,5.001371
2.985030,5.001371
2.985440,5.001371
2.985850,5.001371
2.986260,5.001371
2.986670,5.001371
2.987080,5.001371
2.987490,5.001371
2.987900,5.001371
2.988310,5.001371
2.988720,5.001371
2.989130,5.001371
2.989540,5.001371
2.989950,5.001371
2.990360,5.001371
2.990770,5.001371
2.991180,5.001371
2.991590,5.001371
2.992000,5.001371
2.992410,5.001371
2.992820,5.001371
2.993230,5.001371
2.993640,5.001371
2.994050,5.001371
2.994460,5.001371
2.994870,5.001371
2.995280,5.001371
2.995690,5.001371
2.996100,5.001371
2.996510,5.001371
2.996920,5.001371
2.997330,5.001371
2.997740,5.001371
2.998150,5.001371
2.998560,5.001371
2.998970,5.001371
2.999380,5.001371
2.999790,5.001371
3.000200,5.001371
3.000610,5.001371
3.001020,5.001371
3.001430,5.001371
3.001840,5.001371
3.002250,5.001371
3.002660,5.001371
3.003070,5.001371
3.003480,5.001371
3.003890,5.001371
3.004300,5.001371
3.004710,5.001371
3.005120,5.001371
3.005530,5.001371
3.005940,5.001371
3.006350,5.001371
3.006760,5.001371
3.007170,5.001371
3.007580,5.001371
3.007990,5.001371
3.008400,5.001371
3.008810,5.001371
3.009220,5.001371
3.009630,5.001371
3.010040,5.001371
3.010450,5.001371
3.010860,5.001371
3.011270,5.001371
3.011680,5.001371
3.012090,5.001371
3.012500,5.001371
3.012910,5.001371
3.013320,5.001371
3.013730,5.001371
3.014140,5.001371
3.014550,5.001371
3.014960,5.001371
3.015371,5.001371
3.015781,5.001371
3.016191,5.001371
3.016601,5.001371
3.017011,5.001371
3.017421,5.001371
3.017831,5.001371
3.018241,5.001371
3.018651,5.001371
3.019061,5.001371
3.019471,5.001371
3.019881,5.001371
3.020291,5.001371
3.020701,5.001371
3.021111,5.001371
3.021521,5.001371
3.021931,5.001371
3.022341,5.001371
3.022751,5.001371
3.023161,5.001371
3.023571,5.001371
3.023981,5.001371
3.024391,5.001371
3.024801,5.001371
3.025211,5.001371
3.025621,5.001371
3.026031,5.001371
3.026441,5.001371
3.026851,5.001371
3.027261,5.001371
3.027671,5.001371
3.028081,5.001371
3.028491,5.001371
3.028901,5.001371
3.029311,5.001371
3.029721,5.001371
3.030131,5.001371
3.030541,5.001371
3.030951,5.001371
3.031361,5.001371
3.031771,5.001371
3.032181,5.001371
3.032591,5.001371
3.033001,5.001371
3.033411,5.001371
3.033821,5.001371
3.034231,5.001371
3.034641,5.001371
3.035051,5.001371
3.035461,5.001371
3.035871,5.001371
3.036281,5.001371
3.036691,5.001371
3.037101,5.001371
3.037511,5.001371
3.037921,5.001371
3.038331,5.001371
3.038741,5.001371
3.039151,5.001371
3.039561,5.001371
3.039971,5.001371
3.040381,5.001371
3.040791,5.001371
3.041201,5.001371
3.041611,5.001371
3.042021,5.001371
3.042431,5.001371
3.042841,5.001371
3.043251,5.001371
3.043661,5.001371
3.044071,5.001371
3.044481,5.001371
3.044891,5.001371
3.045302,5.001371
3.045712,5.001371
3.046122,5.001371
3.046532,5.001371
3.046942,5.001371
3.047352,5.001371
3.047762,5.001371
3.048172,5.001371
3.048582,5.001371
3.048992,5.001371
3.049402,5.001371
3.049812,5.001371
3.050222,5.001371
3.050632,5.001371
3.051042,5.001371
3.051452,5.001371
3.051862,5.001371
3.052272,5.001371
3.052682,5.001371
3.053092,5.001371
3.053502,5.001371
3.053912,5.001371
3.054322,5.001371
3.054732,5.001371
3.055142,5.001371
3.055552,5.001371
3.055962,5.001371
3.056372,5.001371
3.056782,5.001371
3.057192,5.001371
3.057602,5.001371
3.058012,5.001371
3.058422,5.001371
3.058832,5.001371
3.059242,5.001371
3.059652,5.001371
3.060062,5.001371
3.060472,5.001371
3.060882,5.001371
3.061292,5.001371
3.061702,5.001371
3.062112,5.001371
3.062522,5.001371
3.062932,5.001371
3.063342,5.001371
3.063752,5.001371
3.064162,5.001371
3.064572,5.001371
3.064982,5.001371
3.065392,5.001371
3.065802,5.001371
3.066212,5.001371
3.066622,5.001371
3.067032,5.001371
3.067442,5.001371
3.067852,5.001371
3.068262,5.001371
3.068672,5.001371
3.069082,5.001371
3.069492,5.001371
3.069902,5.001371
3.070312,5.001371
3.070722,5.001371
3.071132,5.001371
3.071542,5.001371
3.071952,5.001371
3.072362,5.001371
3.072772,5.001371
3.073182,5.001371
3.073592,5.001371
3.074002,5.001371
3.074412,5.001371
3.074822,5.001371
3.075233,5.001371
3.075643,5.001371
3.076053,5.001371
3.076463,5.001371
3.076873,5.001371
3.077283,5.001371
3.077693,5.001371
3.078103,5.001371
3.078513,5.001371
3.078923,5.001371
3.079333,5.001371
3.079743,5.001371
3.080153,5.001371
3.080563,5.001371
3.080973,5.001371
3.081383,5.001371
3.081793,5.001371
3.082203,5.001371
3.082613,5.001371
3.083023,5.001371
3.083433,5.001371
3.083843,5.001371
3.084253,5.001371
3.084663,5.001371
3.085073,5.001371
3.085483,5.001371
3.085893,5.001371
3.086303,5.001371
3.086713,5.001371
3.087123,5.001371
3.087533,5.001371
3.087943,5.001371
3.088353,5.001371
3.088763,5.001371
3.089173,5.001371
3.089583,5.001371
3.089993,5.001371
3.090403,5.001371
3.090813,5.001371
3.091223,5.001371
3.091633,5.001371
3.092043,5.001371
3.092453,5.001371
3.092863,5.001371
3.093273,5.001371
3.093683,5.001371
3.094093,5.001371
3.094503,5.001371
3.094913,5.001371
3.095323,5.001371
3.095733,5.001371
3.096143,5.001371
3.096553,5.001371
3.096963,5.001371
3.097373,5.001371
3.097783,5.001371
3.098193,5.001371
3.098603,5.001371
3.099013,5.001371
3.099423,5.001371
3.099833,5.001371
3.100243,5.001371
3.100653,5.001371
3.101063,5.001371
3.101473,5.001371
3.101883,5.001371
3.102293,5.001371
3.102703,5.001371
3.103113,5.001371
3.103523,5.001371
3.103933,5.001371
3.104343,5.001371
3.104753,5.001371
3.105164,5.001371
3.105574,5.001371
3.105984,5.001371
3.106394,5.001371
3.106804,5.001371
3.107214,5.001371
3.107624,5.001371
3.108034,5.001371
3.108444,5.001371
3.108854,5.001371
3.109264,5.001371
3.109674,5.001371
3.110084,5.001371
3.110494,5.001371
3.110904,5.001371
3.111314,5.001371
3.111724,5.001371
3.112134,5.001371
3.112544,5.001371
3.112954,5.001371
3.113364,5.001371
3.113774,5.001371
3.114184,5.001371
3.114594,5.001371
3.115004,5.001371
3.115414,5.001371
3.115824,5.001371
3.116234,5.001371
3.116644,5.001371
3.117054,5.001371
3.117464,5.001371
3.117874,5.001371
3.118284,5.001371
3.118694,5.001371
3.119104,5.001371
3.119514,5.001371
3.119924,5.001371
3.120334,5.001371
3.120744,5.001371
3.121154,5.001371
3.121564,5.001371
3.121974,5.001371
3.122384,5.001371
3.122794,5.001371
3.123204,5.001371
3.123614,5.001371
3.124024,5.001371
3.124434,5.001371
3.124844,5.001371
3.125254,5.001371
3.125664,5.001371
3.126074,5.001371
3.126484,5.001371
3.126894,5.001371
3.127304,5.001371
3.127714,5.001371
3.128124,5.001371
3.128534,5.001371
3.128944,5.001371
3.129354,5.001371
3.129764,5.001371
3.130174,5.001371
3.130584,5.001371
3.130994,5.001371
3.131404,5.001371
3.131814,5.001371
3.132224,5.001371
3.132634,5.001371
3.133044,5.001371
3.133454,5.001371
3.133864,5.001371
3.134274,5.001371
3.134684,5.001371
3.135095,5.001371
3.135505,5.001371
3.135915,5.001371
3.136325,5.001371
3.136735,5.001371
3.137145,5.001371
3.137555,5.001371
3.137965,5.001371
3.138375,5.001371
3.138785,5.001371
3.139195,5.001371
3.139605,5.001371
3.140015,5.001371
3.140425,5.001371
3.140835,5.001371
3.141245,5.001371
3.141655,5.001371
3.142065,5.001371
3.142475,5.001371
3.142885,5.001371
3.143295,5.001371
3.143705,5.001371
3.144115,5.001371
3.144525,5.001371
3.144935,5.001371
3.145345,5.001371
3.145755,5.001371
3.146165,5.001371
3.146575,5.001371
3.146985,5.001371
3.147395,5.001371
3.147805,5.001371
3.148215,5.001371
3.148625,5.001371
3.149035,5.001371
3.149445,5.001371
3.149855,5.001371
3.150265,5.001371
3.150675,5.001371
3.151085,5.001371
3.151495,5.001371
3.151905,5.001371
3.152315,5.001371
3.152725,5.001371
3.153135,5.001371
3.153545,5.001371
3.153955,5.001371
3.154365,5.001371
3.154775,5.001371
3.155185,5.001371
3.155595,5.001371
3.156005,5.001371
3.156415,5.001371
3.156825,5.001371
3.157235,5.001371
3.157645,5.001371
3.158055,5.001371
3.158465,5.001371
3.158875,5.001371
3.159285,5.001371
3.159695,5.001371
3.160105,5.001371
3.160515,5.001371
3.160925,5.001371
3.161335,5.001371
3.161745,5.001371
3.162155,5.001371
3.162565,5.001371
3.162975,5.001371
3.163385,5.001371
3.163795,5.001371
3.164205,5.001371
3.164615,5.001371
3.165026,5.001371
3.165436,5.001371
3.165846,5.001371
3.166256,5.001371
3.166666,5.001371
3.167076,5.001371
3.167486,5.001371
3.167896,5.001371
3.168306,5.001371
3.168716,5.001371
3.169126,5.001371
3.169536,5.001371
3.169946,5.001371
3.170356,5.001371
3.170766,5.001371
3.171176,5.001371
3.171586,5.001371
3.171996,5.001371
3.172406,5.001371
3.172816,5.001371
3.173226,5.001371
3.173636,5.001371
3.174046,5.001371
3.174456,5.001371
3.174866,5.001371
3.175276,5.001371
3.175686,5.001371
3.176096,5.001371
3.176506,5.001371
3.176916,5.001371
3.177326,5.001371
3.177736,5.001371
3.178146,5.001371
3.178556,5.001371
3.178966,5.001371
3.179376,5.001371
3.179786,5.001371
3.180196,5.001371
3.180606,5.001371
3.181016,5.001371
3.181426,5.001371
3.181836,5.001371
3.182246,5.001371
3.182656,5.001371
3.183066,5.001371
3.183476,5.001371
3.183886,5.001371
3.184296,5.001371
3.184706,5.001371
3.185116,5.001371
3.185526,5.001371
3.185936,5.001371
3.186346,5.001371
3.186756,5.001371
3.187166,5.001371
3.187576,5.001371
3.187986,5.001371
3.188396,5.001371
3.188806,5.001371
3.189216,5.001371
3.189626,5.001371
3.190036,5.001371
3.190446,5.001371
3.190856,5.001371
3.191266,5.001371
3.191676,5.001371
3.192086,5.001371
3.192496,5.001371
3.192906,5.001371
3.193316,5.001371
3.193726,5.001371
3.194136,5.001371
3.194546,5.001371
3.194956,5.001371
3.195367,5.001371
3.195777,5.001371
3.196187,5.001371
3.196597,5.001371
3.197007,5.001371
3.197417,5.001371
3.197827,5.001371
3.198237,5.001371
3.198647,5.001371
3.199057,5.001371
3.199467,5.001371
3.199877,5.001371
3.200287,5.001371
3.200697,5.001371
3.201107,5.001371
3.201517,5.001371
3.201927,5.001371
3.202337,5.001371
3.202747,5.001371
3.203157,5.001371
3.203567,5.001371
3.203977,5.001371
3.204387,5.001371
3.204797,5.001371
3.205207,5.001371
3.205617,5.001371
3.206027,5.001371
3.206437,5.001371
3.206847,5.001371
3.207257,5.001371
3.207667,5.001371
3.208077,5.001371
3.208487,5.001371
3.208897,5.001371
3.209307,5.001371
3.209717,5.001371
3.210127,5.001371
3.210537,5.001371
3.210947,5.001371
3.211357,5.001371
3.211767,5.001371
3.212177,5.001371
3.212587,5.001371
3.212997,5.001371
3.213407,5.001371
3.213817,5.001371
3.214227,5.001371
3.214637,5.001371
3.215047,5.001371
3.215457,5.001371
3.215867,5.001371
3.216277,5.001371
3.216687,5.001371
3.217097,5.001371
3.217507,5.001371
3.217917,5.001371
3.218327,5.001371
3.218737,5.001371
3.219147,5.001371
3.219557,5.001371
3.219967,5.001371
3.220377,5.001371
3.220787,5.001371
3.221197,5.001371
3.221607,5.001371
3.222017,5.001371
3.222427,5.001371
3.222837,5.001371
3.223247,5.001371
3.223657,5.001371
3.224067,5.001371
3.224477,5.001371
3.224887,5.001371
3.225298,5.001371
3.225708,5.001371
3.226118,5.001371
3.226528,5.001371
3.226938,5.001371
3.227348,5.001371
3.227758,5.001371
3.228168,5.001371
3.228578,5.001371
3.228988,5.001371
3.229398,5.001371
3.229808,5.001371
3.230218,5.001371
3.230628,5.001371
3.231038,5.001371
3.231448,5.001371
3.231858,5.001371
3.232268,5.001371
3.232678,5.001371
3.233088,5.001371
3.233498,5.001371
3.233908,5.001371
3.234318,5.001371
3.234728,5.001371
3.235138,5.001371
3.235548,5.001371
3.235958,5.001371
3.236368,5.001371
3.236778,5.001371
3.237188,5.001371
3.237598,5.001371
3.238008,5.001371
3.238418,5.001371
3.238828,5.001371
3.239238,5.001371
3.239648,5.001371
3.240058,5.001371
3.240468,5.001371
3.240878,5.001371
3.241288,5.001371
3.241698,5.001371
3.242108,5.001371
3.242518,5.001371
3.242928,5.001371
3.243338,5.001371
3.243748,5.001371
3.244158,5.001371
3.244568,5.001371
3.244978,5.001371
3.245388,5.001371
3.245798,5.001371
3.246208,5.001371
3.246618,5.001371
3.247028,5.001371
3.247438,5.001371
3.247848,5.001371
3.248258,5.001371
3.248668,5.001371
3.249078,5.001371
3.249488,5.001371
3.249898,5.001371
3.250308,5.001371
3.250718,5.001371
3.251128,5.001371
3.251538,5.001371
3.251948,5.001371
3.252358,5.001371
3.252768,5.001371
3.253178,5.001371
3.253588,5.001371
3.253998,5.001371
3.254408,5.001371
3.254818,5.001371
3.255229,5.001371
3.255639,5.001371
3.256049,5.001371
3.256459,5.001371
3.256869,5.001371
3.257279,5.001371
3.257689,5.001371
3.258099,5.001371
3.258509,5.001371
3.258919,5.001371
3.259329,5.001371
3.259739,5.001371
3.260149,5.001371
3.260559,5.001371
3.260969,5.001371
3.261379,5.001371
3.261789,5.001371
3.262199,5.001371
3.262609,5.001371
3.263019,5.001371
3.263429,5.001371
3.263839,5.001371
3.264249,5.001371
3.264659,5.001371
3.265069,5.001371
3.265479,5.001371
3.265889,5.001371
3.266299,5.001371
3.266709,5.001371
3.267119,5.001371
3.267529,5.001371
3.267939,5.001371
3.268349,5.001371
3.268759,5.001371
3.269169,5.001371
3.269579,5.001371
3.269989,5.001371
3.270399,5.001371
3.270809,5.001371
3.271219,5.001371
3.271629,5.001371
3.272039,5.001371
3.272449,5.001371
3.272859,5.001371
3.273269,5.001371
3.273679,5.001371
3.274089,5.001371
3.274499,5.001371
3.274909,5.001371
3.275319,5.001371
3.275729,5.001371
3.276139,5.001371
3.276549,5.001371
3.276959,5.001371
3.277369,5.001371
3.277779,5.001371
3.278189,5.001371
3.278599,5.001371
3.279009,5.001371
3.279419,5.001371
3.279829,5.001371
3.280239,5.001371
3.280649,5.001371
3.281059,5.001371
3.281469,5.001371
3.281879,5.001371
3.282289,5.001371
3.282699,5.001371
3.283109,5.001371
3.283519,5.001371
3.283929,5.001371
3.284339,5.001371
3.284749,5.001371
3.285160,5.001371
3.285570,5.001371
3.285980,5.001371
3.286390,5.001371
3.286800,5.001371
3.287210,5.001371
3.287620,5.001371
3.288030,5.001371
3.288440,5.001371
3.288850,5.001371
3.289260,5.001371
3.289670,5.001371
3.290080,5.001371
3.290490,5.001371
3.290900,5.001371
3.291310,5.001371
3.291720,5.001371
3.292130,5.001371
3.292540,5.001371
3.292950,5.001371
3.293360,5.001371
3.293770,5.001371
3.294180,5.001371
3.294590,5.001371
3.295000,5.001371
3.295410,5.001371
3.295820,5.001371
3.296230,5.001371
3.296640,5.001371
3.297050,5.001371
3.297460,5.001371
3.297870,5.001371
3.298280,5.001371
3.298690,5.001371
3.299100,5.001371
3.299510,5.001371
3.299920,5.001371
3.300330,5.001371
3.300740,5.001371
3.301150,5.001371
3.301560,5.001371
3.301970,5.001371
3.302380,5.001371
3.302790,5.001371
3.303200,5.001371
3.303610,5.001371
3.304020,5.001371
3.304430,5.001371
3.304840,5.001371
3.305250,5.001371
3.305660,5.001371
3.306070,5.001371
3.306480,5.001371
3.306890,5.001371
3.307300,5.001371
3.307710,5.001371
3.308120,5.001371
3.308530,5.001371
3.308940,5.001371
3.309350,5.001371
3.309760,5.001371
3.310170,5.001371
3.310580,5.001371
3.310990,5.001371
3.311400,5.001371
3.311810,5.001371
3.312220,5.001371
3.312630,5.001371
3.313040,5.001371
3.313450,5.001371
3.313860,5.001371
3.314270,5.001371
3.314680,5.001371
3.315091,5.001371
3.315501,5.001371
3.315911,5.001371
3.316321,5.001371
3.316731,5.001371
3.317141,5.001371
3.317551,5.001371
3.317961,5.001371
3.318371,5.001371
3.318781,5.001371
3.319191,5.001371
3.319601,5.001371
3.320011,5.001371
3.320421,5.001371
3.320831,5.001371
3.321241,5.001371
3.321651,5.001371
3.322061,5.001371
3.322471,5.001371
3.322881,5.001371
3.323291,5.001371
3.323701,5.001371
3.324111,5.001371
3.324521,5.001371
3.324931,5.001371
3.325341,5.001371
3.325751,5.001371
3.326161,5.001371
3.326571,5.001371
3.326981,5.001371
3.327391,5.001371
3.327801,5.001371
3.328211,5.001371
3.328621,5.001371
3.329031,5.001371
3.329441,5.001371
3.329851,5.001371
3.330261,5.001371
3.330671,5.001371
3.331081,5.001371
3.331491,5.001371
3.331901,5.001371
3.332311,5.001371
3.332721,5.001371
3.333131,5.001371
3.333541,5.001371
3.333951,5.001371
3.334361,5.001371
3.334771,5.001371
3.335181,5.001371
3.335591,5.001371
3.336001,5.001371
3.336411,5.001371
3.336821,5.001371
3.337231,5.001371
3.337641,5.001371
3.338051,5.001371
3.338461,5.001371
3.338871,5.001371
3.339281,5.001371
3.339691,5.001371
3.340101,5.001371
3.340511,5.001371
3.340921,5.001371
3.341331,5.001371
3.341741,5.001371
3.342151,5.001371
3.342561,5.001371
3.342971,5.001371
3.343381,5.001371
3.343791,5.001371
3.344201,5.001371
3.344611,5.001371
3.345022,5.001371
3.345432,5.001371
3.345842,5.001371
3.346252,5.001371
3.346662,5.001371
3.347072,5.001371
3.347482,5.001371
3.347892,5.001371
3.348302,5.001371
3.348712,5.001371
3.349122,5.001371
3.349532,5.001371
3.349942,5.001371
3.350352,5.001371
3.350762,5.001371
3.351172,5.001371
3.351582,5.001371
3.351992,5.001371
3.352402,5.001371
3.352812,5.001371
3.353222,5.001371
3.353632,5.001371
3.354042,5.001371
3.354452,5.001371
3.354862,5.001371
3.355272,5.001371
3.355682,5.001371
3.356092,5.001371
3.356502,5.001371
3.356912,5.001371
3.357322,5.001371
3.357732,5.001371
3.358142,5.001371
3.358552,5.001371
3.358962,5.001371
3.359372,5.001371
3.359782,5.001371
3.360192,5.001371
3.360602,5.001371
3.361012,5.001371
3.361422,5.001371
3.361832,5.001371
3.362242,5.001371
3.362652,5.001371
3.363062,5.001371
3.363472,5.001371
3.363882,5.001371
3.364292,5.001371
3.364702,5.001371
3.365112,5.001371
3.365522,5.001371
3.365932,5.001371
3.366342,5.001371
3.366752,5.001371
3.367162,5.001371
3.367572,5.001371
3.367982,5.001371
3.368392,5.001371
3.368802,5.001371
3.369212,5.001371
3.369622,5.001371
3.370032,5.001371
3.370442,5.001371
3.370852,5.001371
3.371262,5.001371
3.371672,5.001371
3.372082,5.001371
3.372492,5.001371
3.372902,5.001371
3.373312,5.001371
3.373722,5.001371
3.374132,5.001371
3.374542,5.001371
3.374952,5.001371
3.375363,5.001371
3.375773,5.001371
3.376183,5.001371
3.376593,5.001371
3.377003,5.001371
3.377413,5.001371
3.377823,5.001371
3.378233,5.001371
3.378643,5.001371
3.379053,5.001371
3.379463,5.001371
3.379873,5.001371
3.380283,5.001371
3.380693,5.001371
3.381103,5.001371
3.381513,5.001371
3.381923,5.001371
3.382333,5.001371
3.382743,5.001371
3.383153,5.001371
3.383563,5.001371
3.383973,5.001371
3.384383,5.001371
3.384793,5.001371
3.385203,5.001371
3.385613,5.001371
3.386023,5.001371
3.386433,5.001371
3.386843,5.001371
3.387253,5.001371
3.387663,5.001371
3.388073,5.001371
3.388483,5.001371
3.388893,5.001371
3.389303,5.001371
3.389713,5.001371
3.390123,5.001371
3.390533,5.001371
3.390943,5.001371
3.391353,5.001371
3.391763,5.001371
3.392173,5.001371
3.392583,5.001371
3.392993,5.001371
3.393403,5.001371
3.393813,5.001371
3.394223,5.001371
3.394633,5.001371
3.395043,5.001371
3.395453,5.001371
3.395863,5.001371
3.396273,5.001371
3.396683,5.001371
3.397093,5.001371
3.397503,5.001371
3.397913,5.001371
3.398323,5.001371
3.398733,5.001371
3.399143,5.001371
3.399553,5.001371
3.399963,5.001371
3.400373,5.001371
3.400783,5.001371
3.401193,5.001371
3.401603,5.001371
3.402013,5.001371
3.402423,5.001371
3.402833,5.001371
3.403243,5.001371
3.403653,5.001371
3.404063,5.001371
3.404473,5.001371
3.404883,5.001371
3.405294,5.001371
3.405704,5.001371
3.406114,5.001371
3.406524,5.001371
3.406934,5.001371
3.407344,5.001371
3.407754,5.001371
3.408164,5.001371
3.408574,5.001371
3.408984,5.001371
3.409394,5.001371
3.409804,5.001371
3.410214,5.001371
3.410624,5.001371
3.411034,5.001371
3.411444,5.001371
3.411854,5.001371
3.412264,5.001371
3.412674,5.001371
3.413084,5.001371
3.413494,5.001371
3.413904,5.001371
3.414314,5.001371
3.414724,5.001371
3.415134,5.001371
3.415544,5.001371
3.415954,5.001371
3.416364,5.001371
3.416774,5.001371
3.417184,5.001371
3.417594,5.001371
3.418004,5.001371
3.418414,5.001371
3.418824,5.001371
3.419234,5.001371
3.419644,5.001371
3.420054,5.001371
3.420464,5.001371
3.420874,5.001371
3.421284,5.001371
3.421694,5.001371
3.422104,5.001371
3.422514,5.001371
3.422924,5.001371
3.423334,5.001371
3.423744,5.001371
3.424154,5.001371
3.424564,5.001371
3.424974,5.001371
3.425384,5.001371
3.425794,5.001371
3.426204,5.001371
3.426614,5.001371
3.427024,5.001371
3.427434,5.001371
3.427844,5.001371
3.428254,5.001371
3.428664,5.001371
3.429074,5.001371
3.429484,5.001371
3.429894,5.001371
3.430304,5.001371
3.430714,5.001371
3.431124,5.001371
3.431534,5.001371
3.431944,5.001371
3.432354,5.001371
3.432764,5.001371
3.433174,5.001371
3.433584,5.001371
3.433994,5.001371
3.434404,5.001371
3.434814,5.001371
3.435225,5.001371
3.435635,5.001371
3.436045,5.001371
3.436455,5.001371
3.436865,5.001371
3.437275,5.001371
3.437685,5.001371
3.438095,5.001371
3.438505,5.001371
3.438915,5.001371
3.439325,5.001371
3.439735,5.001371
3.440145,5.001371
3.440555,5.001371
3.440965,5.001371
3.441375,5.001371
3.441785,5.001371
3.442195,5.001371
3.442605,5.001371
3.443015,5.001371
3.443425,5.001371
3.443835,5.001371
3.444245,5.001371
3.444655,5.001371
3.445065,5.001371
3.445475,5.001371
3.445885,5.001371
3.446295,5.001371
3.446705,5.001371
3.447115,5.001371
3.447525,5.001371
3.447935,5.001371
3.448345,5.001371
3.448755,5.001371
3.449165,5.001371
3.449575,5.001371
3.449985,5.001371
3.450395,5.001371
3.450805,5.001371
3.451215,5.001371
3.451625,5.001371
3.452035,5.001371
3.452445,5.001371
3.452855,5.001371
3.453265,5.001371
3.453675,5.001371
3.454085,5.001371
3.454495,5.001371
3.454905,5.001371
3.455315,5.001371
3.455725,5.001371
3.456135,5.001371
3.456545,5.001371
3.456955,5.001371
3.457365,5.001371
3.457775,5.001371
3.458185,5.001371
3.458595,5.001371
3.459005,5.001371
3.459415,5.001371
3.459825,5.001371
3.460235,5.001371
3.460645,5.001371
3.461055,5.001371
3.461465,5.001371
3.461875,5.001371
3.462285,5.001371
3.462695,5.001371
3.463105,5.001371
3.463515,5.001371
3.463925,5.001371
3.464335,5.001371
3.464745,5.001371
3.465156,5.001371
3.465566,5.001371
3.465976,5.001371
3.466386,5.001371
3.466796,5.001371
3.467206,5.001371
3.467616,5.001371
3.468026,5.001371
3.468436,5.001371
3.468846,5.001371
3.469256,5.001371
3.469666,5.001371
3.470076,5.001371
3.470486,5.001371
3.470896,5.001371
3.471306,5.001371
3.471716,5.001371
3.472126,5.001371
3.472536,5.001371
3.472946,5.001371
3.473356,5.001371
3.473766,5.001371
3.474176,5.001371
3.474586,5.001371
3.474996,5.001371
3.475406,5.001371
3.475816,5.001371
3.476226,5.001371
3.476636,5.001371
3.477046,5.001371
3.477456,5.001371
3.477866,5.001371
3.478276,5.001371
3.478686,5.001371
3.479096,5.001371
3.479506,5.001371
3.479916,5.001371
3.480326,5.001371
3.480736,5.001371
3.481146,5.001371
3.481556,5.001371
3.481966,5.001371
3.482376,5.001371
3.482786,5.001371
3.483196,5.001371
3.483606,5.001371
3.484016,5.001371
3.484426,5.001371
3.484836,5.001371
3.485246,5.001371
3.485656,5.001371
3.486066,5.001371
3.486476,5.001371
3.486886,5.001371
3.487296,5.001371
3.487706,5.001371
3.488116,5.001371
3.488526,5.001371
3.488936,5.001371
3.489346,5.001371
3.489756,5.001371
3.490166,5.001371
3.490576,5.001371
3.490986,5.001371
3.491396,5.001371
3.491806,5.001371
3.492216,5.001371
3.492626,5.001371
3.493036,5.001371
3.493446,5.001371
3.493856,5.001371
3.494266,5.001371
3.494676,5.001371
3.495087,5.001371
3.495497,5.001371
3.495907,5.001371
3.496317,5.001371
3.496727,5.001371
3.497137,5.001371
3.497547,5.001371
3.497957,5.001371
3.498367,5.001371
3.498777,5.001371
3.499187,5.001371
3.499597,5.001371
3.500007,5.001371
3.500417,5.001371
3.500827,5.001371
3.501237,5.001371
3.501647,5.001371
3.502057,5.001371
3.502467,5.001371
3.502877,5.001371
3.503287,5.001371
3.503697,5.001371
3.504107,5.001371
3.504517,5.001371
3.504927,5.001371
3.505337,5.001371
3.505747,5.001371
3.506157,5.001371
3.506567,5.001371
3.506977,5.001371
3.507387,5.001371
3.507797,5.001371
3.508207,5.001371
3.508617,5.001371
3.509027,5.001371
3.509437,5.001371
3.509847,5.001371
3.510257,5.001371
3.510667,5.001371
3.511077,5.001371
3.511487,5.001371
3.511897,5.001371
3.512307,5.001371
3.512717,5.001371
3.513127,5.001371
3.513537,5.001371
3.513947,5.001371
3.514357,5.001371
3.514767,5.001371
3.515177,5.001371
3.515587,5.001371
3.515997,5.001371
3.516407,5.001371
3.516817,5.001371
3.517227,5.001371
3.517637,5.001371
3.518047,5.001371
3.518457,5.001371
3.518867,5.001371
3.519277,5.001371
3.519687,5.001371
3.520097,5.001371
3.520507,5.001371
3.520917,5.001371
3.521327,5.001371
3.521737,5.001371
3.522147,5.001371
3.522557,5.001371
3.522967,5.001371
3.523377,5.001371
3.523787,5.001371
3.524197,5.001371
3.524607,5.001371
3.525018,5.001371
3.525428,5.001371
3.525838,5.001371
3.526248,5.001371
3.526658,5.001371
3.527068,5.001371
3.527478,5.001371
3.527888,5.001371
3.528298,5.001371
3.528708,5.001371
3.529118,5.001371
3.529528,5.001371
3.529938,5.001371
3.530348,5.001371
3.530758,5.001371
3.531168,5.001371
3.531578,5.001371
3.531988,5.001371
3.532398,5.001371
3.532808,5.001371
3.533218,5.001371
3.533628,5.001371
3.534038,5.001371
3.534448,5.001371
3.534858,5.001371
3.535268,5.001371
3.535678,5.001371
3.536088,5.001371
3.536498,5.001371
3.536908,5.001371
3.537318,5.001371
3.537728,5.001371
3.538138,5.001371
3.538548,5.001371
3.538958,5.001371
3.539368,5.001371
3.539778,5.001371
3.540188,5.001371
3.540598,5.001371
3.541008,5.001371
3.541418,5.001371
3.541828,5.001371
3.542238,5.001371
3.542648,5.001371
3.543058,5.001371
3.543468,5.001371
3.543878,5.001371
3.544288,5.001371
3.544698,5.001371
3.545108,5.001371
3.545518,5.001371
3.545928,5.001371
3.546338,5.001371
3.546748,5.001371
3.547158,5.001371
3.547568,5.001371
3.547978,5.001371
3.548388,5.001371
3.548798,5.001371
3.549208,5.001371
3.549618,5.001371
3.550028,5.001371
3.550438,5.001371
3.550848,5.001371
3.551258,5.001371
3.551668,5.001371
3.552078,5.001371
3.552488,5.001371
3.552898,5.001371
3.553308,5.001371
3.553718,5.001371
3.554128,5.001371
3.554538,5.001371
3.554948,5.001371
3.555359,5.001371
3.555769,5.001371
3.556179,5.001371
3.556589,5.001371
3.556999,5.001371
3.557409,5.001371
3.557819,5.001371
3.558229,5.001371
3.558639,5.001371
3.559049,5.001371
3.559459,5.001371
3.559869,5.001371
3.560279,5.001371
3.560689,5.001371
3.561099,5.001371
3.561509,5.001371
3.561919,5.001371
3.562329,5.001371
3.562739,5.001371
3.563149,5.001371
3.563559,5.001371
3.563969,5.001371
3.564379,5.001371
3.564789,5.001371
3.565199,5.001371
3.565609,5.001371
3.566019,5.001371
3.566429,5.001371
3.566839,5.001371
3.567249,5.001371
3.567659,5.001371
3.568069,5.001371
3.568479,5.001371
3.568889,5.001371
3.569299,5.001371
3.569709,5.001371
3.570119,5.001371
3.570529,5.001371
3.570939,5.001371
3.571349,5.001371
3.571759,5.001371
3.572169,5.001371
3.572579,5.001371
3.572989,5.001371
3.573399,5.001371
3.573809,5.001371
3.574219,5.001371
3.574629,5.001371
3.575039,5.001371
3.575449,5.001371
3.575859,5.001371
3.576269,5.001371
3.576679,5.001371
3.577089,5.001371
3.577499,5.001371
3.577909,5.001371
3.578319,5.001371
3.578729,5.001371
3.579139,5.001371
3.579549,5.001371
3.579959,5.001371
3.580369,5.001371
3.580779,5.001371
3.581189,5.001371
3.581599,5.001371
3.582009,5.001371
3.582419,5.001371
3.582829,5.001371
3.583239,5.001371
3.583649,5.001371
3.584059,5.001371
3.584469,5.001371
3.584879,5.001371
3.585290,5.001371
3.585700,5.001371
3.586110,5.001371
3.586520,5.001371
3.586930,5.001371
3.587340,5.001371
3.587750,5.001371
3.588160,5.001371
3.588570,5.001371
3.588980,5.001371
3.589390,5.001371
3.589800,5.001371
3.590210,5.001371
3.590620,5.001371
3.591030,5.001371
3.591440,5.001371
3.591850,5.001371
3.592260,5.001371
3.592670,5.001371
3.593080,5.001371
3.593490,5.001371
3.593900,5.001371
3.594310,5.001371
3.594720,5.001371
3.595130,5.001371
3.595540,5.001371
3.595950,5.001371
3.596360,5.001371
3.596770,5.001371
3.597180,5.001371
3.597590,5.001371
3.598000,5.001371
3.598410,5.001371
3.598820,5.001371
3.599230,5.001371
3.599640,5.001371
3.600050,5.001371
3.600460,5.001371
3.600870,5.001371
3.601280,5.001371
3.601690,5.001371
3.602100,5.001371
3.602510,5.001371
3.602920,5.001371
3.603330,5.001371
3.603740,5.001371
3.604150,5.001371
3.604560,5.001371
3.604970,5.001371
3.605380,5.001371
3.605790,5.001371
3.606200,5.001371
3.606610,5.001371
3.607020,5.001371
3.607430,5.001371
3.607840,5.001371
3.608250,5.001371
3.608660,5.001371
3.609070,5.001371
3.609480,5.001371
3.609890,5.001371
3.610300,5.001371
3.610710,5.001371
3.611120,5.001371
3.611530,5.001371
3.611940,5.001371
3.612350,5.001371
3.612760,5.001371
3.613170,5.001371
3.613580,5.001371
3.613990,5.001371
3.614400,5.001371
3.614810,5.001371
3.615221,5.001371
3.615631,5.001371
3.616041,5.001371
3.616451,5.001371
3.616861,5.001371
3.617271,5.001371
3.617681,5.001371
3.618091,5.001371
3.618501,5.001371
3.618911,5.001371
3.619321,5.001371
3.619731,5.001371
3.620141,5.001371
3.620551,5.001371
3.620961,5.001371
3.621371,5.001371
3.621781,5.001371
3.622191,5.001371
3.622601,5.001371
3.623011,5.001371
3.623421,5.001371
3.623831,5.001371
3.624241,5.001371
3.624651,5.001371
3.625061,5.001371
3.625471,5.001371
3.625881,5.001371
3.626291,5.001371
3.626701,5.001371
3.627111,5.001371
3.627521,5.001371
3.627931,5.001371
3.628341,5.001371
3.628751,5.001371
3.629161,5.001371
3.629571,5.001371
3.629981,5.001371
3.630391,5.001371
3.630801,5.001371
3.631211,5.001371
3.631621,5.001371
3.632031,5.001371
3.632441,5.001371
3.632851,5.001371
3.633261,5.001371
3.633671,5.001371
3.634081,5.001371
3.634491,5.001371
3.634901,5.001371
3.635311,5.001371
3.635721,5.001371
3.636131,5.001371
3.636541,5.001371
3.636951,5.001371
3.637361,5.001371
3.637771,5.001371
3.638181,5.001371
3.638591,5.001371
3.639001,5.001371
3.639411,5.001371
3.639821,5.001371
3.640231,5.001371
3.640641,5.001371
3.641051,5.001371
3.641461,5.001371
3.641871,5.001371
3.642281,5.001371
3.642691,5.001371
3.643101,5.001371
3.643511,5.001371
3.643921,5.001371
3.644331,5.001371
3.644741,5.001371
3.645152,5.001371
3.645562,5.001371
3.645972,5.001371
3.646382,5.001371
3.646792,5.001371
3.647202,5.001371
3.647612,5.001371
3.648022,5.001371
3.648432,5.001371
3.648842,5.001371
3.649252,5.001371
3.649662,5.001371
3.650072,5.001371
3.650482,5.001371
3.650892,5.001371
3.651302,5.001371
3.651712,5.001371
3.652122,5.001371
3.652532,5.001371
3.652942,5.001371
3.653352,5.001371
3.653762,5.001371
3.654172,5.001371
3.654582,5.001371
3.654992,5.001371
3.655402,5.001371
3.655812,5.001371
3.656222,5.001371
3.656632,5.001371
3.657042,5.001371
3.657452,5.001371
3.657862,5.001371
3.658272,5.001371
3.658682,5.001371
3.659092,5.001371
3.659502,5.001371
3.659912,5.001371
3.660322,5.001371
3.660732,5.001371
3.661142,5.001371
3.661552,5.001371
3.661962,5.001371
3.662372,5.001371
3.662782,5.001371
3.663192,5.001371
3.663602,5.001371
3.664012,5.001371
3.664422,5.001371
3.664832,5.001371
3.665242,5.001371
3.665652,5.001371
3.666062,5.001371
3.666472,5.001371
3.666882,5.001371
3.667292,5.001371
3.667702,5.001371
3.668112,5.001371
3.668522,5.001371
3.668932,5.001371
3.669342,5.001371
3.669752,5.001371
3.670162,5.001371
3.670572,5.001371
3.670982,5.001371
3.671392,5.001371
3.671802,5.001371
3.672212,5.001371
3.672622,5.001371
3.673032,5.001371
3.673442,5.001371
3.673852,5.001371
3.674262,5.001371
3.674672,5.001371
3.675083,5.001371
3.675493,5.001371
3.675903,5.001371
3.676313,5.001371
3.676723,5.001371
3.677133,5.001371
3.677543,5.001371
3.677953,5.001371
3.678363,5.001371
3.678773,5.001371
3.679183,5.001371
3.679593,5.001371
3.680003,5.001371
3.680413,5.001371
3.680823,5.001371
3.681233,5.001371
3.681643,5.001371
3.682053,5.001371
3.682463,5.001371
3.682873,5.001371
3.683283,5.001371
3.683693,5.001371
3.684103,5.001371
3.684513,5.001371
3.684923,5.001371
3.685333,5.001371
3.685743,5.001371
3.686153,5.001371
3.686563,5.001371
3.686973,5.001371
3.687383,5.001371
3.687793,5.001371
3.688203,5.001371
3.688613,5.001371
3.689023,5.001371
3.689433,5.001371
3.689843,5.001371
3.690253,5.001371
3.690663,5.001371
3.691073,5.001371
3.691483,5.001371
3.691893,5.001371
3.692303,5.001371
3.692713,5.001371
3.693123,5.001371
3.693533,5.001371
3.693943,5.001371
3.694353,5.001371
3.694763,5.001371
3.695173,5.001371
3.695583,5.001371
3.695993,5.001371
3.696403,5.001371
3.696813,5.001371
3.697223,5.001371
3.697633,5.001371
3.698043,5.001371
3.698453,5.001371
3.698863,5.001371
3.699273,5.001371
3.699683,5.001371
3.700093,5.001371
3.700503,5.001371
3.700913,5.001371
3.701323,5.001371
3.701733,5.001371
3.702143,5.001371
3.702553,5.001371
3.702963,5.001371
3.703373,5.001371
3.703783,5.001371
3.704193,5.001371
3.704603,5.001371
3.705014,5.001371
3.705424,5.001371
3.705834,5.001371
3.706244,5.001371
3.706654,5.001371
3.707064,5.001371
3.707474,5.001371
3.707884,5.001371
3.708294,5.001371
3.708704,5.001371
3.709114,5.001371
3.709524,5.001371
3.709934,5.001371
3.710344,5.001371
3.710754,5.001371
3.711164,5.001371
3.711574,5.001371
3.711984,5.001371
3.712394,5.001371
3.712804,5.001371
3.713214,5.001371
3.713624,5.001371
3.714034,5.001371
3.714444,5.001371
3.714854,5.001371
3.715264,5.001371
3.715674,5.001371
3.716084,5.001371
3.716494,5.001371
3.716904,5.001371
3.717314,5.001371
3.717724,5.001371
3.718134,5.001371
3.718544,5.001371
3.718954,5.001371
3.719364,5.001371
3.719774,5.001371
3.720184,5.001371
3.720594,5.001371
3.721004,5.001371
3.721414,5.001371
3.721824,5.001371
3.722234,5.001371
3.722644,5.001371
3.723054,5.001371
3.723464,5.001371
3.723874,5.001371
3.724284,5.001371
3.724694,5.001371
3.725104,5.001371
3.725514,5.001371
3.725924,5.001371
3.726334,5.001371
3.726744,5.001371
3.727154,5.001371
3.727564,5.001371
3.727974,5.001371
3.728384,5.001371
3.728794,5.001371
3.729204,5.001371
3.729614,5.001371
3.730024,5.001371
3.730434,5.001371
3.730844,5.001371
3.731254,5.001371
3.731664,5.001371
3.732074,5.001371
3.732484,5.001371
3.732894,5.001371
3.733304,5.001371
3.733714,5.001371
3.734124,5.001371
3.734534,5.001371
3.734944,5.001371
3.735355,5.001371
3.735765,5.001371
3.736175,5.001371
3.736585,5.001371
3.736995,5.001371
3.737405,5.001371
3.737815,5.001371
3.738225,5.001371
3.738635,5.001371
3.739045,5.001371
3.739455,5.001371
3.739865,5.001371
3.740275,5.001371
3.740685,5.001371
3.741095,5.001371
3.741505,5.001371
3.741915,5.001371
3.742325,5.001371
3.742735,5.001371
3.743145,5.001371
3.743555,5.001371
3.743965,5.001371
3.744375,5.001371
3.744785,5.001371
3.745195,5.001371
3.745605,5.001371
3.746015,5.001371
3.746425,5.001371
3.746835,5.001371
3.747245,5.001371
3.747655,5.001371
3.748065,5.001371
3.748475,5.001371
3.748885,5.001371
3.749295,5.001371
3.749705,5.001371
3.750115,5.001371
3.750525,5.001371
3.750935,5.001371
3.751345,5.001371
3.751755,5.001371
3.752165,5.001371
3.752575,5.001371
3.752985,5.001371
3.753395,5.001371
3.753805,5.001371
3.754215,5.001371
3.754625,5.001371
3.755035,5.001371
3.755445,5.001371
3.755855,5.001371
3.756265,5.001371
3.756675,5.001371
3.757085,5.001371
3.757495,5.001371
3.757905,5.001371
3.758315,5.001371
3.758725,5.001371
3.759135,5.001371
3.759545,5.001371
3.759955,5.001371
3.760365,5.001371
3.760775,5.001371
3.761185,5.001371
3.761595,5.001371
3.762005,5.001371
3.762415,5.001371
3.762825,5.001371
3.763235,5.001371
3.763645,5.001371
3.764055,5.001371
3.764465,5.001371
3.764875,5.001371
3.765286,5.001371
3.765696,5.001371
3.766106,5.001371
3.766516,5.001371
3.766926,5.001371
3.767336,5.001371
3.767746,5.001371
3.768156,5.001371
3.768566,5.001371
3.768976,5.001371
3.769386,5.001371
3.769796,5.001371
3.770206,5.001371
3.770616,5.001371
3.771026,5.001371
3.771436,5.001371
3.771846,5.001371
3.772256,5.001371
3.772666,5.001371
3.773076,5.001371
3.773486,5.001371
3.773896,5.001371
3.774306,5.001371
3.774716,5.001371
3.775126,5.001371
3.775536,5.001371
3.775946,5.001371
3.776356,5.001371
3.776766,5.001371
3.777176,5.001371
3.777586,5.001371
3.777996,5.001371
3.778406,5.001371
3.778816,5.001371
3.779226,5.001371
3.779636,5.001371
3.780046,5.001371
3.780456,5.001371
3.780866,5.001371
3.781276,5.001371
3.781686,5.001371
3.782096,5.001371
3.782506,5.001371
3.782916,5.001371
3.783326,5.001371
3.783736,5.001371
3.784146,5.001371
3.784556,5.001371
3.784966,5.001371
3.785376,5.001371
3.785786,5.001371
3.786196,5.001371
3.786606,5.001371
3.787016,5.001371
3.787426,5.001371
3.787836,5.001371
3.788246,5.001371
3.788656,5.001371
3.789066,5.001371
3.789476,5.001371
3.789886,5.001371
3.790296,5.001371
3.790706,5.001371
3.791116,5.001371
3.791526,5.001371
3.791936,5.001371
3.792346,5.001371
3.792756,5.001371
3.793166,5.001371
3.793576,5.001371
3.793986,5.001371
3.794396,5.001371
3.794806,5.001371
3.795217,5.001371
3.795627,5.001371
3.796037,5.001371
3.796447,5.001371
3.796857,5.001371
3.797267,5.001371
3.797677,5.001371
3.798087,5.001371
3.798497,5.001371
3.798907,5.001371
3.799317,5.001371
3.799727,5.001371
3.800137,5.001371
3.800547,5.001371
3.800957,5.001371
3.801367,5.001371
3.801777,5.001371
3.802187,5.001371
3.802597,5.001371
3.803007,5.001371
3.803417,5.001371
3.803827,5.001371
3.804237,5.001371
3.804647,5.001371
3.805057,5.001371
3.805467,5.001371
3.805877,5.001371
3.806287,5.001371
3.806697,5.001371
3.807107,5.001371
3.807517,5.001371
3.807927,5.001371
3.808337,5.001371
3.808747,5.001371
3.809157,5.001371
3.809567,5.001371
3.809977,5.001371
3.810387,5.001371
3.810797,5.001371
3.811207,5.001371
3.811617,5.001371
3.812027,5.001371
3.812437,5.001371
3.812847,5.001371
3.813257,5.001371
3.813667,5.001371
3.814077,5.001371
3.814487,5.001371
3.814897,5.001371
3.815307,5.001371
3.815717,5.001371
3.816127,5.001371
3.816537,5.001371
3.816947,5.001371
3.817357,5.001371
3.817767,5.001371
3.818177,5.001371
3.818587,5.001371
3.818997,5.001371
3.819407,5.001371
3.819817,5.001371
3.820227,5.001371
3.820637,5.001371
3.821047,5.001371
3.821457,5.001371
3.821867,5.001371
3.822277,5.001371
3.822687,5.001371
3.823097,5.001371
3.823507,5.001371
3.823917,5.001371
3.824327,5.001371
3.824737,5.001371
3.825148,5.001371
3.825558,5.001371
3.825968,5.001371
3.826378,5.001371
3.826788,5.001371
3.827198,5.001371
3.827608,5.001371
3.828018,5.001371
3.828428,5.001371
3.828838,5.001371
3.829248,5.001371
3.829658,5.001371
3.830068,5.001371
3.830478,5.001371
3.830888,5.001371
3.831298,5.001371
3.831708,5.001371
3.832118,5.001371
3.832528,5.001371
3.832938,5.001371
3.833348,5.001371
3.833758,5.001371
3.834168,5.001371
3.834578,5.001371
3.834988,5.001371
3.835398,5.001371
3.835808,5.001371
3.836218,5.001371
3.836628,5.001371
3.837038,5.001371
3.837448,5.001371
3.837858,5.001371
3.838268,5.001371
3.838678,5.001371
3.839088,5.001371
3.839498,5.001371
3.839908,5.001371
3.840318,5.001371
3.840728,5.001371
3.841138,5.001371
3.841548,5.001371
3.841958,5.001371
3.842368,5.001371
3.842778,5.001371
3.843188,5.001371
3.843598,5.001371
3.844008,5.001371
3.844418,5.001371
3.844828,5.001371
3.845238,5.001371
3.845648,5.001371
3.846058,5.001371
3.846468,5.001371
3.846878,5.001371
3.847288,5.001371
3.847698,5.001371
3.848108,5.001371
3.848518,5.001371
3.848928,5.001371
3.849338,5.001371
3.849748,5.001371
3.850158,5.001371
3.850568,5.001371
3.850978,5.001371
3.851388,5.001371
3.851798,5.001371
3.852208,5.001371
3.852618,5.001371
3.853028,5.001371
3.853438,5.001371
3.853848,5.001371
3.854258,5.001371
3.854668,5.001371
3.855079,5.001371
3.855489,5.001371
3.855899,5.001371
3.856309,5.001371
3.856719,5.001371
3.857129,5.001371
3.857539,5.001371
3.857949,5.001371
3.858359,5.001371
3.858769,5.001371
3.859179,5.001371
3.859589,5.001371
3.859999,5.001371
3.860409,5.001371
3.860819,5.001371
3.861229,5.001371
3.861639,5.001371
3.862049,5.001371
3.862459,5.001371
3.862869,5.001371
3.863279,5.001371
3.863689,5.001371
3.864099,5.001371
3.864509,5.001371
3.864919,5.001371
3.865329,5.001371
3.865739,5.001371
3.866149,5.001371
3.866559,5.001371
3.866969,5.001371
3.867379,5.001371
3.867789,5.001371
3.868199,5.001371
3.868609,5.001371
3.869019,5.001371
3.869429,5.001371
3.869839,5.001371
3.870249,5.001371
3.870659,5.001371
3.871069,5.001371
3.871479,5.001371
3.871889,5.001371
3.872299,5.001371
3.872709,5.001371
3.873119,5.001371
3.873529,5.001371
3.873939,5.001371
3.874349,5.001371
3.874759,5.001371
3.875169,5.001371
3.875579,5.001371
3.875989,5.001371
3.876399,5.001371
3.876809,5.001371
3.877219,5.001371
3.877629,5.001371
3.878039,5.001371
3.878449,5.001371
3.878859,5.001371
3.879269,5.001371
3.879679,5.001371
3.880089,5.001371
3.880499,5.001371
3.880909,5.001371
3.881319,5.001371
3.881729,5.001371
3.882139,5.001371
3.882549,5.001371
3.882959,5.001371
3.883369,5.001371
3.883779,5.001371
3.884189,5.001371
3.884599,5.001371
3.885010,5.001371
3.885420,5.001371
3.885830,5.001371
3.886240,5.001371
3.886650,5.001371
3.887060,5.001371
3.887470,5.001371
3.887880,5.001371
3.888290,5.001371
3.888700,5.001371
3.889110,5.001371
3.889520,5.001371
3.889930,5.001371
3.890340,5.001371
3.890750,5.001371
3.891160,5.001371
3.891570,5.001371
3.891980,5.001371
3.892390,5.001371
3.892800,5.001371
3.893210,5.001371
3.893620,5.001371
3.894030,5.001371
3.894440,5.001371
3.894850,5.001371
3.895260,5.001371
3.895670,5.001371
3.896080,5.001371
3.896490,5.001371
3.896900,5.001371
3.897310,5.001371
3.897720,5.001371
3.898130,5.001371
3.898540,5.001371
3.898950,5.001371
3.899360,5.001371
3.899770,5.001371
3.900180,5.001371
3.900590,5.001371
3.901000,5.001371
3.901410,5.001371
3.901820,5.001371
3.902230,5.001371
3.902640,5.001371
3.903050,5.001371
3.903460,5.001371
3.903870,5.001371
3.904280,5.001371
3.904690,5.001371
3.905100,5.001371
3.905510,5.001371
3.905920,5.001371
3.906330,5.001371
3.906740,5.001371
3.907150,5.001371
3.907560,5.001371
3.907970,5.001371
3.908380,5.001371
3.908790,5.001371
3.909200,5.001371
3.909610,5.001371
3.910020,5.001371
3.910430,5.001371
3.910840,5.001371
3.911250,5.001371
3.911660,5.001371
3.912070,5.001371
3.912480,5.001371
3.912890,5.001371
3.913300,5.001371
3.913710,5.001371
3.914120,5.001371
3.914530,5.001371
3.914940,5.001371
3.915351,5.001371
3.915761,5.001371
3.916171,5.001371
3.916581,5.001371
3.916991,5.001371
3.917401,5.001371
3.917811,5.001371
3.918221,5.001371
3.918631,5.001371
3.919041,5.001371
3.919451,5.001371
3.919861,5.001371
3.920271,5.001371
3.920681,5.001371
3.921091,5.001371
3.921501,5.001371
3.921911,5.001371
3.922321,5.001371
3.922731,5.001371
3.923141,5.001371
3.923551,5.001371
3.923961,5.001371
3.924371,5.001371
3.924781,5.001371
3.925191,5.001371
3.925601,5.001371
3.926011,5.001371
3.926421,5.001371
3.926831,5.001371
3.927241,5.001371
3.927651,5.001371
3.928061,5.001371
3.928471,5.001371
3.928881,5.001371
3.929291,5.001371
3.929701,5.001371
3.930111,5.001371
3.930521,5.001371
3.930931,5.001371
3.931341,5.001371
3.931751,5.001371
3.932161,5.001371
3.932571,5.001371
3.932981,5.001371
3.933391,5.001371
3.933801,5.001371
3.934211,5.001371
3.934621,5.001371
3.935031,5.001371
3.935441,5.001371
3.935851,5.001371
3.936261,5.001371
3.936671,5.001371
3.937081,5.001371
3.937491,5.001371
3.937901,5.001371
3.938311,5.001371
3.938721,5.001371
3.939131,5.001371
3.939541,5.001371
3.939951,5.001371
3.940361,5.001371
3.940771,5.001371
3.941181,5.001371
3.941591,5.001371
3.942001,5.001371
3.942411,5.001371
3.942821,5.001371
3.943231,5.001371
3.943641,5.001371
3.944051,5.001371
3.944461,5.001371
3.944871,5.001371
3.945282,5.001371
3.945692,5.001371
3.946102,5.001371
3.946512,5.001371
3.946922,5.001371
3.947332,5.001371
3.947742,5.001371
3.948152,5.001371
3.948562,5.001371
3.948972,5.001371
3.949382,5.001371
3.949792,5.001371
3.950202,5.001371
3.950612,5.001371
3.951022,5.001371
3.951432,5.001371
3.951842,5.001371
3.952252,5.001371
3.952662,5.001371
3.953072,5.001371
3.953482,5.001371
3.953892,5.001371
3.954302,5.001371
3.954712,5.001371
3.955122,5.001371
3.955532,5.001371
3.955942,5.001371
3.956352,5.001371
3.956762,5.001371
3.957172,5.001371
3.957582,5.001371
3.957992,5.001371
3.958402,5.001371
3.958812,5.001371
3.959222,5.001371
3.959632,5.001371
3.960042,5.001371
3.960452,5.001371
3.960862,5.001371
3.961272,5.001371
3.961682,5.001371
3.962092,5.001371
3.962502,5.001371
3.962912,5.001371
3.963322,5.001371
3.963732,5.001371
3.964142,5.001371
3.964552,5.001371
3.964962,5.001371
3.965372,5.001371
3.965782,5.001371
3.966192,5.001371
3.966602,5.001371
3.967012,5.001371
3.967422,5.001371
3.967832,5.001371
3.968242,5.001371
3.968652,5.001371
3.969062,5.001371
3.969472,5.001371
3.969882,5.001371
3.970292,5.001371
3.970702,5.001371
3.971112,5.001371
3.971522,5.001371
3.971932,5.001371
3.972342,5.001371
3.972752,5.001371
3.973162,5.001371
3.973572,5.001371
3.973982,5.001371
3.974392,5.001371
3.974802,5.001371
3.975213,5.001371
3.975623,5.001371
3.976033,5.001371
3.976443,5.001371
3.976853,5.001371
3.977263,5.001371
3.977673,5.001371
3.978083,5.001371
3.978493,5.001371
3.978903,5.001371
3.979313,5.001371
3.979723,5.001371
3.980133,5.001371
3.980543,5.001371
3.980953,5.001371
3.981363,5.001371
3.981773,5.001371
3.982183,5.001371
3.982593,5.001371
3.983003,5.001371
3.983413,5.001371
3.983823,5.001371
3.984233,5.001371
3.984643,5.001371
3.985053,5.001371
3.985463,5.001371
3.985873,5.001371
3.986283,5.001371
3.986693,5.001371
3.987103,5.001371
3.987513,5.001371
3.987923,5.001371
3.988333,5.001371
3.988743,5.001371
3.989153,5.001371
3.989563,5.001371
3.989973,5.001371
3.990383,5.001371
3.990793,5.001371
3.991203,5.001371
3.991613,5.001371
3.992023,5.001371
3.992433,5.001371
3.992843,5.001371
3.993253,5.001371
3.993663,5.001371
3.994073,5.001371
3.994483,5.001371
3.994893,5.001371
3.995303,5.001371
3.995713,5.001371
3.996123,5.001371
3.996533,5.001371
3.996943,5.001371
3.997353,5.001371
3.997763,5.001371
3.998173,5.001371
3.998583,5.001371
3.998993,5.001371
3.999403,5.001371
3.999813,5.001371
4.000223,5.001371
4.000633,5.001371
4.001043,5.001371
4.001453,5.001371
4.001863,5.001371
4.002273,5.001371
4.002683,5.001371
4.003093,5.001371
4.003503,5.001371
4.003913,5.001371
4.004323,5.001371
4.004733,5.001371
4.005144,5.001371
4.005554,5.001371
4.005964,5.001371
4.006374,5.001371
4.006784,5.001371
4.007194,5.001371
4.007604,5.001371
4.008014,5.001371
4.008424,5.001371
4.008834,5.001371
4.009244,5.001371
4.009654,5.001371
4.010064,5.001371
4.010474,5.001371
4.010884,5.001371
4.011294,5.001371
4.011704,5.001371
4.012114,5.001371
4.012524,5.001371
4.012934,5.001371
4.013344,5.001371
4.013754,5.001371
4.014164,5.001371
4.014574,5.001371
4.014984,5.001371
4.015394,5.001371
4.015804,5.001371
4.016214,5.001371
4.016624,5.001371
4.017034,5.001371
4.017444,5.001371
4.017854,5.001371
4.018264,5.001371
4.018674,5.001371
4.019084,5.001371
4.019494,5.001371
4.019904,5.001371
4.020314,5.001371
4.020724,5.001371
4.021134,5.001371
4.021544,5.001371
4.021954,5.001371
4.022364,5.001371
4.022774,5.001371
4.023184,5.001371
4.023594,5.001371
4.024004,5.001371
4.024414,5.001371
4.024824,5.001371
4.025234,5.001371
4.025644,5.001371
4.026054,5.001371
4.026464,5.001371
4.026874,5.001371
4.027284,5.001371
4.027694,5.001371
4.028104,5.001371
4.028514,5.001371
4.028924,5.001371
4.029334,5.001371
4.029744,5.001371
4.030154,5.001371
4.030564,5.001371
4.030974,5.001371
4.031384,5.001371
4.031794,5.001371
4.032204,5.001371
4.032614,5.001371
4.033024,5.001371
4.033434,5.001371
4.033844,5.001371
4.034254,5.001371
4.034664,5.001371
4.035075,5.001371
4.035485,5.001371
4.035895,5.001371
4.036305,5.001371
4.036715,5.001371
4.037125,5.001371
4.037535,5.001371
4.037945,5.001371
4.038355,5.001371
4.038765,5.001371
4.039175,5.001371
4.039585,5.001371
4.039995,5.001371
4.040405,5.001371
4.040815,5.001371
4.041225,5.001371
4.041635,5.001371
4.042045,5.001371
4.042455,5.001371
4.042865,5.001371
4.043275,5.001371
4.043685,5.001371
4.044095,5.001371
4.044505,5.001371
4.044915,5.001371
4.045325,5.001371
4.045735,5.001371
4.046145,5.001371
4.046555,5.001371
4.046965,5.001371
4.047375,5.001371
4.047785,5.001371
4.048195,5.001371
4.048605,5.001371
4.049015,5.001371
4.049425,5.001371
4.049835,5.001371
4.050245,5.001371
4.050655,5.001371
4.051065,5.001371
4.051475,5.001371
4.051885,5.001371
4.052295,5.001371
4.052705,5.001371
4.053115,5.001371
4.053525,5.001371
4.053935,5.001371
4.054345,5.001371
4.054755,5.001371
4.055165,5.001371
4.055575,5.001371
4.055985,5.001371
4.056395,5.001371
4.056805,5.001371
4.057215,5.001371
4.057625,5.001371
4.058035,5.001371
4.058445,5.001371
4.058855,5.001371
4.059265,5.001371
4.059675,5.001371
4.060085,5.001371
4.060495,5.001371
4.060905,5.001371
4.061315,5.001371
4.061725,5.001371
4.062135,5.001371
4.062545,5.001371
4.062955,5.001371
4.063365,5.001371
4.063775,5.001371
4.064185,5.001371
4.064595,5.001371
4.065006,5.001371
4.065416,5.001371
4.065826,5.001371
4.066236,5.001371
4.066646,5.001371
4.067056,5.001371
4.067466,5.001371
4.067876,5.001371
4.068286,5.001371
4.068696,5.001371
4.069106,5.001371
4.069516,5.001371
4.069926,5.001371
4.070336,5.001371
4.070746,5.001371
4.071156,5.001371
4.071566,5.001371
4.071976,5.001371
4.072386,5.001371
4.072796,5.001371
4.073206,5.001371
4.073616,5.001371
4.074026,5.001371
4.074436,5.001371
4.074846,5.001371
4.075256,5.001371
4.075666,5.001371
4.076076,5.001371
4.076486,5.001371
4.076896,5.001371
4.077306,5.001371
4.077716,5.001371
4.078126,5.001371
4.078536,5.001371
4.078946,5.001371
4.079356,5.001371
4.079766,5.001371
4.080176,5.001371
4.080586,5.001371
4.080996,5.001371
4.081406,5.001371
4.081816,5.001371
4.082226,5.001371
4.082636,5.001371
4.083046,5.001371
4.083456,5.001371
4.083866,5.001371
4.084276,5.001371
4.084686,5.001371
4.085096,5.001371
4.085506,5.001371
4.085916,5.001371
4.086326,5.001371
4.086736,5.001371
4.087146,5.001371
4.087556,5.001371
4.087966,5.001371
4.088376,5.001371
4.088786,5.001371
4.089196,5.001371
4.089606,5.001371
4.090016,5.001371
4.090426,5.001371
4.090836,5.001371
4.091246,5.001371
4.091656,5.001371
4.092066,5.001371
4.092476,5.001371
4.092886,5.001371
4.093296,5.001371
4.093706,5.001371
4.094116,5.001371
4.094526,5.001371
4.094936,5.001371
4.095347,5.001371
4.095757,5.001371
4.096167,5.001371
4.096577,5.001371
4.096987,5.001371
4.097397,5.001371
4.097807,5.001371
4.098217,5.001371
4.098627,5.001371
4.099037,5.001371
4.099447,5.001371
4.099857,5.001371
4.100267,5.001371
4.100677,5.001371
4.101087,5.001371
4.101497,5.001371
4.101907,5.001371
4.102317,5.001371
4.102727,5.001371
4.103137,5.001371
4.103547,5.001371
4.103957,5.001371
4.104367,5.001371
4.104777,5.001371
4.105187,5.001371
4.105597,5.001371
4.106007,5.001371
4.106417,5.001371
4.106827,5.001371
4.107237,5.001371
4.107647,5.001371
4.108057,5.001371
4.108467,5.001371
4.108877,5.001371
4.109287,5.001371
4.109697,5.001371
4.110107,5.001371
4.110517,5.001371
4.110927,5.001371
4.111337,5.001371
4.111747,5.001371
4.112157,5.001371
4.112567,5.001371
4.112977,5.001371
4.113387,5.001371
4.113797,5.001371
4.114207,5.001371
4.114617,5.001371
4.115027,5.001371
4.115437,5.001371
4.115847,5.001371
4.116257,5.001371
4.116667,5.001371
4.117077,5.001371
4.117487,5.001371
4.117897,5.001371
4.118307,5.001371
4.118717,5.001371
4.119127,5.001371
4.119537,5.001371
4.119947,5.001371
4.120357,5.001371
4.120767,5.001371
4.121177,5.001371
4.121587,5.001371
4.121997,5.001371
4.122407,5.001371
4.122817,5.001371
4.123227,5.001371
4.123637,5.001371
4.124047,5.001371
4.124457,5.001371
4.124867,5.001371
4.125278,5.001371
4.125688,5.001371
4.126098,5.001371
4.126508,5.001371
4.126918,5.001371
4.127328,5.001371
4.127738,5.001371
4.128148,5.001371
4.128558,5.001371
4.128968,5.001371
4.129378,5.001371
4.129788,5.001371
4.130198,5.001371
4.130608,5.001371
4.131018,5.001371
4.131428,5.001371
4.131838,5.001371
4.132248,5.001371
4.132658,5.001371
4.133068,5.001371
4.133478,5.001371
4.133888,5.001371
4.134298,5.001371
4.134708,5.001371
4.135118,5.001371
4.135528,5.001371
4.135938,5.001371
4.136348,5.001371
4.136758,5.001371
4.137168,5.001371
4.137578,5.001371
4.137988,5.001371
4.138398,5.001371
4.138808,5.001371
4.139218,5.001371
4.139628,5.001371
4.140038,5.001371
4.140448,5.001371
4.140858,5.001371
4.141268,5.001371
4.141678,5.001371
4.142088,5.001371
4.142498,5.001371
4.142908,5.001371
4.143318,5.001371
4.143728,5.001371
4.144138,5.001371
4.144548,5.001371
4.144958,5.001371
4.145368,5.001371
4.145778,5.001371
4.146188,5.001371
4.146598,5.001371
4.147008,5.001371
4.147418,5.001371
4.147828,5.001371
4.148238,5.001371
4.148648,5.001371
4.149058,5.001371
4.149468,5.001371
4.149878,5.001371
4.150288,5.001371
4.150698,5.001371
4.151108,5.001371
4.151518,5.001371
4.151928,5.001371
4.152338,5.001371
4.152748,5.001371
4.153158,5.001371
4.153568,5.001371
4.153978,5.001371
4.154388,5.001371
4.154798,5.001371
4.155209,5.001371
4.155619,5.001371
4.156029,5.001371
4.156439,5.001371
4.156849,5.001371
4.157259,5.001371
4.157669,5.001371
4.158079,5.001371
4.158489,5.001371
4.158899,5.001371
4.159309,5.001371
4.159719,5.001371
4.160129,5.001371
4.160539,5.001371
4.160949,5.001371
4.161359,5.001371
4.161769,5.001371
4.162179,5.001371
4.162589,5.001371
4.162999,5.001371
4.163409,5.001371
4.163819,5.001371
4.164229,5.001371
4.164639,5.001371
4.165049,5.001371
4.165459,5.001371
4.165869,5.001371
4.166279,5.001371
4.166689,5.001371
4.167099,5.001371
4.167509,5.001371
4.167919,5.001371
4.168329,5.001371
4.168739,5.001371
4.169149,5.001371
4.169559,5.001371
4.169969,5.001371
4.170379,5.001371
4.170789,5.001371
4.171199,5.001371
4.171609,5.001371
4.172019,5.001371
4.172429,5.001371
4.172839,5.001371
4.173249,5.001371
4.173659,5.001371
4.174069,5.001371
4.174479,5.001371
4.174889,5.001371
4.175299,5.001371
4.175709,5.001371
4.176119,5.001371
4.176529,5.001371
4.176939,5.001371
4.177349,5.001371
4.177759,5.001371
4.178169,5.001371
4.178579,5.001371
4.178989,5.001371
4.179399,5.001371
4.179809,5.001371
4.180219,5.001371
4.180629,5.001371
4.181039,5.001371
4.181449,5.001371
4.181859,5.001371
4.182269,5.001371
4.182679,5.001371
4.183089,5.001371
4.183499,5.001371
4.183909,5.001371
4.184319,5.001371
4.184729,5.001371
4.185140,5.001371
4.185550,5.001371
4.185960,5.001371
4.186370,5.001371
4.186780,5.001371
4.187190,5.001371
4.187600,5.001371
4.188010,5.001371
4.188420,5.001371
4.188830,5.001371
4.189240,5.001371
4.189650,5.001371
4.190060,5.001371
4.190470,5.001371
4.190880,5.001371
4.191290,5.001371
4.191700,5.001371
4.192110,5.001371
4.192520,5.001371
4.192930,5.001371
4.193340,5.001371
4.193750,5.001371
4.194160,5.001371
4.194570,5.001371
4.194980,5.001371
4.195390,5.001371
4.195800,5.001371
4.196210,5.001371
4.196620,5.001371
4.197030,5.001371
4.197440,5.001371
4.197850,5.001371
4.198260,5.001371
4.198670,5.001371
4.199080,5.001371
4.199490,5.001371
4.199900,5.001371
4.200310,5.001371
4.200720,5.001371
4.201130,5.001371
4.201540,5.001371
4.201950,5.001371
4.202360,5.001371
4.202770,5.001371
4.203180,5.001371
4.203590,5.001371
4.204000,5.001371
4.204410,5.001371
4.204820,5.001371
4.205230,5.001371
4.205640,5.001371
4.206050,5.001371
4.206460,5.001371
4.206870,5.001371
4.207280,5.001371
4.207690,5.001371
4.208100,5.001371
4.208510,5.001371
4.208920,5.001371
4.209330,5.001371
4.209740,5.001371
4.210150,5.001371
4.210560,5.001371
4.210970,5.001371
4.211380,5.001371
4.211790,5.001371
4.212200,5.001371
4.212610,5.001371
4.213020,5.001371
4.213430,5.001371
4.213840,5.001371
4.214250,5.001371
4.214660,5.001371
4.215071,5.001371
4.215481,5.001371
4.215891,5.001371
4.216301,5.001371
4.216711,5.001371
4.217121,5.001371
4.217531,5.001371
4.217941,5.001371
4.218351,5.001371
4.218761,5.001371
4.219171,5.001371
4.219581,5.001371
4.219991,5.001371
4.220401,5.001371
4.220811,5.001371
4.221221,5.001371
4.221631,5.001371
4.222041,5.001371
4.222451,5.001371
4.222861,5.001371
4.223271,5.001371
4.223681,5.001371
4.224091,5.001371
4.224501,5.001371
4.224911,5.001371
4.225321,5.001371
4.225731,5.001371
4.226141,5.001371
4.226551,5.001371
4.226961,5.001371
4.227371,5.001371
4.227781,5.001371
4.228191,5.001371
4.228601,5.001371
4.229011,5.001371
4.229421,5.001371
4.229831,5.001371
4.230241,5.001371
4.230651,5.001371
4.231061,5.001371
4.231471,5.001371
4.231881,5.001371
4.232291,5.001371
4.232701,5.001371
4.233111,5.001371
4.233521,5.001371
4.233931,5.001371
4.234341,5.001371
4.234751,5.001371
4.235161,5.001371
4.235571,5.001371
4.235981,5.001371
4.236391,5.001371
4.236801,5.001371
4.237211,5.001371
4.237621,5.001371
4.238031,5.001371
4.238441,5.001371
4.238851,5.001371
4.239261,5.001371
4.239671,5.001371
4.240081,5.001371
4.240491,5.001371
4.240901,5.001371
4.241311,5.001371
4.241721,5.001371
4.242131,5.001371
4.242541,5.001371
4.242951,5.001371
4.243361,5.001371
4.243771,5.001371
4.244181,5.001371
4.244591,5.001371
4.245002,5.001371
4.245412,5.001371
4.245822,5.001371
4.246232,5.001371
4.246642,5.001371
4.247052,5.001371
4.247462,5.001371
4.247872,5.001371
4.248282,5.001371
4.248692,5.001371
4.249102,5.001371
4.249512,5.001371
4.249922,5.001371
4.250332,5.001371
4.250742,5.001371
4.251152,5.001371
4.251562,5.001371
4.251972,5.001371
4.252382,5.001371
4.252792,5.001371
4.253202,5.001371
4.253612,5.001371
4.254022,5.001371
4.254432,5.001371
4.254842,5.001371
4.255252,5.001371
4.255662,5.001371
4.256072,5.001371
4.256482,5.001371
4.256892,5.001371
4.257302,5.001371
4.257712,5.001371
4.258122,5.001371
4.258532,5.001371
4.258942,5.001371
4.259352,5.001371
4.259762,5.001371
4.260172,5.001371
4.260582,5.001371
4.260992,5.001371
4.261402,5.001371
4.261812,5.001371
4.262222,5.001371
4.262632,5.001371
4.263042,5.001371
4.263452,5.001371
4.263862,5.001371
4.264272,5.001371
4.264682,5.001371
4.265092,5.001371
4.265502,5.001371
4.265912,5.001371
4.266322,5.001371
4.266732,5.001371
4.267142,5.001371
4.267552,5.001371
4.267962,5.001371
4.268372,5.001371
4.268782,5.001371
4.269192,5.001371
4.269602,5.001371
4.270012,5.001371
4.270422,5.001371
4.270832,5.001371
4.271242,5.001371
4.271652,5.001371
4.272062,5.001371
4.272472,5.001371
4.272882,5.001371
4.273292,5.001371
4.273702,5.001371
4.274112,5.001371
4.274522,5.001371
4.274932,5.001371
4.275343,5.001371
4.275753,5.001371
4.276163,5.001371
4.276573,5.001371
4.276983,5.001371
4.277393,5.001371
4.277803,5.001371
4.278213,5.001371
4.278623,5.001371
4.279033,5.001371
4.279443,5.001371
4.279853,5.001371
4.280263,5.001371
4.280673,5.001371
4.281083,5.001371
4.281493,5.001371
4.281903,5.001371
4.282313,5.001371
4.282723,5.001371
4.283133,5.001371
4.283543,5.001371
4.283953,5.001371
4.284363,5.001371
4.284773,5.001371
4.285183,5.001371
4.285593,5.001371
4.286003,5.001371
4.286413,5.001371
4.286823,5.001371
4.287233,5.001371
4.287643,5.001371
4.288053,5.001371
4.288463,5.001371
4.288873,5.001371
4.289283,5.001371
4.289693,5.001371
4.290103,5.001371
4.290513,5.001371
4.290923,5.001371
4.291333,5.001371
4.291743,5.001371
4.292153,5.001371
4.292563,5.001371
4.292973,5.001371
4.293383,5.001371
4.293793,5.001371
4.294203,5.001371
4.294613,5.001371
4.295023,5.001371
4.295433,5.001371
4.295843,5.001371
4.296253,5.001371
4.296663,5.001371
4.297073,5.001371
4.297483,5.001371
4.297893,5.001371
4.298303,5.001371
4.298713,5.001371
4.299123,5.001371
4.299533,5.001371
4.299943,5.001371
4.300353,5.001371
4.300763,5.001371
4.301173,5.001371
4.301583,5.001371
4.301993,5.001371
4.302403,5.001371
4.302813,5.001371
4.303223,5.001371
4.303633,5.001371
4.304043,5.001371
4.304453,5.001371
4.304863,5.001371
4.305274,5.001371
4.305684,5.001371
4.306094,5.001371
4.306504,5.001371
4.306914,5.001371
4.307324,5.001371
4.307734,5.001371
4.308144,5.001371
4.308554,5.001371
4.308964,5.001371
4.309374,5.001371
4.309784,5.001371
4.310194,5.001371
4.310604,5.001371
4.311014,5.001371
4.311424,5.001371
4.311834,5.001371
4.312244,5.001371
4.312654,5.001371
4.313064,5.001371
4.313474,5.001371
4.313884,5.001371
4.314294,5.001371
4.314704,5.001371
4.315114,5.001371
4.315524,5.001371
4.315934,5.001371
4.316344,5.001371
4.316754,5.001371
4.317164,5.001371
4.317574,5.001371
4.317984,5.001371
4.318394,5.001371
4.318804,5.001371
4.319214,5.001371
4.319624,5.001371
4.320034,5.001371
4.320444,5.001371
4.320854,5.001371
4.321264,5.001371
4.321674,5.001371
4.322084,5.001371
4.322494,5.001371
4.322904,5.001371
4.323314,5.001371
4.323724,5.001371
4.324134,5.001371
4.324544,5.001371
4.324954,5.001371
4.325364,5.001371
4.325774,5.001371
4.326184,5.001371
4.326594,5.001371
4.327004,5.001371
4.327414,5.001371
4.327824,5.001371
4.328234,5.001371
4.328644,5.001371
4.329054,5.001371
4.329464,5.001371
4.329874,5.001371
4.330284,5.001371
4.330694,5.001371
4.331104,5.001371
4.331514,5.001371
4.331924,5.001371
4.332334,5.001371
4.332744,5.001371
4.333154,5.001371
4.333564,5.001371
4.333974,5.001371
4.334384,5.001371
4.334794,5.001371
4.335205,5.001371
4.335615,5.001371
4.336025,5.001371
4.336435,5.001371
4.336845,5.001371
4.337255,5.001371
4.337665,5.001371
4.338075,5.001371
4.338485,5.001371
4.338895,5.001371
4.339305,5.001371
4.339715,5.001371
4.340125,5.001371
4.340535,5.001371
4.340945,5.001371
4.341355,5.001371
4.341765,5.001371
4.342175,5.001371
4.342585,5.001371
4.342995,5.001371
4.343405,5.001371
4.343815,5.001371
4.344225,5.001371
4.344635,5.001371
4.345045,5.001371
4.345455,5.001371
4.345865,5.001371
4.346275,5.001371
4.346685,5.001371
4.347095,5.001371
4.347505,5.001371
4.347915,5.001371
4.348325,5.001371
4.348735,5.001371
4.349145,5.001371
4.349555,5.001371
4.349965,5.001371
4.350375,5.001371
4.350785,5.001371
4.351195,5.001371
4.351605,5.001371
4.352015,5.001371
4.352425,5.001371
4.352835,5.001371
4.353245,5.001371
4.353655,5.001371
4.354065,5.001371
4.354475,5.001371
4.354885,5.001371
4.355295,5.001371
4.355705,5.001371
4.356115,5.001371
4.356525,5.001371
4.356935,5.001371
4.357345,5.001371
4.357755,5.001371
4.358165,5.001371
4.358575,5.001371
4.358985,5.001371
4.359395,5.001371
4.359805,5.001371
4.360215,5.001371
4.360625,5.001371
4.361035,5.001371
4.361445,5.001371
4.361855,5.001371
4.362265,5.001371
4.362675,5.001371
4.363085,5.001371
4.363495,5.001371
4.363905,5.001371
4.364315,5.001371
4.364725,5.001371
4.365136,5.001371
4.365546,5.001371
4.365956,5.001371
4.366366,5.001371
4.366776,5.001371
4.367186,5.001371
4.367596,5.001371
4.368006,5.001371
4.368416,5.001371
4.368826,5.001371
4.369236,5.001371
4.369646,5.001371
4.370056,5.001371
4.370466,5.001371
4.370876,5.001371
4.371286,5.001371
4.371696,5.001371
4.372106,5.001371
4.372516,5.001371
4.372926,5.001371
4.373336,5.001371
4.373746,5.001371
4.374156,5.001371
4.374566,5.001371
4.374976,5.001371
4.375386,5.001371
4.375796,5.001371
4.376206,5.001371
4.376616,5.001371
4.377026,5.001371
4.377436,5.001371
4.377846,5.001371
4.378256,5.001371
4.378666,5.001371
4.379076,5.001371
4.379486,5.001371
4.379896,5.001371
4.380306,5.001371
4.380716,5.001371
4.381126,5.001371
4.381536,5.001371
4.381946,5.001371
4.382356,5.001371
4.382766,5.001371
4.383176,5.001371
4.383586,5.001371
4.383996,5.001371
4.384406,5.001371
4.384816,5.001371
4.385226,5.001371
4.385636,5.001371
4.386046,5.001371
4.386456,5.001371
4.386866,5.001371
4.387276,5.001371
4.387686,5.001371
4.388096,5.001371
4.388506,5.001371
4.388916,5.001371
4.389326,5.001371
4.389736,5.001371
4.390146,5.001371
4.390556,5.001371
4.390966,5.001371
4.391376,5.001371
4.391786,5.001371
4.392196,5.001371
4.392606,5.001371
4.393016,5.001371
4.393426,5.001371
4.393836,5.001371
4.394246,5.001371
4.394656,5.001371
4.395067,5.001371
4.395477,5.001371
4.395887,5.001371
4.396297,5.001371
4.396707,5.001371
4.397117,5.001371
4.397527,5.001371
4.397937,5.001371
4.398347,5.001371
4.398757,5.001371
4.399167,5.001371
4.399577,5.001371
4.399987,5.001371
4.400397,5.001371
4.400807,5.001371
4.401217,5.001371
4.401627,5.001371
4.402037,5.001371
4.402447,5.001371
4.402857,5.001371
4.403267,5.001371
4.403677,5.001371
4.404087,5.001371
4.404497,5.001371
4.404907,5.001371
4.405317,5.001371
4.405727,5.001371
4.406137,5.001371
4.406547,5.001371
4.406957,5.001371
4.407367,5.001371
4.407777,5.001371
4.408187,5.001371
4.408597,5.001371
4.409007,5.001371
4.409417,5.001371
4.409827,5.001371
4.410237,5.001371
4.410647,5.001371
4.411057,5.001371
4.411467,5.001371
4.411877,5.001371
4.412287,5.001371
4.412697,5.001371
4.413107,5.001371
4.413517,5.001371
4.413927,5.001371
4.414337,5.001371
4.414747,5.001371
4.415157,5.001371
4.415567,5.001371
4.415977,5.001371
4.416387,5.001371
4.416797,5.001371
4.417207,5.001371
4.417617,5.001371
4.418027,5.001371
4.418437,5.001371
4.418847,5.001371
4.419257,5.001371
4.419667,5.001371
4.420077,5.001371
4.420487,5.001371
4.420897,5.001371
4.421307,5.001371
4.421717,5.001371
4.422127,5.001371
4.422537,5.001371
4.422947,5.001371
4.423357,5.001371
4.423767,5.001371
4.424177,5.001371
4.424587,5.001371
4.424997,5.001371
4.425408,5.001371
4.425818,5.001371
4.426228,5.001371
4.426638,5.001371
4.427048,5.001371
4.427458,5.001371
4.427868,5.001371
4.428278,5.001371
4.428688,5.001371
4.429098,5.001371
4.429508,5.001371
4.429918,5.001371
4.430328,5.001371
4.430738,5.001371
4.431148,5.001371
4.431558,5.001371
4.431968,5.001371
4.432378,5.001371
4.432788,5.001371
4.433198,5.001371
4.433608,5.001371
4.434018,5.001371
4.434428,5.001371
4.434838,5.001371
4.435248,5.001371
4.435658,5.001371
4.436068,5.001371
4.436478,5.001371
4.436888,5.001371
4.437298,5.001371
4.437708,5.001371
4.438118,5.001371
4.438528,5.001371
4.438938,5.001371
4.439348,5.001371
4.439758,5.001371
4.440168,5.001371
4.440578,5.001371
4.440988,5.001371
4.441398,5.001371
4.441808,5.001371
4.442218,5.001371
4.442628,5.001371
4.443038,5.001371
4.443448,5.001371
4.443858,5.001371
4.444268,5.001371
4.444678,5.001371
4.445088,5.001371
4.445498,5.001371
4.445908,5.001371
4.446318,5.001371
4.446728,5.001371
4.447138,5.001371
4.447548,5.001371
4.447958,5.001371
4.448368,5.001371
4.448778,5.001371
4.449188,5.001371
4.449598,5.001371
4.450008,5.001371
4.450418,5.001371
4.450828,5.001371
4.451238,5.001371
4.451648,5.001371
4.452058,5.001371
4.452468,5.001371
4.452878,5.001371
4.453288,5.001371
4.453698,5.001371
4.454108,5.001371
4.454518,5.001371
4.454928,5.001371
4.455339,5.001371
4.455749,5.001371
4.456159,5.001371
4.456569,5.001371
4.456979,5.001371
4.457389,5.001371
4.457799,5.001371
4.458209,5.001371
4.458619,5.001371
4.459029,5.001371
4.459439,5.001371
4.459849,5.001371
4.460259,5.001371
4.460669,5.001371
4.461079,5.001371
4.461489,5.001371
4.461899,5.001371
4.462309,5.001371
4.462719,5.001371
4.463129,5.001371
4.463539,5.001371
4.463949,5.001371
4.464359,5.001371
4.464769,5.001371
4.465179,5.001371
4.465589,5.001371
4.465999,5.001371
4.466409,5.001371
4.466819,5.001371
4.467229,5.001371
4.467639,5.001371
4.468049,5.001371
4.468459,5.001371
4.468869,5.001371
4.469279,5.001371
4.469689,5.001371
4.470099,5.001371
4.470509,5.001371
4.470919,5.001371
4.471329,5.001371
4.471739,5.001371
4.472149,5.001371
4.472559,5.001371
4.472969,5.001371
4.473379,5.001371
4.473789,5.001371
4.474199,5.001371
4.474609,5.001371
4.475019,5.001371
4.475429,5.001371
4.475839,5.001371
4.476249,5.001371
4.476659,5.001371
4.477069,5.001371
4.477479,5.001371
4.477889,5.001371
4.478299,5.001371
4.478709,5.001371
4.479119,5.001371
4.479529,5.001371
4.479939,5.001371
4.480349,5.001371
4.480759,5.001371
4.481169,5.001371
4.481579,5.001371
4.481989,5.001371
4.482399,5.001371
4.482809,5.001371
4.483219,5.001371
4.483629,5.001371
4.484039,5.001371
4.484449,5.001371
4.484859,5.001371
4.485270,5.001371
4.485680,5.001371
4.486090,5.001371
4.486500,5.001371
4.486910,5.001371
4.487320,5.001371
4.487730,5.001371
4.488140,5.001371
4.488550,5.001371
4.488960,5.001371
4.489370,5.001371
4.489780,5.001371
4.490190,5.001371
4.490600,5.001371
4.491010,5.001371
4.491420,5.001371
4.491830,5.001371
4.492240,5.001371
4.492650,5.001371
4.493060,5.001371
4.493470,5.001371
4.493880,5.001371
4.494290,5.001371
4.494700,5.001371
4.495110,5.001371
4.495520,5.001371
4.495930,5.001371
4.496340,5.001371
4.496750,5.001371
4.497160,5.001371
4.497570,5.001371
4.497980,5.001371
4.498390,5.001371
4.498800,5.001371
4.499210,5.001371
4.499620,5.001371
4.500030,5.001371
4.500440,5.001371
4.500850,5.001371
4.501260,5.001371
4.501670,5.001371
4.502080,5.001371
4.502490,5.001371
4.502900,5.001371
4.503310,5.001371
4.503720,5.001371
4.504130,5.001371
4.504540,5.001371
4.504950,5.001371
4.505360,5.001371
4.505770,5.001371
4.506180,5.001371
4.506590,5.001371
4.507000,5.001371
4.507410,5.001371
4.507820,5.001371
4.508230,5.001371
4.508640,5.001371
4.509050,5.001371
4.509460,5.001371
4.509870,5.001371
4.510280,5.001371
4.510690,5.001371
4.511100,5.001371
4.511510,5.001371
4.511920,5.001371
4.512330,5.001371
4.512740,5.001371
4.513150,5.001371
4.513560,5.001371
4.513970,5.001371
4.514380,5.001371
4.514790,5.001371
4.515201,5.001371
4.515611,5.001371
4.516021,5.001371
4.516431,5.001371
4.516841,5.001371
4.517251,5.001371
4.517661,5.001371
4.518071,5.001371
4.518481,5.001371
4.518891,5.001371
4.519301,5.001371
4.519711,5.001371
4.520121,5.001371
4.520531,5.001371
4.520941,5.001371
4.521351,5.001371
4.521761,5.001371
4.522171,5.001371
4.522581,5.001371
4.522991,5.001371
4.523401,5.001371
4.523811,5.001371
4.524221,5.001371
4.524631,5.001371
4.525041,5.001371
4.525451,5.001371
4.525861,5.001371
4.526271,5.001371
4.526681,5.001371
4.527091,5.001371
4.527501,5.001371
4.527911,5.001371
4.528321,5.001371
4.528731,5.001371
4.529141,5.001371
4.529551,5.001371
4.529961,5.001371
4.530371,5.001371
4.530781,5.001371
4.531191,5.001371
4.531601,5.001371
4.532011,5.001371
4.532421,5.001371
4.532831,5.001371
4.533241,5.001371
4.533651,5.001371
4.534061,5.001371
4.534471,5.001371
4.534881,5.001371
4.535291,5.001371
4.535701,5.001371
4.536111,5.001371
4.536521,5.001371
4.536931,5.001371
4.537341,5.001371
4.537751,5.001371
4.538161,5.001371
4.538571,5.001371
4.538981,5.001371
4.539391,5.001371
4.539801,5.001371
4.540211,5.001371
4.540621,5.001371
4.541031,5.001371
4.541441,5.001371
4.541851,5.001371
4.542261,5.001371
4.542671,5.001371
4.543081,5.001371
4.543491,5.001371
4.543901,5.001371
4.544311,5.001371
4.544721,5.001371
4.545132,5.001371
4.545542,5.001371
4.545952,5.001371
4.546362,5.001371
4.546772,5.001371
4.547182,5.001371
4.547592,5.001371
4.548002,5.001371
4.548412,5.001371
4.548822,5.001371
4.549232,5.001371
4.549642,5.001371
4.550052,5.001371
4.550462,5.001371
4.550872,5.001371
4.551282,5.001371
4.551692,5.001371
4.552102,5.001371
4.552512,5.001371
4.552922,5.001371
4.553332,5.001371
4.553742,5.001371
4.554152,5.001371
4.554562,5.001371
4.554972,5.001371
4.555382,5.001371
4.555792,5.001371
4.556202,5.001371
4.556612,5.001371
4.557022,5.001371
4.557432,5.001371
4.557842,5.001371
4.558252,5.001371
4.558662,5.001371
4.559072,5.001371
4.559482,5.001371
4.559892,5.001371
4.560302,5.001371
4.560712,5.001371
4.561122,5.001371
4.561532,5.001371
4.561942,5.001371
4.562352,5.001371
4.562762,5.001371
4.563172,5.001371
4.563582,5.001371
4.563992,5.001371
4.564402,5.001371
4.564812,5.001371
4.565222,5.001371
4.565632,5.001371
4.566042,5.001371
4.566452,5.001371
4.566862,5.001371
4.567272,5.001371
4.567682,5.001371
4.568092,5.001371
4.568502,5.001371
4.568912,5.001371
4.569322,5.001371
4.569732,5.001371
4.570142,5.001371
4.570552,5.001371
4.570962,5.001371
4.571372,5.001371
4.571782,5.001371
4.572192,5.001371
4.572602,5.001371
4.573012,5.001371
4.573422,5.001371
4.573832,5.001371
4.574242,5.001371
4.574652,5.001371
4.575063,5.001371
4.575473,5.001371
4.575883,5.001371
4.576293,5.001371
4.576703,5.001371
4.577113,5.001371
4.577523,5.001371
4.577933,5.001371
4.578343,5.001371
4.578753,5.001371
4.579163,5.001371
4.579573,5.001371
4.579983,5.001371
4.580393,5.001371
4.580803,5.001371
4.581213,5.001371
4.581623,5.001371
4.582033,5.001371
4.582443,5.001371
4.582853,5.001371
4.583263,5.001371
4.583673,5.001371
4.584083,5.001371
4.584493,5.001371
4.584903,5.001371
4.585313,5.001371
4.585723,5.001371
4.586133,5.001371
4.586543,5.001371
4.586953,5.001371
4.587363,5.001371
4.587773,5.001371
4.588183,5.001371
4.588593,5.001371
4.589003,5.001371
4.589413,5.001371
4.589823,5.001371
4.590233,5.001371
4.590643,5.001371
4.591053,5.001371
4.591463,5.001371
4.591873,5.001371
4.592283,5.001371
4.592693,5.001371
4.593103,5.001371
4.593513,5.001371
4.593923,5.001371
4.594333,5.001371
4.594743,5.001371
4.595153,5.001371
4.595563,5.001371
4.595973,5.001371
4.596383,5.001371
4.596793,5.001371
4.597203,5.001371
4.597613,5.001371
4.598023,5.001371
4.598433,5.001371
4.598843,5.001371
4.599253,5.001371
4.599663,5.001371
4.600073,5.001371
4.600483,5.001371
4.600893,5.001371
4.601303,5.001371
4.601713,5.001371
4.602123,5.001371
4.602533,5.001371
4.602943,5.001371
4.603353,5.001371
4.603763,5.001371
4.604173,5.001371
4.604583,5.001371
4.604993,5.001371
4.605404,5.001371
4.605814,5.001371
4.606224,5.001371
4.606634,5.001371
4.607044,5.001371
4.607454,5.001371
4.607864,5.001371
4.608274,5.001371
4.608684,5.001371
4.609094,5.001371
4.609504,5.001371
4.609914,5.001371
4.610324,5.001371
4.610734,5.001371
4.611144,5.001371
4.611554,5.001371
4.611964,5.001371
4.612374,5.001371
4.612784,5.001371
4.613194,5.001371
4.613604,5.001371
4.614014,5.001371
4.614424,5.001371
4.614834,5.001371
4.615244,5.001371
4.615654,5.001371
4.616064,5.001371
4.616474,5.001371
4.616884,5.001371
4.617294,5.001371
4.617704,5.001371
4.618114,5.001371
4.618524,5.001371
4.618934,5.001371
4.619344,5.001371
4.619754,5.001371
4.620164,5.001371
4.620574,5.001371
4.620984,5.001371
4.621394,5.001371
4.621804,5.001371
4.622214,5.001371
4.622624,5.001371
4.623034,5.001371
4.623444,5.001371
4.623854,5.001371
4.624264,5.001371
4.624674,5.001371
4.625084,5.001371
4.625494,5.001371
4.625904,5.001371
4.626314,5.001371
4.626724,5.001371
4.627134,5.001371
4.627544,5.001371
4.627954,5.001371
4.628364,5.001371
4.628774,5.001371
4.629184,5.001371
4.629594,5.001371
4.630004,5.001371
4.630414,5.001371
4.630824,5.001371
4.631234,5.001371
4.631644,5.001371
4.632054,5.001371
4.632464,5.001371
4.632874,5.001371
4.633284,5.001371
4.633694,5.001371
4.634104,5.001371
4.634514,5.001371
4.634924,5.001371
4.635335,5.001371
4.635745,5.001371
4.636155,5.001371
4.636565,5.001371
4.636975,5.001371
4.637385,5.001371
4.637795,5.001371
4.638205,5.001371
4.638615,5.001371
4.639025,5.001371
4.639435,5.001371
4.639845,5.001371
4.640255,5.001371
4.640665,5.001371
4.641075,5.001371
4.641485,5.001371
4.641895,5.001371
4.642305,5.001371
4.642715,5.001371
4.643125,5.001371
4.643535,5.001371
4.643945,5.001371
4.644355,5.001371
4.644765,5.001371
4.645175,5.001371
4.645585,5.001371
4.645995,5.001371
4.646405,5.001371
4.646815,5.001371
4.647225,5.001371
4.647635,5.001371
4.648045,5.001371
4.648455,5.001371
4.648865,5.001371
4.649275,5.001371
4.649685,5.001371
4.650095,5.001371
4.650505,5.001371
4.650915,5.001371
4.651325,5.001371
4.651735,5.001371
4.652145,5.001371
4.652555,5.001371
4.652965,5.001371
4.653375,5.001371
4.653785,5.001371
4.654195,5.001371
4.654605,5.001371
4.655015,5.001371
4.655425,5.001371
4.655835,5.001371
4.656245,5.001371
4.656655,5.001371
4.657065,5.001371
4.657475,5.001371
4.657885,5.001371
4.658295,5.001371
4.658705,5.001371
4.659115,5.001371
4.659525,5.001371
4.659935,5.001371
4.660345,5.001371
4.660755,5.001371
4.661165,5.001371
4.661575,5.001371
4.661985,5.001371
4.662395,5.001371
4.662805,5.001371
4.663215,5.001371
4.663625,5.001371
4.664035,5.001371
4.664445,5.001371
4.664855,5.001371
4.665266,5.001371
4.665676,5.001371
4.666086,5.001371
4.666496,5.001371
4.666906,5.001371
4.667316,5.001371
4.667726,5.001371
4.668136,5.001371
4.668546,5.001371
4.668956,5.001371
4.669366,5.001371
4.669776,5.001371
4.670186,5.001371
4.670596,5.001371
4.671006,5.001371
4.671416,5.001371
4.671826,5.001371
4.672236,5.001371
4.672646,5.001371
4.673056,5.001371
4.673466,5.001371
4.673876,5.001371
4.674286,5.001371
4.674696,5.001371
4.675106,5.001371
4.675516,5.001371
4.675926,5.001371
4.676336,5.001371
4.676746,5.001371
4.677156,5.001371
4.677566,5.001371
4.677976,5.001371
4.678386,5.001371
4.678796,5.001371
4.679206,5.001371
4.679616,5.001371
4.680026,5.001371
4.680436,5.001371
4.680846,5.001371
4.681256,5.001371
4.681666,5.001371
4.682076,5.001371
4.682486,5.001371
4.682896,5.001371
4.683306,5.001371
4.683716,5.001371
4.684126,5.001371
4.684536,5.001371
4.684946,5.001371
4.685356,5.001371
4.685766,5.001371
4.686176,5.001371
4.686586,5.001371
4.686996,5.001371
4.687406,5.001371
4.687816,5.001371
4.688226,5.001371
4.688636,5.001371
4.689046,5.001371
4.689456,5.001371
4.689866,5.001371
4.690276,5.001371
4.690686,5.001371
4.691096,5.001371
4.691506,5.001371
4.691916,5.001371
4.692326,5.001371
4.692736,5.001371
4.693146,5.001371
4.693556,5.001371
4.693966,5.001371
4.694376,5.001371
4.694786,5.001371
4.695197,5.001371
4.695607,5.001371
4.696017,5.001371
4.696427,5.001371
4.696837,5.001371
4.697247,5.001371
4.697657,5.001371
4.698067,5.001371
4.698477,5.001371
4.698887,5.001371
4.699297,5.001371
4.699707,5.001371
4.700117,5.001371
4.700527,5.001371
4.700937,5.001371
4.701347,5.001371
4.701757,5.001371
4.702167,5.001371
4.702577,5.001371
4.702987,5.001371
4.703397,5.001371
4.703807,5.001371
4.704217,5.001371
4.704627,5.001371
4.705037,5.001371
4.705447,5.001371
4.705857,5.001371
4.706267,5.001371
4.706677,5.001371
4.707087,5.001371
4.707497,5.001371
4.707907,5.001371
4.708317,5.001371
4.708727,5.001371
4.709137,5.001371
4.709547,5.001371
4.709957,5.001371
4.710367,5.001371
4.710777,5.001371
4.711187,5.001371
4.711597,5.001371
4.712007,5.001371
4.712417,5.001371
4.712827,5.001371
4.713237,5.001371
4.713647,5.001371
4.714057,5.001371
4.714467,5.001371
4.714877,5.001371
4.715287,5.001371
4.715697,5.001371
4.716107,5.001371
4.716517,5.001371
4.716927,5.001371
4.717337,5.001371
4.717747,5.001371
4.718157,5.001371
4.718567,5.001371
4.718977,5.001371
4.719387,5.001371
4.719797,5.001371
4.720207,5.001371
4.720617,5.001371
4.721027,5.001371
4.721437,5.001371
4.721847,5.001371
4.722257,5.001371
4.722667,5.001371
4.723077,5.001371
4.723487,5.001371
4.723897,5.001371
4.724307,5.001371
4.724717,5.001371
4.725128,5.001371
4.725538,5.001371
4.725948,5.001371
4.726358,5.001371
4.726768,5.001371
4.727178,5.001371
4.727588,5.001371
4.727998,5.001371
4.728408,5.001371
4.728818,5.001371
4.729228,5.001371
4.729638,5.001371
4.730048,5.001371
4.730458,5.001371
4.730868,5.001371
4.731278,5.001371
4.731688,5.001371
4.732098,5.001371
4.732508,5.001371
4.732918,5.001371
4.733328,5.001371
4.733738,5.001371
4.734148,5.001371
4.734558,5.001371
4.734968,5.001371
4.735378,5.001371
4.735788,5.001371
4.736198,5.001371
4.736608,5.001371
4.737018,5.001371
4.737428,5.001371
4.737838,5.001371
4.738248,5.001371
4.738658,5.001371
4.739068,5.001371
4.739478,5.001371
4.739888,5.001371
4.740298,5.001371
4.740708,5.001371
4.741118,5.001371
4.741528,5.001371
4.741938,5.001371
4.742348,5.001371
4.742758,5.001371
4.743168,5.001371
4.743578,5.001371
4.743988,5.001371
4.744398,5.001371
4.744808,5.001371
4.745218,5.001371
4.745628,5.001371
4.746038,5.001371
4.746448,5.001371
4.746858,5.001371
4.747268,5.001371
4.747678,5.001371
4.748088,5.001371
4.748498,5.001371
4.748908,5.001371
4.749318,5.001371
4.749728,5.001371
4.750138,5.001371
4.750548,5.001371
4.750958,5.001371
4.751368,5.001371
4.751778,5.001371
4.752188,5.001371
4.752598,5.001371
4.753008,5.001371
4.753418,5.001371
4.753828,5.001371
4.754238,5.001371
4.754648,5.001371
4.755059,5.001371
4.755469,5.001371
4.755879,5.001371
4.756289,5.001371
4.756699,5.001371
4.757109,5.001371
4.757519,5.001371
4.757929,5.001371
4.758339,5.001371
4.758749,5.001371
4.759159,5.001371
4.759569,5.001371
4.759979,5.001371
4.760389,5.001371
4.760799,5.001371
4.761209,5.001371
4.761619,5.001371
4.762029,5.001371
4.762439,5.001371
4.762849,5.001371
4.763259,5.001371
4.763669,5.001371
4.764079,5.001371
4.764489,5.001371
4.764899,5.001371
4.765309,5.001371
4.765719,5.001371
4.766129,5.001371
4.766539,5.001371
4.766949,5.001371
4.767359,5.001371
4.767769,5.001371
4.768179,5.001371
4.768589,5.001371
4.768999,5.001371
4.769409,5.001371
4.769819,5.001371
4.770229,5.001371
4.770639,5.001371
4.771049,5.001371
4.771459,5.001371
4.771869,5.001371
4.772279,5.001371
4.772689,5.001371
4.773099,5.001371
4.773509,5.001371
4.773919,5.001371
4.774329,5.001371
4.774739,5.001371
4.775149,5.001371
4.775559,5.001371
4.775969,5.001371
4.776379,5.001371
4.776789,5.001371
4.777199,5.001371
4.777609,5.001371
4.778019,5.001371
4.778429,5.001371
4.778839,5.001371
4.779249,5.001371
4.779659,5.001371
4.780069,5.001371
4.780479,5.001371
4.780889,5.001371
4.781299,5.001371
4.781709,5.001371
4.782119,5.001371
4.782529,5.001371
4.782939,5.001371
4.783349,5.001371
4.783759,5.001371
4.784169,5.001371
4.784579,5.001371
4.784989,5.001371
4.785400,5.001371
4.785810,5.001371
4.786220,5.001371
4.786630,5.001371
4.787040,5.001371
4.787450,5.001371
4.787860,5.001371
4.788270,5.001371
4.788680,5.001371
4.789090,5.001371
4.789500,5.001371
4.789910,5.001371
4.790320,5.001371
4.790730,5.001371
4.791140,5.001371
4.791550,5.001371
4.791960,5.001371
4.792370,5.001371
4.792780,5.001371
4.793190,5.001371
4.793600,5.001371
4.794010,5.001371
4.794420,5.001371
4.794830,5.001371
4.795240,5.001371
4.795650,5.001371
4.796060,5.001371
4.796470,5.001371
4.796880,5.001371
4.797290,5.001371
4.797700,5.001371
4.798110,5.001371
4.798520,5.001371
4.798930,5.001371
4.799340,5.001371
4.799750,5.001371
4.800160,5.001371
4.800570,5.001371
4.800980,5.001371
4.801390,5.001371
4.801800,5.001371
4.802210,5.001371
4.802620,5.001371
4.803030,5.001371
4.803440,5.001371
4.803850,5.001371
4.804260,5.001371
4.804670,5.001371
4.805080,5.001371
4.805490,5.001371
4.805900,5.001371
4.806310,5.001371
4.806720,5.001371
4.807130,5.001371
4.807540,5.001371
4.807950,5.001371
4.808360,5.001371
4.808770,5.001371
4.809180,5.001371
4.809590,5.001371
4.810000,5.001371
4.810410,5.001371
4.810820,5.001371
4.811230,5.001371
4.811640,5.001371
4.812050,5.001371
4.812460,5.001371
4.812870,5.001371
4.813280,5.001371
4.813690,5.001371
4.814100,5.001371
4.814510,5.001371
4.814920,5.001371
4.815331,5.001371
4.815741,5.001371
4.816151,5.001371
4.816561,5.001371
4.816971,5.001371
4.817381,5.001371
4.817791,5.001371
4.818201,5.001371
4.818611,5.001371
4.819021,5.001371
4.819431,5.001371
4.819841,5.001371
4.820251,5.001371
4.820661,5.001371
4.821071,5.001371
4.821481,5.001371
4.821891,5.001371
4.822301,5.001371
4.822711,5.001371
4.823121,5.001371
4.823531,5.001371
4.823941,5.001371
4.824351,5.001371
4.824761,5.001371
4.825171,5.001371
4.825581,5.001371
4.825991,5.001371
4.826401,5.001371
4.826811,5.001371
4.827221,5.001371
4.827631,5.001371
4.828041,5.001371
4.828451,5.001371
4.828861,5.001371
4.829271,5.001371
4.829681,5.001371
4.830091,5.001371
4.830501,5.001371
4.830911,5.001371
4.831321,5.001371
4.831731,5.001371
4.832141,5.001371
4.832551,5.001371
4.832961,5.001371
4.833371,5.001371
4.833781,5.001371
4.834191,5.001371
4.834601,5.001371
4.835011,5.001371
4.835421,5.001371
4.835831,5.001371
4.836241,5.001371
4.836651,5.001371
4.837061,5.001371
4.837471,5.001371
4.837881,5.001371
4.838291,5.001371
4.838701,5.001371
4.839111,5.001371
4.839521,5.001371
4.839931,5.001371
4.840341,5.001371
4.840751,5.001371
4.841161,5.001371
4.841571,5.001371
4.841981,5.001371
4.842391,5.001371
4.842801,5.001371
4.843211,5.001371
4.843621,5.001371
4.844031,5.001371
4.844441,5.001371
4.844851,5.001371
4.845262,5.001371
4.845672,5.001371
4.846082,5.001371
4.846492,5.001371
4.846902,5.001371
4.847312,5.001371
4.847722,5.001371
4.848132,5.001371
4.848542,5.001371
4.848952,5.001371
4.849362,5.001371
4.849772,5.001371
4.850182,5.001371
4.850592,5.001371
4.851002,5.001371
4.851412,5.001371
4.851822,5.001371
4.852232,5.001371
4.852642,5.001371
4.853052,5.001371
4.853462,5.001371
4.853872,5.001371
4.854282,5.001371
4.854692,5.001371
4.855102,5.001371
4.855512,5.001371
4.855922,5.001371
4.856332,5.001371
4.856742,5.001371
4.857152,5.001371
4.857562,5.001371
4.857972,5.001371
4.858382,5.001371
4.858792,5.001371
4.859202,5.001371
4.859612,5.001371
4.860022,5.001371
4.860432,5.001371
4.860842,5.001371
4.861252,5.001371
4.861662,5.001371
4.862072,5.001371
4.862482,5.001371
4.862892,5.001371
4.863302,5.001371
4.863712,5.001371
4.864122,5.001371
4.864532,5.001371
4.864942,5.001371
4.865352,5.001371
4.865762,5.001371
4.866172,5.001371
4.866582,5.001371
4.866992,5.001371
4.867402,5.001371
4.867812,5.001371
4.868222,5.001371
4.868632,5.001371
4.869042,5.001371
4.869452,5.001371
4.869862,5.001371
4.870272,5.001371
4.870682,5.001371
4.871092,5.001371
4.871502,5.001371
4.871912,5.001371
4.872322,5.001371
4.872732,5.001371
4.873142,5.001371
4.873552,5.001371
4.873962,5.001371
4.874372,5.001371
4.874782,5.001371
4.875193,5.001371
4.875603,5.001371
4.876013,5.001371
4.876423,5.001371
4.876833,5.001371
4.877243,5.001371
4.877653,5.001371
4.878063,5.001371
4.878473,5.001371
4.878883,5.001371
4.879293,5.001371
4.879703,5.001371
4.880113,5.001371
4.880523,5.001371
4.880933,5.001371
4.881343,5.001371
4.881753,5.001371
4.882163,5.001371
4.882573,5.001371
4.882983,5.001371
4.883393,5.001371
4.883803,5.001371
4.884213,5.001371
4.884623,5.001371
4.885033,5.001371
4.885443,5.001371
4.885853,5.001371
4.886263,5.001371
4.886673,5.001371
4.887083,5.001371
4.887493,5.001371
4.887903,5.001371
4.888313,5.001371
4.888723,5.001371
4.889133,5.001371
4.889543,5.001371
4.889953,5.001371
4.890363,5.001371
4.890773,5.001371
4.891183,5.001371
4.891593,5.001371
4.892003,5.001371
4.892413,5.001371
4.892823,5.001371
4.893233,5.001371
4.893643,5.001371
4.894053,5.001371
4.894463,5.001371
4.894873,5.001371
4.895283,5.001371
4.895693,5.001371
4.896103,5.001371
4.896513,5.001371
4.896923,5.001371
4.897333,5.001371
4.897743,5.001371
4.898153,5.001371
4.898563,5.001371
4.898973,5.001371
4.899383,5.001371
4.899793,5.001371
4.900203,5.001371
4.900613,5.001371
4.901023,5.001371
4.901433,5.001371
4.901843,5.001371
4.902253,5.001371
4.902663,5.001371
4.903073,5.001371
4.903483,5.001371
4.903893,5.001371
4.904303,5.001371
4.904713,5.001371
4.905124,5.001371
4.905534,5.001371
4.905944,5.001371
4.906354,5.001371
4.906764,5.001371
4.907174,5.001371
4.907584,5.001371
4.907994,5.001371
4.908404,5.001371
4.908814,5.001371
4.909224,5.001371
4.909634,5.001371
4.910044,5.001371
4.910454,5.001371
4.910864,5.001371
4.911274,5.001371
4.911684,5.001371
4.912094,5.001371
4.912504,5.001371
4.912914,5.001371
4.913324,5.001371
4.913734,5.001371
4.914144,5.001371
4.914554,5.001371
4.914964,5.001371
4.915374,5.001371
4.915784,5.001371
4.916194,5.001371
4.916604,5.001371
4.917014,5.001371
4.917424,5.001371
4.917834,5.001371
4.918244,5.001371
4.918654,5.001371
4.919064,5.001371
4.919474,5.001371
4.919884,5.001371
4.920294,5.001371
4.920704,5.001371
4.921114,5.001371
4.921524,5.001371
4.921934,5.001371
4.922344,5.001371
4.922754,5.001371
4.923164,5.001371
4.923574,5.001371
4.923984,5.001371
4.924394,5.001371
4.924804,5.001371
4.925214,5.001371
4.925624,5.001371
4.926034,5.001371
4.926444,5.001371
4.926854,5.001371
4.927264,5.001371
4.927674,5.001371
4.928084,5.001371
4.928494,5.001371
4.928904,5.001371
4.929314,5.001371
4.929724,5.001371
4.930134,5.001371
4.930544,5.001371
4.930954,5.001371
4.931364,5.001371
4.931774,5.001371
4.932184,5.001371
4.932594,5.001371
4.933004,5.001371
4.933414,5.001371
4.933824,5.001371
4.934234,5.001371
4.934644,5.001371
4.935055,5.001371
4.935465,5.001371
4.935875,5.001371
4.936285,5.001371
4.936695,5.001371
4.937105,5.001371
4.937515,5.001371
4.937925,5.001371
4.938335,5.001371
4.938745,5.001371
4.939155,5.001371
4.939565,5.001371
4.939975,5.001371
4.940385,5.001371
4.940795,5.001371
4.941205,5.001371
4.941615,5.001371
4.942025,5.001371
4.942435,5.001371
4.942845,5.001371
4.943255,5.001371
4.943665,5.001371
4.944075,5.001371
4.944485,5.001371
4.944895,5.001371
4.945305,5.001371
4.945715,5.001371
4.946125,5.001371
4.946535,5.001371
4.946945,5.001371
4.947355,5.001371
4.947765,5.001371
4.948175,5.001371
4.948585,5.001371
4.948995,5.001371
4.949405,5.001371
4.949815,5.001371
4.950225,5.001371
4.950635,5.001371
4.951045,5.001371
4.951455,5.001371
4.951865,5.001371
4.952275,5.001371
4.952685,5.001371
4.953095,5.001371
4.953505,5.001371
4.953915,5.001371
4.954325,5.001371
4.954735,5.001371
4.955145,5.001371
4.955555,5.001371
4.955965,5.001371
4.956375,5.001371
4.956785,5.001371
4.957195,5.001371
4.957605,5.001371
4.958015,5.001371
4.958425,5.001371
4.958835,5.001371
4.959245,5.001371
4.959655,5.001371
4.960065,5.001371
4.960475,5.001371
4.960885,5.001371
4.961295,5.001371
4.961705,5.001371
4.962115,5.001371
4.962525,5.001371
4.962935,5.001371
4.963345,5.001371
4.963755,5.001371
4.964165,5.001371
4.964575,5.001371
4.964985,5.001371
4.965396,5.001371
4.965806,5.001371
4.966216,5.001371
4.966626,5.001371
4.967036,5.001371
4.967446,5.001371
4.967856,5.001371
4.968266,5.001371
4.968676,5.001371
4.969086,5.001371
4.969496,5.001371
4.969906,5.001371
4.970316,5.001371
4.970726,5.001371
4.971136,5.001371
4.971546,5.001371
4.971956,5.001371
4.972366,5.001371
4.972776,5.001371
4.973186,5.001371
4.973596,5.001371
4.974006,5.001371
4.974416,5.001371
4.974826,5.001371
4.975236,5.001371
4.975646,5.001371
4.976056,5.001371
4.976466,5.001371
4.976876,5.001371
4.977286,5.001371
4.977696,5.001371
4.978106,5.001371
4.978516,5.001371
4.978926,5.001371
4.979336,5.001371
4.979746,5.001371
4.980156,5.001371
4.980566,5.001371
4.980976,5.001371
4.981386,5.001371
4.981796,5.001371
4.982206,5.001371
4.982616,5.001371
4.983026,5.001371
4.983436,5.001371
4.983846,5.001371
4.984256,5.001371
4.984666,5.001371
4.985076,5.001371
4.985486,5.001371
4.985896,5.001371
4.986306,5.001371
4.986716,5.001371
4.987126,5.001371
4.987536,5.001371
4.987946,5.001371
4.988356,5.001371
4.988766,5.001371
4.989176,5.001371
4.989586,5.001371
4.989996,5.001371
4.990406,5.001371
4.990816,5.001371
4.991226,5.001371
4.991636,5.001371
4.992046,5.001371
4.992456,5.001371
4.992866,5.001371
4.993276,5.001371
4.993686,5.001371
4.994096,5.001371
4.994506,5.001371
4.994916,5.001371
4.995327,5.001371
4.995737,5.001371
4.996147,5.001371
4.996557,5.001371
4.996967,5.001371
4.997377,5.001371
4.997787,5.001371
4.998197,5.001371
4.998607,5.001371
4.999017,5.001371
4.999427,5.001371
4.999837,5.001371
5.000247,5.001371
5.000657,5.001371
5.001067,5.001371
5.001477,5.001371
5.001887,5.001371
5.002297,5.001371
5.002707,5.001371
5.003117,5.001371
5.003527,5.001371
5.003937,5.001371
5.004347,5.001371
5.004757,5.001371
5.005167,5.001371
5.005577,5.001371
5.005987,5.001371
5.006397,5.001371
5.006807,5.001371
5.007217,5.001371
5.007627,5.001371
5.008037,5.001371
5.008447,5.001371
5.008857,5.001371
5.009267,5.001371
5.009677,5.001371
5.010087,5.001371
5.010497,5.001371
5.010907,5.001371
5.011317,5.001371
5.011727,5.001371
5.012137,5.001371
5.012547,5.001371
5.012957,5.001371
5.013367,5.001371
5.013777,5.001371
5.014187,5.001371
5.014597,5.001371
5.015007,5.001371
5.015417,5.001371
5.015827,5.001371
5.016237,5.001371
5.016647,5.001371
5.017057,5.001371
5.017467,5.001371
5.017877,5.001371
5.018287,5.001371
5.018697,5.001371
5.019107,5.001371
5.019517,5.001371
5.019927,5.001371
5.020337,5.001371
5.020747,5.001371
5.021157,5.001371
5.021567,5.001371
5.021977,5.001371
5.022387,5.001371
5.022797,5.001371
5.023207,5.001371
5.023617,5.001371
5.024027,5.001371
5.024437,5.001371
5.024847,5.001371
5.025258,5.001371
5.025668,5.001371
5.026078,5.001371
5.026488,5.001371
5.026898,5.001371
5.027308,5.001371
5.027718,5.001371
5.028128,5.001371
5.028538,5.001371
5.028948,5.001371
5.029358,5.001371
5.029768,5.001371
5.030178,5.001371
5.030588,5.001371
5.030998,5.001371
5.031408,5.001371
5.031818,5.001371
5.032228,5.001371
5.032638,5.001371
5.033048,5.001371
5.033458,5.001371
5.033868,5.001371
5.034278,5.001371
5.034688,5.001371
5.035098,5.001371
5.035508,5.001371
5.035918,5.001371
5.036328,5.001371
5.036738,5.001371
5.037148,5.001371
5.037558,5.001371
5.037968,5.001371
5.038378,5.001371
5.038788,5.001371
5.039198,5.001371
5.039608,5.001371
5.040018,5.001371
5.040428,5.001371
5.040838,5.001371
5.041248,5.001371
5.041658,5.001371
5.042068,5.001371
5.042478,5.001371
5.042888,5.001371
5.043298,5.001371
5.043708,5.001371
5.044118,5.001371
5.044528,5.001371
5.044938,5.001371
5.045348,5.001371
5.045758,5.001371
5.046168,5.001371
5.046578,5.001371
5.046988,5.001371
5.047398,5.001371
5.047808,5.001371
5.048218,5.001371
5.048628,5.001371
5.049038,5.001371
5.049448,5.001371
5.049858,5.001371
5.050268,5.001371
5.050678,5.001371
5.051088,5.001371
5.051498,5.001371
5.051908,5.001371
5.052318,5.001371
5.052728,5.001371
5.053138,5.001371
5.053548,5.001371
5.053958,5.001371
5.054368,5.001371
5.054778,5.001371
5.055189,5.001371
5.055599,5.001371
5.056009,5.001371
5.056419,5.001371
5.056829,5.001371
5.057239,5.001371
5.057649,5.001371
5.058059,5.001371
5.058469,5.001371
5.058879,5.001371
5.059289,5.001371
5.059699,5.001371
5.060109,5.001371
5.060519,5.001371
5.060929,5.001371
5.061339,5.001371
5.061749,5.001371
5.062159,5.001371
5.062569,5.001371
5.062979,5.001371
5.063389,5.001371
5.063799,5.001371
5.064209,5.001371
5.064619,5.001371
5.065029,5.001371
5.065439,5.001371
5.065849,5.001371
5.066259,5.001371
5.066669,5.001371
5.067079,5.001371
5.067489,5.001371
5.067899,5.001371
5.068309,5.001371
5.068719,5.001371
5.069129,5.001371
5.069539,5.001371
5.069949,5.001371
5.070359,5.001371
5.070769,5.001371
5.071179,5.001371
5.071589,5.001371
5.071999,5.001371
5.072409,5.001371
5.072819,5.001371
5.073229,5.001371
5.073639,5.001371
5.074049,5.001371
5.074459,5.001371
5.074869,5.001371
5.075279,5.001371
5.075689,5.001371
5.076099,5.001371
5.076509,5.001371
5.076919,5.001371
5.077329,5.001371
5.077739,5.001371
5.078149,5.001371
5.078559,5.001371
5.078969,5.001371
5.079379,5.001371
5.079789,5.001371
5.080199,5.001371
5.080609,5.001371
5.081019,5.001371
5.081429,5.001371
5.081839,5.001371
5.082249,5.001371
5.082659,5.001371
5.083069,5.001371
5.083479,5.001371
5.083889,5.001371
5.084299,5.001371
5.084709,5.001371
5.085120,5.001371
5.085530,5.001371
5.085940,5.001371
5.086350,5.001371
5.086760,5.001371
5.087170,5.001371
5.087580,5.001371
5.087990,5.001371
5.088400,5.001371
5.088810,5.001371
5.089220,5.001371
5.089630,5.001371
5.090040,5.001371
5.090450,5.001371
5.090860,5.001371
5.091270,5.001371
5.091680,5.001371
5.092090,5.001371
5.092500,5.001371
5.092910,5.001371
5.093320,5.001371
5.093730,5.001371
5.094140,5.001371
5.094550,5.001371
5.094960,5.001371
5.095370,5.001371
5.095780,5.001371
5.096190,5.001371
5.096600,5.001371
5.097010,5.001371
5.097420,5.001371
5.097830,5.001371
5.098240,5.001371
5.098650,5.001371
5.099060,5.001371
5.099470,5.001371
5.099880,5.001371
5.100290,5.001371
5.100700,5.001371
5.101110,5.001371
5.101520,5.001371
5.101930,5.001371
5.102340,5.001371
5.102750,5.001371
5.103160,5.001371
5.103570,5.001371
5.103980,5.001371
5.104390,5.001371
5.104800,5.001371
5.105210,5.001371
5.105620,5.001371
5.106030,5.001371
5.106440,5.001371
5.106850,5.001371
5.107260,5.001371
5.107670,5.001371
5.108080,5.001371
5.108490,5.001371
5.108900,5.001371
5.109310,5.001371
5.109720,5.001371
5.110130,5.001371
5.110540,5.001371
5.110950,5.001371
5.111360,5.001371
5.111770,5.001371
5.112180,5.001371
5.112590,5.001371
5.113000,5.001371
5.113410,5.001371
5.113820,5.001371
5.114230,5.001371
5.114640,5.001371
5.115051,5.001371
5.115461,5.001371
5.115871,5.001371
5.116281,5.001371
5.116691,5.001371
5.117101,5.001371
5.117511,5.001371
5.117921,5.001371
5.118331,5.001371
5.118741,5.001371
5.119151,5.001371
5.119561,5.001371
5.119971,5.001371
5.120381,5.001371
5.120791,5.001371
5.121201,5.001371
5.121611,5.001371
5.122021,5.001371
5.122431,5.001371
5.122841,5.001371
5.123251,5.001371
5.123661,5.001371
5.124071,5.001371
5.124481,5.001371
5.124891,5.001371
5.125301,5.001371
5.125711,5.001371
5.126121,5.001371
5.126531,5.001371
5.126941,5.001371
5.127351,5.001371
5.127761,5.001371
5.128171,5.001371
5.128581,5.001371
5.128991,5.001371
5.129401,5.001371
5.129811,5.001371
5.130221,5.001371
5.130631,5.001371
5.131041,5.001371
5.131451,5.001371
5.131861,5.001371
5.132271,5.001371
5.132681,5.001371
5.133091,5.001371
5.133501,5.001371
5.133911,5.001371
5.134321,5.001371
5.134731,5.001371
5.135141,5.001371
5.135551,5.001371
5.135961,5.001371
5.136371,5.001371
5.136781,5.001371
5.137191,5.001371
5.137601,5.001371
5.138011,5.001371
5.138421,5.001371
5.138831,5.001371
5.139241,5.001371
5.139651,5.001371
5.140061,5.001371
5.140471,5.001371
5.140881,5.001371
5.141291,5.001371
5.141701,5.001371
5.142111,5.001371
5.142521,5.001371
5.142931,5.001371
5.143341,5.001371
5.143751,5.001371
5.144161,5.001371
5.144571,5.001371
5.144981,5.001371
5.145392,5.001371
5.145802,5.001371
5.146212,5.001371
5.146622,5.001371
5.147032,5.001371
5.147442,5.001371
5.147852,5.001371
5.148262,5.001371
5.148672,5.001371
5.149082,5.001371
5.149492,5.001371
5.149902,5.001371
5.150312,5.001371
5.150722,5.001371
5.151132,5.001371
5.151542,5.001371
5.151952,5.001371
5.152362,5.001371
5.152772,5.001371
5.153182,5.001371
5.153592,5.001371
5.154002,5.001371
5.154412,5.001371
5.154822,5.001371
5.155232,5.001371
5.155642,5.001371
5.156052,5.001371
5.156462,5.001371
5.156872,5.001371
5.157282,5.001371
5.157692,5.001371
5.158102,5.001371
5.158512,5.001371
5.158922,5.001371
5.159332,5.001371
5.159742,5.001371
5.160152,5.001371
5.160562,5.001371
5.160972,5.001371
5.161382,5.001371
5.161792,5.001371
5.162202,5.001371
5.162612,5.001371
5.163022,5.001371
5.163432,5.001371
5.163842,5.001371
5.164252,5.001371
5.164662,5.001371
5.165072,5.001371
5.165482,5.001371
5.165892,5.001371
5.166302,5.001371
5.166712,5.001371
5.167122,5.001371
5.167532,5.001371
5.167942,5.001371
5.168352,5.001371
5.168762,5.001371
5.169172,5.001371
5.169582,5.001371
5.169992,5.001371
5.170402,5.001371
5.170812,5.001371
5.171222,5.001371
5.171632,5.001371
5.172042,5.001371
5.172452,5.001371
5.172862,5.001371
5.173272,5.001371
5.173682,5.001371
5.174092,5.001371
5.174502,5.001371
5.174912,5.001371
5.175323,5.001371
5.175733,5.001371
5.176143,5.001371
5.176553,5.001371
5.176963,5.001371
5.177373,5.001371
5.177783,5.001371
5.178193,5.001371
5.178603,5.001371
5.179013,5.001371
5.179423,5.001371
5.179833,5.001371
5.180243,5.001371
5.180653,5.001371
5.181063,5.001371
5.181473,5.001371
5.181883,5.001371
5.182293,5.001371
5.182703,5.001371
5.183113,5.001371
5.183523,5.001371
5.183933,5.001371
5.184343,5.001371
5.184753,5.001371
5.185163,5.001371
5.185573,5.001371
5.185983,5.001371
5.186393,5.001371
5.186803,5.001371
5.187213,5.001371
5.187623,5.001371
5.188033,5.001371
5.188443,5.001371
5.188853,5.001371
5.189263,5.001371
5.189673,5.001371
5.190083,5.001371
5.190493,5.001371
5.190903,5.001371
5.191313,5.001371
5.191723,5.001371
5.192133,5.001371
5.192543,5.001371
5.192953,5.001371
5.193363,5.001371
5.193773,5.001371
5.194183,5.001371
5.194593,5.001371
5.195003,5.001371
5.195413,5.001371
5.195823,5.001371
5.196233,5.001371
5.196643,5.001371
5.197053,5.001371
5.197463,5.001371
5.197873,5.001371
5.198283,5.001371
5.198693,5.001371
5.199103,5.001371
5.199513,5.001371
5.199923,5.001371
5.200333,5.001371
5.200743,5.001371
5.201153,5.001371
5.201563,5.001371
5.201973,5.001371
5.202383,5.001371
5.202793,5.001371
5.203203,5.001371
5.203613,5.001371
5.204023,5.001371
5.204433,5.001371
5.204843,5.001371
5.205254,5.001371
5.205664,5.001371
5.206074,5.001371
5.206484,5.001371
5.206894,5.001371
5.207304,5.001371
5.207714,5.001371
5.208124,5.001371
5.208534,5.001371
5.208944,5.001371
5.209354,5.001371
5.209764,5.001371
5.210174,5.001371
5.210584,5.001371
5.210994,5.001371
5.211404,5.001371
5.211814,5.001371
5.212224,5.001371
5.212634,5.001371
5.213044,5.001371
5.213454,5.001371
5.213864,5.001371
5.214274,5.001371
5.214684,5.001371
5.215094,5.001371
5.215504,5.001371
5.215914,5.001371
5.216324,5.001371
5.216734,5.001371
5.217144,5.001371
5.217554,5.001371
5.217964,5.001371
5.218374,5.001371
5.218784,5.001371
5.219194,5.001371
5.219604,5.001371
5.220014,5.001371
5.220424,5.001371
5.220834,5.001371
5.221244,5.001371
5.221654,5.001371
5.222064,5.001371
5.222474,5.001371
5.222884,5.001371
5.223294,5.001371
5.223704,5.001371
5.224114,5.001371
5.224524,5.001371
5.224934,5.001371
5.225344,5.001371
5.225754,5.001371
5.226164,5.001371
5.226574,5.001371
5.226984,5.001371
5.227394,5.001371
5.227804,5.001371
5.228214,5.001371
5.228624,5.001371
5.229034,5.001371
5.229444,5.001371
5.229854,5.001371
5.230264,5.001371
5.230674,5.001371
5.231084,5.001371
5.231494,5.001371
5.231904,5.001371
5.232314,5.001371
5.232724,5.001371
5.233134,5.001371
5.233544,5.001371
5.233954,5.001371
5.234364,5.001371
5.234774,5.001371
5.235185,5.001371
5.235595,5.001371
5.236005,5.001371
5.236415,5.001371
5.236825,5.001371
5.237235,5.001371
5.237645,5.001371
5.238055,5.001371
5.238465,5.001371
5.238875,5.001371
5.239285,5.001371
5.239695,5.001371
5.240105,5.001371
5.240515,5.001371
5.240925,5.001371
5.241335,5.001371
5.241745,5.001371
5.242155,5.001371
5.242565,5.001371
5.242975,5.001371
5.243385,5.001371
5.243795,5.001371
5.244205,5.001371
5.244615,5.001371
5.245025,5.001371
5.245435,5.001371
5.245845,5.001371
5.246255,5.001371
5.246665,5.001371
5.247075,5.001371
5.247485,5.001371
5.247895,5.001371
5.248305,5.001371
5.248715,5.001371
5.249125,5.001371
5.249535,5.001371
5.249945,5.001371
5.250355,5.001371
5.250765,5.001371
5.251175,5.001371
5.251585,5.001371
5.251995,5.001371
5.252405,5.001371
5.252815,5.001371
5.253225,5.001371
5.253635,5.001371
5.254045,5.001371
5.254455,5.001371
5.254865,5.001371
5.255275,5.001371
5.255685,5.001371
5.256095,5.001371
5.256505,5.001371
5.256915,5.001371
5.257325,5.001371
5.257735,5.001371
5.258145,5.001371
5.258555,5.001371
5.258965,5.001371
5.259375,5.001371
5.259785,5.001371
5.260195,5.001371
5.260605,5.001371
5.261015,5.001371
5.261425,5.001371
5.261835,5.001371
5.262245,5.001371
5.262655,5.001371
5.263065,5.001371
5.263475,5.001371
5.263885,5.001371
5.264295,5.001371
5.264705,5.001371
5.265116,5.001371
5.265526,5.001371
5.265936,5.001371
5.266346,5.001371
5.266756,5.001371
5.267166,5.001371
5.267576,5.001371
5.267986,5.001371
5.268396,5.001371
5.268806,5.001371
5.269216,5.001371
5.269626,5.001371
5.270036,5.001371
5.270446,5.001371
5.270856,5.001371
5.271266,5.001371
5.271676,5.001371
5.272086,5.001371
5.272496,5.001371
5.272906,5.001371
5.273316,5.001371
5.273726,5.001371
5.274136,5.001371
5.274546,5.001371
5.274956,5.001371
5.275366,5.001371
5.275776,5.001371
5.276186,5.001371
5.276596,5.001371
5.277006,5.001371
5.277416,5.001371
5.277826,5.001371
5.278236,5.001371
5.278646,5.001371
5.279056,5.001371
5.279466,5.001371
5.279876,5.001371
5.280286,5.001371
5.280696,5.001371
5.281106,5.001371
5.281516,5.001371
5.281926,5.001371
5.282336,5.001371
5.282746,5.001371
5.283156,5.001371
5.283566,5.001371
5.283976,5.001371
5.284386,5.001371
5.284796,5.001371
5.285206,5.001371
5.285616,5.001371
5.286026,5.001371
5.286436,5.001371
5.286846,5.001371
5.287256,5.001371
5.287666,5.001371
5.288076,5.001371
5.288486,5.001371
5.288896,5.001371
5.289306,5.001371
5.289716,5.001371
5.290126,5.001371
5.290536,5.001371
5.290946,5.001371
5.291356,5.001371
5.291766,5.001371
5.292176,5.001371
5.292586,5.001371
5.292996,5.001371
5.293406,5.001371
5.293816,5.001371
5.294226,5.001371
5.294636,5.001371
5.295047,5.001371
5.295457,5.001371
5.295867,5.001371
5.296277,5.001371
5.296687,5.001371
5.297097,5.001371
5.297507,5.001371
5.297917,5.001371
5.298327,5.001371
5.298737,5.001371
5.299147,5.001371
5.299557,5.001371
5.299967,5.001371
5.300377,5.001371
5.300787,5.001371
5.301197,5.001371
5.301607,5.001371
5.302017,5.001371
5.302427,5.001371
5.302837,5.001371
5.303247,5.001371
5.303657,5.001371
5.304067,5.001371
5.304477,5.001371
5.304887,5.001371
5.305297,5.001371
5.305707,5.001371
5.306117,5.001371
5.306527,5.001371
5.306937,5.001371
5.307347,5.001371
5.307757,5.001371
5.308167,5.001371
5.308577,5.001371
5.308987,5.001371
5.309397,5.001371
5.309807,5.001371
5.310217,5.001371
5.310627,5.001371
5.311037,5.001371
5.311447,5.001371
5.311857,5.001371
5.312267,5.001371
5.312677,5.001371
5.313087,5.001371
5.313497,5.001371
5.313907,5.001371
5.314317,5.001371
5.314727,5.001371
5.315137,5.001371
5.315547,5.001371
5.315957,5.001371
5.316367,5.001371
5.316777,5.001371
5.317187,5.001371
5.317597,5.001371
5.318007,5.001371
5.318417,5.001371
5.318827,5.001371
5.319237,5.001371
5.319647,5.001371
5.320057,5.001371
5.320467,5.001371
5.320877,5.001371
5.321287,5.001371
5.321697,5.001371
5.322107,5.001371
5.322517,5.001371
5.322927,5.001371
5.323337,5.001371
5.323747,5.001371
5.324157,5.001371
5.324567,5.001371
5.324977,5.001371
5.325388,5.001371
5.325798,5.001371
5.326208,5.001371
5.326618,5.001371
5.327028,5.001371
5.327438,5.001371
5.327848,5.001371
5.328258,5.001371
5.328668,5.001371
5.329078,5.001371
5.329488,5.001371
5.329898,5.001371
5.330308,5.001371
5.330718,5.001371
5.331128,5.001371
5.331538,5.001371
5.331948,5.001371
5.332358,5.001371
5.332768,5.001371
5.333178,5.001371
5.333588,5.001371
5.333998,5.001371
5.334408,5.001371
5.334818,5.001371
5.335228,5.001371
5.335638,5.001371
5.336048,5.001371
5.336458,5.001371
5.336868,5.001371
5.337278,5.001371
5.337688,5.001371
5.338098,5.001371
5.338508,5.001371
5.338918,5.001371
5.339328,5.001371
5.339738,5.001371
5.340148,5.001371
5.340558,5.001371
5.340968,5.001371
5.341378,5.001371
5.341788,5.001371
5.342198,5.001371
5.342608,5.001371
5.343018,5.001371
5.343428,5.001371
5.343838,5.001371
5.344248,5.001371
5.344658,5.001371
5.345068,5.001371
5.345478,5.001371
5.345888,5.001371
5.346298,5.001371
5.346708,5.001371
5.347118,5.001371
5.347528,5.001371
5.347938,5.001371
5.348348,5.001371
5.348758,5.001371
5.349168,5.001371
5.349578,5.001371
5.349988,5.001371
5.350398,5.001371
5.350808,5.001371
5.351218,5.001371
5.351628,5.001371
5.352038,5.001371
5.352448,5.001371
5.352858,5.001371
5.353268,5.001371
5.353678,5.001371
5.354088,5.001371
5.354498,5.001371
5.354908,5.001371
5.355319,5.001371
5.355729,5.001371
5.356139,5.001371
5.356549,5.001371
5.356959,5.001371
5.357369,5.001371
5.357779,5.001371
5.358189,5.001371
5.358599,5.001371
5.359009,5.001371
5.359419,5.001371
5.359829,5.001371
5.360239,5.001371
5.360649,5.001371
5.361059,5.001371
5.361469,5.001371
5.361879,5.001371
5.362289,5.001371
5.362699,5.001371
5.363109,5.001371
5.363519,5.001371
5.363929,5.001371
5.364339,5.001371
5.364749,5.001371
5.365159,5.001371
5.365569,5.001371
5.365979,5.001371
5.366389,5.001371
5.366799,5.001371
5.367209,5.001371
5.367619,5.001371
5.368029,5.001371
5.368439,5.001371
5.368849,5.001371
5.369259,5.001371
5.369669,5.001371
5.370079,5.001371
5.370489,5.001371
5.370899,5.001371
5.371309,5.001371
5.371719,5.001371
5.372129,5.001371
5.372539,5.001371
5.372949,5.001371
5.373359,5.001371
5.373769,5.001371
5.374179,5.001371
5.374589,5.001371
5.374999,5.001371
5.375409,5.001371
5.375819,5.001371
5.376229,5.001371
5.376639,5.001371
5.377049,5.001371
5.377459,5.001371
5.377869,5.001371
5.378279,5.001371
5.378689,5.001371
5.379099,5.001371
5.379509,5.001371
5.379919,5.001371
5.380329,5.001371
5.380739,5.001371
5.381149,5.001371
5.381559,5.001371
5.381969,5.001371
5.382379,5.001371
5.382789,5.001371
5.383199,5.001371
5.383609,5.001371
5.384019,5.001371
5.384429,5.001371
5.384839,5.001371
5.385250,5.001371
5.385660,5.001371
5.386070,5.001371
5.386480,5.001371
5.386890,5.001371
5.387300,5.001371
5.387710,5.001371
5.388120,5.001371
5.388530,5.001371
5.388940,5.001371
5.389350,5.001371
5.389760,5.001371
5.390170,5.001371
5.390580,5.001371
5.390990,5.001371
5.391400,5.001371
5.391810,5.001371
5.392220,5.001371
5.392630,5.001371
5.393040,5.001371
5.393450,5.001371
5.393860,5.001371
5.394270,5.001371
5.394680,5.001371
5.395090,5.001371
5.395500,5.001371
5.395910,5.001371
5.396320,5.001371
5.396730,5.001371
5.397140,5.001371
5.397550,5.001371
5.397960,5.001371
5.398370,5.001371
5.398780,5.001371
5.399190,5.001371
5.399600,5.001371
5.400010,5.001371
5.400420,5.001371
5.400830,5.001371
5.401240,5.001371
5.401650,5.001371
5.402060,5.001371
5.402470,5.001371
5.402880,5.001371
5.403290,5.001371
5.403700,5.001371
5.404110,5.001371
5.404520,5.001371
5.404930,5.001371
5.405340,5.001371
5.405750,5.001371
5.406160,5.001371
5.406570,5.001371
5.406980,5.001371
5.407390,5.001371
5.407800,5.001371
5.408210,5.001371
5.408620,5.001371
5.409030,5.001371
5.409440,5.001371
5.409850,5.001371
5.410260,5.001371
5.410670,5.001371
5.411080,5.001371
5.411490,5.001371
5.411900,5.001371
5.412310,5.001371
5.412720,5.001371
5.413130,5.001371
5.413540,5.001371
5.413950,5.001371
5.414360,5.001371
5.414770,5.001371
5.415181,5.001371
5.415591,5.001371
5.416001,5.001371
5.416411,5.001371
5.416821,5.001371
5.417231,5.001371
5.417641,5.001371
5.418051,5.001371
5.418461,5.001371
5.418871,5.001371
5.419281,5.001371
5.419691,5.001371
5.420101,5.001371
5.420511,5.001371
5.420921,5.001371
5.421331,5.001371
5.421741,5.001371
5.422151,5.001371
5.422561,5.001371
5.422971,5.001371
5.423381,5.001371
5.423791,5.001371
5.424201,5.001371
5.424611,5.001371
5.425021,5.001371
5.425431,5.001371
5.425841,5.001371
5.426251,5.001371
5.426661,5.001371
5.427071,5.001371
5.427481,5.001371
5.427891,5.001371
5.428301,5.001371
5.428711,5.001371
5.429121,5.001371
5.429531,5.001371
5.429941,5.001371
5.430351,5.001371
5.430761,5.001371
5.431171,5.001371
5.431581,5.001371
5.431991,5.001371
5.432401,5.001371
5.432811,5.001371
5.433221,5.001371
5.433631,5.001371
5.434041,5.001371
5.434451,5.001371
5.434861,5.001371
5.435271,5.001371
5.435681,5.001371
5.436091,5.001371
5.436501,5.001371
5.436911,5.001371
5.437321,5.001371
5.437731,5.001371
5.438141,5.001371
5.438551,5.001371
5.438961,5.001371
5.439371,5.001371
5.439781,5.001371
5.440191,5.001371
5.440601,5.001371
5.441011,5.001371
5.441421,5.001371
5.441831,5.001371
5.442241,5.001371
5.442651,5.001371
5.443061,5.001371
5.443471,5.001371
5.443881,5.001371
5.444291,5.001371
5.444701,5.001371
5.445112,5.001371
5.445522,5.001371
5.445932,5.001371
5.446342,5.001371
5.446752,5.001371
5.447162,5.001371
5.447572,5.001371
5.447982,5.001371
5.448392,5.001371
5.448802,5.001371
5.449212,5.001371
5.449622,5.001371
5.450032,5.001371
5.450442,5.001371
5.450852,5.001371
5.451262,5.001371
5.451672,5.001371
5.452082,5.001371
5.452492,5.001371
5.452902,5.001371
5.453312,5.001371
5.453722,5.001371
5.454132,5.001371
5.454542,5.001371
5.454952,5.001371
5.455362,5.001371
5.455772,5.001371
5.456182,5.001371
5.456592,5.001371
5.457002,5.001371
5.457412,5.001371
5.457822,5.001371
5.458232,5.001371
5.458642,5.001371
5.459052,5.001371
5.459462,5.001371
5.459872,5.001371
5.460282,5.001371
5.460692,5.001371
5.461102,5.001371
5.461512,5.001371
5.461922,5.001371
5.462332,5.001371
5.462742,5.001371
5.463152,5.001371
5.463562,5.001371
5.463972,5.001371
5.464382,5.001371
5.464792,5.001371
5.465202,5.001371
5.465612,5.001371
5.466022,5.001371
5.466432,5.001371
5.466842,5.001371
5.467252,5.001371
5.467662,5.001371
5.468072,5.001371
5.468482,5.001371
5.468892,5.001371
5.469302,5.001371
5.469712,5.001371
5.470122,5.001371
5.470532,5.001371
5.470942,5.001371
5.471352,5.001371
5.471762,5.001371
5.472172,5.001371
5.472582,5.001371
5.472992,5.001371
5.473402,5.001371
5.473812,5.001371
5.474222,5.001371
5.474632,5.001371
5.475043,5.001371
5.475453,5.001371
5.475863,5.001371
5.476273,5.001371
5.476683,5.001371
5.477093,5.001371
5.477503,5.001371
5.477913,5.001371
5.478323,5.001371
5.478733,5.001371
5.479143,5.001371
5.479553,5.001371
5.479963,5.001371
5.480373,5.001371
5.480783,5.001371
5.481193,5.001371
5.481603,5.001371
5.482013,5.001371
5.482423,5.001371
5.482833,5.001371
5.483243,5.001371
5.483653,5.001371
5.484063,5.001371
5.484473,5.001371
5.484883,5.001371
5.485293,5.001371
5.485703,5.001371
5.486113,5.001371
5.486523,5.001371
5.486933,5.001371
5.487343,5.001371
5.487753,5.001371
5.488163,5.001371
5.488573,5.001371
5.488983,5.001371
5.489393,5.001371
5.489803,5.001371
5.490213,5.001371
5.490623,5.001371
5.491033,5.001371
5.491443,5.001371
5.491853,5.001371
5.492263,5.001371
5.492673,5.001371
5.493083,5.001371
5.493493,5.001371
5.493903,5.001371
5.494313,5.001371
5.494723,5.001371
5.495133,5.001371
5.495543,5.001371
5.495953,5.001371
5.496363,5.001371
5.496773,5.001371
5.497183,5.001371
5.497593,5.001371
5.498003,5.001371
5.498413,5.001371
5.498823,5.001371
5.499233,5.001371
5.499643,5.001371
5.500053,5.001371
5.500463,5.001371
5.500873,5.001371
5.501283,5.001371
5.501693,5.001371
5.502103,5.001371
5.502513,5.001371
5.502923,5.001371
5.503333,5.001371
5.503743,5.001371
5.504153,5.001371
5.504563,5.001371
5.504973,5.001371
5.505384,5.001371
5.505794,5.001371
5.506204,5.001371
5.506614,5.001371
5.507024,5.001371
5.507434,5.001371
5.507844,5.001371
5.508254,5.001371
5.508664,5.001371
5.509074,5.001371
5.509484,5.001371
5.509894,5.001371
5.510304,5.001371
5.510714,5.001371
5.511124,5.001371
5.511534,5.001371
5.511944,5.001371
5.512354,5.001371
5.512764,5.001371
5.513174,5.001371
5.513584,5.001371
5.513994,5.001371
5.514404,5.001371
5.514814,5.001371
5.515224,5.001371
5.515634,5.001371
5.516044,5.001371
5.516454,5.001371
5.516864,5.001371
5.517274,5.001371
5.517684,5.001371
5.518094,5.001371
5.518504,5.001371
5.518914,5.001371
5.519324,5.001371
5.519734,5.001371
5.520144,5.001371
5.520554,5.001371
5.520964,5.001371
5.521374,5.001371
5.521784,5.001371
5.522194,5.001371
5.522604,5.001371
5.523014,5.001371
5.523424,5.001371
5.523834,5.001371
5.524244,5.001371
5.524654,5.001371
5.525064,5.001371
5.525474,5.001371
5.525884,5.001371
5.526294,5.001371
5.526704,5.001371
5.527114,5.001371
5.527524,5.001371
5.527934,5.001371
5.528344,5.001371
5.528754,5.001371
5.529164,5.001371
5.529574,5.001371
5.529984,5.001371
5.530394,5.001371
5.530804,5.001371
5.531214,5.001371
5.531624,5.001371
5.532034,5.001371
5.532444,5.001371
5.532854,5.001371
5.533264,5.001371
5.533674,5.001371
5.534084,5.001371
5.534494,5.001371
5.534904,5.001371
5.535315,5.001371
5.535725,5.001371
5.536135,5.001371
5.536545,5.001371
5.536955,5.001371
5.537365,5.001371
5.537775,5.001371
5.538185,5.001371
5.538595,5.001371
5.539005,5.001371
5.539415,5.001371
5.539825,5.001371
5.540235,5.001371
5.540645,5.001371
5.541055,5.001371
5.541465,5.001371
5.541875,5.001371
5.542285,5.001371
5.542695,5.001371
5.543105,5.001371
5.543515,5.001371
5.543925,5.001371
5.544335,5.001371
5.544745,5.001371
5.545155,5.001371
5.545565,5.001371
5.545975,5.001371
5.546385,5.001371
5.546795,5.001371
5.547205,5.001371
5.547615,5.001371
5.548025,5.001371
5.548435,5.001371
5.548845,5.001371
5.549255,5.001371
5.549665,5.001371
5.550075,5.001371
5.550485,5.001371
5.550895,5.001371
5.551305,5.001371
5.551715,5.001371
5.552125,5.001371
5.552535,5.001371
5.552945,5.001371
5.553355,5.001371
5.553765,5.001371
5.554175,5.001371
5.554585,5.001371
5.554995,5.001371
5.555405,5.001371
5.555815,5.001371
5.556225,5.001371
5.556635,5.001371
5.557045,5.001371
5.557455,5.001371
5.557865,5.001371
5.558275,5.001371
5.558685,5.001371
5.559095,5.001371
5.559505,5.001371
5.559915,5.001371
5.560325,5.001371
5.560735,5.001371
5.561145,5.001371
5.561555,5.001371
5.561965,5.001371
5.562375,5.001371
5.562785,5.001371
5.563195,5.001371
5.563605,5.001371
5.564015,5.001371
5.564425,5.001371
5.564835,5.001371
5.565246,5.001371
5.565656,5.001371
5.566066,5.001371
5.566476,5.001371
5.566886,5.001371
5.567296,5.001371
5.567706,5.001371
5.568116,5.001371
5.568526,5.001371
5.568936,5.001371
5.569346,5.001371
5.569756,5.001371
5.570166,5.001371
5.570576,5.001371
5.570986,5.001371
5.571396,5.001371
5.571806,5.001371
5.572216,5.001371
5.572626,5.001371
5.573036,5.001371
5.573446,5.001371
5.573856,5.001371
5.574266,5.001371
5.574676,5.001371
5.575086,5.001371
5.575496,5.001371
5.575906,5.001371
5.576316,5.001371
5.576726,5.001371
5.577136,5.001371
5.577546,5.001371
5.577956,5.001371
5.578366,5.001371
5.578776,5.001371
5.579186,5.001371
5.579596,5.001371
5.580006,5.001371
5.580416,5.001371
5.580826,5.001371
5.581236,5.001371
5.581646,5.001371
5.582056,5.001371
5.582466,5.001371
5.582876,5.001371
5.583286,5.001371
5.583696,5.001371
5.584106,5.001371
5.584516,5.001371
5.584926,5.001371
5.585336,5.001371
5.585746,5.001371
5.586156,5.001371
5.586566,5.001371
5.586976,5.001371
5.587386,5.001371
5.587796,5.001371
5.588206,5.001371
5.588616,5.001371
5.589026,5.001371
5.589436,5.001371
5.589846,5.001371
5.590256,5.001371
5.590666,5.001371
5.591076,5.001371
5.591486,5.001371
5.591896,5.001371
5.592306,5.001371
5.592716,5.001371
5.593126,5.001371
5.593536,5.001371
5.593946,5.001371
5.594356,5.001371
5.594766,5.001371
5.595177,5.001371
5.595587,5.001371
5.595997,5.001371
5.596407,5.001371
5.596817,5.001371
5.597227,5.001371
5.597637,5.001371
5.598047,5.001371
5.598457,5.001371
5.598867,5.001371
5.599277,5.001371
5.599687,5.001371
5.600097,5.001371
5.600507,5.001371
5.600917,5.001371
5.601327,5.001371
5.601737,5.001371
5.602147,5.001371
5.602557,5.001371
5.602967,5.001371
5.603377,5.001371
5.603787,5.001371
5.604197,5.001371
5.604607,5.001371
5.605017,5.001371
5.605427,5.001371
5.605837,5.001371
5.606247,5.001371
5.606657,5.001371
5.607067,5.001371
5.607477,5.001371
5.607887,5.001371
5.608297,5.001371
5.608707,5.001371
5.609117,5.001371
5.609527,5.001371
5.609937,5.001371
5.610347,5.001371
5.610757,5.001371
5.611167,5.001371
5.611577,5.001371
5.611987,5.001371
5.612397,5.001371
5.612807,5.001371
5.613217,5.001371
5.613627,5.001371
5.614037,5.001371
5.614447,5.001371
5.614857,5.001371
5.615267,5.001371
5.615677,5.001371
5.616087,5.001371
5.616497,5.001371
5.616907,5.001371
5.617317,5.001371
5.617727,5.001371
5.618137,5.001371
5.618547,5.001371
5.618957,5.001371
5.619367,5.001371
5.619777,5.001371
5.620187,5.001371
5.620597,5.001371
5.621007,5.001371
5.621417,5.001371
5.621827,5.001371
5.622237,5.001371
5.622647,5.001371
5.623057,5.001371
5.623467,5.001371
5.623877,5.001371
5.624287,5.001371
5.624697,5.001371
5.625108,5.001371
5.625518,5.001371
5.625928,5.001371
5.626338,5.001371
5.626748,5.001371
5.627158,5.001371
5.627568,5.001371
5.627978,5.001371
5.628388,5.001371
5.628798,5.001371
5.629208,5.001371
5.629618,5.001371
5.630028,5.001371
5.630438,5.001371
5.630848,5.001371
5.631258,5.001371
5.631668,5.001371
5.632078,5.001371
5.632488,5.001371
5.632898,5.001371
5.633308,5.001371
5.633718,5.001371
5.634128,5.001371
5.634538,5.001371
5.634948,5.001371
5.635358,5.001371
5.635768,5.001371
5.636178,5.001371
5.636588,5.001371
5.636998,5.001371
5.637408,5.001371
5.637818,5.001371
5.638228,5.001371
5.638638,5.001371
5.639048,5.001371
5.639458,5.001371
5.639868,5.001371
5.640278,5.001371
5.640688,5.001371
5.641098,5.001371
5.641508,5.001371
5.641918,5.001371
5.642328,5.001371
5.642738,5.001371
5.643148,5.001371
5.643558,5.001371
5.643968,5.001371
5.644378,5.001371
5.644788,5.001371
5.645198,5.001371
5.645608,5.001371
5.646018,5.001371
5.646428,5.001371
5.646838,5.001371
5.647248,5.001371
5.647658,5.001371
5.648068,5.001371
5.648478,5.001371
5.648888,5.001371
5.649298,5.001371
5.649708,5.001371
5.650118,5.001371
5.650528,5.001371
5.650938,5.001371
5.651348,5.001371
5.651758,5.001371
5.652168,5.001371
5.652578,5.001371
5.652988,5.001371
5.653398,5.001371
5.653808,5.001371
5.654218,5.001371
5.654628,5.001371
5.655039,5.001371
5.655449,5.001371
5.655859,5.001371
5.656269,5.001371
5.656679,5.001371
5.657089,5.001371
5.657499,5.001371
5.657909,5.001371
5.658319,5.001371
5.658729,5.001371
5.659139,5.001371
5.659549,5.001371
5.659959,5.001371
5.660369,5.001371
5.660779,5.001371
5.661189,5.001371
5.661599,5.001371
5.662009,5.001371
5.662419,5.001371
5.662829,5.001371
5.663239,5.001371
5.663649,5.001371
5.664059,5.001371
5.664469,5.001371
5.664879,5.001371
5.665289,5.001371
5.665699,5.001371
5.666109,5.001371
5.666519,5.001371
5.666929,5.001371
5.667339,5.001371
5.667749,5.001371
5.668159,5.001371
5.668569,5.001371
5.668979,5.001371
5.669389,5.001371
5.669799,5.001371
5.670209,5.001371
5.670619,5.001371
5.671029,5.001371
5.671439,5.001371
5.671849,5.001371
5.672259,5.001371
5.672669,5.001371
5.673079,5.001371
5.673489,5.001371
5.673899,5.001371
5.674309,5.001371
5.674719,5.001371
5.675129,5.001371
5.675539,5.001371
5.675949,5.001371
5.676359,5.001371
5.676769,5.001371
5.677179,5.001371
5.677589,5.001371
5.677999,5.001371
5.678409,5.001371
5.678819,5.001371
5.679229,5.001371
5.679639,5.001371
5.680049,5.001371
5.680459,5.001371
5.680869,5.001371
5.681279,5.001371
5.681689,5.001371
5.682099,5.001371
5.682509,5.001371
5.682919,5.001371
5.683329,5.001371
5.683739,5.001371
5.684149,5.001371
5.684559,5.001371
5.684969,5.001371
5.685380,5.001371
5.685790,5.001371
5.686200,5.001371
5.686610,5.001371
5.687020,5.001371
5.687430,5.001371
5.687840,5.001371
5.688250,5.001371
5.688660,5.001371
5.689070,5.001371
5.689480,5.001371
5.689890,5.001371
5.690300,5.001371
5.690710,5.001371
5.691120,5.001371
5.691530,5.001371
5.691940,5.001371
5.692350,5.001371
5.692760,5.001371
5.693170,5.001371
5.693580,5.001371
5.693990,5.001371
5.694400,5.001371
5.694810,5.001371
5.695220,5.001371
5.695630,5.001371
5.696040,5.001371
5.696450,5.001371
5.696860,5.001371
5.697270,5.001371
5.697680,5.001371
5.698090,5.001371
5.698500,5.001371
5.698910,5.001371
5.699320,5.001371
5.699730,5.001371
5.700140,5.001371
5.700550,5.001371
5.700960,5.001371
5.701370,5.001371
5.701780,5.001371
5.702190,5.001371
5.702600,5.001371
5.703010,5.001371
5.703420,5.001371
5.703830,5.001371
5.704240,5.001371
5.704650,5.001371
5.705060,5.001371
5.705470,5.001371
5.705880,5.001371
5.706290,5.001371
5.706700,5.001371
5.707110,5.001371
5.707520,5.001371
5.707930,5.001371
5.708340,5.001371
5.708750,5.001371
5.709160,5.001371
5.709570,5.001371
5.709980,5.001371
5.710390,5.001371
5.710800,5.001371
5.711210,5.001371
5.711620,5.001371
5.712030,5.001371
5.712440,5.001371
5.712850,5.001371
5.713260,5.001371
5.713670,5.001371
5.714080,5.001371
5.714490,5.001371
5.714900,5.001371
5.715311,5.001371
5.715721,5.001371
5.716131,5.001371
5.716541,5.001371
5.716951,5.001371
5.717361,5.001371
5.717771,5.001371
5.718181,5.001371
5.718591,5.001371
5.719001,5.001371
5.719411,5.001371
5.719821,5.001371
5.720231,5.001371
5.720641,5.001371
5.721051,5.001371
5.721461,5.001371
5.721871,5.001371
5.722281,5.001371
5.722691,5.001371
5.723101,5.001371
5.723511,5.001371
5.723921,5.001371
5.724331,5.001371
5.724741,5.001371
5.725151,5.001371
5.725561,5.001371
5.725971,5.001371
5.726381,5.001371
5.726791,5.001371
5.727201,5.001371
5.727611,5.001371
5.728021,5.001371
5.728431,5.001371
5.728841,5.001371
5.729251,5.001371
5.729661,5.001371
5.730071,5.001371
5.730481,5.001371
5.730891,5.001371
5.731301,5.001371
5.731711,5.001371
5.732121,5.001371
5.732531,5.001371
5.732941,5.001371
5.733351,5.001371
5.733761,5.001371
5.734171,5.001371
5.734581,5.001371
5.734991,5.001371
5.735401,5.001371
5.735811,5.001371
5.736221,5.001371
5.736631,5.001371
5.737041,5.001371
5.737451,5.001371
5.737861,5.001371
5.738271,5.001371
5.738681,5.001371
5.739091,5.001371
5.739501,5.001371
5.739911,5.001371
5.740321,5.001371
5.740731,5.001371
5.741141,5.001371
5.741551,5.001371
5.741961,5.001371
5.742371,5.001371
5.742781,5.001371
5.743191,5.001371
5.743601,5.001371
5.744011,5.001371
5.744421,5.001371
5.744831,5.001371
5.745242,5.001371
5.745652,5.001371
5.746062,5.001371
5.746472,5.001371
5.746882,5.001371
5.747292,5.001371
5.747702,5.001371
5.748112,5.001371
5.748522,5.001371
5.748932,5.001371
5.749342,5.001371
5.749752,5.001371
5.750162,5.001371
5.750572,5.001371
5.750982,5.001371
5.751392,5.001371
5.751802,5.001371
5.752212,5.001371
5.752622,5.001371
5.753032,5.001371
5.753442,5.001371
5.753852,5.001371
5.754262,5.001371
5.754672,5.001371
5.755082,5.001371
5.755492,5.001371
5.755902,5.001371
5.756312,5.001371
5.756722,5.001371
5.757132,5.001371
5.757542,5.001371
5.757952,5.001371
5.758362,5.001371
5.758772,5.001371
5.759182,5.001371
5.759592,5.001371
5.760002,5.001371
5.760412,5.001371
5.760822,5.001371
5.761232,5.001371
5.761642,5.001371
5.762052,5.001371
5.762462,5.001371
5.762872,5.001371
5.763282,5.001371
5.763692,5.001371
5.764102,5.001371
5.764512,5.001371
5.764922,5.001371
5.765332,5.001371
5.765742,5.001371
5.766152,5.001371
5.766562,5.001371
5.766972,5.001371
5.767382,5.001371
5.767792,5.001371
5.768202,5.001371
5.768612,5.001371
5.769022,5.001371
5.769432,5.001371
5.769842,5.001371
5.770252,5.001371
5.770662,5.001371
5.771072,5.001371
5.771482,5.001371
5.771892,5.001371
5.772302,5.001371
5.772712,5.001371
5.773122,5.001371
5.773532,5.001371
5.773942,5.001371
5.774352,5.001371
5.774762,5.001371
5.775173,5.001371
5.775583,5.001371
5.775993,5.001371
5.776403,5.001371
5.776813,5.001371
5.777223,5.001371
5.777633,5.001371
5.778043,5.001371
5.778453,5.001371
5.778863,5.001371
5.779273,5.001371
5.779683,5.001371
5.780093,5.001371
5.780503,5.001371
5.780913,5.001371
5.781323,5.001371
5.781733,5.001371
5.782143,5.001371
5.782553,5.001371
5.782963,5.001371
5.783373,5.001371
5.783783,5.001371
5.784193,5.001371
5.784603,5.001371
5.785013,5.001371
5.785423,5.001371
5.785833,5.001371
5.786243,5.001371
5.786653,5.001371
5.787063,5.001371
5.787473,5.001371
5.787883,5.001371
5.788293,5.001371
5.788703,5.001371
5.789113,5.001371
5.789523,5.001371
5.789933,5.001371
5.790343,5.001371
5.790753,5.001371
5.791163,5.001371
5.791573,5.001371
5.791983,5.001371
5.792393,5.001371
5.792803,5.001371
5.793213,5.001371
5.793623,5.001371
5.794033,5.001371
5.794443,5.001371
5.794853,5.001371
5.795263,5.001371
5.795673,5.001371
5.796083,5.001371
5.796493,5.001371
5.796903,5.001371
5.797313,5.001371
5.797723,5.001371
5.798133,5.001371
5.798543,5.001371
5.798953,5.001371
5.799363,5.001371
5.799773,5.001371
5.800183,5.001371
5.800593,5.001371
5.801003,5.001371
5.801413,5.001371
5.801823,5.001371
5.802233,5.001371
5.802643,5.001371
5.803053,5.001371
5.803463,5.001371
5.803873,5.001371
5.804283,5.001371
5.804693,5.001371
5.805104,5.001371
5.805514,5.001371
5.805924,5.001371
5.806334,5.001371
5.806744,5.001371
5.807154,5.001371
5.807564,5.001371
5.807974,5.001371
5.808384,5.001371
5.808794,5.001371
5.809204,5.001371
5.809614,5.001371
5.810024,5.001371
5.810434,5.001371
5.810844,5.001371
5.811254,5.001371
5.811664,5.001371
5.812074,5.001371
5.812484,5.001371
5.812894,5.001371
5.813304,5.001371
5.813714,5.001371
5.814124,5.001371
5.814534,5.001371
5.814944,5.001371
5.815354,5.001371
5.815764,5.001371
5.816174,5.001371
5.816584,5.001371
5.816994,5.001371
5.817404,5.001371
5.817814,5.001371
5.818224,5.001371
5.818634,5.001371
5.819044,5.001371
5.819454,5.001371
5.819864,5.001371
5.820274,5.001371
5.820684,5.001371
5.821094,5.001371
5.821504,5.001371
5.821914,5.001371
5.822324,5.001371
5.822734,5.001371
5.823144,5.001371
5.823554,5.001371
5.823964,5.001371
5.824374,5.001371
5.824784,5.001371
5.825194,5.001371
5.825604,5.001371
5.826014,5.001371
5.826424,5.001371
5.826834,5.001371
5.827244,5.001371
5.827654,5.001371
5.828064,5.001371
5.828474,5.001371
5.828884,5.001371
5.829294,5.001371
5.829704,5.001371
5.830114,5.001371
5.830524,5.001371
5.830934,5.001371
5.831344,5.001371
5.831754,5.001371
5.832164,5.001371
5.832574,5.001371
5.832984,5.001371
5.833394,5.001371
5.833804,5.001371
5.834214,5.001371
5.834624,5.001371
5.835035,5.001371
5.835445,5.001371
5.835855,5.001371
5.836265,5.001371
5.836675,5.001371
5.837085,5.001371
5.837495,5.001371
5.837905,5.001371
5.838315,5.001371
5.838725,5.001371
5.839135,5.001371
5.839545,5.001371
5.839955,5.001371
5.840365,5.001371
5.840775,5.001371
5.841185,5.001371
5.841595,5.001371
5.842005,5.001371
5.842415,5.001371
5.842825,5.001371
5.843235,5.001371
5.843645,5.001371
5.844055,5.001371
5.844465,5.001371
5.844875,5.001371
5.845285,5.001371
5.845695,5.001371
5.846105,5.001371
5.846515,5.001371
5.846925,5.001371
5.847335,5.001371
5.847745,5.001371
5.848155,5.001371
5.848565,5.001371
5.848975,5.001371
5.849385,5.001371
5.849795,5.001371
5.850205,5.001371
5.850615,5.001371
5.851025,5.001371
5.851435,5.001371
5.851845,5.001371
5.852255,5.001371
5.852665,5.001371
5.853075,5.001371
5.853485,5.001371
5.853895,5.001371
5.854305,5.001371
5.854715,5.001371
5.855125,5.001371
5.855535,5.001371
5.855945,5.001371
5.856355,5.001371
5.856765,5.001371
5.857175,5.001371
5.857585,5.001371
5.857995,5.001371
5.858405,5.001371
5.858815,5.001371
5.859225,5.001371
5.859635,5.001371
5.860045,5.001371
5.860455,5.001371
5.860865,5.001371
5.861275,5.001371
5.861685,5.001371
5.862095,5.001371
5.862505,5.001371
5.862915,5.001371
5.863325,5.001371
5.863735,5.001371
5.864145,5.001371
5.864555,5.001371
5.864965,5.001371
5.865376,5.001371
5.865786,5.001371
5.866196,5.001371
5.866606,5.001371
5.867016,5.001371
5.867426,5.001371
5.867836,5.001371
5.868246,5.001371
5.868656,5.001371
5.869066,5.001371
5.869476,5.001371
5.869886,5.001371
5.870296,5.001371
5.870706,5.001371
5.871116,5.001371
5.871526,5.001371
5.871936,5.001371
5.872346,5.001371
5.872756,5.001371
5.873166,5.001371
5.873576,5.001371
5.873986,5.001371
5.874396,5.001371
5.874806,5.001371
5.875216,5.001371
5.875626,5.001371
5.876036,5.001371
5.876446,5.001371
5.876856,5.001371
5.877266,5.001371
5.877676,5.001371
5.878086,5.001371
5.878496,5.001371
5.878906,5.001371
5.879316,5.001371
5.879726,5.001371
5.880136,5.001371
5.880546,5.001371
5.880956,5.001371
5.881366,5.001371
5.881776,5.001371
5.882186,5.001371
5.882596,5.001371
5.883006,5.001371
5.883416,5.001371
5.883826,5.001371
5.884236,5.001371
5.884646,5.001371
5.885056,5.001371
5.885466,5.001371
5.885876,5.001371
5.886286,5.001371
5.886696,5.001371
5.887106,5.001371
5.887516,5.001371
5.887926,5.001371
5.888336,5.001371
5.888746,5.001371
5.889156,5.001371
5.889566,5.001371
5.889976,5.001371
5.890386,5.001371
5.890796,5.001371
5.891206,5.001371
5.891616,5.001371
5.892026,5.001371
5.892436,5.001371
5.892846,5.001371
5.893256,5.001371
5.893666,5.001371
5.894076,5.001371
5.894486,5.001371
5.894896,5.001371
5.895307,5.001371
5.895717,5.001371
5.896127,5.001371
5.896537,5.001371
5.896947,5.001371
5.897357,5.001371
5.897767,5.001371
5.898177,5.001371
5.898587,5.001371
5.898997,5.001371
5.899407,5.001371
5.899817,5.001371
5.900227,5.001371
5.900637,5.001371
5.901047,5.001371
5.901457,5.001371
5.901867,5.001371
5.902277,5.001371
5.902687,5.001371
5.903097,5.001371
5.903507,5.001371
5.903917,5.001371
5.904327,5.001371
5.904737,5.001371
5.905147,5.001371
5.905557,5.001371
5.905967,5.001371
5.906377,5.001371
5.906787,5.001371
5.907197,5.001371
5.907607,5.001371
5.908017,5.001371
5.908427,5.001371
5.908837,5.001371
5.909247,5.001371
5.909657,5.001371
5.910067,5.001371
5.910477,5.001371
5.910887,5.001371
5.911297,5.001371
5.911707,5.001371
5.912117,5.001371
5.912527,5.001371
5.912937,5.001371
5.913347,5.001371
5.913757,5.001371
5.914167,5.001371
5.914577,5.001371
5.914987,5.001371
5.915397,5.001371
5.915807,5.001371
5.916217,5.001371
5.916627,5.001371
5.917037,5.001371
5.917447,5.001371
5.917857,5.001371
5.918267,5.001371
5.918677,5.001371
5.919087,5.001371
5.919497,5.001371
5.919907,5.001371
5.920317,5.001371
5.920727,5.001371
5.921137,5.001371
5.921547,5.001371
5.921957,5.001371
5.922367,5.001371
5.922777,5.001371
5.923187,5.001371
5.923597,5.001371
5.924007,5.001371
5.924417,5.001371
5.924827,5.001371
5.925238,5.001371
5.925648,5.001371
5.926058,5.001371
5.926468,5.001371
5.926878,5.001371
5.927288,5.001371
5.927698,5.001371
5.928108,5.001371
5.928518,5.001371
5.928928,5.001371
5.929338,5.001371
5.929748,5.001371
5.930158,5.001371
5.930568,5.001371
5.930978,5.001371
5.931388,5.001371
5.931798,5.001371
5.932208,5.001371
5.932618,5.001371
5.933028,5.001371
5.933438,5.001371
5.933848,5.001371
5.934258,5.001371
5.934668,5.001371
5.935078,5.001371
5.935488,5.001371
5.935898,5.001371
5.936308,5.001371
5.936718,5.001371
5.937128,5.001371
5.937538,5.001371
5.937948,5.001371
5.938358,5.001371
5.938768,5.001371
5.939178,5.001371
5.939588,5.001371
5.939998,5.001371
5.940408,5.001371
5.940818,5.001371
5.941228,5.001371
5.941638,5.001371
5.942048,5.001371
5.942458,5.001371
5.942868,5.001371
5.943278,5.001371
5.943688,5.001371
5.944098,5.001371
5.944508,5.001371
5.944918,5.001371
5.945328,5.001371
5.945738,5.001371
5.946148,5.001371
5.946558,5.001371
5.946968,5.001371
5.947378,5.001371
5.947788,5.001371
5.948198,5.001371
5.948608,5.001371
5.949018,5.001371
5.949428,5.001371
5.949838,5.001371
5.950248,5.001371
5.950658,5.001371
5.951068,5.001371
5.951478,5.001371
5.951888,5.001371
5.952298,5.001371
5.952708,5.001371
5.953118,5.001371
5.953528,5.001371
5.953938,5.001371
5.954348,5.001371
5.954758,5.001371
5.955169,5.001371
5.955579,5.001371
5.955989,5.001371
5.956399,5.001371
5.956809,5.001371
5.957219,5.001371
5.957629,5.001371
5.958039,5.001371
5.958449,5.001371
5.958859,5.001371
5.959269,5.001371
5.959679,5.001371
5.960089,5.001371
5.960499,5.001371
5.960909,5.001371
5.961319,5.001371
5.961729,5.001371
5.962139,5.001371
5.962549,5.001371
5.962959,5.001371
5.963369,5.001371
5.963779,5.001371
5.964189,5.001371
5.964599,5.001371
5.965009,5.001371
5.965419,5.001371
5.965829,5.001371
5.966239,5.001371
5.966649,5.001371
5.967059,5.001371
5.967469,5.001371
5.967879,5.001371
5.968289,5.001371
5.968699,5.001371
5.969109,5.001371
5.969519,5.001371
5.969929,5.001371
5.970339,5.001371
5.970749,5.001371
5.971159,5.001371
5.971569,5.001371
5.971979,5.001371
5.972389,5.001371
5.972799,5.001371
5.973209,5.001371
5.973619,5.001371
5.974029,5.001371
5.974439,5.001371
5.974849,5.001371
5.975259,5.001371
5.975669,5.001371
5.976079,5.001371
5.976489,5.001371
5.976899,5.001371
5.977309,5.001371
5.977719,5.001371
5.978129,5.001371
5.978539,5.001371
5.978949,5.001371
5.979359,5.001371
5.979769,5.001371
5.980179,5.001371
5.980589,5.001371
5.980999,5.001371
5.981409,5.001371
5.981819,5.001371
5.982229,5.001371
5.982639,5.001371
5.983049,5.001371
5.983459,5.001371
5.983869,5.001371
5.984279,5.001371
5.984689,5.001371
5.985100,5.001371
5.985510,5.001371
5.985920,5.001371
5.986330,5.001371
5.986740,5.001371
5.987150,5.001371
5.987560,5.001371
5.987970,5.001371
5.988380,5.001371
5.988790,5.001371
5.989200,5.001371
5.989610,5.001371
5.990020,5.001371
5.990430,5.001371
5.990840,5.001371
5.991250,5.001371
5.991660,5.001371
5.992070,5.001371
5.992480,5.001371
5.992890,5.001371
5.993300,5.001371
5.993710,5.001371
5.994120,5.001371
5.994530,5.001371
5.994940,5.001371
5.995350,5.001371
5.995760,5.001371
5.996170,5.001371
5.996580,5.001371
5.996990,5.001371
5.997400,5.001371
5.997810,5.001371
5.998220,5.001371
5.998630,5.001371
5.999040,5.001371
5.999450,5.001371
5.999860,5.001371
6.000270,5.001371
6.000680,5.001371
6.001090,5.001371
6.001500,5.001371
6.001910,5.001371
6.002320,5.001371
6.002730,5.001371
6.003140,5.001371
6.003550,5.001371
6.003960,5.001371
6.004370,5.001371
6.004780,5.001371
6.005190,5.001371
6.005600,5.001371
6.006010,5.001371
6.006420,5.001371
6.006830,5.001371
6.007240,5.001371
6.007650,5.001371
6.008060,5.001371
6.008470,5.001371
6.008880,5.001371
6.009290,5.001371
6.009700,5.001371
6.010110,5.001371
6.010520,5.001371
6.010930,5.001371
6.011340,5.001371
6.011750,5.001371
6.012160,5.001371
6.012570,5.001371
6.012980,5.001371
6.013390,5.001371
6.013800,5.001371
6.014210,5.001371
6.014620,5.001371
6.015031,5.001371
6.015441,5.001371
6.015851,5.001371
6.016261,5.001371
6.016671,5.001371
6.017081,5.001371
6.017491,5.001371
6.017901,5.001371
6.018311,5.001371
6.018721,5.001371
6.019131,5.001371
6.019541,5.001371
6.019951,5.001371
6.020361,5.001371
6.020771,5.001371
6.021181,5.001371
6.021591,5.001371
6.022001,5.001371
6.022411,5.001371
6.022821,5.001371
6.023231,5.001371
6.023641,5.001371
6.024051,5.001371
6.024461,5.001371
6.024871,5.001371
6.025281,5.001371
6.025691,5.001371
6.026101,5.001371
6.026511,5.001371
6.026921,5.001371
6.027331,5.001371
6.027741,5.001371
6.028151,5.001371
6.028561,5.001371
6.028971,5.001371
6.029381,5.001371
6.029791,5.001371
6.030201,5.001371
6.030611,5.001371
6.031021,5.001371
6.031431,5.001371
6.031841,5.001371
6.032251,5.001371
6.032661,5.001371
6.033071,5.001371
6.033481,5.001371
6.033891,5.001371
6.034301,5.001371
6.034711,5.001371
6.035121,5.001371
6.035531,5.001371
6.035941,5.001371
6.036351,5.001371
6.036761,5.001371
6.037171,5.001371
6.037581,5.001371
6.037991,5.001371
6.038401,5.001371
6.038811,5.001371
6.039221,5.001371
6.039631,5.001371
6.040041,5.001371
6.040451,5.001371
6.040861,5.001371
6.041271,5.001371
6.041681,5.001371
6.042091,5.001371
6.042501,5.001371
6.042911,5.001371
6.043321,5.001371
6.043731,5.001371
6.044141,5.001371
6.044551,5.001371
6.044961,5.001371
6.045372,5.001371
6.045782,5.001371
6.046192,5.001371
6.046602,5.001371
6.047012,5.001371
6.047422,5.001371
6.047832,5.001371
6.048242,5.001371
6.048652,5.001371
6.049062,5.001371
6.049472,5.001371
6.049882,5.001371
6.050292,5.001371
6.050702,5.001371
6.051112,5.001371
6.051522,5.001371
6.051932,5.001371
6.052342,5.001371
6.052752,5.001371
6.053162,5.001371
6.053572,5.001371
6.053982,5.001371
6.054392,5.001371
6.054802,5.001371
6.055212,5.001371
6.055622,5.001371
6.056032,5.001371
6.056442,5.001371
6.056852,5.001371
6.057262,5.001371
6.057672,5.001371
6.058082,5.001371
6.058492,5.001371
6.058902,5.001371
6.059312,5.001371
6.059722,5.001371
6.060132,5.001371
6.060542,5.001371
6.060952,5.001371
6.061362,5.001371
6.061772,5.001371
6.062182,5.001371
6.062592,5.001371
6.063002,5.001371
6.063412,5.001371
6.063822,5.001371
6.064232,5.001371
6.064642,5.001371
6.065052,5.001371
6.065462,5.001371
6.065872,5.001371
6.066282,5.001371
6.066692,5.001371
6.067102,5.001371
6.067512,5.001371
6.067922,5.001371
6.068332,5.001371
6.068742,5.001371
6.069152,5.001371
6.069562,5.001371
6.069972,5.001371
6.070382,5.001371
6.070792,5.001371
6.071202,5.001371
6.071612,5.001371
6.072022,5.001371
6.072432,5.001371
6.072842,5.001371
6.073252,5.001371
6.073662,5.001371
6.074072,5.001371
6.074482,5.001371
6.074892,5.001371
6.075303,5.001371
6.075713,5.001371
6.076123,5.001371
6.076533,5.001371
6.076943,5.001371
6.077353,5.001371
6.077763,5.001371
6.078173,5.001371
6.078583,5.001371
6.078993,5.001371
6.079403,5.001371
6.079813,5.001371
6.080223,5.001371
6.080633,5.001371
6.081043,5.001371
6.081453,5.001371
6.081863,5.001371
6.082273,5.001371
6.082683,5.001371
6.083093,5.001371
6.083503,5.001371
6.083913,5.001371
6.084323,5.001371
6.084733,5.001371
6.085143,5.001371
6.085553,5.001371
6.085963,5.001371
6.086373,5.001371
6.086783,5.001371
6.087193,5.001371
6.087603,5.001371
6.088013,5.001371
6.088423,5.001371
6.088833,5.001371
6.089243,5.001371
6.089653,5.001371
6.090063,5.001371
6.090473,5.001371
6.090883,5.001371
6.091293,5.001371
6.091703,5.001371
6.092113,5.001371
6.092523,5.001371
6.092933,5.001371
6.093343,5.001371
6.093753,5.001371
6.094163,5.001371
6.094573,5.001371
6.094983,5.001371
6.095393,5.001371
6.095803,5.001371
6.096213,5.001371
6.096623,5.001371
6.097033,5.001371
6.097443,5.001371
6.097853,5.001371
6.098263,5.001371
6.098673,5.001371
6.099083,5.001371
6.099493,5.001371
6.099903,5.001371
6.100313,5.001371
6.100723,5.001371
6.101133,5.001371
6.101543,5.001371
6.101953,5.001371
6.102363,5.001371
6.102773,5.001371
6.103183,5.001371
6.103593,5.001371
6.104003,5.001371
6.104413,5.001371
6.104823,5.001371
6.105234,5.001371
6.105644,5.001371
6.106054,5.001371
6.106464,5.001371
6.106874,5.001371
6.107284,5.001371
6.107694,5.001371
6.108104,5.001371
6.108514,5.001371
6.108924,5.001371
6.109334,5.001371
6.109744,5.001371
6.110154,5.001371
6.110564,5.001371
6.110974,5.001371
6.111384,5.001371
6.111794,5.001371
6.112204,5.001371
6.112614,5.001371
6.113024,5.001371
6.113434,5.001371
6.113844,5.001371
6.114254,5.001371
6.114664,5.001371
6.115074,5.001371
6.115484,5.001371
6.115894,5.001371
6.116304,5.001371
6.116714,5.001371
6.117124,5.001371
6.117534,5.001371
6.117944,5.001371
6.118354,5.001371
6.118764,5.001371
6.119174,5.001371
6.119584,5.001371
6.119994,5.001371
6.120404,5.001371
6.120814,5.001371
6.121224,5.001371
6.121634,5.001371
6.122044,5.001371
6.122454,5.001371
6.122864,5.001371
6.123274,5.001371
6.123684,5.001371
6.124094,5.001371
6.124504,5.001371
6.124914,5.001371
6.125324,5.001371
6.125734,5.001371
6.126144,5.001371
6.126554,5.001371
6.126964,5.001371
6.127374,5.001371
6.127784,5.001371
6.128194,5.001371
6.128604,5.001371
6.129014,5.001371
6.129424,5.001371
6.129834,5.001371
6.130244,5.001371
6.130654,5.001371
6.131064,5.001371
6.131474,5.001371
6.131884,5.001371
6.132294,5.001371
6.132704,5.001371
6.133114,5.001371
6.133524,5.001371
6.133934,5.001371
6.134344,5.001371
6.134754,5.001371
6.135165,5.001371
6.135575,5.001371
6.135985,5.001371
6.136395,5.001371
6.136805,5.001371
6.137215,5.001371
6.137625,5.001371
6.138035,5.001371
6.138445,5.001371
6.138855,5.001371
6.139265,5.001371
6.139675,5.001371
6.140085,5.001371
6.140495,5.001371
6.140905,5.001371
6.141315,5.001371
6.141725,5.001371
6.142135,5.001371
6.142545,5.001371
6.142955,5.001371
6.143365,5.001371
6.143775,5.001371
6.144185,5.001371
6.144595,5.001371
6.145005,5.001371
6.145415,5.001371
6.145825,5.001371
6.146235,5.001371
6.146645,5.001371
6.147055,5.001371
6.147465,5.001371
6.147875,5.001371
6.148285,5.001371
6.148695,5.001371
6.149105,5.001371
6.149515,5.001371
6.149925,5.001371
6.150335,5.001371
6.150745,5.001371
6.151155,5.001371
6.151565,5.001371
6.151975,5.001371
6.152385,5.001371
6.152795,5.001371
6.153205,5.001371
6.153615,5.001371
6.154025,5.001371
6.154435,5.001371
6.154845,5.001371
6.155255,5.001371
6.155665,5.001371
6.156075,5.001371
6.156485,5.001371
6.156895,5.001371
6.157305,5.001371
6.157715,5.001371
6.158125,5.001371
6.158535,5.001371
6.158945,5.001371
6.159355,5.001371
6.159765,5.001371
6.160175,5.001371
6.160585,5.001371
6.160995,5.001371
6.161405,5.001371
6.161815,5.001371
6.162225,5.001371
6.162635,5.001371
6.163045,5.001371
6.163455,5.001371
6.163865,5.001371
6.164275,5.001371
6.164685,5.001371
6.165096,5.001371
6.165506,5.001371
6.165916,5.001371
6.166326,5.001371
6.166736,5.001371
6.167146,5.001371
6.167556,5.001371
6.167966,5.001371
6.168376,5.001371
6.168786,5.001371
6.169196,5.001371
6.169606,5.001371
6.170016,5.001371
6.170426,5.001371
6.170836,5.001371
6.171246,5.001371
6.171656,5.001371
6.172066,5.001371
6.172476,5.001371
6.172886,5.001371
6.173296,5.001371
6.173706,5.001371
6.174116,5.001371
6.174526,5.001371
6.174936,5.001371
6.175346,5.001371
6.175756,5.001371
6.176166,5.001371
6.176576,5.001371
6.176986,5.001371
6.177396,5.001371
6.177806,5.001371
6.178216,5.001371
6.178626,5.001371
6.179036,5.001371
6.179446,5.001371
6.179856,5.001371
6.180266,5.001371
6.180676,5.001371
6.181086,5.001371
6.181496,5.001371
6.181906,5.001371
6.182316,5.001371
6.182726,5.001371
6.183136,5.001371
6.183546,5.001371
6.183956,5.001371
6.184366,5.001371
6.184776,5.001371
6.185186,5.001371
6.185596,5.001371
6.186006,5.001371
6.186416,5.001371
6.186826,5.001371
6.187236,5.001371
6.187646,5.001371
6.188056,5.001371
6.188466,5.001371
6.188876,5.001371
6.189286,5.001371
6.189696,5.001371
6.190106,5.001371
6.190516,5.001371
6.190926,5.001371
6.191336,5.001371
6.191746,5.001371
6.192156,5.001371
6.192566,5.001371
6.192976,5.001371
6.193386,5.001371
6.193796,5.001371
6.194206,5.001371
6.194616,5.001371
6.195027,5.001371
6.195437,5.001371
6.195847,5.001371
6.196257,5.001371
6.196667,5.001371
6.197077,5.001371
6.197487,5.001371
6.197897,5.001371
6.198307,5.001371
6.198717,5.001371
6.199127,5.001371
6.199537,5.001371
6.199947,5.001371
6.200357,5.001371
6.200767,5.001371
6.201177,5.001371
6.201587,5.001371
6.201997,5.001371
6.202407,5.001371
6.202817,5.001371
6.203227,5.001371
6.203637,5.001371
6.204047,5.001371
6.204457,5.001371
6.204867,5.001371
6.205277,5.001371
6.205687,5.001371
6.206097,5.001371
6.206507,5.001371
6.206917,5.001371
6.207327,5.001371
6.207737,5.001371
6.208147,5.001371
6.208557,5.001371
6.208967,5.001371
6.209377,5.001371
6.209787,5.001371
6.210197,5.001371
6.210607,5.001371
6.211017,5.001371
6.211427,5.001371
6.211837,5.001371
6.212247,5.001371
6.212657,5.001371
6.213067,5.001371
6.213477,5.001371
6.213887,5.001371
6.214297,5.001371
6.214707,5.001371
6.215117,5.001371
6.215527,5.001371
6.215937,5.001371
6.216347,5.001371
6.216757,5.001371
6.217167,5.001371
6.217577,5.001371
6.217987,5.001371
6.218397,5.001371
6.218807,5.001371
6.219217,5.001371
6.219627,5.001371
6.220037,5.001371
6.220447,5.001371
6.220857,5.001371
6.221267,5.001371
6.221677,5.001371
6.222087,5.001371
6.222497,5.001371
6.222907,5.001371
6.223317,5.001371
6.223727,5.001371
6.224137,5.001371
6.224547,5.001371
6.224957,5.001371
6.225368,5.001371
6.225778,5.001371
6.226188,5.001371
6.226598,5.001371
6.227008,5.001371
6.227418,5.001371
6.227828,5.001371
6.228238,5.001371
6.228648,5.001371
6.229058,5.001371
6.229468,5.001371
6.229878,5.001371
6.230288,5.001371
6.230698,5.001371
6.231108,5.001371
6.231518,5.001371
6.231928,5.001371
6.232338,5.001371
6.232748,5.001371
6.233158,5.001371
6.233568,5.001371
6.233978,5.001371
6.234388,5.001371
6.234798,5.001371
6.235208,5.001371
6.235618,5.001371
6.236028,5.001371
6.236438,5.001371
6.236848,5.001371
6.237258,5.001371
6.237668,5.001371
6.238078,5.001371
6.238488,5.001371
6.238898,5.001371
6.239308,5.001371
6.239718,5.001371
6.240128,5.001371
6.240538,5.001371
6.240948,5.001371
6.241358,5.001371
6.241768,5.001371
6.242178,5.001371
6.242588,5.001371
6.242998,5.001371
6.243408,5.001371
6.243818,5.001371
6.244228,5.001371
6.244638,5.001371
6.245048,5.001371
6.245458,5.001371
6.245868,5.001371
6.246278,5.001371
6.246688,5.001371
6.247098,5.001371
6.247508,5.001371
6.247918,5.001371
6.248328,5.001371
6.248738,5.001371
6.249148,5.001371
6.249558,5.001371
6.249968,5.001371
6.250378,5.001371
6.250788,5.001371
6.251198,5.001371
6.251608,5.001371
6.252018,5.001371
6.252428,5.001371
6.252838,5.001371
6.253248,5.001371
6.253658,5.001371
6.254068,5.001371
6.254478,5.001371
6.254888,5.001371
6.255299,5.001371
6.255709,5.001371
6.256119,5.001371
6.256529,5.001371
6.256939,5.001371
6.257349,5.001371
6.257759,5.001371
6.258169,5.001371
6.258579,5.001371
6.258989,5.001371
6.259399,5.001371
6.259809,5.001371
6.260219,5.001371
6.260629,5.001371
6.261039,5.001371
6.261449,5.001371
6.261859,5.001371
6.262269,5.001371
6.262679,5.001371
6.263089,5.001371
6.263499,5.001371
6.263909,5.001371
6.264319,5.001371
6.264729,5.001371
6.265139,5.001371
6.265549,5.001371
6.265959,5.001371
6.266369,5.001371
6.266779,5.001371
6.267189,5.001371
6.267599,5.001371
6.268009,5.001371
6.268419,5.001371
6.268829,5.001371
6.269239,5.001371
6.269649,5.001371
6.270059,5.001371
6.270469,5.001371
6.270879,5.001371
6.271289,5.001371
6.271699,5.001371
6.272109,5.001371
6.272519,5.001371
6.272929,5.001371
6.273339,5.001371
6.273749,5.001371
6.274159,5.001371
6.274569,5.001371
6.274979,5.001371
6.275389,5.001371
6.275799,5.001371
6.276209,5.001371
6.276619,5.001371
6.277029,5.001371
6.277439,5.001371
6.277849,5.001371
6.278259,5.001371
6.278669,5.001371
6.279079,5.001371
6.279489,5.001371
6.279899,5.001371
6.280309,5.001371
6.280719,5.001371
6.281129,5.001371
6.281539,5.001371
6.281949,5.001371
6.282359,5.001371
6.282769,5.001371
6.283179,5.001371
6.283589,5.001371
6.283999,5.001371
6.284409,5.001371
6.284819,5.001371
6.285230,5.001371
6.285640,5.001371
6.286050,5.001371
6.286460,5.001371
6.286870,5.001371
6.287280,5.001371
6.287690,5.001371
6.288100,5.001371
6.288510,5.001371
6.288920,5.001371
6.289330,5.001371
6.289740,5.001371
6.290150,5.001371
6.290560,5.001371
6.290970,5.001371
6.291380,5.001371
6.291790,5.001371
6.292200,5.001371
6.292610,5.001371
6.293020,5.001371
6.293430,5.001371
6.293840,5.001371
6.294250,5.001371
6.294660,5.001371
6.295070,5.001371
6.295480,5.001371
6.295890,5.001371
6.296300,5.001371
6.296710,5.001371
6.297120,5.001371
6.297530,5.001371
6.297940,5.001371
6.298350,5.001371
6.298760,5.001371
6.299170,5.001371
6.299580,5.001371
6.299990,5.001371
6.300400,5.001371
6.300810,5.001371
6.301220,5.001371
6.301630,5.001371
6.302040,5.001371
6.302450,5.001371
6.302860,5.001371
6.303270,5.001371
6.303680,5.001371
6.304090,5.001371
6.304500,5.001371
6.304910,5.001371
6.305320,5.001371
6.305730,5.001371
6.306140,5.001371
6.306550,5.001371
6.306960,5.001371
6.307370,5.001371
6.307780,5.001371
6.308190,5.001371
6.308600,5.001371
6.309010,5.001371
6.309420,5.001371
6.309830,5.001371
6.310240,5.001371
6.310650,5.001371
6.311060,5.001371
6.311470,5.001371
6.311880,5.001371
6.312290,5.001371
6.312700,5.001371
6.313110,5.001371
6.313520,5.001371
6.313930,5.001371
6.314340,5.001371
6.314750,5.001371
6.315161,5.001371
6.315571,5.001371
6.315981,5.001371
6.316391,5.001371
6.316801,5.001371
6.317211,5.001371
6.317621,5.001371
6.318031,5.001371
6.318441,5.001371
6.318851,5.001371
6.319261,5.001371
6.319671,5.001371
6.320081,5.001371
6.320491,5.001371
6.320901,5.001371
6.321311,5.001371
6.321721,5.001371
6.322131,5.001371
6.322541,5.001371
6.322951,5.001371
6.323361,5.001371
6.323771,5.001371
6.324181,5.001371
6.324591,5.001371
6.325001,5.001371
6.325411,5.001371
6.325821,5.001371
6.326231,5.001371
6.326641,5.001371
6.327051,5.001371
6.327461,5.001371
6.327871,5.001371
6.328281,5.001371
6.328691,5.001371
6.329101,5.001371
6.329511,5.001371
6.329921,5.001371
6.330331,5.001371
6.330741,5.001371
6.331151,5.001371
6.331561,5.001371
6.331971,5.001371
6.332381,5.001371
6.332791,5.001371
6.333201,5.001371
6.333611,5.001371
6.334021,5.001371
6.334431,5.001371
6.334841,5.001371
6.335251,5.001371
6.335661,5.001371
6.336071,5.001371
6.336481,5.001371
6.336891,5.001371
6.337301,5.001371
6.337711,5.001371
6.338121,5.001371
6.338531,5.001371
6.338941,5.001371
6.339351,5.001371
6.339761,5.001371
6.340171,5.001371
6.340581,5.001371
6.340991,5.001371
6.341401,5.001371
6.341811,5.001371
6.342221,5.001371
6.342631,5.001371
6.343041,5.001371
6.343451,5.001371
6.343861,5.001371
6.344271,5.001371
6.344681,5.001371
6.345092,5.001371
6.345502,5.001371
6.345912,5.001371
6.346322,5.001371
6.346732,5.001371
6.347142,5.001371
6.347552,5.001371
6.347962,5.001371
6.348372,5.001371
6.348782,5.001371
6.349192,5.001371
6.349602,5.001371
6.350012,5.001371
6.350422,5.001371
6.350832,5.001371
6.351242,5.001371
6.351652,5.001371
6.352062,5.001371
6.352472,5.001371
6.352882,5.001371
6.353292,5.001371
6.353702,5.001371
6.354112,5.001371
6.354522,5.001371
6.354932,5.001371
6.355342,5.001371
6.355752,5.001371
6.356162,5.001371
6.356572,5.001371
6.356982,5.001371
6.357392,5.001371
6.357802,5.001371
6.358212,5.001371
6.358622,5.001371
6.359032,5.001371
6.359442,5.001371
6.359852,5.001371
6.360262,5.001371
6.360672,5.001371
6.361082,5.001371
6.361492,5.001371
6.361902,5.001371
6.362312,5.001371
6.362722,5.001371
6.363132,5.001371
6.363542,5.001371
6.363952,5.001371
6.364362,5.001371
6.364772,5.001371
6.365182,5.001371
6.365592,5.001371
6.366002,5.001371
6.366412,5.001371
6.366822,5.001371
6.367232,5.001371
6.367642,5.001371
6.368052,5.001371
6.368462,5.001371
6.368872,5.001371
6.369282,5.001371
6.369692,5.001371
6.370102,5.001371
6.370512,5.001371
6.370922,5.001371
6.371332,5.001371
6.371742,5.001371
6.372152,5.001371
6.372562,5.001371
6.372972,5.001371
6.373382,5.001371
6.373792,5.001371
6.374202,5.001371
6.374612,5.001371
6.375023,5.001371
6.375433,5.001371
6.375843,5.001371
6.376253,5.001371
6.376663,5.001371
6.377073,5.001371
6.377483,5.001371
6.377893,5.001371
6.378303,5.001371
6.378713,5.001371
6.379123,5.001371
6.379533,5.001371
6.379943,5.001371
6.380353,5.001371
6.380763,5.001371
6.381173,5.001371
6.381583,5.001371
6.381993,5.001371
6.382403,5.001371
6.382813,5.001371
6.383223,5.001371
6.383633,5.001371
6.384043,5.001371
6.384453,5.001371
6.384863,5.001371
6.385273,5.001371
6.385683,5.001371
6.386093,5.001371
6.386503,5.001371
6.386913,5.001371
6.387323,5.001371
6.387733,5.001371
6.388143,5.001371
6.388553,5.001371
6.388963,5.001371
6.389373,5.001371
6.389783,5.001371
6.390193,5.001371
6.390603,5.001371
6.391013,5.001371
6.391423,5.001371
6.391833,5.001371
6.392243,5.001371
6.392653,5.001371
6.393063,5.001371
6.393473,5.001371
6.393883,5.001371
6.394293,5.001371
6.394703,5.001371
6.395113,5.001371
6.395523,5.001371
6.395933,5.001371
6.396343,5.001371
6.396753,5.001371
6.397163,5.001371
6.397573,5.001371
6.397983,5.001371
6.398393,5.001371
6.398803,5.001371
6.399213,5.001371
6.399623,5.001371
6.400033,5.001371
6.400443,5.001371
6.400853,5.001371
6.401263,5.001371
6.401673,5.001371
6.402083,5.001371
6.402493,5.001371
6.402903,5.001371
6.403313,5.001371
6.403723,5.001371
6.404133,5.001371
6.404543,5.001371
6.404953,5.001371
6.405364,5.001371
6.405774,5.001371
6.406184,5.001371
6.406594,5.001371
6.407004,5.001371
6.407414,5.001371
6.407824,5.001371
6.408234,5.001371
6.408644,5.001371
6.409054,5.001371
6.409464,5.001371
6.409874,5.001371
6.410284,5.001371
6.410694,5.001371
6.411104,5.001371
6.411514,5.001371
6.411924,5.001371
6.412334,5.001371
6.412744,5.001371
6.413154,5.001371
6.413564,5.001371
6.413974,5.001371
6.414384,5.001371
6.414794,5.001371
6.415204,5.001371
6.415614,5.001371
6.416024,5.001371
6.416434,5.001371
6.416844,5.001371
6.417254,5.001371
6.417664,5.001371
6.418074,5.001371
6.418484,5.001371
6.418894,5.001371
6.419304,5.001371
6.419714,5.001371
6.420124,5.001371
6.420534,5.001371
6.420944,5.001371
6.421354,5.001371
6.421764,5.001371
6.422174,5.001371
6.422584,5.001371
6.422994,5.001371
6.423404,5.001371
6.423814,5.001371
6.424224,5.001371
6.424634,5.001371
6.425044,5.001371
6.425454,5.001371
6.425864,5.001371
6.426274,5.001371
6.426684,5.001371
6.427094,5.001371
6.427504,5.001371
6.427914,5.001371
6.428324,5.001371
6.428734,5.001371
6.429144,5.001371
6.429554,5.001371
6.429964,5.001371
6.430374,5.001371
6.430784,5.001371
6.431194,5.001371
6.431604,5.001371
6.432014,5.001371
6.432424,5.001371
6.432834,5.001371
6.433244,5.001371
6.433654,5.001371
6.434064,5.001371
6.434474,5.001371
6.434884,5.001371
6.435295,5.001371
6.435705,5.001371
6.436115,5.001371
6.436525,5.001371
6.436935,5.001371
6.437345,5.001371
6.437755,5.001371
6.438165,5.001371
6.438575,5.001371
6.438985,5.001371
6.439395,5.001371
6.439805,5.001371
6.440215,5.001371
6.440625,5.001371
6.441035,5.001371
6.441445,5.001371
6.441855,5.001371
6.442265,5.001371
6.442675,5.001371
6.443085,5.001371
6.443495,5.001371
6.443905,5.001371
6.444315,5.001371
6.444725,5.001371
6.445135,5.001371
6.445545,5.001371
6.445955,5.001371
6.446365,5.001371
6.446775,5.001371
6.447185,5.001371
6.447595,5.001371
6.448005,5.001371
6.448415,5.001371
6.448825,5.001371
6.449235,5.001371
6.449645,5.001371
6.450055,5.001371
6.450465,5.001371
6.450875,5.001371
6.451285,5.001371
6.451695,5.001371
6.452105,5.001371
6.452515,5.001371
6.452925,5.001371
6.453335,5.001371
6.453745,5.001371
6.454155,5.001371
6.454565,5.001371
6.454975,5.001371
6.455385,5.001371
6.455795,5.001371
6.456205,5.001371
6.456615,5.001371
6.457025,5.001371
6.457435,5.001371
6.457845,5.001371
6.458255,5.001371
6.458665,5.001371
6.459075,5.001371
6.459485,5.001371
6.459895,5.001371
6.460305,5.001371
6.460715,5.001371
6.461125,5.001371
6.461535,5.001371
6.461945,5.001371
6.462355,5.001371
6.462765,5.001371
6.463175,5.001371
6.463585,5.001371
6.463995,5.001371
6.464405,5.001371
6.464815,5.001371
6.465226,5.001371
6.465636,5.001371
6.466046,5.001371
6.466456,5.001371
6.466866,5.001371
6.467276,5.001371
6.467686,5.001371
6.468096,5.001371
6.468506,5.001371
6.468916,5.001371
6.469326,5.001371
6.469736,5.001371
6.470146,5.001371
6.470556,5.001371
6.470966,5.001371
6.471376,5.001371
6.471786,5.001371
6.472196,5.001371
6.472606,5.001371
6.473016,5.001371
6.473426,5.001371
6.473836,5.001371
6.474246,5.001371
6.474656,5.001371
6.475066,5.001371
6.475476,5.001371
6.475886,5.001371
6.476296,5.001371
6.476706,5.001371
6.477116,5.001371
6.477526,5.001371
6.477936,5.001371
6.478346,5.001371
6.478756,5.001371
6.479166,5.001371
6.479576,5.001371
6.479986,5.001371
6.480396,5.001371
6.480806,5.001371
6.481216,5.001371
6.481626,5.001371
6.482036,5.001371
6.482446,5.001371
6.482856,5.001371
6.483266,5.001371
6.483676,5.001371
6.484086,5.001371
6.484496,5.001371
6.484906,5.001371
6.485316,5.001371
6.485726,5.001371
6.486136,5.001371
6.486546,5.001371
6.486956,5.001371
6.487366,5.001371
6.487776,5.001371
6.488186,5.001371
6.488596,5.001371
6.489006,5.001371
6.489416,5.001371
6.489826,5.001371
6.490236,5.001371
6.490646,5.001371
6.491056,5.001371
6.491466,5.001371
6.491876,5.001371
6.492286,5.001371
6.492696,5.001371
6.493106,5.001371
6.493516,5.001371
6.493926,5.001371
6.494336,5.001371
6.494746,5.001371
6.495157,5.001371
6.495567,5.001371
6.495977,5.001371
6.496387,5.001371
6.496797,5.001371
6.497207,5.001371
6.497617,5.001371
6.498027,5.001371
6.498437,5.001371
6.498847,5.001371
6.499257,5.001371
6.499667,5.001371
6.500077,5.001371
6.500487,5.001371
6.500897,5.001371
6.501307,5.001371
6.501717,5.001371
6.502127,5.001371
6.502537,5.001371
6.502947,5.001371
6.503357,5.001371
6.503767,5.001371
6.504177,5.001371
6.504587,5.001371
6.504997,5.001371
6.505407,5.001371
6.505817,5.001371
6.506227,5.001371
6.506637,5.001371
6.507047,5.001371
6.507457,5.001371
6.507867,5.001371
6.508277,5.001371
6.508687,5.001371
6.509097,5.001371
6.509507,5.001371
6.509917,5.001371
6.510327,5.001371
6.510737,5.001371
6.511147,5.001371
6.511557,5.001371
6.511967,5.001371
6.512377,5.001371
6.512787,5.001371
6.513197,5.001371
6.513607,5.001371
6.514017,5.001371
6.514427,5.001371
6.514837,5.001371
6.515247,5.001371
6.515657,5.001371
6.516067,5.001371
6.516477,5.001371
6.516887,5.001371
6.517297,5.001371
6.517707,5.001371
6.518117,5.001371
6.518527,5.001371
6.518937,5.001371
6.519347,5.001371
6.519757,5.001371
6.520167,5.001371
6.520577,5.001371
6.520987,5.001371
6.521397,5.001371
6.521807,5.001371
6.522217,5.001371
6.522627,5.001371
6.523037,5.001371
6.523447,5.001371
6.523857,5.001371
6.524267,5.001371
6.524677,5.001371
6.525088,5.001371
6.525498,5.001371
6.525908,5.001371
6.526318,5.001371
6.526728,5.001371
6.527138,5.001371
6.527548,5.001371
6.527958,5.001371
6.528368,5.001371
6.528778,5.001371
6.529188,5.001371
6.529598,5.001371
6.530008,5.001371
6.530418,5.001371
6.530828,5.001371
6.531238,5.001371
6.531648,5.001371
6.532058,5.001371
6.532468,5.001371
6.532878,5.001371
6.533288,5.001371
6.533698,5.001371
6.534108,5.001371
6.534518,5.001371
6.534928,5.001371
6.535338,5.001371
6.535748,5.001371
6.536158,5.001371
6.536568,5.001371
6.536978,5.001371
6.537388,5.001371
6.537798,5.001371
6.538208,5.001371
6.538618,5.001371
6.539028,5.001371
6.539438,5.001371
6.539848,5.001371
6.540258,5.001371
6.540668,5.001371
6.541078,5.001371
6.541488,5.001371
6.541898,5.001371
6.542308,5.001371
6.542718,5.001371
6.543128,5.001371
6.543538,5.001371
6.543948,5.001371
6.544358,5.001371
6.544768,5.001371
6.545178,5.001371
6.545588,5.001371
6.545998,5.001371
6.546408,5.001371
6.546818,5.001371
6.547228,5.001371
6.547638,5.001371
6.548048,5.001371
6.548458,5.001371
6.548868,5.001371
6.549278,5.001371
6.549688,5.001371
6.550098,5.001371
6.550508,5.001371
6.550918,5.001371
6.551328,5.001371
6.551738,5.001371
6.552148,5.001371
6.552558,5.001371
6.552968,5.001371
6.553378,5.001371
6.553788,5.001371
6.554198,5.001371
6.554608,5.001371
6.555019,5.001371
6.555429,5.001371
6.555839,5.001371
6.556249,5.001371
6.556659,5.001371
6.557069,5.001371
6.557479,5.001371
6.557889,5.001371
6.558299,5.001371
6.558709,5.001371
6.559119,5.001371
6.559529,5.001371
6.559939,5.001371
6.560349,5.001371
6.560759,5.001371
6.561169,5.001371
6.561579,5.001371
6.561989,5.001371
6.562399,5.001371
6.562809,5.001371
6.563219,5.001371
6.563629,5.001371
6.564039,5.001371
6.564449,5.001371
6.564859,5.001371
6.565269,5.001371
6.565679,5.001371
6.566089,5.001371
6.566499,5.001371
6.566909,5.001371
6.567319,5.001371
6.567729,5.001371
6.568139,5.001371
6.568549,5.001371
6.568959,5.001371
6.569369,5.001371
6.569779,5.001371
6.570189,5.001371
6.570599,5.001371
6.571009,5.001371
6.571419,5.001371
6.571829,5.001371
6.572239,5.001371
6.572649,5.001371
6.573059,5.001371
6.573469,5.001371
6.573879,5.001371
6.574289,5.001371
6.574699,5.001371
6.575109,5.001371
6.575519,5.001371
6.575929,5.001371
6.576339,5.001371
6.576749,5.001371
6.577159,5.001371
6.577569,5.001371
6.577979,5.001371
6.578389,5.001371
6.578799,5.001371
6.579209,5.001371
6.579619,5.001371
6.580029,5.001371
6.580439,5.001371
6.580849,5.001371
6.581259,5.001371
6.581669,5.001371
6.582079,5.001371
6.582489,5.001371
6.582899,5.001371
6.583309,5.001371
6.583719,5.001371
6.584129,5.001371
6.584539,5.001371
6.584949,5.001371
6.585360,5.001371
6.585770,5.001371
6.586180,5.001371
6.586590,5.001371
6.587000,5.001371
6.587410,5.001371
6.587820,5.001371
6.588230,5.001371
6.588640,5.001371
6.589050,5.001371
6.589460,5.001371
6.589870,5.001371
6.590280,5.001371
6.590690,5.001371
6.591100,5.001371
6.591510,5.001371
6.591920,5.001371
6.592330,5.001371
6.592740,5.001371
6.593150,5.001371
6.593560,5.001371
6.593970,5.001371
6.594380,5.001371
6.594790,5.001371
6.595200,5.001371
6.595610,5.001371
6.596020,5.001371
6.596430,5.001371
6.596840,5.001371
6.597250,5.001371
6.597660,5.001371
6.598070,5.001371
6.598480,5.001371
6.598890,5.001371
6.599300,5.001371
6.599710,5.001371
6.600120,5.001371
6.600530,5.001371
6.600940,5.001371
6.601350,5.001371
6.601760,5.001371
6.602170,5.001371
6.602580,5.001371
6.602990,5.001371
6.603400,5.001371
6.603810,5.001371
6.604220,5.001371
6.604630,5.001371
6.605040,5.001371
6.605450,5.001371
6.605860,5.001371
6.606270,5.001371
6.606680,5.001371
6.607090,5.001371
6.607500,5.001371
6.607910,5.001371
6.608320,5.001371
6.608730,5.001371
6.609140,5.001371
6.609550,5.001371
6.609960,5.001371
6.610370,5.001371
6.610780,5.001371
6.611190,5.001371
6.611600,5.001371
6.612010,5.001371
6.612420,5.001371
6.612830,5.001371
6.613240,5.001371
6.613650,5.001371
6.614060,5.001371
6.614470,5.001371
6.614880,5.001371
6.615291,5.001371
6.615701,5.001371
6.616111,5.001371
6.616521,5.001371
6.616931,5.001371
6.617341,5.001371
6.617751,5.001371
6.618161,5.001371
6.618571,5.001371
6.618981,5.001371
6.619391,5.001371
6.619801,5.001371
6.620211,5.001371
6.620621,5.001371
6.621031,5.001371
6.621441,5.001371
6.621851,5.001371
6.622261,5.001371
6.622671,5.001371
6.623081,5.001371
6.623491,5.001371
6.623901,5.001371
6.624311,5.001371
6.624721,5.001371
6.625131,5.001371
6.625541,5.001371
6.625951,5.001371
6.626361,5.001371
6.626771,5.001371
6.627181,5.001371
6.627591,5.001371
6.628001,5.001371
6.628411,5.001371
6.628821,5.001371
6.629231,5.001371
6.629641,5.001371
6.630051,5.001371
6.630461,5.001371
6.630871,5.001371
6.631281,5.001371
6.631691,5.001371
6.632101,5.001371
6.632511,5.001371
6.632921,5.001371
6.633331,5.001371
6.633741,5.001371
6.634151,5.001371
6.634561,5.001371
6.634971,5.001371
6.635381,5.001371
6.635791,5.001371
6.636201,5.001371
6.636611,5.001371
6.637021,5.001371
6.637431,5.001371
6.637841,5.001371
6.638251,5.001371
6.638661,5.001371
6.639071,5.001371
6.639481,5.001371
6.639891,5.001371
6.640301,5.001371
6.640711,5.001371
6.641121,5.001371
6.641531,5.001371
6.641941,5.001371
6.642351,5.001371
6.642761,5.001371
6.643171,5.001371
6.643581,5.001371
6.643991,5.001371
6.644401,5.001371
6.644811,5.001371
6.645222,5.001371
6.645632,5.001371
6.646042,5.001371
6.646452,5.001371
6.646862,5.001371
6.647272,5.001371
6.647682,5.001371
6.648092,5.001371
6.648502,5.001371
6.648912,5.001371
6.649322,5.001371
6.649732,5.001371
6.650142,5.001371
6.650552,5.001371
6.650962,5.001371
6.651372,5.001371
6.651782,5.001371
6.652192,5.001371
6.652602,5.001371
6.653012,5.001371
6.653422,5.001371
6.653832,5.001371
6.654242,5.001371
6.654652,5.001371
6.655062,5.001371
6.655472,5.001371
6.655882,5.001371
6.656292,5.001371
6.656702,5.001371
6.657112,5.001371
6.657522,5.001371
6.657932,5.001371
6.658342,5.001371
6.658752,5.001371
6.659162,5.001371
6.659572,5.001371
6.659982,5.001371
6.660392,5.001371
6.660802,5.001371
6.661212,5.001371
6.661622,5.001371
6.662032,5.001371
6.662442,5.001371
6.662852,5.001371
6.663262,5.001371
6.663672,5.001371
6.664082,5.001371
6.664492,5.001371
6.664902,5.001371
6.665312,5.001371
6.665722,5.001371
6.666132,5.001371
6.666542,5.001371
6.666952,5.001371
6.667362,5.001371
6.667772,5.001371
6.668182,5.001371
6.668592,5.001371
6.669002,5.001371
6.669412,5.001371
6.669822,5.001371
6.670232,5.001371
6.670642,5.001371
6.671052,5.001371
6.671462,5.001371
6.671872,5.001371
6.672282,5.001371
6.672692,5.001371
6.673102,5.001371
6.673512,5.001371
6.673922,5.001371
6.674332,5.001371
6.674742,5.001371
6.675153,5.001371
6.675563,5.001371
6.675973,5.001371
6.676383,5.001371
6.676793,5.001371
6.677203,5.001371
6.677613,5.001371
6.678023,5.001371
6.678433,5.001371
6.678843,5.001371
6.679253,5.001371
6.679663,5.001371
6.680073,5.001371
6.680483,5.001371
6.680893,5.001371
6.681303,5.001371
6.681713,5.001371
6.682123,5.001371
6.682533,5.001371
6.682943,5.001371
6.683353,5.001371
6.683763,5.001371
6.684173,5.001371
6.684583,5.001371
6.684993,5.001371
6.685403,5.001371
6.685813,5.001371
6.686223,5.001371
6.686633,5.001371
6.687043,5.001371
6.687453,5.001371
6.687863,5.001371
6.688273,5.001371
6.688683,5.001371
6.689093,5.001371
6.689503,5.001371
6.689913,5.001371
6.690323,5.001371
6.690733,5.001371
6.691143,5.001371
6.691553,5.001371
6.691963,5.001371
6.692373,5.001371
6.692783,5.001371
6.693193,5.001371
6.693603,5.001371
6.694013,5.001371
6.694423,5.001371
6.694833,5.001371
6.695243,5.001371
6.695653,5.001371
6.696063,5.001371
6.696473,5.001371
6.696883,5.001371
6.697293,5.001371
6.697703,5.001371
6.698113,5.001371
6.698523,5.001371
6.698933,5.001371
6.699343,5.001371
6.699753,5.001371
6.700163,5.001371
6.700573,5.001371
6.700983,5.001371
6.701393,5.001371
6.701803,5.001371
6.702213,5.001371
6.702623,5.001371
6.703033,5.001371
6.703443,5.001371
6.703853,5.001371
6.704263,5.001371
6.704673,5.001371
6.705084,5.001371
6.705494,5.001371
6.705904,5.001371
6.706314,5.001371
6.706724,5.001371
6.707134,5.001371
6.707544,5.001371
6.707954,5.001371
6.708364,5.001371
6.708774,5.001371
6.709184,5.001371
6.709594,5.001371
6.710004,5.001371
6.710414,5.001371
6.710824,5.001371
6.711234,5.001371
6.711644,5.001371
6.712054,5.001371
6.712464,5.001371
6.712874,5.001371
6.713284,5.001371
6.713694,5.001371
6.714104,5.001371
6.714514,5.001371
6.714924,5.001371
6.715334,5.001371
6.715744,5.001371
6.716154,5.001371
6.716564,5.001371
6.716974,5.001371
6.717384,5.001371
6.717794,5.001371
6.718204,5.001371
6.718614,5.001371
6.719024,5.001371
6.719434,5.001371
6.719844,5.001371
6.720254,5.001371
6.720664,5.001371
6.721074,5.001371
6.721484,5.001371
6.721894,5.001371
6.722304,5.001371
6.722714,5.001371
6.723124,5.001371
6.723534,5.001371
6.723944,5.001371
6.724354,5.001371
6.724764,5.001371
6.725174,5.001371
6.725584,5.001371
6.725994,5.001371
6.726404,5.001371
6.726814,5.001371
6.727224,5.001371
6.727634,5.001371
6.728044,5.001371
6.728454,5.001371
6.728864,5.001371
6.729274,5.001371
6.729684,5.001371
6.730094,5.001371
6.730504,5.001371
6.730914,5.001371
6.731324,5.001371
6.731734,5.001371
6.732144,5.001371
6.732554,5.001371
6.732964,5.001371
6.733374,5.001371
6.733784,5.001371
6.734194,5.001371
6.734604,5.001371
6.735015,5.001371
6.735425,5.001371
6.735835,5.001371
6.736245,5.001371
6.736655,5.001371
6.737065,5.001371
6.737475,5.001371
6.737885,5.001371
6.738295,5.001371
6.738705,5.001371
6.739115,5.001371
6.739525,5.001371
6.739935,5.001371
6.740345,5.001371
6.740755,5.001371
6.741165,5.001371
6.741575,5.001371
6.741985,5.001371
6.742395,5.001371
6.742805,5.001371
6.743215,5.001371
6.743625,5.001371
6.744035,5.001371
6.744445,5.001371
6.744855,5.001371
6.745265,5.001371
6.745675,5.001371
6.746085,5.001371
6.746495,5.001371
6.746905,5.001371
6.747315,5.001371
6.747725,5.001371
6.748135,5.001371
6.748545,5.001371
6.748955,5.001371
6.749365,5.001371
6.749775,5.001371
6.750185,5.001371
6.750595,5.001371
6.751005,5.001371
6.751415,5.001371
6.751825,5.001371
6.752235,5.001371
6.752645,5.001371
6.753055,5.001371
6.753465,5.001371
6.753875,5.001371
6.754285,5.001371
6.754695,5.001371
6.755105,5.001371
6.755515,5.001371
6.755925,5.001371
6.756335,5.001371
6.756745,5.001371
6.757155,5.001371
6.757565,5.001371
6.757975,5.001371
6.758385,5.001371
6.758795,5.001371
6.759205,5.001371
6.759615,5.001371
6.760025,5.001371
6.760435,5.001371
6.760845,5.001371
6.761255,5.001371
6.761665,5.001371
6.762075,5.001371
6.762485,5.001371
6.762895,5.001371
6.763305,5.001371
6.763715,5.001371
6.764125,5.001371
6.764535,5.001371
6.764945,5.001371
6.765356,5.001371
6.765766,5.001371
6.766176,5.001371
6.766586,5.001371
6.766996,5.001371
6.767406,5.001371
6.767816,5.001371
6.768226,5.001371
6.768636,5.001371
6.769046,5.001371
6.769456,5.001371
6.769866,5.001371
6.770276,5.001371
6.770686,5.001371
6.771096,5.001371
6.771506,5.001371
6.771916,5.001371
6.772326,5.001371
6.772736,5.001371
6.773146,5.001371
6.773556,5.001371
6.773966,5.001371
6.774376,5.001371
6.774786,5.001371
6.775196,5.001371
6.775606,5.001371
6.776016,5.001371
6.776426,5.001371
6.776836,5.001371
6.777246,5.001371
6.777656,5.001371
6.778066,5.001371
6.778476,5.001371
6.778886,5.001371
6.779296,5.001371
6.779706,5.001371
6.780116,5.001371
6.780526,5.001371
6.780936,5.001371
6.781346,5.001371
6.781756,5.001371
6.782166,5.001371
6.782576,5.001371
6.782986,5.001371
6.783396,5.001371
6.783806,5.001371
6.784216,5.001371
6.784626,5.001371
6.785036,5.001371
6.785446,5.001371
6.785856,5.001371
6.786266,5.001371
6.786676,5.001371
6.787086,5.001371
6.787496,5.001371
6.787906,5.001371
6.788316,5.001371
6.788726,5.001371
6.789136,5.001371
6.789546,5.001371
6.789956,5.001371
6.790366,5.001371
6.790776,5.001371
6.791186,5.001371
6.791596,5.001371
6.792006,5.001371
6.792416,5.001371
6.792826,5.001371
6.793236,5.001371
6.793646,5.001371
6.794056,5.001371
6.794466,5.001371
6.794876,5.001371
6.795287,5.001371
6.795697,5.001371
6.796107,5.001371
6.796517,5.001371
6.796927,5.001371
6.797337,5.001371
6.797747,5.001371
6.798157,5.001371
6.798567,5.001371
6.798977,5.001371
6.799387,5.001371
6.799797,5.001371
6.800207,5.001371
6.800617,5.001371
6.801027,5.001371
6.801437,5.001371
6.801847,5.001371
6.802257,5.001371
6.802667,5.001371
6.803077,5.001371
6.803487,5.001371
6.803897,5.001371
6.804307,5.001371
6.804717,5.001371
6.805127,5.001371
6.805537,5.001371
6.805947,5.001371
6.806357,5.001371
6.806767,5.001371
6.807177,5.001371
6.807587,5.001371
6.807997,5.001371
6.808407,5.001371
6.808817,5.001371
6.809227,5.001371
6.809637,5.001371
6.810047,5.001371
6.810457,5.001371
6.810867,5.001371
6.811277,5.001371
6.811687,5.001371
6.812097,5.001371
6.812507,5.001371
6.812917,5.001371
6.813327,5.001371
6.813737,5.001371
6.814147,5.001371
6.814557,5.001371
6.814967,5.001371
6.815377,5.001371
6.815787,5.001371
6.816197,5.001371
6.816607,5.001371
6.817017,5.001371
6.817427,5.001371
6.817837,5.001371
6.818247,5.001371
6.818657,5.001371
6.819067,5.001371
6.819477,5.001371
6.819887,5.001371
6.820297,5.001371
6.820707,5.001371
6.821117,5.001371
6.821527,5.001371
6.821937,5.001371
6.822347,5.001371
6.822757,5.001371
6.823167,5.001371
6.823577,5.001371
6.823987,5.001371
6.824397,5.001371
6.824807,5.001371
6.825218,5.001371
6.825628,5.001371
6.826038,5.001371
6.826448,5.001371
6.826858,5.001371
6.827268,5.001371
6.827678,5.001371
6.828088,5.001371
6.828498,5.001371
6.828908,5.001371
6.829318,5.001371
6.829728,5.001371
6.830138,5.001371
6.830548,5.001371
6.830958,5.001371
6.831368,5.001371
6.831778,5.001371
6.832188,5.001371
6.832598,5.001371
6.833008,5.001371
6.833418,5.001371
6.833828,5.001371
6.834238,5.001371
6.834648,5.001371
6.835058,5.001371
6.835468,5.001371
6.835878,5.001371
6.836288,5.001371
6.836698,5.001371
6.837108,5.001371
6.837518,5.001371
6.837928,5.001371
6.838338,5.001371
6.838748,5.001371
6.839158,5.001371
6.839568,5.001371
6.839978,5.001371
6.840388,5.001371
6.840798,5.001371
6.841208,5.001371
6.841618,5.001371
6.842028,5.001371
6.842438,5.001371
6.842848,5.001371
6.843258,5.001371
6.843668,5.001371
6.844078,5.001371
6.844488,5.001371
6.844898,5.001371
6.845308,5.001371
6.845718,5.001371
6.846128,5.001371
6.846538,5.001371
6.846948,5.001371
6.847358,5.001371
6.847768,5.001371
6.848178,5.001371
6.848588,5.001371
6.848998,5.001371
6.849408,5.001371
6.849818,5.001371
6.850228,5.001371
6.850638,5.001371
6.851048,5.001371
6.851458,5.001371
6.851868,5.001371
6.852278,5.001371
6.852688,5.001371
6.853098,5.001371
6.853508,5.001371
6.853918,5.001371
6.854328,5.001371
6.854738,5.001371
6.855149,5.001371
6.855559,5.001371
6.855969,5.001371
6.856379,5.001371
6.856789,5.001371
6.857199,5.001371
6.857609,5.001371
6.858019,5.001371
6.858429,5.001371
6.858839,5.001371
6.859249,5.001371
6.859659,5.001371
6.860069,5.001371
6.860479,5.001371
6.860889,5.001371
6.861299,5.001371
6.861709,5.001371
6.862119,5.001371
6.862529,5.001371
6.862939,5.001371
6.863349,5.001371
6.863759,5.001371
6.864169,5.001371
6.864579,5.001371
6.864989,5.001371
6.865399,5.001371
6.865809,5.001371
6.866219,5.001371
6.866629,5.001371
6.867039,5.001371
6.867449,5.001371
6.867859,5.001371
6.868269,5.001371
6.868679,5.001371
6.869089,5.001371
6.869499,5.001371
6.869909,5.001371
6.870319,5.001371
6.870729,5.001371
6.871139,5.001371
6.871549,5.001371
6.871959,5.001371
6.872369,5.001371
6.872779,5.001371
6.873189,5.001371
6.873599,5.001371
6.874009,5.001371
6.874419,5.001371
6.874829,5.001371
6.875239,5.001371
6.875649,5.001371
6.876059,5.001371
6.876469,5.001371
6.876879,5.001371
6.877289,5.001371
6.877699,5.001371
6.878109,5.001371
6.878519,5.001371
6.878929,5.001371
6.879339,5.001371
6.879749,5.001371
6.880159,5.001371
6.880569,5.001371
6.880979,5.001371
6.881389,5.001371
6.881799,5.001371
6.882209,5.001371
6.882619,5.001371
6.883029,5.001371
6.883439,5.001371
6.883849,5.001371
6.884259,5.001371
6.884669,5.001371
6.885080,5.001371
6.885490,5.001371
6.885900,5.001371
6.886310,5.001371
6.886720,5.001371
6.887130,5.001371
6.887540,5.001371
6.887950,5.001371
6.888360,5.001371
6.888770,5.001371
6.889180,5.001371
6.889590,5.001371
6.890000,5.001371
6.890410,5.001371
6.890820,5.001371
6.891230,5.001371
6.891640,5.001371
6.892050,5.001371
6.892460,5.001371
6.892870,5.001371
6.893280,5.001371
6.893690,5.001371
6.894100,5.001371
6.894510,5.001371
6.894920,5.001371
6.895330,5.001371
6.895740,5.001371
6.896150,5.001371
6.896560,5.001371
6.896970,5.001371
6.897380,5.001371
6.897790,5.001371
6.898200,5.001371
6.898610,5.001371
6.899020,5.001371
6.899430,5.001371
6.899840,5.001371
6.900250,5.001371
6.900660,5.001371
6.901070,5.001371
6.901480,5.001371
6.901890,5.001371
6.902300,5.001371
6.902710,5.001371
6.903120,5.001371
6.903530,5.001371
6.903940,5.001371
6.904350,5.001371
6.904760,5.001371
6.905170,5.001371
6.905580,5.001371
6.905990,5.001371
6.906400,5.001371
6.906810,5.001371
6.907220,5.001371
6.907630,5.001371
6.908040,5.001371
6.908450,5.001371
6.908860,5.001371
6.909270,5.001371
6.909680,5.001371
6.910090,5.001371
6.910500,5.001371
6.910910,5.001371
6.911320,5.001371
6.911730,5.001371
6.912140,5.001371
6.912550,5.001371
6.912960,5.001371
6.913370,5.001371
6.913780,5.001371
6.914190,5.001371
6.914600,5.001371
6.915011,5.001371
6.915421,5.001371
6.915831,5.001371
6.916241,5.001371
6.916651,5.001371
6.917061,5.001371
6.917471,5.001371
6.917881,5.001371
6.918291,5.001371
6.918701,5.001371
6.919111,5.001371
6.919521,5.001371
6.919931,5.001371
6.920341,5.001371
6.920751,5.001371
6.921161,5.001371
6.921571,5.001371
6.921981,5.001371
6.922391,5.001371
6.922801,5.001371
6.923211,5.001371
6.923621,5.001371
6.924031,5.001371
6.924441,5.001371
6.924851,5.001371
6.925261,5.001371
6.925671,5.001371
6.926081,5.001371
6.926491,5.001371
6.926901,5.001371
6.927311,5.001371
6.927721,5.001371
6.928131,5.001371
6.928541,5.001371
6.928951,5.001371
6.929361,5.001371
6.929771,5.001371
6.930181,5.001371
6.930591,5.001371
6.931001,5.001371
6.931411,5.001371
6.931821,5.001371
6.932231,5.001371
6.932641,5.001371
6.933051,5.001371
6.933461,5.001371
6.933871,5.001371
6.934281,5.001371
6.934691,5.001371
6.935101,5.001371
6.935511,5.001371
6.935921,5.001371
6.936331,5.001371
6.936741,5.001371
6.937151,5.001371
6.937561,5.001371
6.937971,5.001371
6.938381,5.001371
6.938791,5.001371
6.939201,5.001371
6.939611,5.001371
6.940021,5.001371
6.940431,5.001371
6.940841,5.001371
6.941251,5.001371
6.941661,5.001371
6.942071,5.001371
6.942481,5.001371
6.942891,5.001371
6.943301,5.001371
6.943711,5.001371
6.944121,5.001371
6.944531,5.001371
6.944941,5.001371
6.945352,5.001371
6.945762,5.001371
6.946172,5.001371
6.946582,5.001371
6.946992,5.001371
6.947402,5.001371
6.947812,5.001371
6.948222,5.001371
6.948632,5.001371
6.949042,5.001371
6.949452,5.001371
6.949862,5.001371
6.950272,5.001371
6.950682,5.001371
6.951092,5.001371
6.951502,5.001371
6.951912,5.001371
6.952322,5.001371
6.952732,5.001371
6.953142,5.001371
6.953552,5.001371
6.953962,5.001371
6.954372,5.001371
6.954782,5.001371
6.955192,5.001371
6.955602,5.001371
6.956012,5.001371
6.956422,5.001371
6.956832,5.001371
6.957242,5.001371
6.957652,5.001371
6.958062,5.001371
6.958472,5.001371
6.958882,5.001371
6.959292,5.001371
6.959702,5.001371
6.960112,5.001371
6.960522,5.001371
6.960932,5.001371
6.961342,5.001371
6.961752,5.001371
6.962162,5.001371
6.962572,5.001371
6.962982,5.001371
6.963392,5.001371
6.963802,5.001371
6.964212,5.001371
6.964622,5.001371
6.965032,5.001371
6.965442,5.001371
6.965852,5.001371
6.966262,5.001371
6.966672,5.001371
6.967082,5.001371
6.967492,5.001371
6.967902,5.001371
6.968312,5.001371
6.968722,5.001371
6.969132,5.001371
6.969542,5.001371
6.969952,5.001371
6.970362,5.001371
6.970772,5.001371
6.971182,5.001371
6.971592,5.001371
6.972002,5.001371
6.972412,5.001371
6.972822,5.001371
6.973232,5.001371
6.973642,5.001371
6.974052,5.001371
6.974462,5.001371
6.974872,5.001371
6.975283,5.001371
6.975693,5.001371
6.976103,5.001371
6.976513,5.001371
6.976923,5.001371
6.977333,5.001371
6.977743,5.001371
6.978153,5.001371
6.978563,5.001371
6.978973,5.001371
6.979383,5.001371
6.979793,5.001371
6.980203,5.001371
6.980613,5.001371
6.981023,5.001371
6.981433,5.001371
6.981843,5.001371
6.982253,5.001371
6.982663,5.001371
6.983073,5.001371
6.983483,5.001371
6.983893,5.001371
6.984303,5.001371
6.984713,5.001371
6.985123,5.001371
6.985533,5.001371
6.985943,5.001371
6.986353,5.001371
6.986763,5.001371
6.987173,5.001371
6.987583,5.001371
6.987993,5.001371
6.988403,5.001371
6.988813,5.001371
6.989223,5.001371
6.989633,5.001371
6.990043,5.001371
6.990453,5.001371
6.990863,5.001371
6.991273,5.001371
6.991683,5.001371
6.992093,5.001371
6.992503,5.001371
6.992913,5.001371
6.993323,5.001371
6.993733,5.001371
6.994143,5.001371
6.994553,5.001371
6.994963,5.001371
6.995373,5.001371
6.995783,5.001371
6.996193,5.001371
6.996603,5.001371
6.997013,5.001371
6.997423,5.001371
6.997833,5.001371
6.998243,5.001371
6.998653,5.001371
6.999063,5.001371
6.999473,5.001371
6.999883,5.001371
7.000293,5.001371
7.000703,5.001371
7.001113,5.001371
7.001523,5.001371
7.001933,5.001371
7.002343,5.001371
7.002753,5.001371
7.003163,5.001371
7.003573,5.001371
7.003983,5.001371
7.004393,5.001371
7.004803,5.001371
7.005214,5.001371
7.005624,5.001371
7.006034,5.001371
7.006444,5.001371
7.006854,5.001371
7.007264,5.001371
7.007674,5.001371
7.008084,5.001371
7.008494,5.001371
7.008904,5.001371
7.009314,5.001371
7.009724,5.001371
7.010134,5.001371
7.010544,5.001371
7.010954,5.001371
7.011364,5.001371
7.011774,5.001371
7.012184,5.001371
7.012594,5.001371
7.013004,5.001371
7.013414,5.001371
7.013824,5.001371
7.014234,5.001371
7.014644,5.001371
7.015054,5.001371
7.015464,5.001371
7.015874,5.001371
7.016284,5.001371
7.016694,5.001371
7.017104,5.001371
7.017514,5.001371
7.017924,5.001371
7.018334,5.001371
7.018744,5.001371
7.019154,5.001371
7.019564,5.001371
7.019974,5.001371
7.020384,5.001371
7.020794,5.001371
7.021204,5.001371
7.021614,5.001371
7.022024,5.001371
7.022434,5.001371
7.022844,5.001371
7.023254,5.001371
7.023664,5.001371
7.024074,5.001371
7.024484,5.001371
7.024894,5.001371
7.025304,5.001371
7.025714,5.001371
7.026124,5.001371
7.026534,5.001371
7.026944,5.001371
7.027354,5.001371
7.027764,5.001371
7.028174,5.001371
7.028584,5.001371
7.028994,5.001371
7.029404,5.001371
7.029814,5.001371
7.030224,5.001371
7.030634,5.001371
7.031044,5.001371
7.031454,5.001371
7.031864,5.001371
7.032274,5.001371
7.032684,5.001371
7.033094,5.001371
7.033504,5.001371
7.033914,5.001371
7.034324,5.001371
7.034734,5.001371
7.035145,5.001371
7.035555,5.001371
7.035965,5.001371
7.036375,5.001371
7.036785,5.001371
7.037195,5.001371
7.037605,5.001371
7.038015,5.001371
7.038425,5.001371
7.038835,5.001371
7.039245,5.001371
7.039655,5.001371
7.040065,5.001371
7.040475,5.001371
7.040885,5.001371
7.041295,5.001371
7.041705,5.001371
7.042115,5.001371
7.042525,5.001371
7.042935,5.001371
7.043345,5.001371
7.043755,5.001371
7.044165,5.001371
7.044575,5.001371
7.044985,5.001371
7.045395,5.001371
7.045805,5.001371
7.046215,5.001371
7.046625,5.001371
7.047035,5.001371
7.047445,5.001371
7.047855,5.001371
7.048265,5.001371
7.048675,5.001371
7.049085,5.001371
7.049495,5.001371
7.049905,5.001371
7.050315,5.001371
7.050725,5.001371
7.051135,5.001371
7.051545,5.001371
7.051955,5.001371
7.052365,5.001371
7.052775,5.001371
7.053185,5.001371
7.053595,5.001371
7.054005,5.001371
7.054415,5.001371
7.054825,5.001371
7.055235,5.001371
7.055645,5.001371
7.056055,5.001371
7.056465,5.001371
7.056875,5.001371
7.057285,5.001371
7.057695,5.001371
7.058105,5.001371
7.058515,5.001371
7.058925,5.001371
7.059335,5.001371
7.059745,5.001371
7.060155,5.001371
7.060565,5.001371
7.060975,5.001371
7.061385,5.001371
7.061795,5.001371
7.062205,5.001371
7.062615,5.001371
7.063025,5.001371
7.063435,5.001371
7.063845,5.001371
7.064255,5.001371
7.064665,5.001371
7.065076,5.001371
7.065486,5.001371
7.065896,5.001371
7.066306,5.001371
7.066716,5.001371
7.067126,5.001371
7.067536,5.001371
7.067946,5.001371
7.068356,5.001371
7.068766,5.001371
7.069176,5.001371
7.069586,5.001371
7.069996,5.001371
7.070406,5.001371
7.070816,5.001371
7.071226,5.001371
7.071636,5.001371
7.072046,5.001371
7.072456,5.001371
7.072866,5.001371
7.073276,5.001371
7.073686,5.001371
7.074096,5.001371
7.074506,5.001371
7.074916,5.001371
7.075326,5.001371
7.075736,5.001371
7.076146,5.001371
7.076556,5.001371
7.076966,5.001371
7.077376,5.001371
7.077786,5.001371
7.078196,5.001371
7.078606,5.001371
7.079016,5.001371
7.079426,5.001371
7.079836,5.001371
7.080246,5.001371
7.080656,5.001371
7.081066,5.001371
7.081476,5.001371
7.081886,5.001371
7.082296,5.001371
7.082706,5.001371
7.083116,5.001371
7.083526,5.001371
7.083936,5.001371
7.084346,5.001371
7.084756,5.001371
7.085166,5.001371
7.085576,5.001371
7.085986,5.001371
7.086396,5.001371
7.086806,5.001371
7.087216,5.001371
7.087626,5.001371
7.088036,5.001371
7.088446,5.001371
7.088856,5.001371
7.089266,5.001371
7.089676,5.001371
7.090086,5.001371
7.090496,5.001371
7.090906,5.001371
7.091316,5.001371
7.091726,5.001371
7.092136,5.001371
7.092546,5.001371
7.092956,5.001371
7.093366,5.001371
7.093776,5.001371
7.094186,5.001371
7.094596,5.001371
7.095007,5.001371
7.095417,5.001371
7.095827,5.001371
7.096237,5.001371
7.096647,5.001371
7.097057,5.001371
7.097467,5.001371
7.097877,5.001371
7.098287,5.001371
7.098697,5.001371
7.099107,5.001371
7.099517,5.001371
7.099927,5.001371
7.100337,5.001371
7.100747,5.001371
7.101157,5.001371
7.101567,5.001371
7.101977,5.001371
7.102387,5.001371
7.102797,5.001371
7.103207,5.001371
7.103617,5.001371
7.104027,5.001371
7.104437,5.001371
7.104847,5.001371
7.105257,5.001371
7.105667,5.001371
7.106077,5.001371
7.106487,5.001371
7.106897,5.001371
7.107307,5.001371
7.107717,5.001371
7.108127,5.001371
7.108537,5.001371
7.108947,5.001371
7.109357,5.001371
7.109767,5.001371
7.110177,5.001371
7.110587,5.001371
7.110997,5.001371
7.111407,5.001371
7.111817,5.001371
7.112227,5.001371
7.112637,5.001371
7.113047,5.001371
7.113457,5.001371
7.113867,5.001371
7.114277,5.001371
7.114687,5.001371
7.115097,5.001371
7.115507,5.001371
7.115917,5.001371
7.116327,5.001371
7.116737,5.001371
7.117147,5.001371
7.117557,5.001371
7.117967,5.001371
7.118377,5.001371
7.118787,5.001371
7.119197,5.001371
7.119607,5.001371
7.120017,5.001371
7.120427,5.001371
7.120837,5.001371
7.121247,5.001371
7.121657,5.001371
7.122067,5.001371
7.122477,5.001371
7.122887,5.001371
7.123297,5.001371
7.123707,5.001371
7.124117,5.001371
7.124527,5.001371
7.124937,5.001371
7.125348,5.001371
7.125758,5.001371
7.126168,5.001371
7.126578,5.001371
7.126988,5.001371
7.127398,5.001371
7.127808,5.001371
7.128218,5.001371
7.128628,5.001371
7.129038,5.001371
7.129448,5.001371
7.129858,5.001371
7.130268,5.001371
7.130678,5.001371
7.131088,5.001371
7.131498,5.001371
7.131908,5.001371
7.132318,5.001371
7.132728,5.001371
7.133138,5.001371
7.133548,5.001371
7.133958,5.001371
7.134368,5.001371
7.134778,5.001371
7.135188,5.001371
7.135598,5.001371
7.136008,5.001371
7.136418,5.001371
7.136828,5.001371
7.137238,5.001371
7.137648,5.001371
7.138058,5.001371
7.138468,5.001371
7.138878,5.001371
7.139288,5.001371
7.139698,5.001371
7.140108,5.001371
7.140518,5.001371
7.140928,5.001371
7.141338,5.001371
7.141748,5.001371
7.142158,5.001371
7.142568,5.001371
7.142978,5.001371
7.143388,5.001371
7.143798,5.001371
7.144208,5.001371
7.144618,5.001371
7.145028,5.001371
7.145438,5.001371
7.145848,5.001371
7.146258,5.001371
7.146668,5.001371
7.147078,5.001371
7.147488,5.001371
7.147898,5.001371
7.148308,5.001371
7.148718,5.001371
7.149128,5.001371
7.149538,5.001371
7.149948,5.001371
7.150358,5.001371
7.150768,5.001371
7.151178,5.001371
7.151588,5.001371
7.151998,5.001371
7.152408,5.001371
7.152818,5.001371
7.153228,5.001371
7.153638,5.001371
7.154048,5.001371
7.154458,5.001371
7.154868,5.001371
7.155279,5.001371
7.155689,5.001371
7.156099,5.001371
7.156509,5.001371
7.156919,5.001371
7.157329,5.001371
7.157739,5.001371
7.158149,5.001371
7.158559,5.001371
7.158969,5.001371
7.159379,5.001371
7.159789,5.001371
7.160199,5.001371
7.160609,5.001371
7.161019,5.001371
7.161429,5.001371
7.161839,5.001371
7.162249,5.001371
7.162659,5.001371
7.163069,5.001371
7.163479,5.001371
7.163889,5.001371
7.164299,5.001371
7.164709,5.001371
7.165119,5.001371
7.165529,5.001371
7.165939,5.001371
7.166349,5.001371
7.166759,5.001371
7.167169,5.001371
7.167579,5.001371
7.167989,5.001371
7.168399,5.001371
7.168809,5.001371
7.169219,5.001371
7.169629,5.001371
7.170039,5.001371
7.170449,5.001371
7.170859,5.001371
7.171269,5.001371
7.171679,5.001371
7.172089,5.001371
7.172499,5.001371
7.172909,5.001371
7.173319,5.001371
7.173729,5.001371
7.174139,5.001371
7.174549,5.001371
7.174959,5.001371
7.175369,5.001371
7.175779,5.001371
7.176189,5.001371
7.176599,5.001371
7.177009,5.001371
7.177419,5.001371
7.177829,5.001371
7.178239,5.001371
7.178649,5.001371
7.179059,5.001371
7.179469,5.001371
7.179879,5.001371
7.180289,5.001371
7.180699,5.001371
7.181109,5.001371
7.181519,5.001371
7.181929,5.001371
7.182339,5.001371
7.182749,5.001371
7.183159,5.001371
7.183569,5.001371
7.183979,5.001371
7.184389,5.001371
7.184799,5.001371
7.185210,5.001371
7.185620,5.001371
7.186030,5.001371
7.186440,5.001371
7.186850,5.001371
7.187260,5.001371
7.187670,5.001371
7.188080,5.001371
7.188490,5.001371
7.188900,5.001371
7.189310,5.001371
7.189720,5.001371
7.190130,5.001371
7.190540,5.001371
7.190950,5.001371
7.191360,5.001371
7.191770,5.001371
7.192180,5.001371
7.192590,5.001371
7.193000,5.001371
7.193410,5.001371
7.193820,5.001371
7.194230,5.001371
7.194640,5.001371
7.195050,5.001371
7.195460,5.001371
7.195870,5.001371
7.196280,5.001371
7.196690,5.001371
7.197100,5.001371
7.197510,5.001371
7.197920,5.001371
7.198330,5.001371
7.198740,5.001371
7.199150,5.001371
7.199560,5.001371
7.199970,5.001371
7.200380,5.001371
7.200790,5.001371
7.201200,5.001371
7.201610,5.001371
7.202020,5.001371
7.202430,5.001371
7.202840,5.001371
7.203250,5.001371
7.203660,5.001371
7.204070,5.001371
7.204480,5.001371
7.204890,5.001371
7.205300,5.001371
7.205710,5.001371
7.206120,5.001371
7.206530,5.001371
7.206940,5.001371
7.207350,5.001371
7.207760,5.001371
7.208170,5.001371
7.208580,5.001371
7.208990,5.001371
7.209400,5.001371
7.209810,5.001371
7.210220,5.001371
7.210630,5.001371
7.211040,5.001371
7.211450,5.001371
7.211860,5.001371
7.212270,5.001371
7.212680,5.001371
7.213090,5.001371
7.213500,5.001371
7.213910,5.001371
7.214320,5.001371
7.214730,5.001371
7.215141,5.001371
7.215551,5.001371
7.215961,5.001371
7.216371,5.001371
7.216781,5.001371
7.217191,5.001371
7.217601,5.001371
7.218011,5.001371
7.218421,5.001371
7.218831,5.001371
7.219241,5.001371
7.219651,5.001371
7.220061,5.001371
7.220471,5.001371
7.220881,5.001371
7.221291,5.001371
7.221701,5.001371
7.222111,5.001371
7.222521,5.001371
7.222931,5.001371
7.223341,5.001371
7.223751,5.001371
7.224161,5.001371
7.224571,5.001371
7.224981,5.001371
7.225391,5.001371
7.225801,5.001371
7.226211,5.001371
7.226621,5.001371
7.227031,5.001371
7.227441,5.001371
7.227851,5.001371
7.228261,5.001371
7.228671,5.001371
7.229081,5.001371
7.229491,5.001371
7.229901,5.001371
7.230311,5.001371
7.230721,5.001371
7.231131,5.001371
7.231541,5.001371
7.231951,5.001371
7.232361,5.001371
7.232771,5.001371
7.233181,5.001371
7.233591,5.001371
7.234001,5.001371
7.234411,5.001371
7.234821,5.001371
7.235231,5.001371
7.235641,5.001371
7.236051,5.001371
7.236461,5.001371
7.236871,5.001371
7.237281,5.001371
7.237691,5.001371
7.238101,5.001371
7.238511,5.001371
7.238921,5.001371
7.239331,5.001371
7.239741,5.001371
7.240151,5.001371
7.240561,5.001371
7.240971,5.001371
7.241381,5.001371
7.241791,5.001371
7.242201,5.001371
7.242611,5.001371
7.243021,5.001371
7.243431,5.001371
7.243841,5.001371
7.244251,5.001371
7.244661,5.001371
7.245072,5.001371
7.245482,5.001371
7.245892,5.001371
7.246302,5.001371
7.246712,5.001371
7.247122,5.001371
7.247532,5.001371
7.247942,5.001371
7.248352,5.001371
7.248762,5.001371
7.249172,5.001371
7.249582,5.001371
7.249992,5.001371
7.250402,5.001371
7.250812,5.001371
7.251222,5.001371
7.251632,5.001371
7.252042,5.001371
7.252452,5.001371
7.252862,5.001371
7.253272,5.001371
7.253682,5.001371
7.254092,5.001371
7.254502,5.001371
7.254912,5.001371
7.255322,5.001371
7.255732,5.001371
7.256142,5.001371
7.256552,5.001371
7.256962,5.001371
7.257372,5.001371
7.257782,5.001371
7.258192,5.001371
7.258602,5.001371
7.259012,5.001371
7.259422,5.001371
7.259832,5.001371
7.260242,5.001371
7.260652,5.001371
7.261062,5.001371
7.261472,5.001371
7.261882,5.001371
7.262292,5.001371
7.262702,5.001371
7.263112,5.001371
7.263522,5.001371
7.263932,5.001371
7.264342,5.001371
7.264752,5.001371
7.265162,5.001371
7.265572,5.001371
7.265982,5.001371
7.266392,5.001371
7.266802,5.001371
7.267212,5.001371
7.267622,5.001371
7.268032,5.001371
7.268442,5.001371
7.268852,5.001371
7.269262,5.001371
7.269672,5.001371
7.270082,5.001371
7.270492,5.001371
7.270902,5.001371
7.271312,5.001371
7.271722,5.001371
7.272132,5.001371
7.272542,5.001371
7.272952,5.001371
7.273362,5.001371
7.273772,5.001371
7.274182,5.001371
7.274592,5.001371
7.275003,5.001371
7.275413,5.001371
7.275823,5.001371
7.276233,5.001371
7.276643,5.001371
7.277053,5.001371
7.277463,5.001371
7.277873,5.001371
7.278283,5.001371
7.278693,5.001371
7.279103,5.001371
7.279513,5.001371
7.279923,5.001371
7.280333,5.001371
7.280743,5.001371
7.281153,5.001371
7.281563,5.001371
7.281973,5.001371
7.282383,5.001371
7.282793,5.001371
7.283203,5.001371
7.283613,5.001371
7.284023,5.001371
7.284433,5.001371
7.284843,5.001371
7.285253,5.001371
7.285663,5.001371
7.286073,5.001371
7.286483,5.001371
7.286893,5.001371
7.287303,5.001371
7.287713,5.001371
7.288123,5.001371
7.288533,5.001371
7.288943,5.001371
7.289353,5.001371
7.289763,5.001371
7.290173,5.001371
7.290583,5.001371
7.290993,5.001371
7.291403,5.001371
7.291813,5.001371
7.292223,5.001371
7.292633,5.001371
7.293043,5.001371
7.293453,5.001371
7.293863,5.001371
7.294273,5.001371
7.294683,5.001371
7.295093,5.001371
7.295503,5.001371
7.295913,5.001371
7.296323,5.001371
7.296733,5.001371
7.297143,5.001371
7.297553,5.001371
7.297963,5.001371
7.298373,5.001371
7.298783,5.001371
7.299193,5.001371
7.299603,5.001371
7.300013,5.001371
7.300423,5.001371
7.300833,5.001371
7.301243,5.001371
7.301653,5.001371
7.302063,5.001371
7.302473,5.001371
7.302883,5.001371
7.303293,5.001371
7.303703,5.001371
7.304113,5.001371
7.304523,5.001371
7.304933,5.001371
7.305344,5.001371
7.305754,5.001371
7.306164,5.001371
7.306574,5.001371
7.306984,5.001371
7.307394,5.001371
7.307804,5.001371
7.308214,5.001371
7.308624,5.001371
7.309034,5.001371
7.309444,5.001371
7.309854,5.001371
7.310264,5.001371
7.310674,5.001371
7.311084,5.001371
7.311494,5.001371
7.311904,5.001371
7.312314,5.001371
7.312724,5.001371
7.313134,5.001371
7.313544,5.001371
7.313954,5.001371
7.314364,5.001371
7.314774,5.001371
7.315184,5.001371
7.315594,5.001371
7.316004,5.001371
7.316414,5.001371
7.316824,5.001371
7.317234,5.001371
7.317644,5.001371
7.318054,5.001371
7.318464,5.001371
7.318874,5.001371
7.319284,5.001371
7.319694,5.001371
7.320104,5.001371
7.320514,5.001371
7.320924,5.001371
7.321334,5.001371
7.321744,5.001371
7.322154,5.001371
7.322564,5.001371
7.322974,5.001371
7.323384,5.001371
7.323794,5.001371
7.324204,5.001371
7.324614,5.001371
7.325024,5.001371
7.325434,5.001371
7.325844,5.001371
7.326254,5.001371
7.326664,5.001371
7.327074,5.001371
7.327484,5.001371
7.327894,5.001371
7.328304,5.001371
7.328714,5.001371
7.329124,5.001371
7.329534,5.001371
7.329944,5.001371
7.330354,5.001371
7.330764,5.001371
7.331174,5.001371
7.331584,5.001371
7.331994,5.001371
7.332404,5.001371
7.332814,5.001371
7.333224,5.001371
7.333634,5.001371
7.334044,5.001371
7.334454,5.001371
7.334864,5.001371
7.335275,5.001371
7.335685,5.001371
7.336095,5.001371
7.336505,5.001371
7.336915,5.001371
7.337325,5.001371
7.337735,5.001371
7.338145,5.001371
7.338555,5.001371
7.338965,5.001371
7.339375,5.001371
7.339785,5.001371
7.340195,5.001371
7.340605,5.001371
7.341015,5.001371
7.341425,5.001371
7.341835,5.001371
7.342245,5.001371
7.342655,5.001371
7.343065,5.001371
7.343475,5.001371
7.343885,5.001371
7.344295,5.001371
7.344705,5.001371
7.345115,5.001371
7.345525,5.001371
7.345935,5.001371
7.346345,5.001371
7.346755,5.001371
7.347165,5.001371
7.347575,5.001371
7.347985,5.001371
7.348395,5.001371
7.348805,5.001371
7.349215,5.001371
7.349625,5.001371
7.350035,5.001371
7.350445,5.001371
7.350855,5.001371
7.351265,5.001371
7.351675,5.001371
7.352085,5.001371
7.352495,5.001371
7.352905,5.001371
7.353315,5.001371
7.353725,5.001371
7.354135,5.001371
7.354545,5.001371
7.354955,5.001371
7.355365,5.001371
7.355775,5.001371
7.356185,5.001371
7.356595,5.001371
7.357005,5.001371
7.357415,5.001371
7.357825,5.001371
7.358235,5.001371
7.358645,5.001371
7.359055,5.001371
7.359465,5.001371
7.359875,5.001371
7.360285,5.001371
7.360695,5.001371
7.361105,5.001371
7.361515,5.001371
7.361925,5.001371
7.362335,5.001371
7.362745,5.001371
7.363155,5.001371
7.363565,5.001371
7.363975,5.001371
7.364385,5.001371
7.364795,5.001371
7.365206,5.001371
7.365616,5.001371
7.366026,5.001371
7.366436,5.001371
7.366846,5.001371
7.367256,5.001371
7.367666,5.001371
7.368076,5.001371
7.368486,5.001371
7.368896,5.001371
7.369306,5.001371
7.369716,5.001371
7.370126,5.001371
7.370536,5.001371
7.370946,5.001371
7.371356,5.001371
7.371766,5.001371
7.372176,5.001371
7.372586,5.001371
7.372996,5.001371
7.373406,5.001371
7.373816,5.001371
7.374226,5.001371
7.374636,5.001371
7.375046,5.001371
7.375456,5.001371
7.375866,5.001371
7.376276,5.001371
7.376686,5.001371
7.377096,5.001371
7.377506,5.001371
7.377916,5.001371
7.378326,5.001371
7.378736,5.001371
7.379146,5.001371
7.379556,5.001371
7.379966,5.001371
7.380376,5.001371
7.380786,5.001371
7.381196,5.001371
7.381606,5.001371
7.382016,5.001371
7.382426,5.001371
7.382836,5.001371
7.383246,5.001371
7.383656,5.001371
7.384066,5.001371
7.384476,5.001371
7.384886,5.001371
7.385296,5.001371
7.385706,5.001371
7.386116,5.001371
7.386526,5.001371
7.386936,5.001371
7.387346,5.001371
7.387756,5.001371
7.388166,5.001371
7.388576,5.001371
7.388986,5.001371
7.389396,5.001371
7.389806,5.001371
7.390216,5.001371
7.390626,5.001371
7.391036,5.001371
7.391446,5.001371
7.391856,5.001371
7.392266,5.001371
7.392676,5.001371
7.393086,5.001371
7.393496,5.001371
7.393906,5.001371
7.394316,5.001371
7.394726,5.001371
7.395137,5.001371
7.395547,5.001371
7.395957,5.001371
7.396367,5.001371
7.396777,5.001371
7.397187,5.001371
7.397597,5.001371
7.398007,5.001371
7.398417,5.001371
7.398827,5.001371
7.399237,5.001371
7.399647,5.001371
7.400057,5.001371
7.400467,5.001371
7.400877,5.001371
7.401287,5.001371
7.401697,5.001371
7.402107,5.001371
7.402517,5.001371
7.402927,5.001371
7.403337,5.001371
7.403747,5.001371
7.404157,5.001371
7.404567,5.001371
7.404977,5.001371
7.405387,5.001371
7.405797,5.001371
7.406207,5.001371
7.406617,5.001371
7.407027,5.001371
7.407437,5.001371
7.407847,5.001371
7.408257,5.001371
7.408667,5.001371
7.409077,5.001371
7.409487,5.001371
7.409897,5.001371
7.410307,5.001371
7.410717,5.001371
7.411127,5.001371
7.411537,5.001371
7.411947,5.001371
7.412357,5.001371
7.412767,5.001371
7.413177,5.001371
7.413587,5.001371
7.413997,5.001371
7.414407,5.001371
7.414817,5.001371
7.415227,5.001371
7.415637,5.001371
7.416047,5.001371
7.416457,5.001371
7.416867,5.001371
7.417277,5.001371
7.417687,5.001371
7.418097,5.001371
7.418507,5.001371
7.418917,5.001371
7.419327,5.001371
7.419737,5.001371
7.420147,5.001371
7.420557,5.001371
7.420967,5.001371
7.421377,5.001371
7.421787,5.001371
7.422197,5.001371
7.422607,5.001371
7.423017,5.001371
7.423427,5.001371
7.423837,5.001371
7.424247,5.001371
7.424657,5.001371
7.425068,5.001371
7.425478,5.001371
7.425888,5.001371
7.426298,5.001371
7.426708,5.001371
7.427118,5.001371
7.427528,5.001371
7.427938,5.001371
7.428348,5.001371
7.428758,5.001371
7.429168,5.001371
7.429578,5.001371
7.429988,5.001371
7.430398,5.001371
7.430808,5.001371
7.431218,5.001371
7.431628,5.001371
7.432038,5.001371
7.432448,5.001371
7.432858,5.001371
7.433268,5.001371
7.433678,5.001371
7.434088,5.001371
7.434498,5.001371
7.434908,5.001371
7.435318,5.001371
7.435728,5.001371
7.436138,5.001371
7.436548,5.001371
7.436958,5.001371
7.437368,5.001371
7.437778,5.001371
7.438188,5.001371
7.438598,5.001371
7.439008,5.001371
7.439418,5.001371
7.439828,5.001371
7.440238,5.001371
7.440648,5.001371
7.441058,5.001371
7.441468,5.001371
7.441878,5.001371
7.442288,5.001371
7.442698,5.001371
7.443108,5.001371
7.443518,5.001371
7.443928,5.001371
7.444338,5.001371
7.444748,5.001371
7.445158,5.001371
7.445568,5.001371
7.445978,5.001371
7.446388,5.001371
7.446798,5.001371
7.447208,5.001371
7.447618,5.001371
7.448028,5.001371
7.448438,5.001371
7.448848,5.001371
7.449258,5.001371
7.449668,5.001371
7.450078,5.001371
7.450488,5.001371
7.450898,5.001371
7.451308,5.001371
7.451718,5.001371
7.452128,5.001371
7.452538,5.001371
7.452948,5.001371
7.453358,5.001371
7.453768,5.001371
7.454178,5.001371
7.454588,5.001371
7.454998,5.001371
7.455409,5.001371
7.455819,5.001371
7.456229,5.001371
7.456639,5.001371
7.457049,5.001371
7.457459,5.001371
7.457869,5.001371
7.458279,5.001371
7.458689,5.001371
7.459099,5.001371
7.459509,5.001371
7.459919,5.001371
7.460329,5.001371
7.460739,5.001371
7.461149,5.001371
7.461559,5.001371
7.461969,5.001371
7.462379,5.001371
7.462789,5.001371
7.463199,5.001371
7.463609,5.001371
7.464019,5.001371
7.464429,5.001371
7.464839,5.001371
7.465249,5.001371
7.465659,5.001371
7.466069,5.001371
7.466479,5.001371
7.466889,5.001371
7.467299,5.001371
7.467709,5.001371
7.468119,5.001371
7.468529,5.001371
7.468939,5.001371
7.469349,5.001371
7.469759,5.001371
7.470169,5.001371
7.470579,5.001371
7.470989,5.001371
7.471399,5.001371
7.471809,5.001371
7.472219,5.001371
7.472629,5.001371
7.473039,5.001371
7.473449,5.001371
7.473859,5.001371
7.474269,5.001371
7.474679,5.001371
7.475089,5.001371
7.475499,5.001371
7.475909,5.001371
7.476319,5.001371
7.476729,5.001371
7.477139,5.001371
7.477549,5.001371
7.477959,5.001371
7.478369,5.001371
7.478779,5.001371
7.479189,5.001371
7.479599,5.001371
7.480009,5.001371
7.480419,5.001371
7.480829,5.001371
7.481239,5.001371
7.481649,5.001371
7.482059,5.001371
7.482469,5.001371
7.482879,5.001371
7.483289,5.001371
7.483699,5.001371
7.484109,5.001371
7.484519,5.001371
7.484929,5.001371
7.485340,5.001371
7.485750,5.001371
7.486160,5.001371
7.486570,5.001371
7.486980,5.001371
7.487390,5.001371
7.487800,5.001371
7.488210,5.001371
7.488620,5.001371
7.489030,5.001371
7.489440,5.001371
7.489850,5.001371
7.490260,5.001371
7.490670,5.001371
7.491080,5.001371
7.491490,5.001371
7.491900,5.001371
7.492310,5.001371
7.492720,5.001371
7.493130,5.001371
7.493540,5.001371
7.493950,5.001371
7.494360,5.001371
7.494770,5.001371
7.495180,5.001371
7.495590,5.001371
7.496000,5.001371
7.496410,5.001371
7.496820,5.001371
7.497230,5.001371
7.497640,5.001371
7.498050,5.001371
7.498460,5.001371
7.498870,5.001371
7.499280,5.001371
7.499690,5.001371
7.500100,5.001371
7.500510,5.001371
7.500920,5.001371
7.501330,5.001371
7.501740,5.001371
7.502150,5.001371
7.502560,5.001371
7.502970,5.001371
7.503380,5.001371
7.503790,5.001371
7.504200,5.001371
7.504610,5.001371
7.505020,5.001371
7.505430,5.001371
7.505840,5.001371
7.506250,5.001371
7.506660,5.001371
7.507070,5.001371
7.507480,5.001371
7.507890,5.001371
7.508300,5.001371
7.508710,5.001371
7.509120,5.001371
7.509530,5.001371
7.509940,5.001371
7.510350,5.001371
7.510760,5.001371
7.511170,5.001371
7.511580,5.001371
7.511990,5.001371
7.512400,5.001371
7.512810,5.001371
7.513220,5.001371
7.513630,5.001371
7.514040,5.001371
7.514450,5.001371
7.514860,5.001371
7.515271,5.001371
7.515681,5.001371
7.516091,5.001371
7.516501,5.001371
7.516911,5.001371
7.517321,5.001371
7.517731,5.001371
7.518141,5.001371
7.518551,5.001371
7.518961,5.001371
7.519371,5.001371
7.519781,5.001371
7.520191,5.001371
7.520601,5.001371
7.521011,5.001371
7.521421,5.001371
7.521831,5.001371
7.522241,5.001371
7.522651,5.001371
7.523061,5.001371
7.523471,5.001371
7.523881,5.001371
7.524291,5.001371
7.524701,5.001371
7.525111,5.001371
7.525521,5.001371
7.525931,5.001371
7.526341,5.001371
7.526751,5.001371
7.527161,5.001371
7.527571,5.001371
7.527981,5.001371
7.528391,5.001371
7.528801,5.001371
7.529211,5.001371
7.529621,5.001371
7.530031,5.001371
7.530441,5.001371
7.530851,5.001371
7.531261,5.001371
7.531671,5.001371
7.532081,5.001371
7.532491,5.001371
7.532901,5.001371
7.533311,5.001371
7.533721,5.001371
7.534131,5.001371
7.534541,5.001371
7.534951,5.001371
7.535361,5.001371
7.535771,5.001371
7.536181,5.001371
7.536591,5.001371
7.537001,5.001371
7.537411,5.001371
7.537821,5.001371
7.538231,5.001371
7.538641,5.001371
7.539051,5.001371
7.539461,5.001371
7.539871,5.001371
7.540281,5.001371
7.540691,5.001371
7.541101,5.001371
7.541511,5.001371
7.541921,5.001371
7.542331,5.001371
7.542741,5.001371
7.543151,5.001371
7.543561,5.001371
7.543971,5.001371
7.544381,5.001371
7.544791,5.001371
7.545202,5.001371
7.545612,5.001371
7.546022,5.001371
7.546432,5.001371
7.546842,5.001371
7.547252,5.001371
7.547662,5.001371
7.548072,5.001371
7.548482,5.001371
7.548892,5.001371
7.549302,5.001371
7.549712,5.001371
7.550122,5.001371
7.550532,5.001371
7.550942,5.001371
7.551352,5.001371
7.551762,5.001371
7.552172,5.001371
7.552582,5.001371
7.552992,5.001371
7.553402,5.001371
7.553812,5.001371
7.554222,5.001371
7.554632,5.001371
7.555042,5.001371
7.555452,5.001371
7.555862,5.001371
7.556272,5.001371
7.556682,5.001371
7.557092,5.001371
7.557502,5.001371
7.557912,5.001371
7.558322,5.001371
7.558732,5.001371
7.559142,5.001371
7.559552,5.001371
7.559962,5.001371
7.560372,5.001371
7.560782,5.001371
7.561192,5.001371
7.561602,5.001371
7.562012,5.001371
7.562422,5.001371
7.562832,5.001371
7.563242,5.001371
7.563652,5.001371
7.564062,5.001371
7.564472,5.001371
7.564882,5.001371
7.565292,5.001371
7.565702,5.001371
7.566112,5.001371
7.566522,5.001371
7.566932,5.001371
7.567342,5.001371
7.567752,5.001371
7.568162,5.001371
7.568572,5.001371
7.568982,5.001371
7.569392,5.001371
7.569802,5.001371
7.570212,5.001371
7.570622,5.001371
7.571032,5.001371
7.571442,5.001371
7.571852,5.001371
7.572262,5.001371
7.572672,5.001371
7.573082,5.001371
7.573492,5.001371
7.573902,5.001371
7.574312,5.001371
7.574722,5.001371
7.575133,5.001371
7.575543,5.001371
7.575953,5.001371
7.576363,5.001371
7.576773,5.001371
7.577183,5.001371
7.577593,5.001371
7.578003,5.001371
7.578413,5.001371
7.578823,5.001371
7.579233,5.001371
7.579643,5.001371
7.580053,5.001371
7.580463,5.001371
7.580873,5.001371
7.581283,5.001371
7.581693,5.001371
7.582103,5.001371
7.582513,5.001371
7.582923,5.001371
7.583333,5.001371
7.583743,5.001371
7.584153,5.001371
7.584563,5.001371
7.584973,5.001371
7.585383,5.001371
7.585793,5.001371
7.586203,5.001371
7.586613,5.001371
7.587023,5.001371
7.587433,5.001371
7.587843,5.001371
7.588253,5.001371
7.588663,5.001371
7.589073,5.001371
7.589483,5.001371
7.589893,5.001371
7.590303,5.001371
7.590713,5.001371
7.591123,5.001371
7.591533,5.001371
7.591943,5.001371
7.592353,5.001371
7.592763,5.001371
7.593173,5.001371
7.593583,5.001371
7.593993,5.001371
7.594403,5.001371
7.594813,5.001371
7.595223,5.001371
7.595633,5.001371
7.596043,5.001371
7.596453,5.001371
7.596863,5.001371
7.597273,5.001371
7.597683,5.001371
7.598093,5.001371
7.598503,5.001371
7.598913,5.001371
7.599323,5.001371
7.599733,5.001371
7.600143,5.001371
7.600553,5.001371
7.600963,5.001371
7.601373,5.001371
7.601783,5.001371
7.602193,5.001371
7.602603,5.001371
7.603013,5.001371
7.603423,5.001371
7.603833,5.001371
7.604243,5.001371
7.604653,5.001371
7.605064,5.001371
7.605474,5.001371
7.605884,5.001371
7.606294,5.001371
7.606704,5.001371
7.607114,5.001371
7.607524,5.001371
7.607934,5.001371
7.608344,5.001371
7.608754,5.001371
7.609164,5.001371
7.609574,5.001371
7.609984,5.001371
7.610394,5.001371
7.610804,5.001371
7.611214,5.001371
7.611624,5.001371
7.612034,5.001371
7.612444,5.001371
7.612854,5.001371
7.613264,5.001371
7.613674,5.001371
7.614084,5.001371
7.614494,5.001371
7.614904,5.001371
7.615314,5.001371
7.615724,5.001371
7.616134,5.001371
7.616544,5.001371
7.616954,5.001371
7.617364,5.001371
7.617774,5.001371
7.618184,5.001371
7.618594,5.001371
7.619004,5.001371
7.619414,5.001371
7.619824,5.001371
7.620234,5.001371
7.620644,5.001371
7.621054,5.001371
7.621464,5.001371
7.621874,5.001371
7.622284,5.001371
7.622694,5.001371
7.623104,5.001371
7.623514,5.001371
7.623924,5.001371
7.624334,5.001371
7.624744,5.001371
7.625154,5.001371
7.625564,5.001371
7.625974,5.001371
7.626384,5.001371
7.626794,5.001371
7.627204,5.001371
7.627614,5.001371
7.628024,5.001371
7.628434,5.001371
7.628844,5.001371
7.629254,5.001371
7.629664,5.001371
7.630074,5.001371
7.630484,5.001371
7.630894,5.001371
7.631304,5.001371
7.631714,5.001371
7.632124,5.001371
7.632534,5.001371
7.632944,5.001371
7.633354,5.001371
7.633764,5.001371
7.634174,5.001371
7.634584,5.001371
7.634994,5.001371
7.635405,5.001371
7.635815,5.001371
7.636225,5.001371
7.636635,5.001371
7.637045,5.001371
7.637455,5.001371
7.637865,5.001371
7.638275,5.001371
7.638685,5.001371
7.639095,5.001371
7.639505,5.001371
7.639915,5.001371
7.640325,5.001371
7.640735,5.001371
7.641145,5.001371
7.641555,5.001371
7.641965,5.001371
7.642375,5.001371
7.642785,5.001371
7.643195,5.001371
7.643605,5.001371
7.644015,5.001371
7.644425,5.001371
7.644835,5.001371
7.645245,5.001371
7.645655,5.001371
7.646065,5.001371
7.646475,5.001371
7.646885,5.001371
7.647295,5.001371
7.647705,5.001371
7.648115,5.001371
7.648525,5.001371
7.648935,5.001371
7.649345,5.001371
7.649755,5.001371
7.650165,5.001371
7.650575,5.001371
7.650985,5.001371
7.651395,5.001371
7.651805,5.001371
7.652215,5.001371
7.652625,5.001371
7.653035,5.001371
7.653445,5.001371
7.653855,5.001371
7.654265,5.001371
7.654675,5.001371
7.655085,5.001371
7.655495,5.001371
7.655905,5.001371
7.656315,5.001371
7.656725,5.001371
7.657135,5.001371
7.657545,5.001371
7.657955,5.001371
7.658365,5.001371
7.658775,5.001371
7.659185,5.001371
7.659595,5.001371
7.660005,5.001371
7.660415,5.001371
7.660825,5.001371
7.661235,5.001371
7.661645,5.001371
7.662055,5.001371
7.662465,5.001371
7.662875,5.001371
7.663285,5.001371
7.663695,5.001371
7.664105,5.001371
7.664515,5.001371
7.664925,5.001371
7.665336,5.001371
7.665746,5.001371
7.666156,5.001371
7.666566,5.001371
7.666976,5.001371
7.667386,5.001371
7.667796,5.001371
7.668206,5.001371
7.668616,5.001371
7.669026,5.001371
7.669436,5.001371
7.669846,5.001371
7.670256,5.001371
7.670666,5.001371
7.671076,5.001371
7.671486,5.001371
7.671896,5.001371
7.672306,5.001371
7.672716,5.001371
7.673126,5.001371
7.673536,5.001371
7.673946,5.001371
7.674356,5.001371
7.674766,5.001371
7.675176,5.001371
7.675586,5.001371
7.675996,5.001371
7.676406,5.001371
7.676816,5.001371
7.677226,5.001371
7.677636,5.001371
7.678046,5.001371
7.678456,5.001371
7.678866,5.001371
7.679276,5.001371
7.679686,5.001371
7.680096,5.001371
7.680506,5.001371
7.680916,5.001371
7.681326,5.001371
7.681736,5.001371
7.682146,5.001371
7.682556,5.001371
7.682966,5.001371
7.683376,5.001371
7.683786,5.001371
7.684196,5.001371
7.684606,5.001371
7.685016,5.001371
7.685426,5.001371
7.685836,5.001371
7.686246,5.001371
7.686656,5.001371
7.687066,5.001371
7.687476,5.001371
7.687886,5.001371
7.688296,5.001371
7.688706,5.001371
7.689116,5.001371
7.689526,5.001371
7.689936,5.001371
7.690346,5.001371
7.690756,5.001371
7.691166,5.001371
7.691576,5.001371
7.691986,5.001371
7.692396,5.001371
7.692806,5.001371
7.693216,5.001371
7.693626,5.001371
7.694036,5.001371
7.694446,5.001371
7.694856,5.001371
7.695267,5.001371
7.695677,5.001371
7.696087,5.001371
7.696497,5.001371
7.696907,5.001371
7.697317,5.001371
7.697727,5.001371
7.698137,5.001371
7.698547,5.001371
7.698957,5.001371
7.699367,5.001371
7.699777,5.001371
7.700187,5.001371
7.700597,5.001371
7.701007,5.001371
7.701417,5.001371
7.701827,5.001371
7.702237,5.001371
7.702647,5.001371
7.703057,5.001371
7.703467,5.001371
7.703877,5.001371
7.704287,5.001371
7.704697,5.001371
7.705107,5.001371
7.705517,5.001371
7.705927,5.001371
7.706337,5.001371
7.706747,5.001371
7.707157,5.001371
7.707567,5.001371
7.707977,5.001371
7.708387,5.001371
7.708797,5.001371
7.709207,5.001371
7.709617,5.001371
7.710027,5.001371
7.710437,5.001371
7.710847,5.001371
7.711257,5.001371
7.711667,5.001371
7.712077,5.001371
7.712487,5.001371
7.712897,5.001371
7.713307,5.001371
7.713717,5.001371
7.714127,5.001371
7.714537,5.001371
7.714947,5.001371
7.715357,5.001371
7.715767,5.001371
7.716177,5.001371
7.716587,5.001371
7.716997,5.001371
7.717407,5.001371
7.717817,5.001371
7.718227,5.001371
7.718637,5.001371
7.719047,5.001371
7.719457,5.001371
7.719867,5.001371
7.720277,5.001371
7.720687,5.001371
7.721097,5.001371
7.721507,5.001371
7.721917,5.001371
7.722327,5.001371
7.722737,5.001371
7.723147,5.001371
7.723557,5.001371
7.723967,5.001371
7.724377,5.001371
7.724787,5.001371
7.725198,5.001371
7.725608,5.001371
7.726018,5.001371
7.726428,5.001371
7.726838,5.001371
7.727248,5.001371
7.727658,5.001371
7.728068,5.001371
7.728478,5.001371
7.728888,5.001371
7.729298,5.001371
7.729708,5.001371
7.730118,5.001371
7.730528,5.001371
7.730938,5.001371
7.731348,5.001371
7.731758,5.001371
7.732168,5.001371
7.732578,5.001371
7.732988,5.001371
7.733398,5.001371
7.733808,5.001371
7.734218,5.001371
7.734628,5.001371
7.735038,5.001371
7.735448,5.001371
7.735858,5.001371
7.736268,5.001371
7.736678,5.001371
7.737088,5.001371
7.737498,5.001371
7.737908,5.001371
7.738318,5.001371
7.738728,5.001371
7.739138,5.001371
7.739548,5.001371
7.739958,5.001371
7.740368,5.001371
7.740778,5.001371
7.741188,5.001371
7.741598,5.001371
7.742008,5.001371
7.742418,5.001371
7.742828,5.001371
7.743238,5.001371
7.743648,5.001371
7.744058,5.001371
7.744468,5.001371
7.744878,5.001371
7.745288,5.001371
7.745698,5.001371
7.746108,5.001371
7.746518,5.001371
7.746928,5.001371
7.747338,5.001371
7.747748,5.001371
7.748158,5.001371
7.748568,5.001371
7.748978,5.001371
7.749388,5.001371
7.749798,5.001371
7.750208,5.001371
7.750618,5.001371
7.751028,5.001371
7.751438,5.001371
7.751848,5.001371
7.752258,5.001371
7.752668,5.001371
7.753078,5.001371
7.753488,5.001371
7.753898,5.001371
7.754308,5.001371
7.754718,5.001371
7.755129,5.001371
7.755539,5.001371
7.755949,5.001371
7.756359,5.001371
7.756769,5.001371
7.757179,5.001371
7.757589,5.001371
7.757999,5.001371
7.758409,5.001371
7.758819,5.001371
7.759229,5.001371
7.759639,5.001371
7.760049,5.001371
7.760459,5.001371
7.760869,5.001371
7.761279,5.001371
7.761689,5.001371
7.762099,5.001371
7.762509,5.001371
7.762919,5.001371
7.763329,5.001371
7.763739,5.001371
7.764149,5.001371
7.764559,5.001371
7.764969,5.001371
7.765379,5.001371
7.765789,5.001371
7.766199,5.001371
7.766609,5.001371
7.767019,5.001371
7.767429,5.001371
7.767839,5.001371
7.768249,5.001371
7.768659,5.001371
7.769069,5.001371
7.769479,5.001371
7.769889,5.001371
7.770299,5.001371
7.770709,5.001371
7.771119,5.001371
7.771529,5.001371
7.771939,5.001371
7.772349,5.001371
7.772759,5.001371
7.773169,5.001371
7.773579,5.001371
7.773989,5.001371
7.774399,5.001371
7.774809,5.001371
7.775219,5.001371
7.775629,5.001371
7.776039,5.001371
7.776449,5.001371
7.776859,5.001371
7.777269,5.001371
7.777679,5.001371
7.778089,5.001371
7.778499,5.001371
7.778909,5.001371
7.779319,5.001371
7.779729,5.001371
7.780139,5.001371
7.780549,5.001371
7.780959,5.001371
7.781369,5.001371
7.781779,5.001371
7.782189,5.001371
7.782599,5.001371
7.783009,5.001371
7.783419,5.001371
7.783829,5.001371
7.784239,5.001371
7.784649,5.001371
7.785060,5.001371
7.785470,5.001371
7.785880,5.001371
7.786290,5.001371
7.786700,5.001371
7.787110,5.001371
7.787520,5.001371
7.787930,5.001371
7.788340,5.001371
7.788750,5.001371
7.789160,5.001371
7.789570,5.001371
7.789980,5.001371
7.790390,5.001371
7.790800,5.001371
7.791210,5.001371
7.791620,5.001371
7.792030,5.001371
7.792440,5.001371
7.792850,5.001371
7.793260,5.001371
7.793670,5.001371
7.794080,5.001371
7.794490,5.001371
7.794900,5.001371
7.795310,5.001371
7.795720,5.001371
7.796130,5.001371
7.796540,5.001371
7.796950,5.001371
7.797360,5.001371
7.797770,5.001371
7.798180,5.001371
7.798590,5.001371
7.799000,5.001371
7.799410,5.001371
7.799820,5.001371
7.800230,5.001371
7.800640,5.001371
7.801050,5.001371
7.801460,5.001371
7.801870,5.001371
7.802280,5.001371
7.802690,5.001371
7.803100,5.001371
7.803510,5.001371
7.803920,5.001371
7.804330,5.001371
7.804740,5.001371
7.805150,5.001371
7.805560,5.001371
7.805970,5.001371
7.806380,5.001371
7.806790,5.001371
7.807200,5.001371
7.807610,5.001371
7.808020,5.001371
7.808430,5.001371
7.808840,5.001371
7.809250,5.001371
7.809660,5.001371
7.810070,5.001371
7.810480,5.001371
7.810890,5.001371
7.811300,5.001371
7.811710,5.001371
7.812120,5.001371
7.812530,5.001371
7.812940,5.001371
7.813350,5.001371
7.813760,5.001371
7.814170,5.001371
7.814580,5.001371
7.814990,5.001371
7.815401,5.001371
7.815811,5.001371
7.816221,5.001371
7.816631,5.001371
7.817041,5.001371
7.817451,5.001371
7.817861,5.001371
7.818271,5.001371
7.818681,5.001371
7.819091,5.001371
7.819501,5.001371
7.819911,5.001371
7.820321,5.001371
7.820731,5.001371
7.821141,5.001371
7.821551,5.001371
7.821961,5.001371
7.822371,5.001371
7.822781,5.001371
7.823191,5.001371
7.823601,5.001371
7.824011,5.001371
7.824421,5.001371
7.824831,5.001371
7.825241,5.001371
7.825651,5.001371
7.826061,5.001371
7.826471,5.001371
7.826881,5.001371
7.827291,5.001371
7.827701,5.001371
7.828111,5.001371
7.828521,5.001371
7.828931,5.001371
7.829341,5.001371
7.829751,5.001371
7.830161,5.001371
7.830571,5.001371
7.830981,5.001371
7.831391,5.001371
7.831801,5.001371
7.832211,5.001371
7.832621,5.001371
7.833031,5.001371
7.833441,5.001371
7.833851,5.001371
7.834261,5.001371
7.834671,5.001371
7.835081,5.001371
7.835491,5.001371
7.835901,5.001371
7.836311,5.001371
7.836721,5.001371
7.837131,5.001371
7.837541,5.001371
7.837951,5.001371
7.838361,5.001371
7.838771,5.001371
7.839181,5.001371
7.839591,5.001371
7.840001,5.001371
7.840411,5.001371
7.840821,5.001371
7.841231,5.001371
7.841641,5.001371
7.842051,5.001371
7.842461,5.001371
7.842871,5.001371
7.843281,5.001371
7.843691,5.001371
7.844101,5.001371
7.844511,5.001371
7.844921,5.001371
7.845332,5.001371
7.845742,5.001371
7.846152,5.001371
7.846562,5.001371
7.846972,5.001371
7.847382,5.001371
7.847792,5.001371
7.848202,5.001371
7.848612,5.001371
7.849022,5.001371
7.849432,5.001371
7.849842,5.001371
7.850252,5.001371
7.850662,5.001371
7.851072,5.001371
7.851482,5.001371
7.851892,5.001371
7.852302,5.001371
7.852712,5.001371
7.853122,5.001371
7.853532,5.001371
7.853942,5.001371
7.854352,5.001371
7.854762,5.001371
7.855172,5.001371
7.855582,5.001371
7.855992,5.001371
7.856402,5.001371
7.856812,5.001371
7.857222,5.001371
7.857632,5.001371
7.858042,5.001371
7.858452,5.001371
7.858862,5.001371
7.859272,5.001371
7.859682,5.001371
7.860092,5.001371
7.860502,5.001371
7.860912,5.001371
7.861322,5.001371
7.861732,5.001371
7.862142,5.001371
7.862552,5.001371
7.862962,5.001371
7.863372,5.001371
7.863782,5.001371
7.864192,5.001371
7.864602,5.001371
7.865012,5.001371
7.865422,5.001371
7.865832,5.001371
7.866242,5.001371
7.866652,5.001371
7.867062,5.001371
7.867472,5.001371
7.867882,5.001371
7.868292,5.001371
7.868702,5.001371
7.869112,5.001371
7.869522,5.001371
7.869932,5.001371
7.870342,5.001371
7.870752,5.001371
7.871162,5.001371
7.871572,5.001371
7.871982,5.001371
7.872392,5.001371
7.872802,5.001371
7.873212,5.001371
7.873622,5.001371
7.874032,5.001371
7.874442,5.001371
7.874852,5.001371
7.875263,5.001371
7.875673,5.001371
7.876083,5.001371
7.876493,5.001371
7.876903,5.001371
7.877313,5.001371
7.877723,5.001371
7.878133,5.001371
7.878543,5.001371
7.878953,5.001371
7.879363,5.001371
7.879773,5.001371
7.880183,5.001371
7.880593,5.001371
7.881003,5.001371
7.881413,5.001371
7.881823,5.001371
7.882233,5.001371
7.882643,5.001371
7.883053,5.001371
7.883463,5.001371
7.883873,5.001371
7.884283,5.001371
7.884693,5.001371
7.885103,5.001371
7.885513,5.001371
7.885923,5.001371
7.886333,5.001371
7.886743,5.001371
7.887153,5.001371
7.887563,5.001371
7.887973,5.001371
7.888383,5.001371
7.888793,5.001371
7.889203,5.001371
7.889613,5.001371
7.890023,5.001371
7.890433,5.001371
7.890843,5.001371
7.891253,5.001371
7.891663,5.001371
7.892073,5.001371
7.892483,5.001371
7.892893,5.001371
7.893303,5.001371
7.893713,5.001371
7.894123,5.001371
7.894533,5.001371
7.894943,5.001371
7.895353,5.001371
7.895763,5.001371
7.896173,5.001371
7.896583,5.001371
7.896993,5.001371
7.897403,5.001371
7.897813,5.001371
7.898223,5.001371
7.898633,5.001371
7.899043,5.001371
7.899453,5.001371
7.899863,5.001371
7.900273,5.001371
7.900683,5.001371
7.901093,5.001371
7.901503,5.001371
7.901913,5.001371
7.902323,5.001371
7.902733,5.001371
7.903143,5.001371
7.903553,5.001371
7.903963,5.001371
7.904373,5.001371
7.904783,5.001371
7.905194,5.001371
7.905604,5.001371
7.906014,5.001371
7.906424,5.001371
7.906834,5.001371
7.907244,5.001371
7.907654,5.001371
7.908064,5.001371
7.908474,5.001371
7.908884,5.001371
7.909294,5.001371
7.909704,5.001371
7.910114,5.001371
7.910524,5.001371
7.910934,5.001371
7.911344,5.001371
7.911754,5.001371
7.912164,5.001371
7.912574,5.001371
7.912984,5.001371
7.913394,5.001371
7.913804,5.001371
7.914214,5.001371
7.914624,5.001371
7.915034,5.001371
7.915444,5.001371
7.915854,5.001371
7.916264,5.001371
7.916674,5.001371
7.917084,5.001371
7.917494,5.001371
7.917904,5.001371
7.918314,5.001371
7.918724,5.001371
7.919134,5.001371
7.919544,5.001371
7.919954,5.001371
7.920364,5.001371
7.920774,5.001371
7.921184,5.001371
7.921594,5.001371
7.922004,5.001371
7.922414,5.001371
7.922824,5.001371
7.923234,5.001371
7.923644,5.001371
7.924054,5.001371
7.924464,5.001371
7.924874,5.001371
7.925284,5.001371
7.925694,5.001371
7.926104,5.001371
7.926514,5.001371
7.926924,5.001371
7.927334,5.001371
7.927744,5.001371
7.928154,5.001371
7.928564,5.001371
7.928974,5.001371
7.929384,5.001371
7.929794,5.001371
7.930204,5.001371
7.930614,5.001371
7.931024,5.001371
7.931434,5.001371
7.931844,5.001371
7.932254,5.001371
7.932664,5.001371
7.933074,5.001371
7.933484,5.001371
7.933894,5.001371
7.934304,5.001371
7.934714,5.001371
7.935125,5.001371
7.935535,5.001371
7.935945,5.001371
7.936355,5.001371
7.936765,5.001371
7.937175,5.001371
7.937585,5.001371
7.937995,5.001371
7.938405,5.001371
7.938815,5.001371
7.939225,5.001371
7.939635,5.001371
7.940045,5.001371
7.940455,5.001371
7.940865,5.001371
7.941275,5.001371
7.941685,5.001371
7.942095,5.001371
7.942505,5.001371
7.942915,5.001371
7.943325,5.001371
7.943735,5.001371
7.944145,5.001371
7.944555,5.001371
7.944965,5.001371
7.945375,5.001371
7.945785,5.001371
7.946195,5.001371
7.946605,5.001371
7.947015,5.001371
7.947425,5.001371
7.947835,5.001371
7.948245,5.001371
7.948655,5.001371
7.949065,5.001371
7.949475,5.001371
7.949885,5.001371
7.950295,5.001371
7.950705,5.001371
7.951115,5.001371
7.951525,5.001371
7.951935,5.001371
7.952345,5.001371
7.952755,5.001371
7.953165,5.001371
7.953575,5.001371
7.953985,5.001371
7.954395,5.001371
7.954805,5.001371
7.955215,5.001371
7.955625,5.001371
7.956035,5.001371
7.956445,5.001371
7.956855,5.001371
7.957265,5.001371
7.957675,5.001371
7.958085,5.001371
7.958495,5.001371
7.958905,5.001371
7.959315,5.001371
7.959725,5.001371
7.960135,5.001371
7.960545,5.001371
7.960955,5.001371
7.961365,5.001371
7.961775,5.001371
7.962185,5.001371
7.962595,5.001371
7.963005,5.001371
7.963415,5.001371
7.963825,5.001371
7.964235,5.001371
7.964645,5.001371
7.965056,5.001371
7.965466,5.001371
7.965876,5.001371
7.966286,5.001371
7.966696,5.001371
7.967106,5.001371
7.967516,5.001371
7.967926,5.001371
7.968336,5.001371
7.968746,5.001371
7.969156,5.001371
7.969566,5.001371
7.969976,5.001371
7.970386,5.001371
7.970796,5.001371
7.971206,5.001371
7.971616,5.001371
7.972026,5.001371
7.972436,5.001371
7.972846,5.001371
7.973256,5.001371
7.973666,5.001371
7.974076,5.001371
7.974486,5.001371
7.974896,5.001371
7.975306,5.001371
7.975716,5.001371
7.976126,5.001371
7.976536,5.001371
7.976946,5.001371
7.977356,5.001371
7.977766,5.001371
7.978176,5.001371
7.978586,5.001371
7.978996,5.001371
7.979406,5.001371
7.979816,5.001371
7.980226,5.001371
7.980636,5.001371
7.981046,5.001371
7.981456,5.001371
7.981866,5.001371
7.982276,5.001371
7.982686,5.001371
7.983096,5.001371
7.983506,5.001371
7.983916,5.001371
7.984326,5.001371
7.984736,5.001371
7.985146,5.001371
7.985556,5.001371
7.985966,5.001371
7.986376,5.001371
7.986786,5.001371
7.987196,5.001371
7.987606,5.001371
7.988016,5.001371
7.988426,5.001371
7.988836,5.001371
7.989246,5.001371
7.989656,5.001371
7.990066,5.001371
7.990476,5.001371
7.990886,5.001371
7.991296,5.001371
7.991706,5.001371
7.992116,5.001371
7.992526,5.001371
7.992936,5.001371
7.993346,5.001371
7.993756,5.001371
7.994166,5.001371
7.994576,5.001371
7.994986,5.001371
7.995397,5.001371
7.995807,5.001371
7.996217,5.001371
7.996627,5.001371
7.997037,5.001371
7.997447,5.001371
7.997857,5.001371
7.998267,5.001371
7.998677,5.001371
7.999087,5.001371
7.999497,5.001371
7.999907,5.001371
8.000317,5.001371
8.000727,5.001371
8.001137,5.001371
8.001547,5.001371
8.001957,5.001371
8.002367,5.001371
8.002777,5.001371
8.003187,5.001371
8.003597,5.001371
8.004007,5.001371
8.004417,5.001371
8.004827,5.001371
8.005237,5.001371
8.005647,5.001371
8.006057,5.001371
8.006467,5.001371
8.006877,5.001371
8.007287,5.001371
8.007697,5.001371
8.008107,5.001371
8.008517,5.001371
8.008927,5.001371
8.009337,5.001371
8.009747,5.001371
8.010157,5.001371
8.010567,5.001371
8.010977,5.001371
8.011387,5.001371
8.011797,5.001371
8.012207,5.001371
8.012617,5.001371
8.013027,5.001371
8.013437,5.001371
8.013847,5.001371
8.014257,5.001371
8.014667,5.001371
8.015077,5.001371
8.015487,5.001371
8.015897,5.001371
8.016307,5.001371
8.016717,5.001371
8.017127,5.001371
8.017537,5.001371
8.017947,5.001371
8.018357,5.001371
8.018767,5.001371
8.019177,5.001371
8.019587,5.001371
8.019997,5.001371
8.020407,5.001371
8.020817,5.001371
8.021227,5.001371
8.021637,5.001371
8.022047,5.001371
8.022457,5.001371
8.022867,5.001371
8.023277,5.001371
8.023687,5.001371
8.024097,5.001371
8.024507,5.001371
8.024917,5.001371
8.025328,5.001371
8.025738,5.001371
8.026148,5.001371
8.026558,5.001371
8.026968,5.001371
8.027378,5.001371
8.027788,5.001371
8.028198,5.001371
8.028608,5.001371
8.029018,5.001371
8.029428,5.001371
8.029838,5.001371
8.030248,5.001371
8.030658,5.001371
8.031068,5.001371
8.031478,5.001371
8.031888,5.001371
8.032298,5.001371
8.032708,5.001371
8.033118,5.001371
8.033528,5.001371
8.033938,5.001371
8.034348,5.001371
8.034758,5.001371
8.035168,5.001371
8.035578,5.001371
8.035988,5.001371
8.036398,5.001371
8.036808,5.001371
8.037218,5.001371
8.037628,5.001371
8.038038,5.001371
8.038448,5.001371
8.038858,5.001371
8.039268,5.001371
8.039678,5.001371
8.040088,5.001371
8.040498,5.001371
8.040908,5.001371
8.041318,5.001371
8.041728,5.001371
8.042138,5.001371
8.042548,5.001371
8.042958,5.001371
8.043368,5.001371
8.043778,5.001371
8.044188,5.001371
8.044598,5.001371
8.045008,5.001371
8.045418,5.001371
8.045828,5.001371
8.046238,5.001371
8.046648,5.001371
8.047058,5.001371
8.047468,5.001371
8.047878,5.001371
8.048288,5.001371
8.048698,5.001371
8.049108,5.001371
8.049518,5.001371
8.049928,5.001371
8.050338,5.001371
8.050748,5.001371
8.051158,5.001371
8.051568,5.001371
8.051978,5.001371
8.052388,5.001371
8.052798,5.001371
8.053208,5.001371
8.053618,5.001371
8.054028,5.001371
8.054438,5.001371
8.054848,5.001371
8.055259,5.001371
8.055669,5.001371
8.056079,5.001371
8.056489,5.001371
8.056899,5.001371
8.057309,5.001371
8.057719,5.001371
8.058129,5.001371
8.058539,5.001371
8.058949,5.001371
8.059359,5.001371
8.059769,5.001371
8.060179,5.001371
8.060589,5.001371
8.060999,5.001371
8.061409,5.001371
8.061819,5.001371
8.062229,5.001371
8.062639,5.001371
8.063049,5.001371
8.063459,5.001371
8.063869,5.001371
8.064279,5.001371
8.064689,5.001371
8.065099,5.001371
8.065509,5.001371
8.065919,5.001371
8.066329,5.001371
8.066739,5.001371
8.067149,5.001371
8.067559,5.001371
8.067969,5.001371
8.068379,5.001371
8.068789,5.001371
8.069199,5.001371
8.069609,5.001371
8.070019,5.001371
8.070429,5.001371
8.070839,5.001371
8.071249,5.001371
8.071659,5.001371
8.072069,5.001371
8.072479,5.001371
8.072889,5.001371
8.073299,5.001371
8.073709,5.001371
8.074119,5.001371
8.074529,5.001371
8.074939,5.001371
8.075349,5.001371
8.075759,5.001371
8.076169,5.001371
8.076579,5.001371
8.076989,5.001371
8.077399,5.001371
8.077809,5.001371
8.078219,5.001371
8.078629,5.001371
8.079039,5.001371
8.079449,5.001371
8.079859,5.001371
8.080269,5.001371
8.080679,5.001371
8.081089,5.001371
8.081499,5.001371
8.081909,5.001371
8.082319,5.001371
8.082729,5.001371
8.083139,5.001371
8.083549,5.001371
8.083959,5.001371
8.084369,5.001371
8.084779,5.001371
8.085190,5.001371
8.085600,5.001371
8.086010,5.001371
8.086420,5.001371
8.086830,5.001371
8.087240,5.001371
8.087650,5.001371
8.088060,5.001371
8.088470,5.001371
8.088880,5.001371
8.089290,5.001371
8.089700,5.001371
8.090110,5.001371
8.090520,5.001371
8.090930,5.001371
8.091340,5.001371
8.091750,5.001371
8.092160,5.001371
8.092570,5.001371
8.092980,5.001371
8.093390,5.001371
8.093800,5.001371
8.094210,5.001371
8.094620,5.001371
8.095030,5.001371
8.095440,5.001371
8.095850,5.001371
8.096260,5.001371
8.096670,5.001371
8.097080,5.001371
8.097490,5.001371
8.097900,5.001371
8.098310,5.001371
8.098720,5.001371
8.099130,5.001371
8.099540,5.001371
8.099950,5.001371
8.100360,5.001371
8.100770,5.001371
8.101180,5.001371
8.101590,5.001371
8.102000,5.001371
8.102410,5.001371
8.102820,5.001371
8.103230,5.001371
8.103640,5.001371
8.104050,5.001371
8.104460,5.001371
8.104870,5.001371
8.105280,5.001371
8.105690,5.001371
8.106100,5.001371
8.106510,5.001371
8.106920,5.001371
8.107330,5.001371
8.107740,5.001371
8.108150,5.001371
8.108560,5.001371
8.108970,5.001371
8.109380,5.001371
8.109790,5.001371
8.110200,5.001371
8.110610,5.001371
8.111020,5.001371
8.111430,5.001371
8.111840,5.001371
8.112250,5.001371
8.112660,5.001371
8.113070,5.001371
8.113480,5.001371
8.113890,5.001371
8.114300,5.001371
8.114710,5.001371
8.115121,5.001371
8.115531,5.001371
8.115941,5.001371
8.116351,5.001371
8.116761,5.001371
8.117171,5.001371
8.117581,5.001371
8.117991,5.001371
8.118401,5.001371
8.118811,5.001371
8.119221,5.001371
8.119631,5.001371
8.120041,5.001371
8.120451,5.001371
8.120861,5.001371
8.121271,5.001371
8.121681,5.001371
8.122091,5.001371
8.122501,5.001371
8.122911,5.001371
8.123321,5.001371
8.123731,5.001371
8.124141,5.001371
8.124551,5.001371
8.124961,5.001371
8.125371,5.001371
8.125781,5.001371
8.126191,5.001371
8.126601,5.001371
8.127011,5.001371
8.127421,5.001371
8.127831,5.001371
8.128241,5.001371
8.128651,5.001371
8.129061,5.001371
8.129471,5.001371
8.129881,5.001371
8.130291,5.001371
8.130701,5.001371
8.131111,5.001371
8.131521,5.001371
8.131931,5.001371
8.132341,5.001371
8.132751,5.001371
8.133161,5.001371
8.133571,5.001371
8.133981,5.001371
8.134391,5.001371
8.134801,5.001371
8.135211,5.001371
8.135621,5.001371
8.136031,5.001371
8.136441,5.001371
8.136851,5.001371
8.137261,5.001371
8.137671,5.001371
8.138081,5.001371
8.138491,5.001371
8.138901,5.001371
8.139311,5.001371
8.139721,5.001371
8.140131,5.001371
8.140541,5.001371
8.140951,5.001371
8.141361,5.001371
8.141771,5.001371
8.142181,5.001371
8.142591,5.001371
8.143001,5.001371
8.143411,5.001371
8.143821,5.001371
8.144231,5.001371
8.144641,5.001371
8.145052,5.001371
8.145462,5.001371
8.145872,5.001371
8.146282,5.001371
8.146692,5.001371
8.147102,5.001371
8.147512,5.001371
8.147922,5.001371
8.148332,5.001371
8.148742,5.001371
8.149152,5.001371
8.149562,5.001371
8.149972,5.001371
8.150382,5.001371
8.150792,5.001371
8.151202,5.001371
8.151612,5.001371
8.152022,5.001371
8.152432,5.001371
8.152842,5.001371
8.153252,5.001371
8.153662,5.001371
8.154072,5.001371
8.154482,5.001371
8.154892,5.001371
8.155302,5.001371
8.155712,5.001371
8.156122,5.001371
8.156532,5.001371
8.156942,5.001371
8.157352,5.001371
8.157762,5.001371
8.158172,5.001371
8.158582,5.001371
8.158992,5.001371
8.159402,5.001371
8.159812,5.001371
8.160222,5.001371
8.160632,5.001371
8.161042,5.001371
8.161452,5.001371
8.161862,5.001371
8.162272,5.001371
8.162682,5.001371
8.163092,5.001371
8.163502,5.001371
8.163912,5.001371
8.164322,5.001371
8.164732,5.001371
8.165142,5.001371
8.165552,5.001371
8.165962,5.001371
8.166372,5.001371
8.166782,5.001371
8.167192,5.001371
8.167602,5.001371
8.168012,5.001371
8.168422,5.001371
8.168832,5.001371
8.169242,5.001371
8.169652,5.001371
8.170062,5.001371
8.170472,5.001371
8.170882,5.001371
8.171292,5.001371
8.171702,5.001371
8.172112,5.001371
8.172522,5.001371
8.172932,5.001371
8.173342,5.001371
8.173752,5.001371
8.174162,5.001371
8.174572,5.001371
8.174982,5.001371
8.175393,5.001371
8.175803,5.001371
8.176213,5.001371
8.176623,5.001371
8.177033,5.001371
8.177443,5.001371
8.177853,5.001371
8.178263,5.001371
8.178673,5.001371
8.179083,5.001371
8.179493,5.001371
8.179903,5.001371
8.180313,5.001371
8.180723,5.001371
8.181133,5.001371
8.181543,5.001371
8.181953,5.001371
8.182363,5.001371
8.182773,5.001371
8.183183,5.001371
8.183593,5.001371
8.184003,5.001371
8.184413,5.001371
8.184823,5.001371
8.185233,5.001371
8.185643,5.001371
8.186053,5.001371
8.186463,5.001371
8.186873,5.001371
8.187283,5.001371
8.187693,5.001371
8.188103,5.001371
8.188513,5.001371
8.188923,5.001371
8.189333,5.001371
8.189743,5.001371
8.190153,5.001371
8.190563,5.001371
8.190973,5.001371
8.191383,5.001371
8.191793,5.001371
8.192203,5.001371
8.192613,5.001371
8.193023,5.001371
8.193433,5.001371
8.193843,5.001371
8.194253,5.001371
8.194663,5.001371
8.195073,5.001371
8.195483,5.001371
8.195893,5.001371
8.196303,5.001371
8.196713,5.001371
8.197123,5.001371
8.197533,5.001371
8.197943,5.001371
8.198353,5.001371
8.198763,5.001371
8.199173,5.001371
8.199583,5.001371
8.199993,5.001371
8.200403,5.001371
8.200813,5.001371
8.201223,5.001371
8.201633,5.001371
8.202043,5.001371
8.202453,5.001371
8.202863,5.001371
8.203273,5.001371
8.203683,5.001371
8.204093,5.001371
8.204503,5.001371
8.204913,5.001371
8.205324,5.001371
8.205734,5.001371
8.206144,5.001371
8.206554,5.001371
8.206964,5.001371
8.207374,5.001371
8.207784,5.001371
8.208194,5.001371
8.208604,5.001371
8.209014,5.001371
8.209424,5.001371
8.209834,5.001371
8.210244,5.001371
8.210654,5.001371
8.211064,5.001371
8.211474,5.001371
8.211884,5.001371
8.212294,5.001371
8.212704,5.001371
8.213114,5.001371
8.213524,5.001371
8.213934,5.001371
8.214344,5.001371
8.214754,5.001371
8.215164,5.001371
8.215574,5.001371
8.215984,5.001371
8.216394,5.001371
8.216804,5.001371
8.217214,5.001371
8.217624,5.001371
8.218034,5.001371
8.218444,5.001371
8.218854,5.001371
8.219264,5.001371
8.219674,5.001371
8.220084,5.001371
8.220494,5.001371
8.220904,5.001371
8.221314,5.001371
8.221724,5.001371
8.222134,5.001371
8.222544,5.001371
8.222954,5.001371
8.223364,5.001371
8.223774,5.001371
8.224184,5.001371
8.224594,5.001371
8.225004,5.001371
8.225414,5.001371
8.225824,5.001371
8.226234,5.001371
8.226644,5.001371
8.227054,5.001371
8.227464,5.001371
8.227874,5.001371
8.228284,5.001371
8.228694,5.001371
8.229104,5.001371
8.229514,5.001371
8.229924,5.001371
8.230334,5.001371
8.230744,5.001371
8.231154,5.001371
8.231564,5.001371
8.231974,5.001371
8.232384,5.001371
8.232794,5.001371
8.233204,5.001371
8.233614,5.001371
8.234024,5.001371
8.234434,5.001371
8.234844,5.001371
8.235255,5.001371
8.235665,5.001371
8.236075,5.001371
8.236485,5.001371
8.236895,5.001371
8.237305,5.001371
8.237715,5.001371
8.238125,5.001371
8.238535,5.001371
8.238945,5.001371
8.239355,5.001371
8.239765,5.001371
8.240175,5.001371
8.240585,5.001371
8.240995,5.001371
8.241405,5.001371
8.241815,5.001371
8.242225,5.001371
8.242635,5.001371
8.243045,5.001371
8.243455,5.001371
8.243865,5.001371
8.244275,5.001371
8.244685,5.001371
8.245095,5.001371
8.245505,5.001371
8.245915,5.001371
8.246325,5.001371
8.246735,5.001371
8.247145,5.001371
8.247555,5.001371
8.247965,5.001371
8.248375,5.001371
8.248785,5.001371
8.249195,5.001371
8.249605,5.001371
8.250015,5.001371
8.250425,5.001371
8.250835,5.001371
8.251245,5.001371
8.251655,5.001371
8.252065,5.001371
8.252475,5.001371
8.252885,5.001371
8.253295,5.001371
8.253705,5.001371
8.254115,5.001371
8.254525,5.001371
8.254935,5.001371
8.255345,5.001371
8.255755,5.001371
8.256165,5.001371
8.256575,5.001371
8.256985,5.001371
8.257395,5.001371
8.257805,5.001371
8.258215,5.001371
8.258625,5.001371
8.259035,5.001371
8.259445,5.001371
8.259855,5.001371
8.260265,5.001371
8.260675,5.001371
8.261085,5.001371
8.261495,5.001371
8.261905,5.001371
8.262315,5.001371
8.262725,5.001371
8.263135,5.001371
8.263545,5.001371
8.263955,5.001371
8.264365,5.001371
8.264775,5.001371
8.265186,5.001371
8.265596,5.001371
8.266006,5.001371
8.266416,5.001371
8.266826,5.001371
8.267236,5.001371
8.267646,5.001371
8.268056,5.001371
8.268466,5.001371
8.268876,5.001371
8.269286,5.001371
8.269696,5.001371
8.270106,5.001371
8.270516,5.001371
8.270926,5.001371
8.271336,5.001371
8.271746,5.001371
8.272156,5.001371
8.272566,5.001371
8.272976,5.001371
8.273386,5.001371
8.273796,5.001371
8.274206,5.001371
8.274616,5.001371
8.275026,5.001371
8.275436,5.001371
8.275846,5.001371
8.276256,5.001371
8.276666,5.001371
8.277076,5.001371
8.277486,5.001371
8.277896,5.001371
8.278306,5.001371
8.278716,5.001371
8.279126,5.001371
8.279536,5.001371
8.279946,5.001371
8.280356,5.001371
8.280766,5.001371
8.281176,5.001371
8.281586,5.001371
8.281996,5.001371
8.282406,5.001371
8.282816,5.001371
8.283226,5.001371
8.283636,5.001371
8.284046,5.001371
8.284456,5.001371
8.284866,5.001371
8.285276,5.001371
8.285686,5.001371
8.286096,5.001371
8.286506,5.001371
8.286916,5.001371
8.287326,5.001371
8.287736,5.001371
8.288146,5.001371
8.288556,5.001371
8.288966,5.001371
8.289376,5.001371
8.289786,5.001371
8.290196,5.001371
8.290606,5.001371
8.291016,5.001371
8.291426,5.001371
8.291836,5.001371
8.292246,5.001371
8.292656,5.001371
8.293066,5.001371
8.293476,5.001371
8.293886,5.001371
8.294296,5.001371
8.294706,5.001371
8.295117,5.001371
8.295527,5.001371
8.295937,5.001371
8.296347,5.001371
8.296757,5.001371
8.297167,5.001371
8.297577,5.001371
8.297987,5.001371
8.298397,5.001371
8.298807,5.001371
8.299217,5.001371
8.299627,5.001371
8.300037,5.001371
8.300447,5.001371
8.300857,5.001371
8.301267,5.001371
8.301677,5.001371
8.302087,5.001371
8.302497,5.001371
8.302907,5.001371
8.303317,5.001371
8.303727,5.001371
8.304137,5.001371
8.304547,5.001371
8.304957,5.001371
8.305367,5.001371
8.305777,5.001371
8.306187,5.001371
8.306597,5.001371
8.307007,5.001371
8.307417,5.001371
8.307827,5.001371
8.308237,5.001371
8.308647,5.001371
8.309057,5.001371
8.309467,5.001371
8.309877,5.001371
8.310287,5.001371
8.310697,5.001371
8.311107,5.001371
8.311517,5.001371
8.311927,5.001371
8.312337,5.001371
8.312747,5.001371
8.313157,5.001371
8.313567,5.001371
8.313977,5.001371
8.314387,5.001371
8.314797,5.001371
8.315207,5.001371
8.315617,5.001371
8.316027,5.001371
8.316437,5.001371
8.316847,5.001371
8.317257,5.001371
8.317667,5.001371
8.318077,5.001371
8.318487,5.001371
8.318897,5.001371
8.319307,5.001371
8.319717,5.001371
8.320127,5.001371
8.320537,5.001371
8.320947,5.001371
8.321357,5.001371
8.321767,5.001371
8.322177,5.001371
8.322587,5.001371
8.322997,5.001371
8.323407,5.001371
8.323817,5.001371
8.324227,5.001371
8.324637,5.001371
8.325048,5.001371
8.325458,5.001371
8.325868,5.001371
8.326278,5.001371
8.326688,5.001371
8.327098,5.001371
8.327508,5.001371
8.327918,5.001371
8.328328,5.001371
8.328738,5.001371
8.329148,5.001371
8.329558,5.001371
8.329968,5.001371
8.330378,5.001371
8.330788,5.001371
8.331198,5.001371
8.331608,5.001371
8.332018,5.001371
8.332428,5.001371
8.332838,5.001371
8.333248,5.001371
8.333658,5.001371
8.334068,5.001371
8.334478,5.001371
8.334888,5.001371
8.335298,5.001371
8.335708,5.001371
8.336118,5.001371
8.336528,5.001371
8.336938,5.001371
8.337348,5.001371
8.337758,5.001371
8.338168,5.001371
8.338578,5.001371
8.338988,5.001371
8.339398,5.001371
8.339808,5.001371
8.340218,5.001371
8.340628,5.001371
8.341038,5.001371
8.341448,5.001371
8.341858,5.001371
8.342268,5.001371
8.342678,5.001371
8.343088,5.001371
8.343498,5.001371
8.343908,5.001371
8.344318,5.001371
8.344728,5.001371
8.345138,5.001371
8.345548,5.001371
8.345958,5.001371
8.346368,5.001371
8.346778,5.001371
8.347188,5.001371
8.347598,5.001371
8.348008,5.001371
8.348418,5.001371
8.348828,5.001371
8.349238,5.001371
8.349648,5.001371
8.350058,5.001371
8.350468,5.001371
8.350878,5.001371
8.351288,5.001371
8.351698,5.001371
8.352108,5.001371
8.352518,5.001371
8.352928,5.001371
8.353338,5.001371
8.353748,5.001371
8.354158,5.001371
8.354568,5.001371
8.354978,5.001371
8.355389,5.001371
8.355799,5.001371
8.356209,5.001371
8.356619,5.001371
8.357029,5.001371
8.357439,5.001371
8.357849,5.001371
8.358259,5.001371
8.358669,5.001371
8.359079,5.001371
8.359489,5.001371
8.359899,5.001371
8.360309,5.001371
8.360719,5.001371
8.361129,5.001371
8.361539,5.001371
8.361949,5.001371
8.362359,5.001371
8.362769,5.001371
8.363179,5.001371
8.363589,5.001371
8.363999,5.001371
8.364409,5.001371
8.364819,5.001371
8.365229,5.001371
8.365639,5.001371
8.366049,5.001371
8.366459,5.001371
8.366869,5.001371
8.367279,5.001371
8.367689,5.001371
8.368099,5.001371
8.368509,5.001371
8.368919,5.001371
8.369329,5.001371
8.369739,5.001371
8.370149,5.001371
8.370559,5.001371
8.370969,5.001371
8.371379,5.001371
8.371789,5.001371
8.372199,5.001371
8.372609,5.001371
8.373019,5.001371
8.373429,5.001371
8.373839,5.001371
8.374249,5.001371
8.374659,5.001371
8.375069,5.001371
8.375479,5.001371
8.375889,5.001371
8.376299,5.001371
8.376709,5.001371
8.377119,5.001371
8.377529,5.001371
8.377939,5.001371
8.378349,5.001371
8.378759,5.001371
8.379169,5.001371
8.379579,5.001371
8.379989,5.001371
8.380399,5.001371
8.380809,5.001371
8.381219,5.001371
8.381629,5.001371
8.382039,5.001371
8.382449,5.001371
8.382859,5.001371
8.383269,5.001371
8.383679,5.001371
8.384089,5.001371
8.384499,5.001371
8.384909,5.001371
8.385320,5.001371
8.385730,5.001371
8.386140,5.001371
8.386550,5.001371
8.386960,5.001371
8.387370,5.001371
8.387780,5.001371
8.388190,5.001371
8.388600,5.001371
8.389010,5.001371
8.389420,5.001371
8.389830,5.001371
8.390240,5.001371
8.390650,5.001371
8.391060,5.001371
8.391470,5.001371
8.391880,5.001371
8.392290,5.001371
8.392700,5.001371
8.393110,5.001371
8.393520,5.001371
8.393930,5.001371
8.394340,5.001371
8.394750,5.001371
8.395160,5.001371
8.395570,5.001371
8.395980,5.001371
8.396390,5.001371
8.396800,5.001371
8.397210,5.001371
8.397620,5.001371
8.398030,5.001371
8.398440,5.001371
8.398850,5.001371
8.399260,5.001371
8.399670,5.001371
8.400080,5.001371
8.400490,5.001371
8.400900,5.001371
8.401310,5.001371
8.401720,5.001371
8.402130,5.001371
8.402540,5.001371
8.402950,5.001371
8.403360,5.001371
8.403770,5.001371
8.404180,5.001371
8.404590,5.001371
8.405000,5.001371
8.405410,5.001371
8.405820,5.001371
8.406230,5.001371
8.406640,5.001371
8.407050,5.001371
8.407460,5.001371
8.407870,5.001371
8.408280,5.001371
8.408690,5.001371
8.409100,5.001371
8.409510,5.001371
8.409920,5.001371
8.410330,5.001371
8.410740,5.001371
8.411150,5.001371
8.411560,5.001371
8.411970,5.001371
8.412380,5.001371
8.412790,5.001371
8.413200,5.001371
8.413610,5.001371
8.414020,5.001371
8.414430,5.001371
8.414840,5.001371
8.415251,5.001371
8.415661,5.001371
8.416071,5.001371
8.416481,5.001371
8.416891,5.001371
8.417301,5.001371
8.417711,5.001371
8.418121,5.001371
8.418531,5.001371
8.418941,5.001371
8.419351,5.001371
8.419761,5.001371
8.420171,5.001371
8.420581,5.001371
8.420991,5.001371
8.421401,5.001371
8.421811,5.001371
8.422221,5.001371
8.422631,5.001371
8.423041,5.001371
8.423451,5.001371
8.423861,5.001371
8.424271,5.001371
8.424681,5.001371
8.425091,5.001371
8.425501,5.001371
8.425911,5.001371
8.426321,5.001371
8.426731,5.001371
8.427141,5.001371
8.427551,5.001371
8.427961,5.001371
8.428371,5.001371
8.428781,5.001371
8.429191,5.001371
8.429601,5.001371
8.430011,5.001371
8.430421,5.001371
8.430831,5.001371
8.431241,5.001371
8.431651,5.001371
8.432061,5.001371
8.432471,5.001371
8.432881,5.001371
8.433291,5.001371
8.433701,5.001371
8.434111,5.001371
8.434521,5.001371
8.434931,5.001371
8.435341,5.001371
8.435751,5.001371
8.436161,5.001371
8.436571,5.001371
8.436981,5.001371
8.437391,5.001371
8.437801,5.001371
8.438211,5.001371
8.438621,5.001371
8.439031,5.001371
8.439441,5.001371
8.439851,5.001371
8.440261,5.001371
8.440671,5.001371
8.441081,5.001371
8.441491,5.001371
8.441901,5.001371
8.442311,5.001371
8.442721,5.001371
8.443131,5.001371
8.443541,5.001371
8.443951,5.001371
8.444361,5.001371
8.444771,5.001371
8.445182,5.001371
8.445592,5.001371
8.446002,5.001371
8.446412,5.001371
8.446822,5.001371
8.447232,5.001371
8.447642,5.001371
8.448052,5.001371
8.448462,5.001371
8.448872,5.001371
8.449282,5.001371
8.449692,5.001371
8.450102,5.001371
8.450512,5.001371
8.450922,5.001371
8.451332,5.001371
8.451742,5.001371
8.452152,5.001371
8.452562,5.001371
8.452972,5.001371
8.453382,5.001371
8.453792,5.001371
8.454202,5.001371
8.454612,5.001371
8.455022,5.001371
8.455432,5.001371
8.455842,5.001371
8.456252,5.001371
8.456662,5.001371
8.457072,5.001371
8.457482,5.001371
8.457892,5.001371
8.458302,5.001371
8.458712,5.001371
8.459122,5.001371
8.459532,5.001371
8.459942,5.001371
8.460352,5.001371
8.460762,5.001371
8.461172,5.001371
8.461582,5.001371
8.461992,5.001371
8.462402,5.001371
8.462812,5.001371
8.463222,5.001371
8.463632,5.001371
8.464042,5.001371
8.464452,5.001371
8.464862,5.001371
8.465272,5.001371
8.465682,5.001371
8.466092,5.001371
8.466502,5.001371
8.466912,5.001371
8.467322,5.001371
8.467732,5.001371
8.468142,5.001371
8.468552,5.001371
8.468962,5.001371
8.469372,5.001371
8.469782,5.001371
8.470192,5.001371
8.470602,5.001371
8.471012,5.001371
8.471422,5.001371
8.471832,5.001371
8.472242,5.001371
8.472652,5.001371
8.473062,5.001371
8.473472,5.001371
8.473882,5.001371
8.474292,5.001371
8.474702,5.001371
8.475113,5.001371
8.475523,5.001371
8.475933,5.001371
8.476343,5.001371
8.476753,5.001371
8.477163,5.001371
8.477573,5.001371
8.477983,5.001371
8.478393,5.001371
8.478803,5.001371
8.479213,5.001371
8.479623,5.001371
8.480033,5.001371
8.480443,5.001371
8.480853,5.001371
8.481263,5.001371
8.481673,5.001371
8.482083,5.001371
8.482493,5.001371
8.482903,5.001371
8.483313,5.001371
8.483723,5.001371
8.484133,5.001371
8.484543,5.001371
8.484953,5.001371
8.485363,5.001371
8.485773,5.001371
8.486183,5.001371
8.486593,5.001371
8.487003,5.001371
8.487413,5.001371
8.487823,5.001371
8.488233,5.001371
8.488643,5.001371
8.489053,5.001371
8.489463,5.001371
8.489873,5.001371
8.490283,5.001371
8.490693,5.001371
8.491103,5.001371
8.491513,5.001371
8.491923,5.001371
8.492333,5.001371
8.492743,5.001371
8.493153,5.001371
8.493563,5.001371
8.493973,5.001371
8.494383,5.001371
8.494793,5.001371
8.495203,5.001371
8.495613,5.001371
8.496023,5.001371
8.496433,5.001371
8.496843,5.001371
8.497253,5.001371
8.497663,5.001371
8.498073,5.001371
8.498483,5.001371
8.498893,5.001371
8.499303,5.001371
8.499713,5.001371
8.500123,5.001371
8.500533,5.001371
8.500943,5.001371
8.501353,5.001371
8.501763,5.001371
8.502173,5.001371
8.502583,5.001371
8.502993,5.001371
8.503403,5.001371
8.503813,5.001371
8.504223,5.001371
8.504633,5.001371
8.505044,5.001371
8.505454,5.001371
8.505864,5.001371
8.506274,5.001371
8.506684,5.001371
8.507094,5.001371
8.507504,5.001371
8.507914,5.001371
8.508324,5.001371
8.508734,5.001371
8.509144,5.001371
8.509554,5.001371
8.509964,5.001371
8.510374,5.001371
8.510784,5.001371
8.511194,5.001371
8.511604,5.001371
8.512014,5.001371
8.512424,5.001371
8.512834,5.001371
8.513244,5.001371
8.513654,5.001371
8.514064,5.001371
8.514474,5.001371
8.514884,5.001371
8.515294,5.001371
8.515704,5.001371
8.516114,5.001371
8.516524,5.001371
8.516934,5.001371
8.517344,5.001371
8.517754,5.001371
8.518164,5.001371
8.518574,5.001371
8.518984,5.001371
8.519394,5.001371
8.519804,5.001371
8.520214,5.001371
8.520624,5.001371
8.521034,5.001371
8.521444,5.001371
8.521854,5.001371
8.522264,5.001371
8.522674,5.001371
8.523084,5.001371
8.523494,5.001371
8.523904,5.001371
8.524314,5.001371
8.524724,5.001371
8.525134,5.001371
8.525544,5.001371
8.525954,5.001371
8.526364,5.001371
8.526774,5.001371
8.527184,5.001371
8.527594,5.001371
8.528004,5.001371
8.528414,5.001371
8.528824,5.001371
8.529234,5.001371
8.529644,5.001371
8.530054,5.001371
8.530464,5.001371
8.530874,5.001371
8.531284,5.001371
8.531694,5.001371
8.532104,5.001371
8.532514,5.001371
8.532924,5.001371
8.533334,5.001371
8.533744,5.001371
8.534154,5.001371
8.534564,5.001371
8.534974,5.001371
8.535385,5.001371
8.535795,5.001371
8.536205,5.001371
8.536615,5.001371
8.537025,5.001371
8.537435,5.001371
8.537845,5.001371
8.538255,5.001371
8.538665,5.001371
8.539075,5.001371
8.539485,5.001371
8.539895,5.001371
8.540305,5.001371
8.540715,5.001371
8.541125,5.001371
8.541535,5.001371
8.541945,5.001371
8.542355,5.001371
8.542765,5.001371
8.543175,5.001371
8.543585,5.001371
8.543995,5.001371
8.544405,5.001371
8.544815,5.001371
8.545225,5.001371
8.545635,5.001371
8.546045,5.001371
8.546455,5.001371
8.546865,5.001371
8.547275,5.001371
8.547685,5.001371
8.548095,5.001371
8.548505,5.001371
8.548915,5.001371
8.549325,5.001371
8.549735,5.001371
8.550145,5.001371
8.550555,5.001371
8.550965,5.001371
8.551375,5.001371
8.551785,5.001371
8.552195,5.001371
8.552605,5.001371
8.553015,5.001371
8.553425,5.001371
8.553835,5.001371
8.554245,5.001371
8.554655,5.001371
8.555065,5.001371
8.555475,5.001371
8.555885,5.001371
8.556295,5.001371
8.556705,5.001371
8.557115,5.001371
8.557525,5.001371
8.557935,5.001371
8.558345,5.001371
8.558755,5.001371
8.559165,5.001371
8.559575,5.001371
8.559985,5.001371
8.560395,5.001371
8.560805,5.001371
8.561215,5.001371
8.561625,5.001371
8.562035,5.001371
8.562445,5.001371
8.562855,5.001371
8.563265,5.001371
8.563675,5.001371
8.564085,5.001371
8.564495,5.001371
8.564905,5.001371
8.565316,5.001371
8.565726,5.001371
8.566136,5.001371
8.566546,5.001371
8.566956,5.001371
8.567366,5.001371
8.567776,5.001371
8.568186,5.001371
8.568596,5.001371
8.569006,5.001371
8.569416,5.001371
8.569826,5.001371
8.570236,5.001371
8.570646,5.001371
8.571056,5.001371
8.571466,5.001371
8.571876,5.001371
8.572286,5.001371
8.572696,5.001371
8.573106,5.001371
8.573516,5.001371
8.573926,5.001371
8.574336,5.001371
8.574746,5.001371
8.575156,5.001371
8.575566,5.001371
8.575976,5.001371
8.576386,5.001371
8.576796,5.001371
8.577206,5.001371
8.577616,5.001371
8.578026,5.001371
8.578436,5.001371
8.578846,5.001371
8.579256,5.001371
8.579666,5.001371
8.580076,5.001371
8.580486,5.001371
8.580896,5.001371
8.581306,5.001371
8.581716,5.001371
8.582126,5.001371
8.582536,5.001371
8.582946,5.001371
8.583356,5.001371
8.583766,5.001371
8.584176,5.001371
8.584586,5.001371
8.584996,5.001371
8.585406,5.001371
8.585816,5.001371
8.586226,5.001371
8.586636,5.001371
8.587046,5.001371
8.587456,5.001371
8.587866,5.001371
8.588276,5.001371
8.588686,5.001371
8.589096,5.001371
8.589506,5.001371
8.589916,5.001371
8.590326,5.001371
8.590736,5.001371
8.591146,5.001371
8.591556,5.001371
8.591966,5.001371
8.592376,5.001371
8.592786,5.001371
8.593196,5.001371
8.593606,5.001371
8.594016,5.001371
8.594426,5.001371
8.594836,5.001371
8.595247,5.001371
8.595657,5.001371
8.596067,5.001371
8.596477,5.001371
8.596887,5.001371
8.597297,5.001371
8.597707,5.001371
8.598117,5.001371
8.598527,5.001371
8.598937,5.001371
8.599347,5.001371
8.599757,5.001371
8.600167,5.001371
8.600577,5.001371
8.600987,5.001371
8.601397,5.001371
8.601807,5.001371
8.602217,5.001371
8.602627,5.001371
8.603037,5.001371
8.603447,5.001371
8.603857,5.001371
8.604267,5.001371
8.604677,5.001371
8.605087,5.001371
8.605497,5.001371
8.605907,5.001371
8.606317,5.001371
8.606727,5.001371
8.607137,5.001371
8.607547,5.001371
8.607957,5.001371
8.608367,5.001371
8.608777,5.001371
8.609187,5.001371
8.609597,5.001371
8.610007,5.001371
8.610417,5.001371
8.610827,5.001371
8.611237,5.001371
8.611647,5.001371
8.612057,5.001371
8.612467,5.001371
8.612877,5.001371
8.613287,5.001371
8.613697,5.001371
8.614107,5.001371
8.614517,5.001371
8.614927,5.001371
8.615337,5.001371
8.615747,5.001371
8.616157,5.001371
8.616567,5.001371
8.616977,5.001371
8.617387,5.001371
8.617797,5.001371
8.618207,5.001371
8.618617,5.001371
8.619027,5.001371
8.619437,5.001371
8.619847,5.001371
8.620257,5.001371
8.620667,5.001371
8.621077,5.001371
8.621487,5.001371
8.621897,5.001371
8.622307,5.001371
8.622717,5.001371
8.623127,5.001371
8.623537,5.001371
8.623947,5.001371
8.624357,5.001371
8.624767,5.001371
8.625178,5.001371
8.625588,5.001371
8.625998,5.001371
8.626408,5.001371
8.626818,5.001371
8.627228,5.001371
8.627638,5.001371
8.628048,5.001371
8.628458,5.001371
8.628868,5.001371
8.629278,5.001371
8.629688,5.001371
8.630098,5.001371
8.630508,5.001371
8.630918,5.001371
8.631328,5.001371
8.631738,5.001371
8.632148,5.001371
8.632558,5.001371
8.632968,5.001371
8.633378,5.001371
8.633788,5.001371
8.634198,5.001371
8.634608,5.001371
8.635018,5.001371
8.635428,5.001371
8.635838,5.001371
8.636248,5.001371
8.636658,5.001371
8.637068,5.001371
8.637478,5.001371
8.637888,5.001371
8.638298,5.001371
8.638708,5.001371
8.639118,5.001371
8.639528,5.001371
8.639938,5.001371
8.640348,5.001371
8.640758,5.001371
8.641168,5.001371
8.641578,5.001371
8.641988,5.001371
8.642398,5.001371
8.642808,5.001371
8.643218,5.001371
8.643628,5.001371
8.644038,5.001371
8.644448,5.001371
8.644858,5.001371
8.645268,5.001371
8.645678,5.001371
8.646088,5.001371
8.646498,5.001371
8.646908,5.001371
8.647318,5.001371
8.647728,5.001371
8.648138,5.001371
8.648548,5.001371
8.648958,5.001371
8.649368,5.001371
8.649778,5.001371
8.650188,5.001371
8.650598,5.001371
8.651008,5.001371
8.651418,5.001371
8.651828,5.001371
8.652238,5.001371
8.652648,5.001371
8.653058,5.001371
8.653468,5.001371
8.653878,5.001371
8.654288,5.001371
8.654698,5.001371
8.655109,5.001371
8.655519,5.001371
8.655929,5.001371
8.656339,5.001371
8.656749,5.001371
8.657159,5.001371
8.657569,5.001371
8.657979,5.001371
8.658389,5.001371
8.658799,5.001371
8.659209,5.001371
8.659619,5.001371
8.660029,5.001371
8.660439,5.001371
8.660849,5.001371
8.661259,5.001371
8.661669,5.001371
8.662079,5.001371
8.662489,5.001371
8.662899,5.001371
8.663309,5.001371
8.663719,5.001371
8.664129,5.001371
8.664539,5.001371
8.664949,5.001371
8.665359,5.001371
8.665769,5.001371
8.666179,5.001371
8.666589,5.001371
8.666999,5.001371
8.667409,5.001371
8.667819,5.001371
8.668229,5.001371
8.668639,5.001371
8.669049,5.001371
8.669459,5.001371
8.669869,5.001371
8.670279,5.001371
8.670689,5.001371
8.671099,5.001371
8.671509,5.001371
8.671919,5.001371
8.672329,5.001371
8.672739,5.001371
8.673149,5.001371
8.673559,5.001371
8.673969,5.001371
8.674379,5.001371
8.674789,5.001371
8.675199,5.001371
8.675609,5.001371
8.676019,5.001371
8.676429,5.001371
8.676839,5.001371
8.677249,5.001371
8.677659,5.001371
8.678069,5.001371
8.678479,5.001371
8.678889,5.001371
8.679299,5.001371
8.679709,5.001371
8.680119,5.001371
8.680529,5.001371
8.680939,5.001371
8.681349,5.001371
8.681759,5.001371
8.682169,5.001371
8.682579,5.001371
8.682989,5.001371
8.683399,5.001371
8.683809,5.001371
8.684219,5.001371
8.684629,5.001371
8.685040,5.001371
8.685450,5.001371
8.685860,5.001371
8.686270,5.001371
8.686680,5.001371
8.687090,5.001371
8.687500,5.001371
8.687910,5.001371
8.688320,5.001371
8.688730,5.001371
8.689140,5.001371
8.689550,5.001371
8.689960,5.001371
8.690370,5.001371
8.690780,5.001371
8.691190,5.001371
8.691600,5.001371
8.692010,5.001371
8.692420,5.001371
8.692830,5.001371
8.693240,5.001371
8.693650,5.001371
8.694060,5.001371
8.694470,5.001371
8.694880,5.001371
8.695290,5.001371
8.695700,5.001371
8.696110,5.001371
8.696520,5.001371
8.696930,5.001371
8.697340,5.001371
8.697750,5.001371
8.698160,5.001371
8.698570,5.001371
8.698980,5.001371
8.699390,5.001371
8.699800,5.001371
8.700210,5.001371
8.700620,5.001371
8.701030,5.001371
8.701440,5.001371
8.701850,5.001371
8.702260,5.001371
8.702670,5.001371
8.703080,5.001371
8.703490,5.001371
8.703900,5.001371
8.704310,5.001371
8.704720,5.001371
8.705130,5.001371
8.705540,5.001371
8.705950,5.001371
8.706360,5.001371
8.706770,5.001371
8.707180,5.001371
8.707590,5.001371
8.708000,5.001371
8.708410,5.001371
8.708820,5.001371
8.709230,5.001371
8.709640,5.001371
8.710050,5.001371
8.710460,5.001371
8.710870,5.001371
8.711280,5.001371
8.711690,5.001371
8.712100,5.001371
8.712510,5.001371
8.712920,5.001371
8.713330,5.001371
8.713740,5.001371
8.714150,5.001371
8.714560,5.001371
8.714970,5.001371
8.715381,5.001371
8.715791,5.001371
8.716201,5.001371
8.716611,5.001371
8.717021,5.001371
8.717431,5.001371
8.717841,5.001371
8.718251,5.001371
8.718661,5.001371
8.719071,5.001371
8.719481,5.001371
8.719891,5.001371
8.720301,5.001371
8.720711,5.001371
8.721121,5.001371
8.721531,5.001371
8.721941,5.001371
8.722351,5.001371
8.722761,5.001371
8.723171,5.001371
8.723581,5.001371
8.723991,5.001371
8.724401,5.001371
8.724811,5.001371
8.725221,5.001371
8.725631,5.001371
8.726041,5.001371
8.726451,5.001371
8.726861,5.001371
8.727271,5.001371
8.727681,5.001371
8.728091,5.001371
8.728501,5.001371
8.728911,5.001371
8.729321,5.001371
8.729731,5.001371
8.730141,5.001371
8.730551,5.001371
8.730961,5.001371
8.731371,5.001371
8.731781,5.001371
8.732191,5.001371
8.732601,5.001371
8.733011,5.001371
8.733421,5.001371
8.733831,5.001371
8.734241,5.001371
8.734651,5.001371
8.735061,5.001371
8.735471,5.001371
8.735881,5.001371
8.736291,5.001371
8.736701,5.001371
8.737111,5.001371
8.737521,5.001371
8.737931,5.001371
8.738341,5.001371
8.738751,5.001371
8.739161,5.001371
8.739571,5.001371
8.739981,5.001371
8.740391,5.001371
8.740801,5.001371
8.741211,5.001371
8.741621,5.001371
8.742031,5.001371
8.742441,5.001371
8.742851,5.001371
8.743261,5.001371
8.743671,5.001371
8.744081,5.001371
8.744491,5.001371
8.744901,5.001371
8.745312,5.001371
8.745722,5.001371
8.746132,5.001371
8.746542,5.001371
8.746952,5.001371
8.747362,5.001371
8.747772,5.001371
8.748182,5.001371
8.748592,5.001371
8.749002,5.001371
8.749412,5.001371
8.749822,5.001371
8.750232,5.001371
8.750642,5.001371
8.751052,5.001371
8.751462,5.001371
8.751872,5.001371
8.752282,5.001371
8.752692,5.001371
8.753102,5.001371
8.753512,5.001371
8.753922,5.001371
8.754332,5.001371
8.754742,5.001371
8.755152,5.001371
8.755562,5.001371
8.755972,5.001371
8.756382,5.001371
8.756792,5.001371
8.757202,5.001371
8.757612,5.001371
8.758022,5.001371
8.758432,5.001371
8.758842,5.001371
8.759252,5.001371
8.759662,5.001371
8.760072,5.001371
8.760482,5.001371
8.760892,5.001371
8.761302,5.001371
8.761712,5.001371
8.762122,5.001371
8.762532,5.001371
8.762942,5.001371
8.763352,5.001371
8.763762,5.001371
8.764172,5.001371
8.764582,5.001371
8.764992,5.001371
8.765402,5.001371
8.765812,5.001371
8.766222,5.001371
8.766632,5.001371
8.767042,5.001371
8.767452,5.001371
8.767862,5.001371
8.768272,5.001371
8.768682,5.001371
8.769092,5.001371
8.769502,5.001371
8.769912,5.001371
8.770322,5.001371
8.770732,5.001371
8.771142,5.001371
8.771552,5.001371
8.771962,5.001371
8.772372,5.001371
8.772782,5.001371
8.773192,5.001371
8.773602,5.001371
8.774012,5.001371
8.774422,5.001371
8.774832,5.001371
8.775243,5.001371
8.775653,5.001371
8.776063,5.001371
8.776473,5.001371
8.776883,5.001371
8.777293,5.001371
8.777703,5.001371
8.778113,5.001371
8.778523,5.001371
8.778933,5.001371
8.779343,5.001371
8.779753,5.001371
8.780163,5.001371
8.780573,5.001371
8.780983,5.001371
8.781393,5.001371
8.781803,5.001371
8.782213,5.001371
8.782623,5.001371
8.783033,5.001371
8.783443,5.001371
8.783853,5.001371
8.784263,5.001371
8.784673,5.001371
8.785083,5.001371
8.785493,5.001371
8.785903,5.001371
8.786313,5.001371
8.786723,5.001371
8.787133,5.001371
8.787543,5.001371
8.787953,5.001371
8.788363,5.001371
8.788773,5.001371
8.789183,5.001371
8.789593,5.001371
8.790003,5.001371
8.790413,5.001371
8.790823,5.001371
8.791233,5.001371
8.791643,5.001371
8.792053,5.001371
8.792463,5.001371
8.792873,5.001371
8.793283,5.001371
8.793693,5.001371
8.794103,5.001371
8.794513,5.001371
8.794923,5.001371
8.795333,5.001371
8.795743,5.001371
8.796153,5.001371
8.796563,5.001371
8.796973,5.001371
8.797383,5.001371
8.797793,5.001371
8.798203,5.001371
8.798613,5.001371
8.799023,5.001371
8.799433,5.001371
8.799843,5.001371
8.800253,5.001371
8.800663,5.001371
8.801073,5.001371
8.801483,5.001371
8.801893,5.001371
8.802303,5.001371
8.802713,5.001371
8.803123,5.001371
8.803533,5.001371
8.803943,5.001371
8.804353,5.001371
8.804763,5.001371
8.805174,5.001371
8.805584,5.001371
8.805994,5.001371
8.806404,5.001371
8.806814,5.001371
8.807224,5.001371
8.807634,5.001371
8.808044,5.001371
8.808454,5.001371
8.808864,5.001371
8.809274,5.001371
8.809684,5.001371
8.810094,5.001371
8.810504,5.001371
8.810914,5.001371
8.811324,5.001371
8.811734,5.001371
8.812144,5.001371
8.812554,5.001371
8.812964,5.001371
8.813374,5.001371
8.813784,5.001371
8.814194,5.001371
8.814604,5.001371
8.815014,5.001371
8.815424,5.001371
8.815834,5.001371
8.816244,5.001371
8.816654,5.001371
8.817064,5.001371
8.817474,5.001371
8.817884,5.001371
8.818294,5.001371
8.818704,5.001371
8.819114,5.001371
8.819524,5.001371
8.819934,5.001371
8.820344,5.001371
8.820754,5.001371
8.821164,5.001371
8.821574,5.001371
8.821984,5.001371
8.822394,5.001371
8.822804,5.001371
8.823214,5.001371
8.823624,5.001371
8.824034,5.001371
8.824444,5.001371
8.824854,5.001371
8.825264,5.001371
8.825674,5.001371
8.826084,5.001371
8.826494,5.001371
8.826904,5.001371
8.827314,5.001371
8.827724,5.001371
8.828134,5.001371
8.828544,5.001371
8.828954,5.001371
8.829364,5.001371
8.829774,5.001371
8.830184,5.001371
8.830594,5.001371
8.831004,5.001371
8.831414,5.001371
8.831824,5.001371
8.832234,5.001371
8.832644,5.001371
8.833054,5.001371
8.833464,5.001371
8.833874,5.001371
8.834284,5.001371
8.834694,5.001371
8.835105,5.001371
8.835515,5.001371
8.835925,5.001371
8.836335,5.001371
8.836745,5.001371
8.837155,5.001371
8.837565,5.001371
8.837975,5.001371
8.838385,5.001371
8.838795,5.001371
8.839205,5.001371
8.839615,5.001371
8.840025,5.001371
8.840435,5.001371
8.840845,5.001371
8.841255,5.001371
8.841665,5.001371
8.842075,5.001371
8.842485,5.001371
8.842895,5.001371
8.843305,5.001371
8.843715,5.001371
8.844125,5.001371
8.844535,5.001371
8.844945,5.001371
8.845355,5.001371
8.845765,5.001371
8.846175,5.001371
8.846585,5.001371
8.846995,5.001371
8.847405,5.001371
8.847815,5.001371
8.848225,5.001371
8.848635,5.001371
8.849045,5.001371
8.849455,5.001371
8.849865,5.001371
8.850275,5.001371
8.850685,5.001371
8.851095,5.001371
8.851505,5.001371
8.851915,5.001371
8.852325,5.001371
8.852735,5.001371
8.853145,5.001371
8.853555,5.001371
8.853965,5.001371
8.854375,5.001371
8.854785,5.001371
8.855195,5.001371
8.855605,5.001371
8.856015,5.001371
8.856425,5.001371
8.856835,5.001371
8.857245,5.001371
8.857655,5.001371
8.858065,5.001371
8.858475,5.001371
8.858885,5.001371
8.859295,5.001371
8.859705,5.001371
8.860115,5.001371
8.860525,5.001371
8.860935,5.001371
8.861345,5.001371
8.861755,5.001371
8.862165,5.001371
8.862575,5.001371
8.862985,5.001371
8.863395,5.001371
8.863805,5.001371
8.864215,5.001371
8.864625,5.001371
8.865036,5.001371
8.865446,5.001371
8.865856,5.001371
8.866266,5.001371
8.866676,5.001371
8.867086,5.001371
8.867496,5.001371
8.867906,5.001371
8.868316,5.001371
8.868726,5.001371
8.869136,5.001371
8.869546,5.001371
8.869956,5.001371
8.870366,5.001371
8.870776,5.001371
8.871186,5.001371
8.871596,5.001371
8.872006,5.001371
8.872416,5.001371
8.872826,5.001371
8.873236,5.001371
8.873646,5.001371
8.874056,5.001371
8.874466,5.001371
8.874876,5.001371
8.875286,5.001371
8.875696,5.001371
8.876106,5.001371
8.876516,5.001371
8.876926,5.001371
8.877336,5.001371
8.877746,5.001371
8.878156,5.001371
8.878566,5.001371
8.878976,5.001371
8.879386,5.001371
8.879796,5.001371
8.880206,5.001371
8.880616,5.001371
8.881026,5.001371
8.881436,5.001371
8.881846,5.001371
8.882256,5.001371
8.882666,5.001371
8.883076,5.001371
8.883486,5.001371
8.883896,5.001371
8.884306,5.001371
8.884716,5.001371
8.885126,5.001371
8.885536,5.001371
8.885946,5.001371
8.886356,5.001371
8.886766,5.001371
8.887176,5.001371
8.887586,5.001371
8.887996,5.001371
8.888406,5.001371
8.888816,5.001371
8.889226,5.001371
8.889636,5.001371
8.890046,5.001371
8.890456,5.001371
8.890866,5.001371
8.891276,5.001371
8.891686,5.001371
8.892096,5.001371
8.892506,5.001371
8.892916,5.001371
8.893326,5.001371
8.893736,5.001371
8.894146,5.001371
8.894556,5.001371
8.894966,5.001371
8.895377,5.001371
8.895787,5.001371
8.896197,5.001371
8.896607,5.001371
8.897017,5.001371
8.897427,5.001371
8.897837,5.001371
8.898247,5.001371
8.898657,5.001371
8.899067,5.001371
8.899477,5.001371
8.899887,5.001371
8.900297,5.001371
8.900707,5.001371
8.901117,5.001371
8.901527,5.001371
8.901937,5.001371
8.902347,5.001371
8.902757,5.001371
8.903167,5.001371
8.903577,5.001371
8.903987,5.001371
8.904397,5.001371
8.904807,5.001371
8.905217,5.001371
8.905627,5.001371
8.906037,5.001371
8.906447,5.001371
8.906857,5.001371
8.907267,5.001371
8.907677,5.001371
8.908087,5.001371
8.908497,5.001371
8.908907,5.001371
8.909317,5.001371
8.909727,5.001371
8.910137,5.001371
8.910547,5.001371
8.910957,5.001371
8.911367,5.001371
8.911777,5.001371
8.912187,5.001371
8.912597,5.001371
8.913007,5.001371
8.913417,5.001371
8.913827,5.001371
8.914237,5.001371
8.914647,5.001371
8.915057,5.001371
8.915467,5.001371
8.915877,5.001371
8.916287,5.001371
8.916697,5.001371
8.917107,5.001371
8.917517,5.001371
8.917927,5.001371
8.918337,5.001371
8.918747,5.001371
8.919157,5.001371
8.919567,5.001371
8.919977,5.001371
8.920387,5.001371
8.920797,5.001371
8.921207,5.001371
8.921617,5.001371
8.922027,5.001371
8.922437,5.001371
8.922847,5.001371
8.923257,5.001371
8.923667,5.001371
8.924077,5.001371
8.924487,5.001371
8.924897,5.001371
8.925308,5.001371
8.925718,5.001371
8.926128,5.001371
8.926538,5.001371
8.926948,5.001371
8.927358,5.001371
8.927768,5.001371
8.928178,5.001371
8.928588,5.001371
8.928998,5.001371
8.929408,5.001371
8.929818,5.001371
8.930228,5.001371
8.930638,5.001371
8.931048,5.001371
8.931458,5.001371
8.931868,5.001371
8.932278,5.001371
8.932688,5.001371
8.933098,5.001371
8.933508,5.001371
8.933918,5.001371
8.934328,5.001371
8.934738,5.001371
8.935148,5.001371
8.935558,5.001371
8.935968,5.001371
8.936378,5.001371
8.936788,5.001371
8.937198,5.001371
8.937608,5.001371
8.938018,5.001371
8.938428,5.001371
8.938838,5.001371
8.939248,5.001371
8.939658,5.001371
8.940068,5.001371
8.940478,5.001371
8.940888,5.001371
8.941298,5.001371
8.941708,5.001371
8.942118,5.001371
8.942528,5.001371
8.942938,5.001371
8.943348,5.001371
8.943758,5.001371
8.944168,5.001371
8.944578,5.001371
8.944988,5.001371
8.945398,5.001371
8.945808,5.001371
8.946218,5.001371
8.946628,5.001371
8.947038,5.001371
8.947448,5.001371
8.947858,5.001371
8.948268,5.001371
8.948678,5.001371
8.949088,5.001371
8.949498,5.001371
8.949908,5.001371
8.950318,5.001371
8.950728,5.001371
8.951138,5.001371
8.951548,5.001371
8.951958,5.001371
8.952368,5.001371
8.952778,5.001371
8.953188,5.001371
8.953598,5.001371
8.954008,5.001371
8.954418,5.001371
8.954828,5.001371
8.955239,5.001371
8.955649,5.001371
8.956059,5.001371
8.956469,5.001371
8.956879,5.001371
8.957289,5.001371
8.957699,5.001371
8.958109,5.001371
8.958519,5.001371
8.958929,5.001371
8.959339,5.001371
8.959749,5.001371
8.960159,5.001371
8.960569,5.001371
8.960979,5.001371
8.961389,5.001371
8.961799,5.001371
8.962209,5.001371
8.962619,5.001371
8.963029,5.001371
8.963439,5.001371
8.963849,5.001371
8.964259,5.001371
8.964669,5.001371
8.965079,5.001371
8.965489,5.001371
8.965899,5.001371
8.966309,5.001371
8.966719,5.001371
8.967129,5.001371
8.967539,5.001371
8.967949,5.001371
8.968359,5.001371
8.968769,5.001371
8.969179,5.001371
8.969589,5.001371
8.969999,5.001371
8.970409,5.001371
8.970819,5.001371
8.971229,5.001371
8.971639,5.001371
8.972049,5.001371
8.972459,5.001371
8.972869,5.001371
8.973279,5.001371
8.973689,5.001371
8.974099,5.001371
8.974509,5.001371
8.974919,5.001371
8.975329,5.001371
8.975739,5.001371
8.976149,5.001371
8.976559,5.001371
8.976969,5.001371
8.977379,5.001371
8.977789,5.001371
8.978199,5.001371
8.978609,5.001371
8.979019,5.001371
8.979429,5.001371
8.979839,5.001371
8.980249,5.001371
8.980659,5.001371
8.981069,5.001371
8.981479,5.001371
8.981889,5.001371
8.982299,5.001371
8.982709,5.001371
8.983119,5.001371
8.983529,5.001371
8.983939,5.001371
8.984349,5.001371
8.984759,5.001371
8.985170,5.001371
8.985580,5.001371
8.985990,5.001371
8.986400,5.001371
8.986810,5.001371
8.987220,5.001371
8.987630,5.001371
8.988040,5.001371
8.988450,5.001371
8.988860,5.001371
8.989270,5.001371
8.989680,5.001371
8.990090,5.001371
8.990500,5.001371
8.990910,5.001371
8.991320,5.001371
8.991730,5.001371
8.992140,5.001371
8.992550,5.001371
8.992960,5.001371
8.993370,5.001371
8.993780,5.001371
8.994190,5.001371
8.994600,5.001371
8.995010,5.001371
8.995420,5.001371
8.995830,5.001371
8.996240,5.001371
8.996650,5.001371
8.997060,5.001371
8.997470,5.001371
8.997880,5.001371
8.998290,5.001371
8.998700,5.001371
8.999110,5.001371
8.999520,5.001371
8.999930,5.001371
9.000340,5.001371
9.000750,5.001371
9.001160,5.001371
9.001570,5.001371
9.001980,5.001371
9.002390,5.001371
9.002800,5.001371
9.003210,5.001371
9.003620,5.001371
9.004030,5.001371
9.004440,5.001371
9.004850,5.001371
9.005260,5.001371
9.005670,5.001371
9.006080,5.001371
9.006490,5.001371
9.006900,5.001371
9.007310,5.001371
9.007720,5.001371
9.008130,5.001371
9.008540,5.001371
9.008950,5.001371
9.009360,5.001371
9.009770,5.001371
9.010180,5.001371
9.010590,5.001371
9.011000,5.001371
9.011410,5.001371
9.011820,5.001371
9.012230,5.001371
9.012640,5.001371
9.013050,5.001371
9.013460,5.001371
9.013870,5.001371
9.014280,5.001371
9.014690,5.001371
9.015101,5.001371
9.015511,5.001371
9.015921,5.001371
9.016331,5.001371
9.016741,5.001371
9.017151,5.001371
9.017561,5.001371
9.017971,5.001371
9.018381,5.001371
9.018791,5.001371
9.019201,5.001371
9.019611,5.001371
9.020021,5.001371
9.020431,5.001371
9.020841,5.001371
9.021251,5.001371
9.021661,5.001371
9.022071,5.001371
9.022481,5.001371
9.022891,5.001371
9.023301,5.001371
9.023711,5.001371
9.024121,5.001371
9.024531,5.001371
9.024941,5.001371
9.025351,5.001371
9.025761,5.001371
9.026171,5.001371
9.026581,5.001371
9.026991,5.001371
9.027401,5.001371
9.027811,5.001371
9.028221,5.001371
9.028631,5.001371
9.029041,5.001371
9.029451,5.001371
9.029861,5.001371
9.030271,5.001371
9.030681,5.001371
9.031091,5.001371
9.031501,5.001371
9.031911,5.001371
9.032321,5.001371
9.032731,5.001371
9.033141,5.001371
9.033551,5.001371
9.033961,5.001371
9.034371,5.001371
9.034781,5.001371
9.035191,5.001371
9.035601,5.001371
9.036011,5.001371
9.036421,5.001371
9.036831,5.001371
9.037241,5.001371
9.037651,5.001371
9.038061,5.001371
9.038471,5.001371
9.038881,5.001371
9.039291,5.001371
9.039701,5.001371
9.040111,5.001371
9.040521,5.001371
9.040931,5.001371
9.041341,5.001371
9.041751,5.001371
9.042161,5.001371
9.042571,5.001371
9.042981,5.001371
9.043391,5.001371
9.043801,5.001371
9.044211,5.001371
9.044621,5.001371
9.045032,5.001371
9.045442,5.001371
9.045852,5.001371
9.046262,5.001371
9.046672,5.001371
9.047082,5.001371
9.047492,5.001371
9.047902,5.001371
9.048312,5.001371
9.048722,5.001371
9.049132,5.001371
9.049542,5.001371
9.049952,5.001371
9.050362,5.001371
9.050772,5.001371
9.051182,5.001371
9.051592,5.001371
9.052002,5.001371
9.052412,5.001371
9.052822,5.001371
9.053232,5.001371
9.053642,5.001371
9.054052,5.001371
9.054462,5.001371
9.054872,5.001371
9.055282,5.001371
9.055692,5.001371
9.056102,5.001371
9.056512,5.001371
9.056922,5.001371
9.057332,5.001371
9.057742,5.001371
9.058152,5.001371
9.058562,5.001371
9.058972,5.001371
9.059382,5.001371
9.059792,5.001371
9.060202,5.001371
9.060612,5.001371
9.061022,5.001371
9.061432,5.001371
9.061842,5.001371
9.062252,5.001371
9.062662,5.001371
9.063072,5.001371
9.063482,5.001371
9.063892,5.001371
9.064302,5.001371
9.064712,5.001371
9.065122,5.001371
9.065532,5.001371
9.065942,5.001371
9.066352,5.001371
9.066762,5.001371
9.067172,5.001371
9.067582,5.001371
9.067992,5.001371
9.068402,5.001371
9.068812,5.001371
9.069222,5.001371
9.069632,5.001371
9.070042,5.001371
9.070452,5.001371
9.070862,5.001371
9.071272,5.001371
9.071682,5.001371
9.072092,5.001371
9.072502,5.001371
9.072912,5.001371
9.073322,5.001371
9.073732,5.001371
9.074142,5.001371
9.074552,5.001371
9.074962,5.001371
9.075373,5.001371
9.075783,5.001371
9.076193,5.001371
9.076603,5.001371
9.077013,5.001371
9.077423,5.001371
9.077833,5.001371
9.078243,5.001371
9.078653,5.001371
9.079063,5.001371
9.079473,5.001371
9.079883,5.001371
9.080293,5.001371
9.080703,5.001371
9.081113,5.001371
9.081523,5.001371
9.081933,5.001371
9.082343,5.001371
9.082753,5.001371
9.083163,5.001371
9.083573,5.001371
9.083983,5.001371
9.084393,5.001371
9.084803,5.001371
9.085213,5.001371
9.085623,5.001371
9.086033,5.001371
9.086443,5.001371
9.086853,5.001371
9.087263,5.001371
9.087673,5.001371
9.088083,5.001371
9.088493,5.001371
9.088903,5.001371
9.089313,5.001371
9.089723,5.001371
9.090133,5.001371
9.090543,5.001371
9.090953,5.001371
9.091363,5.001371
9.091773,5.001371
9.092183,5.001371
9.092593,5.001371
9.093003,5.001371
9.093413,5.001371
9.093823,5.001371
9.094233,5.001371
9.094643,5.001371
9.095053,5.001371
9.095463,5.001371
9.095873,5.001371
9.096283,5.001371
9.096693,5.001371
9.097103,5.001371
9.097513,5.001371
9.097923,5.001371
9.098333,5.001371
9.098743,5.001371
9.099153,5.001371
9.099563,5.001371
9.099973,5.001371
9.100383,5.001371
9.100793,5.001371
9.101203,5.001371
9.101613,5.001371
9.102023,5.001371
9.102433,5.001371
9.102843,5.001371
9.103253,5.001371
9.103663,5.001371
9.104073,5.001371
9.104483,5.001371
9.104893,5.001371
9.105304,5.001371
9.105714,5.001371
9.106124,5.001371
9.106534,5.001371
9.106944,5.001371
9.107354,5.001371
9.107764,5.001371
9.108174,5.001371
9.108584,5.001371
9.108994,5.001371
9.109404,5.001371
9.109814,5.001371
9.110224,5.001371
9.110634,5.001371
9.111044,5.001371
9.111454,5.001371
9.111864,5.001371
9.112274,5.001371
9.112684,5.001371
9.113094,5.001371
9.113504,5.001371
9.113914,5.001371
9.114324,5.001371
9.114734,5.001371
9.115144,5.001371
9.115554,5.001371
9.115964,5.001371
9.116374,5.001371
9.116784,5.001371
9.117194,5.001371
9.117604,5.001371
9.118014,5.001371
9.118424,5.001371
9.118834,5.001371
9.119244,5.001371
9.119654,5.001371
9.120064,5.001371
9.120474,5.001371
9.120884,5.001371
9.121294,5.001371
9.121704,5.001371
9.122114,5.001371
9.122524,5.001371
9.122934,5.001371
9.123344,5.001371
9.123754,5.001371
9.124164,5.001371
9.124574,5.001371
9.124984,5.001371
9.125394,5.001371
9.125804,5.001371
9.126214,5.001371
9.126624,5.001371
9.127034,5.001371
9.127444,5.001371
9.127854,5.001371
9.128264,5.001371
9.128674,5.001371
9.129084,5.001371
9.129494,5.001371
9.129904,5.001371
9.130314,5.001371
9.130724,5.001371
9.131134,5.001371
9.131544,5.001371
9.131954,5.001371
9.132364,5.001371
9.132774,5.001371
9.133184,5.001371
9.133594,5.001371
9.134004,5.001371
9.134414,5.001371
9.134824,5.001371
9.135235,5.001371
9.135645,5.001371
9.136055,5.001371
9.136465,5.001371
9.136875,5.001371
9.137285,5.001371
9.137695,5.001371
9.138105,5.001371
9.138515,5.001371
9.138925,5.001371
9.139335,5.001371
9.139745,5.001371
9.140155,5.001371
9.140565,5.001371
9.140975,5.001371
9.141385,5.001371
9.141795,5.001371
9.142205,5.001371
9.142615,5.001371
9.143025,5.001371
9.143435,5.001371
9.143845,5.001371
9.144255,5.001371
9.144665,5.001371
9.145075,5.001371
9.145485,5.001371
9.145895,5.001371
9.146305,5.001371
9.146715,5.001371
9.147125,5.001371
9.147535,5.001371
9.147945,5.001371
9.148355,5.001371
9.148765,5.001371
9.149175,5.001371
9.149585,5.001371
9.149995,5.001371
9.150405,5.001371
9.150815,5.001371
9.151225,5.001371
9.151635,5.001371
9.152045,5.001371
9.152455,5.001371
9.152865,5.001371
9.153275,5.001371
9.153685,5.001371
9.154095,5.001371
9.154505,5.001371
9.154915,5.001371
9.155325,5.001371
9.155735,5.001371
9.156145,5.001371
9.156555,5.001371
9.156965,5.001371
9.157375,5.001371
9.157785,5.001371
9.158195,5.001371
9.158605,5.001371
9.159015,5.001371
9.159425,5.001371
9.159835,5.001371
9.160245,5.001371
9.160655,5.001371
9.161065,5.001371
9.161475,5.001371
9.161885,5.001371
9.162295,5.001371
9.162705,5.001371
9.163115,5.001371
9.163525,5.001371
9.163935,5.001371
9.164345,5.001371
9.164755,5.001371
9.165166,5.001371
9.165576,5.001371
9.165986,5.001371
9.166396,5.001371
9.166806,5.001371
9.167216,5.001371
9.167626,5.001371
9.168036,5.001371
9.168446,5.001371
9.168856,5.001371
9.169266,5.001371
9.169676,5.001371
9.170086,5.001371
9.170496,5.001371
9.170906,5.001371
9.171316,5.001371
9.171726,5.001371
9.172136,5.001371
9.172546,5.001371
9.172956,5.001371
9.173366,5.001371
9.173776,5.001371
9.174186,5.001371
9.174596,5.001371
9.175006,5.001371
9.175416,5.001371
9.175826,5.001371
9.176236,5.001371
9.176646,5.001371
9.177056,5.001371
9.177466,5.001371
9.177876,5.001371
9.178286,5.001371
9.178696,5.001371
9.179106,5.001371
9.179516,5.001371
9.179926,5.001371
9.180336,5.001371
9.180746,5.001371
9.181156,5.001371
9.181566,5.001371
9.181976,5.001371
9.182386,5.001371
9.182796,5.001371
9.183206,5.001371
9.183616,5.001371
9.184026,5.001371
9.184436,5.001371
9.184846,5.001371
9.185256,5.001371
9.185666,5.001371
9.186076,5.001371
9.186486,5.001371
9.186896,5.001371
9.187306,5.001371
9.187716,5.001371
9.188126,5.001371
9.188536,5.001371
9.188946,5.001371
9.189356,5.001371
9.189766,5.001371
9.190176,5.001371
9.190586,5.001371
9.190996,5.001371
9.191406,5.001371
9.191816,5.001371
9.192226,5.001371
9.192636,5.001371
9.193046,5.001371
9.193456,5.001371
9.193866,5.001371
9.194276,5.001371
9.194686,5.001371
9.195097,5.001371
9.195507,5.001371
9.195917,5.001371
9.196327,5.001371
9.196737,5.001371
9.197147,5.001371
9.197557,5.001371
9.197967,5.001371
9.198377,5.001371
9.198787,5.001371
9.199197,5.001371
9.199607,5.001371
9.200017,5.001371
9.200427,5.001371
9.200837,5.001371
9.201247,5.001371
9.201657,5.001371
9.202067,5.001371
9.202477,5.001371
9.202887,5.001371
9.203297,5.001371
9.203707,5.001371
9.204117,5.001371
9.204527,5.001371
9.204937,5.001371
9.205347,5.001371
9.205757,5.001371
9.206167,5.001371
9.206577,5.001371
9.206987,5.001371
9.207397,5.001371
9.207807,5.001371
9.208217,5.001371
9.208627,5.001371
9.209037,5.001371
9.209447,5.001371
9.209857,5.001371
9.210267,5.001371
9.210677,5.001371
9.211087,5.001371
9.211497,5.001371
9.211907,5.001371
9.212317,5.001371
9.212727,5.001371
9.213137,5.001371
9.213547,5.001371
9.213957,5.001371
9.214367,5.001371
9.214777,5.001371
9.215187,5.001371
9.215597,5.001371
9.216007,5.001371
9.216417,5.001371
9.216827,5.001371
9.217237,5.001371
9.217647,5.001371
9.218057,5.001371
9.218467,5.001371
9.218877,5.001371
9.219287,5.001371
9.219697,5.001371
9.220107,5.001371
9.220517,5.001371
9.220927,5.001371
9.221337,5.001371
9.221747,5.001371
9.222157,5.001371
9.222567,5.001371
9.222977,5.001371
9.223387,5.001371
9.223797,5.001371
9.224207,5.001371
9.224617,5.001371
9.225028,5.001371
9.225438,5.001371
9.225848,5.001371
9.226258,5.001371
9.226668,5.001371
9.227078,5.001371
9.227488,5.001371
9.227898,5.001371
9.228308,5.001371
9.228718,5.001371
9.229128,5.001371
9.229538,5.001371
9.229948,5.001371
9.230358,5.001371
9.230768,5.001371
9.231178,5.001371
9.231588,5.001371
9.231998,5.001371
9.232408,5.001371
9.232818,5.001371
9.233228,5.001371
9.233638,5.001371
9.234048,5.001371
9.234458,5.001371
9.234868,5.001371
9.235278,5.001371
9.235688,5.001371
9.236098,5.001371
9.236508,5.001371
9.236918,5.001371
9.237328,5.001371
9.237738,5.001371
9.238148,5.001371
9.238558,5.001371
9.238968,5.001371
9.239378,5.001371
9.239788,5.001371
9.240198,5.001371
9.240608,5.001371
9.241018,5.001371
9.241428,5.001371
9.241838,5.001371
9.242248,5.001371
9.242658,5.001371
9.243068,5.001371
9.243478,5.001371
9.243888,5.001371
9.244298,5.001371
9.244708,5.001371
9.245118,5.001371
9.245528,5.001371
9.245938,5.001371
9.246348,5.001371
9.246758,5.001371
9.247168,5.001371
9.247578,5.001371
9.247988,5.001371
9.248398,5.001371
9.248808,5.001371
9.249218,5.001371
9.249628,5.001371
9.250038,5.001371
9.250448,5.001371
9.250858,5.001371
9.251268,5.001371
9.251678,5.001371
9.252088,5.001371
9.252498,5.001371
9.252908,5.001371
9.253318,5.001371
9.253728,5.001371
9.254138,5.001371
9.254548,5.001371
9.254958,5.001371
9.255369,5.001371
9.255779,5.001371
9.256189,5.001371
9.256599,5.001371
9.257009,5.001371
9.257419,5.001371
9.257829,5.001371
9.258239,5.001371
9.258649,5.001371
9.259059,5.001371
9.259469,5.001371
9.259879,5.001371
9.260289,5.001371
9.260699,5.001371
9.261109,5.001371
9.261519,5.001371
9.261929,5.001371
9.262339,5.001371
9.262749,5.001371
9.263159,5.001371
9.263569,5.001371
9.263979,5.001371
9.264389,5.001371
9.264799,5.001371
9.265209,5.001371
9.265619,5.001371
9.266029,5.001371
9.266439,5.001371
9.266849,5.001371
9.267259,5.001371
9.267669,5.001371
9.268079,5.001371
9.268489,5.001371
9.268899,5.001371
9.269309,5.001371
9.269719,5.001371
9.270129,5.001371
9.270539,5.001371
9.270949,5.001371
9.271359,5.001371
9.271769,5.001371
9.272179,5.001371
9.272589,5.001371
9.272999,5.001371
9.273409,5.001371
9.273819,5.001371
9.274229,5.001371
9.274639,5.001371
9.275049,5.001371
9.275459,5.001371
9.275869,5.001371
9.276279,5.001371
9.276689,5.001371
9.277099,5.001371
9.277509,5.001371
9.277919,5.001371
9.278329,5.001371
9.278739,5.001371
9.279149,5.001371
9.279559,5.001371
9.279969,5.001371
9.280379,5.001371
9.280789,5.001371
9.281199,5.001371
9.281609,5.001371
9.282019,5.001371
9.282429,5.001371
9.282839,5.001371
9.283249,5.001371
9.283659,5.001371
9.284069,5.001371
9.284479,5.001371
9.284889,5.001371
9.285300,5.001371
9.285710,5.001371
9.286120,5.001371
9.286530,5.001371
9.286940,5.001371
9.287350,5.001371
9.287760,5.001371
9.288170,5.001371
9.288580,5.001371
9.288990,5.001371
9.289400,5.001371
9.289810,5.001371
9.290220,5.001371
9.290630,5.001371
9.291040,5.001371
9.291450,5.001371
9.291860,5.001371
9.292270,5.001371
9.292680,5.001371
9.293090,5.001371
9.293500,5.001371
9.293910,5.001371
9.294320,5.001371
9.294730,5.001371
9.295140,5.001371
9.295550,5.001371
9.295960,5.001371
9.296370,5.001371
9.296780,5.001371
9.297190,5.001371
9.297600,5.001371
9.298010,5.001371
9.298420,5.001371
9.298830,5.001371
9.299240,5.001371
9.299650,5.001371
9.300060,5.001371
9.300470,5.001371
9.300880,5.001371
9.301290,5.001371
9.301700,5.001371
9.302110,5.001371
9.302520,5.001371
9.302930,5.001371
9.303340,5.001371
9.303750,5.001371
9.304160,5.001371
9.304570,5.001371
9.304980,5.001371
9.305390,5.001371
9.305800,5.001371
9.306210,5.001371
9.306620,5.001371
9.307030,5.001371
9.307440,5.001371
9.307850,5.001371
9.308260,5.001371
9.308670,5.001371
9.309080,5.001371
9.309490,5.001371
9.309900,5.001371
9.310310,5.001371
9.310720,5.001371
9.311130,5.001371
9.311540,5.001371
9.311950,5.001371
9.312360,5.001371
9.312770,5.001371
9.313180,5.001371
9.313590,5.001371
9.314000,5.001371
9.314410,5.001371
9.314820,5.001371
9.315231,5.001371
9.315641,5.001371
9.316051,5.001371
9.316461,5.001371
9.316871,5.001371
9.317281,5.001371
9.317691,5.001371
9.318101,5.001371
9.318511,5.001371
9.318921,5.001371
9.319331,5.001371
9.319741,5.001371
9.320151,5.001371
9.320561,5.001371
9.320971,5.001371
9.321381,5.001371
9.321791,5.001371
9.322201,5.001371
9.322611,5.001371
9.323021,5.001371
9.323431,5.001371
9.323841,5.001371
9.324251,5.001371
9.324661,5.001371
9.325071,5.001371
9.325481,5.001371
9.325891,5.001371
9.326301,5.001371
9.326711,5.001371
9.327121,5.001371
9.327531,5.001371
9.327941,5.001371
9.328351,5.001371
9.328761,5.001371
9.329171,5.001371
9.329581,5.001371
9.329991,5.001371
9.330401,5.001371
9.330811,5.001371
9.331221,5.001371
9.331631,5.001371
9.332041,5.001371
9.332451,5.001371
9.332861,5.001371
9.333271,5.001371
9.333681,5.001371
9.334091,5.001371
9.334501,5.001371
9.334911,5.001371
9.335321,5.001371
9.335731,5.001371
9.336141,5.001371
9.336551,5.001371
9.336961,5.001371
9.337371,5.001371
9.337781,5.001371
9.338191,5.001371
9.338601,5.001371
9.339011,5.001371
9.339421,5.001371
9.339831,5.001371
9.340241,5.001371
9.340651,5.001371
9.341061,5.001371
9.341471,5.001371
9.341881,5.001371
9.342291,5.001371
9.342701,5.001371
9.343111,5.001371
9.343521,5.001371
9.343931,5.001371
9.344341,5.001371
9.344751,5.001371
9.345162,5.001371
9.345572,5.001371
9.345982,5.001371
9.346392,5.001371
9.346802,5.001371
9.347212,5.001371
9.347622,5.001371
9.348032,5.001371
9.348442,5.001371
9.348852,5.001371
9.349262,5.001371
9.349672,5.001371
9.350082,5.001371
9.350492,5.001371
9.350902,5.001371
9.351312,5.001371
9.351722,5.001371
9.352132,5.001371
9.352542,5.001371
9.352952,5.001371
9.353362,5.001371
9.353772,5.001371
9.354182,5.001371
9.354592,5.001371
9.355002,5.001371
9.355412,5.001371
9.355822,5.001371
9.356232,5.001371
9.356642,5.001371
9.357052,5.001371
9.357462,5.001371
9.357872,5.001371
9.358282,5.001371
9.358692,5.001371
9.359102,5.001371
9.359512,5.001371
9.359922,5.001371
9.360332,5.001371
9.360742,5.001371
9.361152,5.001371
9.361562,5.001371
9.361972,5.001371
9.362382,5.001371
9.362792,5.001371
9.363202,5.001371
9.363612,5.001371
9.364022,5.001371
9.364432,5.001371
9.364842,5.001371
9.365252,5.001371
9.365662,5.001371
9.366072,5.001371
9.366482,5.001371
9.366892,5.001371
9.367302,5.001371
9.367712,5.001371
9.368122,5.001371
9.368532,5.001371
9.368942,5.001371
9.369352,5.001371
9.369762,5.001371
9.370172,5.001371
9.370582,5.001371
9.370992,5.001371
9.371402,5.001371
9.371812,5.001371
9.372222,5.001371
9.372632,5.001371
9.373042,5.001371
9.373452,5.001371
9.373862,5.001371
9.374272,5.001371
9.374682,5.001371
9.375093,5.001371
9.375503,5.001371
9.375913,5.001371
9.376323,5.001371
9.376733,5.001371
9.377143,5.001371
9.377553,5.001371
9.377963,5.001371
9.378373,5.001371
9.378783,5.001371
9.379193,5.001371
9.379603,5.001371
9.380013,5.001371
9.380423,5.001371
9.380833,5.001371
9.381243,5.001371
9.381653,5.001371
9.382063,5.001371
9.382473,5.001371
9.382883,5.001371
9.383293,5.001371
9.383703,5.001371
9.384113,5.001371
9.384523,5.001371
9.384933,5.001371
9.385343,5.001371
9.385753,5.001371
9.386163,5.001371
9.386573,5.001371
9.386983,5.001371
9.387393,5.001371
9.387803,5.001371
9.388213,5.001371
9.388623,5.001371
9.389033,5.001371
9.389443,5.001371
9.389853,5.001371
9.390263,5.001371
9.390673,5.001371
9.391083,5.001371
9.391493,5.001371
9.391903,5.001371
9.392313,5.001371
9.392723,5.001371
9.393133,5.001371
9.393543,5.001371
9.393953,5.001371
9.394363,5.001371
9.394773,5.001371
9.395183,5.001371
9.395593,5.001371
9.396003,5.001371
9.396413,5.001371
9.396823,5.001371
9.397233,5.001371
9.397643,5.001371
9.398053,5.001371
9.398463,5.001371
9.398873,5.001371
9.399283,5.001371
9.399693,5.001371
9.400103,5.001371
9.400513,5.001371
9.400923,5.001371
9.401333,5.001371
9.401743,5.001371
9.402153,5.001371
9.402563,5.001371
9.402973,5.001371
9.403383,5.001371
9.403793,5.001371
9.404203,5.001371
9.404613,5.001371
9.405024,5.001371
9.405434,5.001371
9.405844,5.001371
9.406254,5.001371
9.406664,5.001371
9.407074,5.001371
9.407484,5.001371
9.407894,5.001371
9.408304,5.001371
9.408714,5.001371
9.409124,5.001371
9.409534,5.001371
9.409944,5.001371
9.410354,5.001371
9.410764,5.001371
9.411174,5.001371
9.411584,5.001371
9.411994,5.001371
9.412404,5.001371
9.412814,5.001371
9.413224,5.001371
9.413634,5.001371
9.414044,5.001371
9.414454,5.001371
9.414864,5.001371
9.415274,5.001371
9.415684,5.001371
9.416094,5.001371
9.416504,5.001371
9.416914,5.001371
9.417324,5.001371
9.417734,5.001371
9.418144,5.001371
9.418554,5.001371
9.418964,5.001371
9.419374,5.001371
9.419784,5.001371
9.420194,5.001371
9.420604,5.001371
9.421014,5.001371
9.421424,5.001371
9.421834,5.001371
9.422244,5.001371
9.422654,5.001371
9.423064,5.001371
9.423474,5.001371
9.423884,5.001371
9.424294,5.001371
9.424704,5.001371
9.425114,5.001371
9.425524,5.001371
9.425934,5.001371
9.426344,5.001371
9.426754,5.001371
9.427164,5.001371
9.427574,5.001371
9.427984,5.001371
9.428394,5.001371
9.428804,5.001371
9.429214,5.001371
9.429624,5.001371
9.430034,5.001371
9.430444,5.001371
9.430854,5.001371
9.431264,5.001371
9.431674,5.001371
9.432084,5.001371
9.432494,5.001371
9.432904,5.001371
9.433314,5.001371
9.433724,5.001371
9.434134,5.001371
9.434544,5.001371
9.434954,5.001371
9.435365,5.001371
9.435775,5.001371
9.436185,5.001371
9.436595,5.001371
9.437005,5.001371
9.437415,5.001371
9.437825,5.001371
9.438235,5.001371
9.438645,5.001371
9.439055,5.001371
9.439465,5.001371
9.439875,5.001371
9.440285,5.001371
9.440695,5.001371
9.441105,5.001371
9.441515,5.001371
9.441925,5.001371
9.442335,5.001371
9.442745,5.001371
9.443155,5.001371
9.443565,5.001371
9.443975,5.001371
9.444385,5.001371
9.444795,5.001371
9.445205,5.001371
9.445615,5.001371
9.446025,5.001371
9.446435,5.001371
9.446845,5.001371
9.447255,5.001371
9.447665,5.001371
9.448075,5.001371
9.448485,5.001371
9.448895,5.001371
9.449305,5.001371
9.449715,5.001371
9.450125,5.001371
9.450535,5.001371
9.450945,5.001371
9.451355,5.001371
9.451765,5.001371
9.452175,5.001371
9.452585,5.001371
9.452995,5.001371
9.453405,5.001371
9.453815,5.001371
9.454225,5.001371
9.454635,5.001371
9.455045,5.001371
9.455455,5.001371
9.455865,5.001371
9.456275,5.001371
9.456685,5.001371
9.457095,5.001371
9.457505,5.001371
9.457915,5.001371
9.458325,5.001371
9.458735,5.001371
9.459145,5.001371
9.459555,5.001371
9.459965,5.001371
9.460375,5.001371
9.460785,5.001371
9.461195,5.001371
9.461605,5.001371
9.462015,5.001371
9.462425,5.001371
9.462835,5.001371
9.463245,5.001371
9.463655,5.001371
9.464065,5.001371
9.464475,5.001371
9.464885,5.001371
9.465296,5.001371
9.465706,5.001371
9.466116,5.001371
9.466526,5.001371
9.466936,5.001371
9.467346,5.001371
9.467756,5.001371
9.468166,5.001371
9.468576,5.001371
9.468986,5.001371
9.469396,5.001371
9.469806,5.001371
9.470216,5.001371
9.470626,5.001371
9.471036,5.001371
9.471446,5.001371
9.471856,5.001371
9.472266,5.001371
9.472676,5.001371
9.473086,5.001371
9.473496,5.001371
9.473906,5.001371
9.474316,5.001371
9.474726,5.001371
9.475136,5.001371
9.475546,5.001371
9.475956,5.001371
9.476366,5.001371
9.476776,5.001371
9.477186,5.001371
9.477596,5.001371
9.478006,5.001371
9.478416,5.001371
9.478826,5.001371
9.479236,5.001371
9.479646,5.001371
9.480056,5.001371
9.480466,5.001371
9.480876,5.001371
9.481286,5.001371
9.481696,5.001371
9.482106,5.001371
9.482516,5.001371
9.482926,5.001371
9.483336,5.001371
9.483746,5.001371
9.484156,5.001371
9.484566,5.001371
9.484976,5.001371
9.485386,5.001371
9.485796,5.001371
9.486206,5.001371
9.486616,5.001371
9.487026,5.001371
9.487436,5.001371
9.487846,5.001371
9.488256,5.001371
9.488666,5.001371
9.489076,5.001371
9.489486,5.001371
9.489896,5.001371
9.490306,5.001371
9.490716,5.001371
9.491126,5.001371
9.491536,5.001371
9.491946,5.001371
9.492356,5.001371
9.492766,5.001371
9.493176,5.001371
9.493586,5.001371
9.493996,5.001371
9.494406,5.001371
9.494816,5.001371
9.495227,5.001371
9.495637,5.001371
9.496047,5.001371
9.496457,5.001371
9.496867,5.001371
9.497277,5.001371
9.497687,5.001371
9.498097,5.001371
9.498507,5.001371
9.498917,5.001371
9.499327,5.001371
9.499737,5.001371
9.500147,5.001371
9.500557,5.001371
9.500967,5.001371
9.501377,5.001371
9.501787,5.001371
9.502197,5.001371
9.502607,5.001371
9.503017,5.001371
9.503427,5.001371
9.503837,5.001371
9.504247,5.001371
9.504657,5.001371
9.505067,5.001371
9.505477,5.001371
9.505887,5.001371
9.506297,5.001371
9.506707,5.001371
9.507117,5.001371
9.507527,5.001371
9.507937,5.001371
9.508347,5.001371
9.508757,5.001371
9.509167,5.001371
9.509577,5.001371
9.509987,5.001371
9.510397,5.001371
9.510807,5.001371
9.511217,5.001371
9.511627,5.001371
9.512037,5.001371
9.512447,5.001371
9.512857,5.001371
9.513267,5.001371
9.513677,5.001371
9.514087,5.001371
9.514497,5.001371
9.514907,5.001371
9.515317,5.001371
9.515727,5.001371
9.516137,5.001371
9.516547,5.001371
9.516957,5.001371
9.517367,5.001371
9.517777,5.001371
9.518187,5.001371
9.518597,5.001371
9.519007,5.001371
9.519417,5.001371
9.519827,5.001371
9.520237,5.001371
9.520647,5.001371
9.521057,5.001371
9.521467,5.001371
9.521877,5.001371
9.522287,5.001371
9.522697,5.001371
9.523107,5.001371
9.523517,5.001371
9.523927,5.001371
9.524337,5.001371
9.524747,5.001371
9.525158,5.001371
9.525568,5.001371
9.525978,5.001371
9.526388,5.001371
9.526798,5.001371
9.527208,5.001371
9.527618,5.001371
9.528028,5.001371
9.528438,5.001371
9.528848,5.001371
9.529258,5.001371
9.529668,5.001371
9.530078,5.001371
9.530488,5.001371
9.530898,5.001371
9.531308,5.001371
9.531718,5.001371
9.532128,5.001371
9.532538,5.001371
9.532948,5.001371
9.533358,5.001371
9.533768,5.001371
9.534178,5.001371
9.534588,5.001371
9.534998,5.001371
9.535408,5.001371
9.535818,5.001371
9.536228,5.001371
9.536638,5.001371
9.537048,5.001371
9.537458,5.001371
9.537868,5.001371
9.538278,5.001371
9.538688,5.001371
9.539098,5.001371
9.539508,5.001371
9.539918,5.001371
9.540328,5.001371
9.540738,5.001371
9.541148,5.001371
9.541558,5.001371
9.541968,5.001371
9.542378,5.001371
9.542788,5.001371
9.543198,5.001371
9.543608,5.001371
9.544018,5.001371
9.544428,5.001371
9.544838,5.001371
9.545248,5.001371
9.545658,5.001371
9.546068,5.001371
9.546478,5.001371
9.546888,5.001371
9.547298,5.001371
9.547708,5.001371
9.548118,5.001371
9.548528,5.001371
9.548938,5.001371
9.549348,5.001371
9.549758,5.001371
9.550168,5.001371
9.550578,5.001371
9.550988,5.001371
9.551398,5.001371
9.551808,5.001371
9.552218,5.001371
9.552628,5.001371
9.553038,5.001371
9.553448,5.001371
9.553858,5.001371
9.554268,5.001371
9.554678,5.001371
9.555089,5.001371
9.555499,5.001371
9.555909,5.001371
9.556319,5.001371
9.556729,5.001371
9.557139,5.001371
9.557549,5.001371
9.557959,5.001371
9.558369,5.001371
9.558779,5.001371
9.559189,5.001371
9.559599,5.001371
9.560009,5.001371
9.560419,5.001371
9.560829,5.001371
9.561239,5.001371
9.561649,5.001371
9.562059,5.001371
9.562469,5.001371
9.562879,5.001371
9.563289,5.001371
9.563699,5.001371
9.564109,5.001371
9.564519,5.001371
9.564929,5.001371
9.565339,5.001371
9.565749,5.001371
9.566159,5.001371
9.566569,5.001371
9.566979,5.001371
9.567389,5.001371
9.567799,5.001371
9.568209,5.001371
9.568619,5.001371
9.569029,5.001371
9.569439,5.001371
9.569849,5.001371
9.570259,5.001371
9.570669,5.001371
9.571079,5.001371
9.571489,5.001371
9.571899,5.001371
9.572309,5.001371
9.572719,5.001371
9.573129,5.001371
9.573539,5.001371
9.573949,5.001371
9.574359,5.001371
9.574769,5.001371
9.575179,5.001371
9.575589,5.001371
9.575999,5.001371
9.576409,5.001371
9.576819,5.001371
9.577229,5.001371
9.577639,5.001371
9.578049,5.001371
9.578459,5.001371
9.578869,5.001371
9.579279,5.001371
9.579689,5.001371
9.580099,5.001371
9.580509,5.001371
9.580919,5.001371
9.581329,5.001371
9.581739,5.001371
9.582149,5.001371
9.582559,5.001371
9.582969,5.001371
9.583379,5.001371
9.583789,5.001371
9.584199,5.001371
9.584609,5.001371
9.585020,5.001371
9.585430,5.001371
9.585840,5.001371
9.586250,5.001371
9.586660,5.001371
9.587070,5.001371
9.587480,5.001371
9.587890,5.001371
9.588300,5.001371
9.588710,5.001371
9.589120,5.001371
9.589530,5.001371
9.589940,5.001371
9.590350,5.001371
9.590760,5.001371
9.591170,5.001371
9.591580,5.001371
9.591990,5.001371
9.592400,5.001371
9.592810,5.001371
9.593220,5.001371
9.593630,5.001371
9.594040,5.001371
9.594450,5.001371
9.594860,5.001371
9.595270,5.001371
9.595680,5.001371
9.596090,5.001371
9.596500,5.001371
9.596910,5.001371
9.597320,5.001371
9.597730,5.001371
9.598140,5.001371
9.598550,5.001371
9.598960,5.001371
9.599370,5.001371
9.599780,5.001371
9.600190,5.001371
9.600600,5.001371
9.601010,5.001371
9.601420,5.001371
9.601830,5.001371
9.602240,5.001371
9.602650,5.001371
9.603060,5.001371
9.603470,5.001371
9.603880,5.001371
9.604290,5.001371
9.604700,5.001371
9.605110,5.001371
9.605520,5.001371
9.605930,5.001371
9.606340,5.001371
9.606750,5.001371
9.607160,5.001371
9.607570,5.001371
9.607980,5.001371
9.608390,5.001371
9.608800,5.001371
9.609210,5.001371
9.609620,5.001371
9.610030,5.001371
9.610440,5.001371
9.610850,5.001371
9.611260,5.001371
9.611670,5.001371
9.612080,5.001371
9.612490,5.001371
9.612900,5.001371
9.613310,5.001371
9.613720,5.001371
9.614130,5.001371
9.614540,5.001371
9.614950,5.001371
9.615361,5.001371
9.615771,5.001371
9.616181,5.001371
9.616591,5.001371
9.617001,5.001371
9.617411,5.001371
9.617821,5.001371
9.618231,5.001371
9.618641,5.001371
9.619051,5.001371
9.619461,5.001371
9.619871,5.001371
9.620281,5.001371
9.620691,5.001371
9.621101,5.001371
9.621511,5.001371
9.621921,5.001371
9.622331,5.001371
9.622741,5.001371
9.623151,5.001371
9.623561,5.001371
9.623971,5.001371
9.624381,5.001371
9.624791,5.001371
9.625201,5.001371
9.625611,5.001371
9.626021,5.001371
9.626431,5.001371
9.626841,5.001371
9.627251,5.001371
9.627661,5.001371
9.628071,5.001371
9.628481,5.001371
9.628891,5.001371
9.629301,5.001371
9.629711,5.001371
9.630121,5.001371
9.630531,5.001371
9.630941,5.001371
9.631351,5.001371
9.631761,5.001371
9.632171,5.001371
9.632581,5.001371
9.632991,5.001371
9.633401,5.001371
9.633811,5.001371
9.634221,5.001371
9.634631,5.001371
9.635041,5.001371
9.635451,5.001371
9.635861,5.001371
9.636271,5.001371
9.636681,5.001371
9.637091,5.001371
9.637501,5.001371
9.637911,5.001371
9.638321,5.001371
9.638731,5.001371
9.639141,5.001371
9.639551,5.001371
9.639961,5.001371
9.640371,5.001371
9.640781,5.001371
9.641191,5.001371
9.641601,5.001371
9.642011,5.001371
9.642421,5.001371
9.642831,5.001371
9.643241,5.001371
9.643651,5.001371
9.644061,5.001371
9.644471,5.001371
9.644881,5.001371
9.645292,5.001371
9.645702,5.001371
9.646112,5.001371
9.646522,5.001371
9.646932,5.001371
9.647342,5.001371
9.647752,5.001371
9.648162,5.001371
9.648572,5.001371
9.648982,5.001371
9.649392,5.001371
9.649802,5.001371
9.650212,5.001371
9.650622,5.001371
9.651032,5.001371
9.651442,5.001371
9.651852,5.001371
9.652262,5.001371
9.652672,5.001371
9.653082,5.001371
9.653492,5.001371
9.653902,5.001371
9.654312,5.001371
9.654722,5.001371
9.655132,5.001371
9.655542,5.001371
9.655952,5.001371
9.656362,5.001371
9.656772,5.001371
9.657182,5.001371
9.657592,5.001371
9.658002,5.001371
9.658412,5.001371
9.658822,5.001371
9.659232,5.001371
9.659642,5.001371
9.660052,5.001371
9.660462,5.001371
9.660872,5.001371
9.661282,5.001371
9.661692,5.001371
9.662102,5.001371
9.662512,5.001371
9.662922,5.001371
9.663332,5.001371
9.663742,5.001371
9.664152,5.001371
9.664562,5.001371
9.664972,5.001371
9.665382,5.001371
9.665792,5.001371
9.666202,5.001371
9.666612,5.001371
9.667022,5.001371
9.667432,5.001371
9.667842,5.001371
9.668252,5.001371
9.668662,5.001371
9.669072,5.001371
9.669482,5.001371
9.669892,5.001371
9.670302,5.001371
9.670712,5.001371
9.671122,5.001371
9.671532,5.001371
9.671942,5.001371
9.672352,5.001371
9.672762,5.001371
9.673172,5.001371
9.673582,5.001371
9.673992,5.001371
9.674402,5.001371
9.674812,5.001371
9.675223,5.001371
9.675633,5.001371
9.676043,5.001371
9.676453,5.001371
9.676863,5.001371
9.677273,5.001371
9.677683,5.001371
9.678093,5.001371
9.678503,5.001371
9.678913,5.001371
9.679323,5.001371
9.679733,5.001371
9.680143,5.001371
9.680553,5.001371
9.680963,5.001371
9.681373,5.001371
9.681783,5.001371
9.682193,5.001371
9.682603,5.001371
9.683013,5.001371
9.683423,5.001371
9.683833,5.001371
9.684243,5.001371
9.684653,5.001371
9.685063,5.001371
9.685473,5.001371
9.685883,5.001371
9.686293,5.001371
9.686703,5.001371
9.687113,5.001371
9.687523,5.001371
9.687933,5.001371
9.688343,5.001371
9.688753,5.001371
9.689163,5.001371
9.689573,5.001371
9.689983,5.001371
9.690393,5.001371
9.690803,5.001371
9.691213,5.001371
9.691623,5.001371
9.692033,5.001371
9.692443,5.001371
9.692853,5.001371
9.693263,5.001371
9.693673,5.001371
9.694083,5.001371
9.694493,5.001371
9.694903,5.001371
9.695313,5.001371
9.695723,5.001371
9.696133,5.001371
9.696543,5.001371
9.696953,5.001371
9.697363,5.001371
9.697773,5.001371
9.698183,5.001371
9.698593,5.001371
9.699003,5.001371
9.699413,5.001371
9.699823,5.001371
9.700233,5.001371
9.700643,5.001371
9.701053,5.001371
9.701463,5.001371
9.701873,5.001371
9.702283,5.001371
9.702693,5.001371
9.703103,5.001371
9.703513,5.001371
9.703923,5.001371
9.704333,5.001371
9.704743,5.001371
9.705154,5.001371
9.705564,5.001371
9.705974,5.001371
9.706384,5.001371
9.706794,5.001371
9.707204,5.001371
9.707614,5.001371
9.708024,5.001371
9.708434,5.001371
9.708844,5.001371
9.709254,5.001371
9.709664,5.001371
9.710074,5.001371
9.710484,5.001371
9.710894,5.001371
9.711304,5.001371
9.711714,5.001371
9.712124,5.001371
9.712534,5.001371
9.712944,5.001371
9.713354,5.001371
9.713764,5.001371
9.714174,5.001371
9.714584,5.001371
9.714994,5.001371
9.715404,5.001371
9.715814,5.001371
9.716224,5.001371
9.716634,5.001371
9.717044,5.001371
9.717454,5.001371
9.717864,5.001371
9.718274,5.001371
9.718684,5.001371
9.719094,5.001371
9.719504,5.001371
9.719914,5.001371
9.720324,5.001371
9.720734,5.001371
9.721144,5.001371
9.721554,5.001371
9.721964,5.001371
9.722374,5.001371
9.722784,5.001371
9.723194,5.001371
9.723604,5.001371
9.724014,5.001371
9.724424,5.001371
9.724834,5.001371
9.725244,5.001371
9.725654,5.001371
9.726064,5.001371
9.726474,5.001371
9.726884,5.001371
9.727294,5.001371
9.727704,5.001371
9.728114,5.001371
9.728524,5.001371
9.728934,5.001371
9.729344,5.001371
9.729754,5.001371
9.730164,5.001371
9.730574,5.001371
9.730984,5.001371
9.731394,5.001371
9.731804,5.001371
9.732214,5.001371
9.732624,5.001371
9.733034,5.001371
9.733444,5.001371
9.733854,5.001371
9.734264,5.001371
9.734674,5.001371
9.735085,5.001371
9.735495,5.001371
9.735905,5.001371
9.736315,5.001371
9.736725,5.001371
9.737135,5.001371
9.737545,5.001371
9.737955,5.001371
9.738365,5.001371
9.738775,5.001371
9.739185,5.001371
9.739595,5.001371
9.740005,5.001371
9.740415,5.001371
9.740825,5.001371
9.741235,5.001371
9.741645,5.001371
9.742055,5.001371
9.742465,5.001371
9.742875,5.001371
9.743285,5.001371
9.743695,5.001371
9.744105,5.001371
9.744515,5.001371
9.744925,5.001371
9.745335,5.001371
9.745745,5.001371
9.746155,5.001371
9.746565,5.001371
9.746975,5.001371
9.747385,5.001371
9.747795,5.001371
9.748205,5.001371
9.748615,5.001371
9.749025,5.001371
9.749435,5.001371
9.749845,5.001371
9.750255,5.001371
9.750665,5.001371
9.751075,5.001371
9.751485,5.001371
9.751895,5.001371
9.752305,5.001371
9.752715,5.001371
9.753125,5.001371
9.753535,5.001371
9.753945,5.001371
9.754355,5.001371
9.754765,5.001371
9.755175,5.001371
9.755585,5.001371
9.755995,5.001371
9.756405,5.001371
9.756815,5.001371
9.757225,5.001371
9.757635,5.001371
9.758045,5.001371
9.758455,5.001371
9.758865,5.001371
9.759275,5.001371
9.759685,5.001371
9.760095,5.001371
9.760505,5.001371
9.760915,5.001371
9.761325,5.001371
9.761735,5.001371
9.762145,5.001371
9.762555,5.001371
9.762965,5.001371
9.763375,5.001371
9.763785,5.001371
9.764195,5.001371
9.764605,5.001371
9.765016,5.001371
9.765426,5.001371
9.765836,5.001371
9.766246,5.001371
9.766656,5.001371
9.767066,5.001371
9.767476,5.001371
9.767886,5.001371
9.768296,5.001371
9.768706,5.001371
9.769116,5.001371
9.769526,5.001371
9.769936,5.001371
9.770346,5.001371
9.770756,5.001371
9.771166,5.001371
9.771576,5.001371
9.771986,5.001371
9.772396,5.001371
9.772806,5.001371
9.773216,5.001371
9.773626,5.001371
9.774036,5.001371
9.774446,5.001371
9.774856,5.001371
9.775266,5.001371
9.775676,5.001371
9.776086,5.001371
9.776496,5.001371
9.776906,5.001371
9.777316,5.001371
9.777726,5.001371
9.778136,5.001371
9.778546,5.001371
9.778956,5.001371
9.779366,5.001371
9.779776,5.001371
9.780186,5.001371
9.780596,5.001371
9.781006,5.001371
9.781416,5.001371
9.781826,5.001371
9.782236,5.001371
9.782646,5.001371
9.783056,5.001371
9.783466,5.001371
9.783876,5.001371
9.784286,5.001371
9.784696,5.001371
9.785106,5.001371
9.785516,5.001371
9.785926,5.001371
9.786336,5.001371
9.786746,5.001371
9.787156,5.001371
9.787566,5.001371
9.787976,5.001371
9.788386,5.001371
9.788796,5.001371
9.789206,5.001371
9.789616,5.001371
9.790026,5.001371
9.790436,5.001371
9.790846,5.001371
9.791256,5.001371
9.791666,5.001371
9.792076,5.001371
9.792486,5.001371
9.792896,5.001371
9.793306,5.001371
9.793716,5.001371
9.794126,5.001371
9.794536,5.001371
9.794946,5.001371
9.795357,5.001371
9.795767,5.001371
9.796177,5.001371
9.796587,5.001371
9.796997,5.001371
9.797407,5.001371
9.797817,5.001371
9.798227,5.001371
9.798637,5.001371
9.799047,5.001371
9.799457,5.001371
9.799867,5.001371
9.800277,5.001371
9.800687,5.001371
9.801097,5.001371
9.801507,5.001371
9.801917,5.001371
9.802327,5.001371
9.802737,5.001371
9.803147,5.001371
9.803557,5.001371
9.803967,5.001371
9.804377,5.001371
9.804787,5.001371
9.805197,5.001371
9.805607,5.001371
9.806017,5.001371
9.806427,5.001371
9.806837,5.001371
9.807247,5.001371
9.807657,5.001371
9.808067,5.001371
9.808477,5.001371
9.808887,5.001371
9.809297,5.001371
9.809707,5.001371
9.810117,5.001371
9.810527,5.001371
9.810937,5.001371
9.811347,5.001371
9.811757,5.001371
9.812167,5.001371
9.812577,5.001371
9.812987,5.001371
9.813397,5.001371
9.813807,5.001371
9.814217,5.001371
9.814627,5.001371
9.815037,5.001371
9.815447,5.001371
9.815857,5.001371
9.816267,5.001371
9.816677,5.001371
9.817087,5.001371
9.817497,5.001371
9.817907,5.001371
9.818317,5.001371
9.818727,5.001371
9.819137,5.001371
9.819547,5.001371
9.819957,5.001371
9.820367,5.001371
9.820777,5.001371
9.821187,5.001371
9.821597,5.001371
9.822007,5.001371
9.822417,5.001371
9.822827,5.001371
9.823237,5.001371
9.823647,5.001371
9.824057,5.001371
9.824467,5.001371
9.824877,5.001371
9.825288,5.001371
9.825698,5.001371
9.826108,5.001371
9.826518,5.001371
9.826928,5.001371
9.827338,5.001371
9.827748,5.001371
9.828158,5.001371
9.828568,5.001371
9.828978,5.001371
9.829388,5.001371
9.829798,5.001371
9.830208,5.001371
9.830618,5.001371
9.831028,5.001371
9.831438,5.001371
9.831848,5.001371
9.832258,5.001371
9.832668,5.001371
9.833078,5.001371
9.833488,5.001371
9.833898,5.001371
9.834308,5.001371
9.834718,5.001371
9.835128,5.001371
9.835538,5.001371
9.835948,5.001371
9.836358,5.001371
9.836768,5.001371
9.837178,5.001371
9.837588,5.001371
9.837998,5.001371
9.838408,5.001371
9.838818,5.001371
9.839228,5.001371
9.839638,5.001371
9.840048,5.001371
9.840458,5.001371
9.840868,5.001371
9.841278,5.001371
9.841688,5.001371
9.842098,5.001371
9.842508,5.001371
9.842918,5.001371
9.843328,5.001371
9.843738,5.001371
9.844148,5.001371
9.844558,5.001371
9.844968,5.001371
9.845378,5.001371
9.845788,5.001371
9.846198,5.001371
9.846608,5.001371
9.847018,5.001371
9.847428,5.001371
9.847838,5.001371
9.848248,5.001371
9.848658,5.001371
9.849068,5.001371
9.849478,5.001371
9.849888,5.001371
9.850298,5.001371
9.850708,5.001371
9.851118,5.001371
9.851528,5.001371
9.851938,5.001371
9.852348,5.001371
9.852758,5.001371
9.853168,5.001371
9.853578,5.001371
9.853988,5.001371
9.854398,5.001371
9.854808,5.001371
9.855219,5.001371
9.855629,5.001371
9.856039,5.001371
9.856449,5.001371
9.856859,5.001371
9.857269,5.001371
9.857679,5.001371
9.858089,5.001371
9.858499,5.001371
9.858909,5.001371
9.859319,5.001371
9.859729,5.001371
9.860139,5.001371
9.860549,5.001371
9.860959,5.001371
9.861369,5.001371
9.861779,5.001371
9.862189,5.001371
9.862599,5.001371
9.863009,5.001371
9.863419,5.001371
9.863829,5.001371
9.864239,5.001371
9.864649,5.001371
9.865059,5.001371
9.865469,5.001371
9.865879,5.001371
9.866289,5.001371
9.866699,5.001371
9.867109,5.001371
9.867519,5.001371
9.867929,5.001371
9.868339,5.001371
9.868749,5.001371
9.869159,5.001371
9.869569,5.001371
9.869979,5.001371
9.870389,5.001371
9.870799,5.001371
9.871209,5.001371
9.871619,5.001371
9.872029,5.001371
9.872439,5.001371
9.872849,5.001371
9.873259,5.001371
9.873669,5.001371
9.874079,5.001371
9.874489,5.001371
9.874899,5.001371
9.875309,5.001371
9.875719,5.001371
9.876129,5.001371
9.876539,5.001371
9.876949,5.001371
9.877359,5.001371
9.877769,5.001371
9.878179,5.001371
9.878589,5.001371
9.878999,5.001371
9.879409,5.001371
9.879819,5.001371
9.880229,5.001371
9.880639,5.001371
9.881049,5.001371
9.881459,5.001371
9.881869,5.001371
9.882279,5.001371
9.882689,5.001371
9.883099,5.001371
9.883509,5.001371
9.883919,5.001371
9.884329,5.001371
9.884739,5.001371
9.885150,5.001371
9.885560,5.001371
9.885970,5.001371
9.886380,5.001371
9.886790,5.001371
9.887200,5.001371
9.887610,5.001371
9.888020,5.001371
9.888430,5.001371
9.888840,5.001371
9.889250,5.001371
9.889660,5.001371
9.890070,5.001371
9.890480,5.001371
9.890890,5.001371
9.891300,5.001371
9.891710,5.001371
9.892120,5.001371
9.892530,5.001371
9.892940,5.001371
9.893350,5.001371
9.893760,5.001371
9.894170,5.001371
9.894580,5.001371
9.894990,5.001371
9.895400,5.001371
9.895810,5.001371
9.896220,5.001371
9.896630,5.001371
9.897040,5.001371
9.897450,5.001371
9.897860,5.001371
9.898270,5.001371
9.898680,5.001371
9.899090,5.001371
9.899500,5.001371
9.899910,5.001371
9.900320,5.001371
9.900730,5.001371
9.901140,5.001371
9.901550,5.001371
9.901960,5.001371
9.902370,5.001371
9.902780,5.001371
9.903190,5.001371
9.903600,5.001371
9.904010,5.001371
9.904420,5.001371
9.904830,5.001371
9.905240,5.001371
9.905650,5.001371
9.906060,5.001371
9.906470,5.001371
9.906880,5.001371
9.907290,5.001371
9.907700,5.001371
9.908110,5.001371
9.908520,5.001371
9.908930,5.001371
9.909340,5.001371
9.909750,5.001371
9.910160,5.001371
9.910570,5.001371
9.910980,5.001371
9.911390,5.001371
9.911800,5.001371
9.912210,5.001371
9.912620,5.001371
9.913030,5.001371
9.913440,5.001371
9.913850,5.001371
9.914260,5.001371
9.914670,5.001371
9.915081,5.001371
9.915491,5.001371
9.915901,5.001371
9.916311,5.001371
9.916721,5.001371
9.917131,5.001371
9.917541,5.001371
9.917951,5.001371
9.918361,5.001371
9.918771,5.001371
9.919181,5.001371
9.919591,5.001371
9.920001,5.001371
9.920411,5.001371
9.920821,5.001371
9.921231,5.001371
9.921641,5.001371
9.922051,5.001371
9.922461,5.001371
9.922871,5.001371
9.923281,5.001371
9.923691,5.001371
9.924101,5.001371
9.924511,5.001371
9.924921,5.001371
9.925331,5.001371
9.925741,5.001371
9.926151,5.001371
9.926561,5.001371
9.926971,5.001371
9.927381,5.001371
9.927791,5.001371
9.928201,5.001371
9.928611,5.001371
9.929021,5.001371
9.929431,5.001371
9.929841,5.001371
9.930251,5.001371
9.930661,5.001371
9.931071,5.001371
9.931481,5.001371
9.931891,5.001371
9.932301,5.001371
9.932711,5.001371
9.933121,5.001371
9.933531,5.001371
9.933941,5.001371
9.934351,5.001371
9.934761,5.001371
9.935171,5.001371
9.935581,5.001371
9.935991,5.001371
9.936401,5.001371
9.936811,5.001371
9.937221,5.001371
9.937631,5.001371
9.938041,5.001371
9.938451,5.001371
9.938861,5.001371
9.939271,5.001371
9.939681,5.001371
9.940091,5.001371
9.940501,5.001371
9.940911,5.001371
9.941321,5.001371
9.941731,5.001371
9.942141,5.001371
9.942551,5.001371
9.942961,5.001371
9.943371,5.001371
9.943781,5.001371
9.944191,5.001371
9.944601,5.001371
9.945012,5.001371
9.945422,5.001371
9.945832,5.001371
9.946242,5.001371
9.946652,5.001371
9.947062,5.001371
9.947472,5.001371
9.947882,5.001371
9.948292,5.001371
9.948702,5.001371
9.949112,5.001371
9.949522,5.001371
9.949932,5.001371
9.950342,5.001371
9.950752,5.001371
9.951162,5.001371
9.951572,5.001371
9.951982,5.001371
9.952392,5.001371
9.952802,5.001371
9.953212,5.001371
9.953622,5.001371
9.954032,5.001371
9.954442,5.001371
9.954852,5.001371
9.955262,5.001371
9.955672,5.001371
9.956082,5.001371
9.956492,5.001371
9.956902,5.001371
9.957312,5.001371
9.957722,5.001371
9.958132,5.001371
9.958542,5.001371
9.958952,5.001371
9.959362,5.001371
9.959772,5.001371
9.960182,5.001371
9.960592,5.001371
9.961002,5.001371
9.961412,5.001371
9.961822,5.001371
9.962232,5.001371
9.962642,5.001371
9.963052,5.001371
9.963462,5.001371
9.963872,5.001371
9.964282,5.001371
9.964692,5.001371
9.965102,5.001371
9.965512,5.001371
9.965922,5.001371
9.966332,5.001371
9.966742,5.001371
9.967152,5.001371
9.967562,5.001371
9.967972,5.001371
9.968382,5.001371
9.968792,5.001371
9.969202,5.001371
9.969612,5.001371
9.970022,5.001371
9.970432,5.001371
9.970842,5.001371
9.971252,5.001371
9.971662,5.001371
9.972072,5.001371
9.972482,5.001371
9.972892,5.001371
9.973302,5.001371
9.973712,5.001371
9.974122,5.001371
9.974532,5.001371
9.974942,5.001371
9.975353,5.001371
9.975763,5.001371
9.976173,5.001371
9.976583,5.001371
9.976993,5.001371
9.977403,5.001371
9.977813,5.001371
9.978223,5.001371
9.978633,5.001371
9.979043,5.001371
9.979453,5.001371
9.979863,5.001371
9.980273,5.001371
9.980683,5.001371
9.981093,5.001371
9.981503,5.001371
9.981913,5.001371
9.982323,5.001371
9.982733,5.001371
9.983143,5.001371
9.983553,5.001371
9.983963,5.001371
9.984373,5.001371
9.984783,5.001371
9.985193,5.001371
9.985603,5.001371
9.986013,5.001371
9.986423,5.001371
9.986833,5.001371
9.987243,5.001371
9.987653,5.001371
9.988063,5.001371
9.988473,5.001371
9.988883,5.001371
9.989293,5.001371
9.989703,5.001371
9.990113,5.001371
9.990523,5.001371
9.990933,5.001371
9.991343,5.001371
9.991753,5.001371
9.992163,5.001371
9.992573,5.001371
9.992983,5.001371
9.993393,5.001371
9.993803,5.001371
9.994213,5.001371
9.994623,5.001371
9.995033,5.001371
9.995443,5.001371
9.995853,5.001371
9.996263,5.001371
9.996673,5.001371
9.997083,5.001371
9.997493,5.001371
9.997903,5.001371
9.998313,5.001371
9.998723,5.001371
9.999133,5.001371
9.999543,5.001371
9.999953,5.001371
10.000363,5.001371
10.000773,5.001371
10.001183,5.001371
10.001593,5.001371
10.002003,5.001371
10.002413,5.001371
10.002823,5.001371
10.003233,5.001371
10.003643,5.001371
10.004053,5.001371
10.004463,5.001371
10.004873,5.001371
10.005284,5.001371
10.005694,5.001371
10.006104,5.001371
10.006514,5.001371
10.006924,5.001371
10.007334,5.001371
10.007744,5.001371
10.008154,5.001371
10.008564,5.001371
10.008974,5.001371
10.009384,5.001371
10.009794,5.001371
10.010204,5.001371
10.010614,5.001371
10.011024,5.001371
10.011434,5.001371
10.011844,5.001371
10.012254,5.001371
10.012664,5.001371
10.013074,5.001371
10.013484,5.001371
10.013894,5.001371
10.014304,5.001371
10.014714,5.001371
10.015124,5.001371
10.015534,5.001371
10.015944,5.001371
10.016354,5.001371
10.016764,5.001371
10.017174,5.001371
10.017584,5.001371
10.017994,5.001371
10.018404,5.001371
10.018814,5.001371
10.019224,5.001371
10.019634,5.001371
10.020044,5.001371
10.020454,5.001371
10.020864,5.001371
10.021274,5.001371
10.021684,5.001371
10.022094,5.001371
10.022504,5.001371
10.022914,5.001371
10.023324,5.001371
10.023734,5.001371
10.024144,5.001371
10.024554,5.001371
10.024964,5.001371
10.025374,5.001371
10.025784,5.001371
10.026194,5.001371
10.026604,5.001371
10.027014,5.001371
10.027424,5.001371
10.027834,5.001371
10.028244,5.001371
10.028654,5.001371
10.029064,5.001371
10.029474,5.001371
10.029884,5.001371
10.030294,5.001371
10.030704,5.001371
10.031114,5.001371
10.031524,5.001371
10.031934,5.001371
10.032344,5.001371
10.032754,5.001371
10.033164,5.001371
10.033574,5.001371
10.033984,5.001371
10.034394,5.001371
10.034804,5.001371
10.035215,5.001371
10.035625,5.001371
10.036035,5.001371
10.036445,5.001371
10.036855,5.001371
10.037265,5.001371
10.037675,5.001371
10.038085,5.001371
10.038495,5.001371
10.038905,5.001371
10.039315,5.001371
10.039725,5.001371
10.040135,5.001371
10.040545,5.001371
10.040955,5.001371
10.041365,5.001371
10.041775,5.001371
10.042185,5.001371
10.042595,5.001371
10.043005,5.001371
10.043415,5.001371
10.043825,5.001371
10.044235,5.001371
10.044645,5.001371
10.045055,5.001371
10.045465,5.001371
10.045875,5.001371
10.046285,5.001371
10.046695,5.001371
10.047105,5.001371
10.047515,5.001371
10.047925,5.001371
10.048335,5.001371
10.048745,5.001371
10.049155,5.001371
10.049565,5.001371
10.049975,5.001371
10.050385,5.001371
10.050795,5.001371
10.051205,5.001371
10.051615,5.001371
10.052025,5.001371
10.052435,5.001371
10.052845,5.001371
10.053255,5.001371
10.053665,5.001371
10.054075,5.001371
10.054485,5.001371
10.054895,5.001371
10.055305,5.001371
10.055715,5.001371
10.056125,5.001371
10.056535,5.001371
10.056945,5.001371
10.057355,5.001371
10.057765,5.001371
10.058175,5.001371
10.058585,5.001371
10.058995,5.001371
10.059405,5.001371
10.059815,5.001371
10.060225,5.001371
10.060635,5.001371
10.061045,5.001371
10.061455,5.001371
10.061865,5.001371
10.062275,5.001371
10.062685,5.001371
10.063095,5.001371
10.063505,5.001371
10.063915,5.001371
10.064325,5.001371
10.064735,5.001371
10.065146,5.001371
10.065556,5.001371
10.065966,5.001371
10.066376,5.001371
10.066786,5.001371
10.067196,5.001371
10.067606,5.001371
10.068016,5.001371
10.068426,5.001371
10.068836,5.001371
10.069246,5.001371
10.069656,5.001371
10.070066,5.001371
10.070476,5.001371
10.070886,5.001371
10.071296,5.001371
10.071706,5.001371
10.072116,5.001371
10.072526,5.001371
10.072936,5.001371
10.073346,5.001371
10.073756,5.001371
10.074166,5.001371
10.074576,5.001371
10.074986,5.001371
10.075396,5.001371
10.075806,5.001371
10.076216,5.001371
10.076626,5.001371
10.077036,5.001371
10.077446,5.001371
10.077856,5.001371
10.078266,5.001371
10.078676,5.001371
10.079086,5.001371
10.079496,5.001371
10.079906,5.001371
10.080316,5.001371
10.080726,5.001371
10.081136,5.001371
10.081546,5.001371
10.081956,5.001371
10.082366,5.001371
10.082776,5.001371
10.083186,5.001371
10.083596,5.001371
10.084006,5.001371
10.084416,5.001371
10.084826,5.001371
10.085236,5.001371
10.085646,5.001371
10.086056,5.001371
10.086466,5.001371
10.086876,5.001371
10.087286,5.001371
10.087696,5.001371
10.088106,5.001371
10.088516,5.001371
10.088926,5.001371
10.089336,5.001371
10.089746,5.001371
10.090156,5.001371
10.090566,5.001371
10.090976,5.001371
10.091386,5.001371
10.091796,5.001371
10.092206,5.001371
10.092616,5.001371
10.093026,5.001371
10.093436,5.001371
10.093846,5.001371
10.094256,5.001371
10.094666,5.001371
10.095077,5.001371
10.095487,5.001371
10.095897,5.001371
10.096307,5.001371
10.096717,5.001371
10.097127,5.001371
10.097537,5.001371
10.097947,5.001371
10.098357,5.001371
10.098767,5.001371
10.099177,5.001371
10.099587,5.001371
10.099997,5.001371
10.100407,5.001371
10.100817,5.001371
10.101227,5.001371
10.101637,5.001371
10.102047,5.001371
10.102457,5.001371
10.102867,5.001371
10.103277,5.001371
10.103687,5.001371
10.104097,5.001371
10.104507,5.001371
10.104917,5.001371
10.105327,5.001371
10.105737,5.001371
10.106147,5.001371
10.106557,5.001371
10.106967,5.001371
10.107377,5.001371
10.107787,5.001371
10.108197,5.001371
10.108607,5.001371
10.109017,5.001371
10.109427,5.001371
10.109837,5.001371
10.110247,5.001371
10.110657,5.001371
10.111067,5.001371
10.111477,5.001371
10.111887,5.001371
10.112297,5.001371
10.112707,5.001371
10.113117,5.001371
10.113527,5.001371
10.113937,5.001371
10.114347,5.001371
10.114757,5.001371
10.115167,5.001371
10.115577,5.001371
10.115987,5.001371
10.116397,5.001371
10.116807,5.001371
10.117217,5.001371
10.117627,5.001371
10.118037,5.001371
10.118447,5.001371
10.118857,5.001371
10.119267,5.001371
10.119677,5.001371
10.120087,5.001371
10.120497,5.001371
10.120907,5.001371
10.121317,5.001371
10.121727,5.001371
10.122137,5.001371
10.122547,5.001371
10.122957,5.001371
10.123367,5.001371
10.123777,5.001371
10.124187,5.001371
10.124597,5.001371
10.125008,5.001371
10.125418,5.001371
10.125828,5.001371
10.126238,5.001371
10.126648,5.001371
10.127058,5.001371
10.127468,5.001371
10.127878,5.001371
10.128288,5.001371
10.128698,5.001371
10.129108,5.001371
10.129518,5.001371
10.129928,5.001371
10.130338,5.001371
10.130748,5.001371
10.131158,5.001371
10.131568,5.001371
10.131978,5.001371
10.132388,5.001371
10.132798,5.001371
10.133208,5.001371
10.133618,5.001371
10.134028,5.001371
10.134438,5.001371
10.134848,5.001371
10.135258,5.001371
10.135668,5.001371
10.136078,5.001371
10.136488,5.001371
10.136898,5.001371
10.137308,5.001371
10.137718,5.001371
10.138128,5.001371
10.138538,5.001371
10.138948,5.001371
10.139358,5.001371
10.139768,5.001371
10.140178,5.001371
10.140588,5.001371
10.140998,5.001371
10.141408,5.001371
10.141818,5.001371
10.142228,5.001371
10.142638,5.001371
10.143048,5.001371
10.143458,5.001371
10.143868,5.001371
10.144278,5.001371
10.144688,5.001371
10.145098,5.001371
10.145508,5.001371
10.145918,5.001371
10.146328,5.001371
10.146738,5.001371
10.147148,5.001371
10.147558,5.001371
10.147968,5.001371
10.148378,5.001371
10.148788,5.001371
10.149198,5.001371
10.149608,5.001371
10.150018,5.001371
10.150428,5.001371
10.150838,5.001371
10.151248,5.001371
10.151658,5.001371
10.152068,5.001371
10.152478,5.001371
10.152888,5.001371
10.153298,5.001371
10.153708,5.001371
10.154118,5.001371
10.154528,5.001371
10.154938,5.001371
10.155349,5.001371
10.155759,5.001371
10.156169,5.001371
10.156579,5.001371
10.156989,5.001371
10.157399,5.001371
10.157809,5.001371
10.158219,5.001371
10.158629,5.001371
10.159039,5.001371
10.159449,5.001371
10.159859,5.001371
10.160269,5.001371
10.160679,5.001371
10.161089,5.001371
10.161499,5.001371
10.161909,5.001371
10.162319,5.001371
10.162729,5.001371
10.163139,5.001371
10.163549,5.001371
10.163959,5.001371
10.164369,5.001371
10.164779,5.001371
10.165189,5.001371
10.165599,5.001371
10.166009,5.001371
10.166419,5.001371
10.166829,5.001371
10.167239,5.001371
10.167649,5.001371
10.168059,5.001371
10.168469,5.001371
10.168879,5.001371
10.169289,5.001371
10.169699,5.001371
10.170109,5.001371
10.170519,5.001371
10.170929,5.001371
10.171339,5.001371
10.171749,5.001371
10.172159,5.001371
10.172569,5.001371
10.172979,5.001371
10.173389,5.001371
10.173799,5.001371
10.174209,5.001371
10.174619,5.001371
10.175029,5.001371
10.175439,5.001371
10.175849,5.001371
10.176259,5.001371
10.176669,5.001371
10.177079,5.001371
10.177489,5.001371
10.177899,5.001371
10.178309,5.001371
10.178719,5.001371
10.179129,5.001371
10.179539,5.001371
10.179949,5.001371
10.180359,5.001371
10.180769,5.001371
10.181179,5.001371
10.181589,5.001371
10.181999,5.001371
10.182409,5.001371
10.182819,5.001371
10.183229,5.001371
10.183639,5.001371
10.184049,5.001371
10.184459,5.001371
10.184869,5.001371
10.185280,5.001371
10.185690,5.001371
10.186100,5.001371
10.186510,5.001371
10.186920,5.001371
10.187330,5.001371
10.187740,5.001371
10.188150,5.001371
10.188560,5.001371
10.188970,5.001371
10.189380,5.001371
10.189790,5.001371
10.190200,5.001371
10.190610,5.001371
10.191020,5.001371
10.191430,5.001371
10.191840,5.001371
10.192250,5.001371
10.192660,5.001371
10.193070,5.001371
10.193480,5.001371
10.193890,5.001371
10.194300,5.001371
10.194710,5.001371
10.195120,5.001371
10.195530,5.001371
10.195940,5.001371
10.196350,5.001371
10.196760,5.001371
10.197170,5.001371
10.197580,5.001371
10.197990,5.001371
10.198400,5.001371
10.198810,5.001371
10.199220,5.001371
10.199630,5.001371
10.200040,5.001371
10.200450,5.001371
10.200860,5.001371
10.201270,5.001371
10.201680,5.001371
10.202090,5.001371
10.202500,5.001371
10.202910,5.001371
10.203320,5.001371
10.203730,5.001371
10.204140,5.001371
10.204550,5.001371
10.204960,5.001371
10.205370,5.001371
10.205780,5.001371
10.206190,5.001371
10.206600,5.001371
10.207010,5.001371
10.207420,5.001371
10.207830,5.001371
10.208240,5.001371
10.208650,5.001371
10.209060,5.001371
10.209470,5.001371
10.209880,5.001371
10.210290,5.001371
10.210700,5.001371
10.211110,5.001371
10.211520,5.001371
10.211930,5.001371
10.212340,5.001371
10.212750,5.001371
10.213160,5.001371
10.213570,5.001371
10.213980,5.001371
10.214390,5.001371
10.214800,5.001371
10.215211,5.001371
10.215621,5.001371
10.216031,5.001371
10.216441,5.001371
10.216851,5.001371
10.217261,5.001371
10.217671,5.001371
10.218081,5.001371
10.218491,5.001371
10.218901,5.001371
10.219311,5.001371
10.219721,5.001371
10.220131,5.001371
10.220541,5.001371
10.220951,5.001371
10.221361,5.001371
10.221771,5.001371
10.222181,5.001371
10.222591,5.001371
10.223001,5.001371
10.223411,5.001371
10.223821,5.001371
10.224231,5.001371
10.224641,5.001371
10.225051,5.001371
10.225461,5.001371
10.225871,5.001371
10.226281,5.001371
10.226691,5.001371
10.227101,5.001371
10.227511,5.001371
10.227921,5.001371
10.228331,5.001371
10.228741,5.001371
10.229151,5.001371
10.229561,5.001371
10.229971,5.001371
10.230381,5.001371
10.230791,5.001371
10.231201,5.001371
10.231611,5.001371
10.232021,5.001371
10.232431,5.001371
10.232841,5.001371
10.233251,5.001371
10.233661,5.001371
10.234071,5.001371
10.234481,5.001371
10.234891,5.001371
10.235301,5.001371
10.235711,5.001371
10.236121,5.001371
10.236531,5.001371
10.236941,5.001371
10.237351,5.001371
10.237761,5.001371
10.238171,5.001371
10.238581,5.001371
10.238991,5.001371
10.239401,5.001371
10.239811,5.001371
10.240221,5.001371
10.240631,5.001371
10.241041,5.001371
10.241451,5.001371
10.241861,5.001371
10.242271,5.001371
10.242681,5.001371
10.243091,5.001371
10.243501,5.001371
10.243911,5.001371
10.244321,5.001371
10.244731,5.001371
10.245142,5.001371
10.245552,5.001371
10.245962,5.001371
10.246372,5.001371
10.246782,5.001371
10.247192,5.001371
10.247602,5.001371
10.248012,5.001371
10.248422,5.001371
10.248832,5.001371
10.249242,5.001371
10.249652,5.001371
10.250062,5.001371
10.250472,5.001371
10.250882,5.001371
10.251292,5.001371
10.251702,5.001371
10.252112,5.001371
10.252522,5.001371
10.252932,5.001371
10.253342,5.001371
10.253752,5.001371
10.254162,5.001371
10.254572,5.001371
10.254982,5.001371
10.255392,5.001371
10.255802,5.001371
10.256212,5.001371
10.256622,5.001371
10.257032,5.001371
10.257442,5.001371
10.257852,5.001371
10.258262,5.001371
10.258672,5.001371
10.259082,5.001371
10.259492,5.001371
10.259902,5.001371
10.260312,5.001371
10.260722,5.001371
10.261132,5.001371
10.261542,5.001371
10.261952,5.001371
10.262362,5.001371
10.262772,5.001371
10.263182,5.001371
10.263592,5.001371
10.264002,5.001371
10.264412,5.001371
10.264822,5.001371
10.265232,5.001371
10.265642,5.001371
10.266052,5.001371
10.266462,5.001371
10.266872,5.001371
10.267282,5.001371
10.267692,5.001371
10.268102,5.001371
10.268512,5.001371
10.268922,5.001371
10.269332,5.001371
10.269742,5.001371
10.270152,5.001371
10.270562,5.001371
10.270972,5.001371
10.271382,5.001371
10.271792,5.001371
10.272202,5.001371
10.272612,5.001371
10.273022,5.001371
10.273432,5.001371
10.273842,5.001371
10.274252,5.001371
10.274662,5.001371
10.275073,5.001371
10.275483,5.001371
10.275893,5.001371
10.276303,5.001371
10.276713,5.001371
10.277123,5.001371
10.277533,5.001371
10.277943,5.001371
10.278353,5.001371
10.278763,5.001371
10.279173,5.001371
10.279583,5.001371
10.279993,5.001371
10.280403,5.001371
10.280813,5.001371
10.281223,5.001371
10.281633,5.001371
10.282043,5.001371
10.282453,5.001371
10.282863,5.001371
10.283273,5.001371
10.283683,5.001371
10.284093,5.001371
10.284503,5.001371
10.284913,5.001371
10.285323,5.001371
10.285733,5.001371
10.286143,5.001371
10.286553,5.001371
10.286963,5.001371
10.287373,5.001371
10.287783,5.001371
10.288193,5.001371
10.288603,5.001371
10.289013,5.001371
10.289423,5.001371
10.289833,5.001371
10.290243,5.001371
10.290653,5.001371
10.291063,5.001371
10.291473,5.001371
10.291883,5.001371
10.292293,5.001371
10.292703,5.001371
10.293113,5.001371
10.293523,5.001371
10.293933,5.001371
10.294343,5.001371
10.294753,5.001371
10.295163,5.001371
10.295573,5.001371
10.295983,5.001371
10.296393,5.001371
10.296803,5.001371
10.297213,5.001371
10.297623,5.001371
10.298033,5.001371
10.298443,5.001371
10.298853,5.001371
10.299263,5.001371
10.299673,5.001371
10.300083,5.001371
10.300493,5.001371
10.300903,5.001371
10.301313,5.001371
10.301723,5.001371
10.302133,5.001371
10.302543,5.001371
10.302953,5.001371
10.303363,5.001371
10.303773,5.001371
10.304183,5.001371
10.304593,5.001371
10.305004,5.001371
10.305414,5.001371
10.305824,5.001371
10.306234,5.001371
10.306644,5.001371
10.307054,5.001371
10.307464,5.001371
10.307874,5.001371
10.308284,5.001371
10.308694,5.001371
10.309104,5.001371
10.309514,5.001371
10.309924,5.001371
10.310334,5.001371
10.310744,5.001371
10.311154,5.001371
10.311564,5.001371
10.311974,5.001371
10.312384,5.001371
10.312794,5.001371
10.313204,5.001371
10.313614,5.001371
10.314024,5.001371
10.314434,5.001371
10.314844,5.001371
10.315254,5.001371
10.315664,5.001371
10.316074,5.001371
10.316484,5.001371
10.316894,5.001371
10.317304,5.001371
10.317714,5.001371
10.318124,5.001371
10.318534,5.001371
10.318944,5.001371
10.319354,5.001371
10.319764,5.001371
10.320174,5.001371
10.320584,5.001371
10.320994,5.001371
10.321404,5.001371
10.321814,5.001371
10.322224,5.001371
10.322634,5.001371
10.323044,5.001371
10.323454,5.001371
10.323864,5.001371
10.324274,5.001371
10.324684,5.001371
10.325094,5.001371
10.325504,5.001371
10.325914,5.001371
10.326324,5.001371
10.326734,5.001371
10.327144,5.001371
10.327554,5.001371
10.327964,5.001371
10.328374,5.001371
10.328784,5.001371
10.329194,5.001371
10.329604,5.001371
10.330014,5.001371
10.330424,5.001371
10.330834,5.001371
10.331244,5.001371
10.331654,5.001371
10.332064,5.001371
10.332474,5.001371
10.332884,5.001371
10.333294,5.001371
10.333704,5.001371
10.334114,5.001371
10.334524,5.001371
10.334934,5.001371
10.335345,5.001371
10.335755,5.001371
10.336165,5.001371
10.336575,5.001371
10.336985,5.001371
10.337395,5.001371
10.337805,5.001371
10.338215,5.001371
10.338625,5.001371
10.339035,5.001371
10.339445,5.001371
10.339855,5.001371
10.340265,5.001371
10.340675,5.001371
10.341085,5.001371
10.341495,5.001371
10.341905,5.001371
10.342315,5.001371
10.342725,5.001371
10.343135,5.001371
10.343545,5.001371
10.343955,5.001371
10.344365,5.001371
10.344775,5.001371
10.345185,5.001371
10.345595,5.001371
10.346005,5.001371
10.346415,5.001371
10.346825,5.001371
10.347235,5.001371
10.347645,5.001371
10.348055,5.001371
10.348465,5.001371
10.348875,5.001371
10.349285,5.001371
10.349695,5.001371
10.350105,5.001371
10.350515,5.001371
10.350925,5.001371
10.351335,5.001371
10.351745,5.001371
10.352155,5.001371
10.352565,5.001371
10.352975,5.001371
10.353385,5.001371
10.353795,5.001371
10.354205,5.001371
10.354615,5.001371
10.355025,5.001371
10.355435,5.001371
10.355845,5.001371
10.356255,5.001371
10.356665,5.001371
10.357075,5.001371
10.357485,5.001371
10.357895,5.001371
10.358305,5.001371
10.358715,5.001371
10.359125,5.001371
10.359535,5.001371
10.359945,5.001371
10.360355,5.001371
10.360765,5.001371
10.361175,5.001371
10.361585,5.001371
10.361995,5.001371
10.362405,5.001371
10.362815,5.001371
10.363225,5.001371
10.363635,5.001371
10.364045,5.001371
10.364455,5.001371
10.364865,5.001371
10.365276,5.001371
10.365686,5.001371
10.366096,5.001371
10.366506,5.001371
10.366916,5.001371
10.367326,5.001371
10.367736,5.001371
10.368146,5.001371
10.368556,5.001371
10.368966,5.001371
10.369376,5.001371
10.369786,5.001371
10.370196,5.001371
10.370606,5.001371
10.371016,5.001371
10.371426,5.001371
10.371836,5.001371
10.372246,5.001371
10.372656,5.001371
10.373066,5.001371
10.373476,5.001371
10.373886,5.001371
10.374296,5.001371
10.374706,5.001371
10.375116,5.001371
10.375526,5.001371
10.375936,5.001371
10.376346,5.001371
10.376756,5.001371
10.377166,5.001371
10.377576,5.001371
10.377986,5.001371
10.378396,5.001371
10.378806,5.001371
10.379216,5.001371
10.379626,5.001371
10.380036,5.001371
10.380446,5.001371
10.380856,5.001371
10.381266,5.001371
10.381676,5.001371
10.382086,5.001371
10.382496,5.001371
10.382906,5.001371
10.383316,5.001371
10.383726,5.001371
10.384136,5.001371
10.384546,5.001371
10.384956,5.001371
10.385366,5.001371
10.385776,5.001371
10.386186,5.001371
10.386596,5.001371
10.387006,5.001371
10.387416,5.001371
10.387826,5.001371
10.388236,5.001371
10.388646,5.001371
10.389056,5.001371
10.389466,5.001371
10.389876,5.001371
10.390286,5.001371
10.390696,5.001371
10.391106,5.001371
10.391516,5.001371
10.391926,5.001371
10.392336,5.001371
10.392746,5.001371
10.393156,5.001371
10.393566,5.001371
10.393976,5.001371
10.394386,5.001371
10.394796,5.001371
10.395207,5.001371
10.395617,5.001371
10.396027,5.001371
10.396437,5.001371
10.396847,5.001371
10.397257,5.001371
10.397667,5.001371
10.398077,5.001371
10.398487,5.001371
10.398897,5.001371
10.399307,5.001371
10.399717,5.001371
10.400127,5.001371
10.400537,5.001371
10.400947,5.001371
10.401357,5.001371
10.401767,5.001371
10.402177,5.001371
10.402587,5.001371
10.402997,5.001371
10.403407,5.001371
10.403817,5.001371
10.404227,5.001371
10.404637,5.001371
10.405047,5.001371
10.405457,5.001371
10.405867,5.001371
10.406277,5.001371
10.406687,5.001371
10.407097,5.001371
10.407507,5.001371
10.407917,5.001371
10.408327,5.001371
10.408737,5.001371
10.409147,5.001371
10.409557,5.001371
10.409967,5.001371
10.410377,5.001371
10.410787,5.001371
10.411197,5.001371
10.411607,5.001371
10.412017,5.001371
10.412427,5.001371
10.412837,5.001371
10.413247,5.001371
10.413657,5.001371
10.414067,5.001371
10.414477,5.001371
10.414887,5.001371
10.415297,5.001371
10.415707,5.001371
10.416117,5.001371
10.416527,5.001371
10.416937,5.001371
10.417347,5.001371
10.417757,5.001371
10.418167,5.001371
10.418577,5.001371
10.418987,5.001371
10.419397,5.001371
10.419807,5.001371
10.420217,5.001371
10.420627,5.001371
10.421037,5.001371
10.421447,5.001371
10.421857,5.001371
10.422267,5.001371
10.422677,5.001371
10.423087,5.001371
10.423497,5.001371
10.423907,5.001371
10.424317,5.001371
10.424727,5.001371
10.425138,5.001371
10.425548,5.001371
10.425958,5.001371
10.426368,5.001371
10.426778,5.001371
10.427188,5.001371
10.427598,5.001371
10.428008,5.001371
10.428418,5.001371
10.428828,5.001371
10.429238,5.001371
10.429648,5.001371
10.430058,5.001371
10.430468,5.001371
10.430878,5.001371
10.431288,5.001371
10.431698,5.001371
10.432108,5.001371
10.432518,5.001371
10.432928,5.001371
10.433338,5.001371
10.433748,5.001371
10.434158,5.001371
10.434568,5.001371
10.434978,5.001371
10.435388,5.001371
10.435798,5.001371
10.436208,5.001371
10.436618,5.001371
10.437028,5.001371
10.437438,5.001371
10.437848,5.001371
10.438258,5.001371
10.438668,5.001371
10.439078,5.001371
10.439488,5.001371
10.439898,5.001371
10.440308,5.001371
10.440718,5.001371
10.441128,5.001371
10.441538,5.001371
10.441948,5.001371
10.442358,5.001371
10.442768,5.001371
10.443178,5.001371
10.443588,5.001371
10.443998,5.001371
10.444408,5.001371
10.444818,5.001371
10.445228,5.001371
10.445638,5.001371
10.446048,5.001371
10.446458,5.001371
10.446868,5.001371
10.447278,5.001371
10.447688,5.001371
10.448098,5.001371
10.448508,5.001371
10.448918,5.001371
10.449328,5.001371
10.449738,5.001371
10.450148,5.001371
10.450558,5.001371
10.450968,5.001371
10.451378,5.001371
10.451788,5.001371
10.452198,5.001371
10.452608,5.001371
10.453018,5.001371
10.453428,5.001371
10.453838,5.001371
10.454248,5.001371
10.454658,5.001371
10.455069,5.001371
10.455479,5.001371
10.455889,5.001371
10.456299,5.001371
10.456709,5.001371
10.457119,5.001371
10.457529,5.001371
10.457939,5.001371
10.458349,5.001371
10.458759,5.001371
10.459169,5.001371
10.459579,5.001371
10.459989,5.001371
10.460399,5.001371
10.460809,5.001371
10.461219,5.001371
10.461629,5.001371
10.462039,5.001371
10.462449,5.001371
10.462859,5.001371
10.463269,5.001371
10.463679,5.001371
10.464089,5.001371
10.464499,5.001371
10.464909,5.001371
10.465319,5.001371
10.465729,5.001371
10.466139,5.001371
10.466549,5.001371
10.466959,5.001371
10.467369,5.001371
10.467779,5.001371
10.468189,5.001371
10.468599,5.001371
10.469009,5.001371
10.469419,5.001371
10.469829,5.001371
10.470239,5.001371
10.470649,5.001371
10.471059,5.001371
10.471469,5.001371
10.471879,5.001371
10.472289,5.001371
10.472699,5.001371
10.473109,5.001371
10.473519,5.001371
10.473929,5.001371
10.474339,5.001371
10.474749,5.001371
10.475159,5.001371
10.475569,5.001371
10.475979,5.001371
10.476389,5.001371
10.476799,5.001371
10.477209,5.001371
10.477619,5.001371
10.478029,5.001371
10.478439,5.001371
10.478849,5.001371
10.479259,5.001371
10.479669,5.001371
10.480079,5.001371
10.480489,5.001371
10.480899,5.001371
10.481309,5.001371
10.481719,5.001371
10.482129,5.001371
10.482539,5.001371
10.482949,5.001371
10.483359,5.001371
10.483769,5.001371
10.484179,5.001371
10.484589,5.001371
10.484999,5.001371
10.485410,5.001371
10.485820,5.001371
10.486230,5.001371
10.486640,5.001371
10.487050,5.001371
10.487460,5.001371
10.487870,5.001371
10.488280,5.001371
10.488690,5.001371
10.489100,5.001371
10.489510,5.001371
10.489920,5.001371
10.490330,5.001371
10.490740,5.001371
10.491150,5.001371
10.491560,5.001371
10.491970,5.001371
10.492380,5.001371
10.492790,5.001371
10.493200,5.001371
10.493610,5.001371
10.494020,5.001371
10.494430,5.001371
10.494840,5.001371
10.495250,5.001371
10.495660,5.001371
10.496070,5.001371
10.496480,5.001371
10.496890,5.001371
10.497300,5.001371
10.497710,5.001371
10.498120,5.001371
10.498530,5.001371
10.498940,5.001371
10.499350,5.001371
10.499760,5.001371
10.500170,5.001371
10.500580,5.001371
10.500990,5.001371
10.501400,5.001371
10.501810,5.001371
10.502220,5.001371
10.502630,5.001371
10.503040,5.001371
10.503450,5.001371
10.503860,5.001371
10.504270,5.001371
10.504680,5.001371
10.505090,5.001371
10.505500,5.001371
10.505910,5.001371
10.506320,5.001371
10.506730,5.001371
10.507140,5.001371
10.507550,5.001371
10.507960,5.001371
10.508370,5.001371
10.508780,5.001371
10.509190,5.001371
10.509600,5.001371
10.510010,5.001371
10.510420,5.001371
10.510830,5.001371
10.511240,5.001371
10.511650,5.001371
10.512060,5.001371
10.512470,5.001371
10.512880,5.001371
10.513290,5.001371
10.513700,5.001371
10.514110,5.001371
10.514520,5.001371
10.514930,5.001371
10.515341,5.001371
10.515751,5.001371
10.516161,5.001371
10.516571,5.001371
10.516981,5.001371
10.517391,5.001371
10.517801,5.001371
10.518211,5.001371
10.518621,5.001371
10.519031,5.001371
10.519441,5.001371
10.519851,5.001371
10.520261,5.001371
10.520671,5.001371
10.521081,5.001371
10.521491,5.001371
10.521901,5.001371
10.522311,5.001371
10.522721,5.001371
10.523131,5.001371
10.523541,5.001371
10.523951,5.001371
10.524361,5.001371
10.524771,5.001371
10.525181,5.001371
10.525591,5.001371
10.526001,5.001371
10.526411,5.001371
10.526821,5.001371
10.527231,5.001371
10.527641,5.001371
10.528051,5.001371
10.528461,5.001371
10.528871,5.001371
10.529281,5.001371
10.529691,5.001371
10.530101,5.001371
10.530511,5.001371
10.530921,5.001371
10.531331,5.001371
10.531741,5.001371
10.532151,5.001371
10.532561,5.001371
10.532971,5.001371
10.533381,5.001371
10.533791,5.001371
10.534201,5.001371
10.534611,5.001371
10.535021,5.001371
10.535431,5.001371
10.535841,5.001371
10.536251,5.001371
10.536661,5.001371
10.537071,5.001371
10.537481,5.001371
10.537891,5.001371
10.538301,5.001371
10.538711,5.001371
10.539121,5.001371
10.539531,5.001371
10.539941,5.001371
10.540351,5.001371
10.540761,5.001371
10.541171,5.001371
10.541581,5.001371
10.541991,5.001371
10.542401,5.001371
10.542811,5.001371
10.543221,5.001371
10.543631,5.001371
10.544041,5.001371
10.544451,5.001371
10.544861,5.001371
10.545272,5.001371
10.545682,5.001371
10.546092,5.001371
10.546502,5.001371
10.546912,5.001371
10.547322,5.001371
10.547732,5.001371
10.548142,5.001371
10.548552,5.001371
10.548962,5.001371
10.549372,5.001371
10.549782,5.001371
10.550192,5.001371
10.550602,5.001371
10.551012,5.001371
10.551422,5.001371
10.551832,5.001371
10.552242,5.001371
10.552652,5.001371
10.553062,5.001371
10.553472,5.001371
10.553882,5.001371
10.554292,5.001371
10.554702,5.001371
10.555112,5.001371
10.555522,5.001371
10.555932,5.001371
10.556342,5.001371
10.556752,5.001371
10.557162,5.001371
10.557572,5.001371
10.557982,5.001371
10.558392,5.001371
10.558802,5.001371
10.559212,5.001371
10.559622,5.001371
10.560032,5.001371
10.560442,5.001371
10.560852,5.001371
10.561262,5.001371
10.561672,5.001371
10.562082,5.001371
10.562492,5.001371
10.562902,5.001371
10.563312,5.001371
10.563722,5.001371
10.564132,5.001371
10.564542,5.001371
10.564952,5.001371
10.565362,5.001371
10.565772,5.001371
10.566182,5.001371
10.566592,5.001371
10.567002,5.001371
10.567412,5.001371
10.567822,5.001371
10.568232,5.001371
10.568642,5.001371
10.569052,5.001371
10.569462,5.001371
10.569872,5.001371
10.570282,5.001371
10.570692,5.001371
10.571102,5.001371
10.571512,5.001371
10.571922,5.001371
10.572332,5.001371
10.572742,5.001371
10.573152,5.001371
10.573562,5.001371
10.573972,5.001371
10.574382,5.001371
10.574792,5.001371
10.575203,5.001371
10.575613,5.001371
10.576023,5.001371
10.576433,5.001371
10.576843,5.001371
10.577253,5.001371
10.577663,5.001371
10.578073,5.001371
10.578483,5.001371
10.578893,5.001371
10.579303,5.001371
10.579713,5.001371
10.580123,5.001371
10.580533,5.001371
10.580943,5.001371
10.581353,5.001371
10.581763,5.001371
10.582173,5.001371
10.582583,5.001371
10.582993,5.001371
10.583403,5.001371
10.583813,5.001371
10.584223,5.001371
10.584633,5.001371
10.585043,5.001371
10.585453,5.001371
10.585863,5.001371
10.586273,5.001371
10.586683,5.001371
10.587093,5.001371
10.587503,5.001371
10.587913,5.001371
10.588323,5.001371
10.588733,5.001371
10.589143,5.001371
10.589553,5.001371
10.589963,5.001371
10.590373,5.001371
10.590783,5.001371
10.591193,5.001371
10.591603,5.001371
10.592013,5.001371
10.592423,5.001371
10.592833,5.001371
10.593243,5.001371
10.593653,5.001371
10.594063,5.001371
10.594473,5.001371
10.594883,5.001371
10.595293,5.001371
10.595703,5.001371
10.596113,5.001371
10.596523,5.001371
10.596933,5.001371
10.597343,5.001371
10.597753,5.001371
10.598163,5.001371
10.598573,5.001371
10.598983,5.001371
10.599393,5.001371
10.599803,5.001371
10.600213,5.001371
10.600623,5.001371
10.601033,5.001371
10.601443,5.001371
10.601853,5.001371
10.602263,5.001371
10.602673,5.001371
10.603083,5.001371
10.603493,5.001371
10.603903,5.001371
10.604313,5.001371
10.604723,5.001371
10.605134,5.001371
10.605544,5.001371
10.605954,5.001371
10.606364,5.001371
10.606774,5.001371
10.607184,5.001371
10.607594,5.001371
10.608004,5.001371
10.608414,5.001371
10.608824,5.001371
10.609234,5.001371
10.609644,5.001371
10.610054,5.001371
10.610464,5.001371
10.610874,5.001371
10.611284,5.001371
10.611694,5.001371
10.612104,5.001371
10.612514,5.001371
10.612924,5.001371
10.613334,5.001371
10.613744,5.001371
10.614154,5.001371
10.614564,5.001371
10.614974,5.001371
10.615384,5.001371
10.615794,5.001371
10.616204,5.001371
10.616614,5.001371
10.617024,5.001371
10.617434,5.001371
10.617844,5.001371
10.618254,5.001371
10.618664,5.001371
10.619074,5.001371
10.619484,5.001371
10.619894,5.001371
10.620304,5.001371
10.620714,5.001371
10.621124,5.001371
10.621534,5.001371
10.621944,5.001371
10.622354,5.001371
10.622764,5.001371
10.623174,5.001371
10.623584,5.001371
10.623994,5.001371
10.624404,5.001371
10.624814,5.001371
10.625224,5.001371
10.625634,5.001371
10.626044,5.001371
10.626454,5.001371
10.626864,5.001371
10.627274,5.001371
10.627684,5.001371
10.628094,5.001371
10.628504,5.001371
10.628914,5.001371
10.629324,5.001371
10.629734,5.001371
10.630144,5.001371
10.630554,5.001371
10.630964,5.001371
10.631374,5.001371
10.631784,5.001371
10.632194,5.001371
10.632604,5.001371
10.633014,5.001371
10.633424,5.001371
10.633834,5.001371
10.634244,5.001371
10.634654,5.001371
10.635065,5.001371
10.635475,5.001371
10.635885,5.001371
10.636295,5.001371
10.636705,5.001371
10.637115,5.001371
10.637525,5.001371
10.637935,5.001371
10.638345,5.001371
10.638755,5.001371
10.639165,5.001371
10.639575,5.001371
10.639985,5.001371
10.640395,5.001371
10.640805,5.001371
10.641215,5.001371
10.641625,5.001371
10.642035,5.001371
10.642445,5.001371
10.642855,5.001371
10.643265,5.001371
10.643675,5.001371
10.644085,5.001371
10.644495,5.001371
10.644905,5.001371
10.645315,5.001371
10.645725,5.001371
10.646135,5.001371
10.646545,5.001371
10.646955,5.001371
10.647365,5.001371
10.647775,5.001371
10.648185,5.001371
10.648595,5.001371
10.649005,5.001371
10.649415,5.001371
10.649825,5.001371
10.650235,5.001371
10.650645,5.001371
10.651055,5.001371
10.651465,5.001371
10.651875,5.001371
10.652285,5.001371
10.652695,5.001371
10.653105,5.001371
10.653515,5.001371
10.653925,5.001371
10.654335,5.001371
10.654745,5.001371
10.655155,5.001371
10.655565,5.001371
10.655975,5.001371
10.656385,5.001371
10.656795,5.001371
10.657205,5.001371
10.657615,5.001371
10.658025,5.001371
10.658435,5.001371
10.658845,5.001371
10.659255,5.001371
10.659665,5.001371
10.660075,5.001371
10.660485,5.001371
10.660895,5.001371
10.661305,5.001371
10.661715,5.001371
10.662125,5.001371
10.662535,5.001371
10.662945,5.001371
10.663355,5.001371
10.663765,5.001371
10.664175,5.001371
10.664585,5.001371
10.664995,5.001371
10.665406,5.001371
10.665816,5.001371
10.666226,5.001371
10.666636,5.001371
10.667046,5.001371
10.667456,5.001371
10.667866,5.001371
10.668276,5.001371
10.668686,5.001371
10.669096,5.001371
10.669506,5.001371
10.669916,5.001371
10.670326,5.001371
10.670736,5.001371
10.671146,5.001371
10.671556,5.001371
10.671966,5.001371
10.672376,5.001371
10.672786,5.001371
10.673196,5.001371
10.673606,5.001371
10.674016,5.001371
10.674426,5.001371
10.674836,5.001371
10.675246,5.001371
10.675656,5.001371
10.676066,5.001371
10.676476,5.001371
10.676886,5.001371
10.677296,5.001371
10.677706,5.001371
10.678116,5.001371
10.678526,5.001371
10.678936,5.001371
10.679346,5.001371
10.679756,5.001371
10.680166,5.001371
10.680576,5.001371
10.680986,5.001371
10.681396,5.001371
10.681806,5.001371
10.682216,5.001371
10.682626,5.001371
10.683036,5.001371
10.683446,5.001371
10.683856,5.001371
10.684266,5.001371
10.684676,5.001371
10.685086,5.001371
10.685496,5.001371
10.685906,5.001371
10.686316,5.001371
10.686726,5.001371
10.687136,5.001371
10.687546,5.001371
10.687956,5.001371
10.688366,5.001371
10.688776,5.001371
10.689186,5.001371
10.689596,5.001371
10.690006,5.001371
10.690416,5.001371
10.690826,5.001371
10.691236,5.001371
10.691646,5.001371
10.692056,5.001371
10.692466,5.001371
10.692876,5.001371
10.693286,5.001371
10.693696,5.001371
10.694106,5.001371
10.694516,5.001371
10.694926,5.001371
10.695337,5.001371
10.695747,5.001371
10.696157,5.001371
10.696567,5.001371
10.696977,5.001371
10.697387,5.001371
10.697797,5.001371
10.698207,5.001371
10.698617,5.001371
10.699027,5.001371
10.699437,5.001371
10.699847,5.001371
10.700257,5.001371
10.700667,5.001371
10.701077,5.001371
10.701487,5.001371
10.701897,5.001371
10.702307,5.001371
10.702717,5.001371
10.703127,5.001371
10.703537,5.001371
10.703947,5.001371
10.704357,5.001371
10.704767,5.001371
10.705177,5.001371
10.705587,5.001371
10.705997,5.001371
10.706407,5.001371
10.706817,5.001371
10.707227,5.001371
10.707637,5.001371
10.708047,5.001371
10.708457,5.001371
10.708867,5.001371
10.709277,5.001371
10.709687,5.001371
10.710097,5.001371
10.710507,5.001371
10.710917,5.001371
10.711327,5.001371
10.711737,5.001371
10.712147,5.001371
10.712557,5.001371
10.712967,5.001371
10.713377,5.001371
10.713787,5.001371
10.714197,5.001371
10.714607,5.001371
10.715017,5.001371
10.715427,5.001371
10.715837,5.001371
10.716247,5.001371
10.716657,5.001371
10.717067,5.001371
10.717477,5.001371
10.717887,5.001371
10.718297,5.001371
10.718707,5.001371
10.719117,5.001371
10.719527,5.001371
10.719937,5.001371
10.720347,5.001371
10.720757,5.001371
10.721167,5.001371
10.721577,5.001371
10.721987,5.001371
10.722397,5.001371
10.722807,5.001371
10.723217,5.001371
10.723627,5.001371
10.724037,5.001371
10.724447,5.001371
10.724857,5.001371
10.725268,5.001371
10.725678,5.001371
10.726088,5.001371
10.726498,5.001371
10.726908,5.001371
10.727318,5.001371
10.727728,5.001371
10.728138,5.001371
10.728548,5.001371
10.728958,5.001371
10.729368,5.001371
10.729778,5.001371
10.730188,5.001371
10.730598,5.001371
10.731008,5.001371
10.731418,5.001371
10.731828,5.001371
10.732238,5.001371
10.732648,5.001371
10.733058,5.001371
10.733468,5.001371
10.733878,5.001371
10.734288,5.001371
10.734698,5.001371
10.735108,5.001371
10.735518,5.001371
10.735928,5.001371
10.736338,5.001371
10.736748,5.001371
10.737158,5.001371
10.737568,5.001371
10.737978,5.001371
10.738388,5.001371
10.738798,5.001371
10.739208,5.001371
10.739618,5.001371
10.740028,5.001371
10.740438,5.001371
10.740848,5.001371
10.741258,5.001371
10.741668,5.001371
10.742078,5.001371
10.742488,5.001371
10.742898,5.001371
10.743308,5.001371
10.743718,5.001371
10.744128,5.001371
10.744538,5.001371
10.744948,5.001371
10.745358,5.001371
10.745768,5.001371
10.746178,5.001371
10.746588,5.001371
10.746998,5.001371
10.747408,5.001371
10.747818,5.001371
10.748228,5.001371
10.748638,5.001371
10.749048,5.001371
10.749458,5.001371
10.749868,5.001371
10.750278,5.001371
10.750688,5.001371
10.751098,5.001371
10.751508,5.001371
10.751918,5.001371
10.752328,5.001371
10.752738,5.001371
10.753148,5.001371
10.753558,5.001371
10.753968,5.001371
10.754378,5.001371
10.754788,5.001371
10.755199,5.001371
10.755609,5.001371
10.756019,5.001371
10.756429,5.001371
10.756839,5.001371
10.757249,5.001371
10.757659,5.001371
10.758069,5.001371
10.758479,5.001371
10.758889,5.001371
10.759299,5.001371
10.759709,5.001371
10.760119,5.001371
10.760529,5.001371
10.760939,5.001371
10.761349,5.001371
10.761759,5.001371
10.762169,5.001371
10.762579,5.001371
10.762989,5.001371
10.763399,5.001371
10.763809,5.001371
10.764219,5.001371
10.764629,5.001371
10.765039,5.001371
10.765449,5.001371
10.765859,5.001371
10.766269,5.001371
10.766679,5.001371
10.767089,5.001371
10.767499,5.001371
10.767909,5.001371
10.768319,5.001371
10.768729,5.001371
10.769139,5.001371
10.769549,5.001371
10.769959,5.001371
10.770369,5.001371
10.770779,5.001371
10.771189,5.001371
10.771599,5.001371
10.772009,5.001371
10.772419,5.001371
10.772829,5.001371
10.773239,5.001371
10.773649,5.001371
10.774059,5.001371
10.774469,5.001371
10.774879,5.001371
10.775289,5.001371
10.775699,5.001371
10.776109,5.001371
10.776519,5.001371
10.776929,5.001371
10.777339,5.001371
10.777749,5.001371
10.778159,5.001371
10.778569,5.001371
10.778979,5.001371
10.779389,5.001371
10.779799,5.001371
10.780209,5.001371
10.780619,5.001371
10.781029,5.001371
10.781439,5.001371
10.781849,5.001371
10.782259,5.001371
10.782669,5.001371
10.783079,5.001371
10.783489,5.001371
10.783899,5.001371
10.784309,5.001371
10.784719,5.001371
10.785130,5.001371
10.785540,5.001371
10.785950,5.001371
10.786360,5.001371
10.786770,5.001371
10.787180,5.001371
10.787590,5.001371
10.788000,5.001371
10.788410,5.001371
10.788820,5.001371
10.789230,5.001371
10.789640,5.001371
10.790050,5.001371
10.790460,5.001371
10.790870,5.001371
10.791280,5.001371
10.791690,5.001371
10.792100,5.001371
10.792510,5.001371
10.792920,5.001371
10.793330,5.001371
10.793740,5.001371
10.794150,5.001371
10.794560,5.001371
10.794970,5.001371
10.795380,5.001371
10.795790,5.001371
10.796200,5.001371
10.796610,5.001371
10.797020,5.001371
10.797430,5.001371
10.797840,5.001371
10.798250,5.001371
10.798660,5.001371
10.799070,5.001371
10.799480,5.001371
10.799890,5.001371
10.800300,5.001371
10.800710,5.001371
10.801120,5.001371
10.801530,5.001371
10.801940,5.001371
10.802350,5.001371
10.802760,5.001371
10.803170,5.001371
10.803580,5.001371
10.803990,5.001371
10.804400,5.001371
10.804810,5.001371
10.805220,5.001371
10.805630,5.001371
10.806040,5.001371
10.806450,5.001371
10.806860,5.001371
10.807270,5.001371
10.807680,5.001371
10.808090,5.001371
10.808500,5.001371
10.808910,5.001371
10.809320,5.001371
10.809730,5.001371
10.810140,5.001371
10.810550,5.001371
10.810960,5.001371
10.811370,5.001371
10.811780,5.001371
10.812190,5.001371
10.812600,5.001371
10.813010,5.001371
10.813420,5.001371
10.813830,5.001371
10.814240,5.001371
10.814650,5.001371
10.815061,5.001371
10.815471,5.001371
10.815881,5.001371
10.816291,5.001371
10.816701,5.001371
10.817111,5.001371
10.817521,5.001371
10.817931,5.001371
10.818341,5.001371
10.818751,5.001371
10.819161,5.001371
10.819571,5.001371
10.819981,5.001371
10.820391,5.001371
10.820801,5.001371
10.821211,5.001371
10.821621,5.001371
10.822031,5.001371
10.822441,5.001371
10.822851,5.001371
10.823261,5.001371
10.823671,5.001371
10.824081,5.001371
10.824491,5.001371
10.824901,5.001371
10.825311,5.001371
10.825721,5.001371
10.826131,5.001371
10.826541,5.001371
10.826951,5.001371
10.827361,5.001371
10.827771,5.001371
10.828181,5.001371
10.828591,5.001371
10.829001,5.001371
10.829411,5.001371
10.829821,5.001371
10.830231,5.001371
10.830641,5.001371
10.831051,5.001371
10.831461,5.001371
10.831871,5.001371
10.832281,5.001371
10.832691,5.001371
10.833101,5.001371
10.833511,5.001371
10.833921,5.001371
10.834331,5.001371
10.834741,5.001371
10.835151,5.001371
10.835561,5.001371
10.835971,5.001371
10.836381,5.001371
10.836791,5.001371
10.837201,5.001371
10.837611,5.001371
10.838021,5.001371
10.838431,5.001371
10.838841,5.001371
10.839251,5.001371
10.839661,5.001371
10.840071,5.001371
10.840481,5.001371
10.840891,5.001371
10.841301,5.001371
10.841711,5.001371
10.842121,5.001371
10.842531,5.001371
10.842941,5.001371
10.843351,5.001371
10.843761,5.001371
10.844171,5.001371
10.844581,5.001371
10.844991,5.001371
10.845402,5.001371
10.845812,5.001371
10.846222,5.001371
10.846632,5.001371
10.847042,5.001371
10.847452,5.001371
10.847862,5.001371
10.848272,5.001371
10.848682,5.001371
10.849092,5.001371
10.849502,5.001371
10.849912,5.001371
10.850322,5.001371
10.850732,5.001371
10.851142,5.001371
10.851552,5.001371
10.851962,5.001371
10.852372,5.001371
10.852782,5.001371
10.853192,5.001371
10.853602,5.001371
10.854012,5.001371
10.854422,5.001371
10.854832,5.001371
10.855242,5.001371
10.855652,5.001371
10.856062,5.001371
10.856472,5.001371
10.856882,5.001371
10.857292,5.001371
10.857702,5.001371
10.858112,5.001371
10.858522,5.001371
10.858932,5.001371
10.859342,5.001371
10.859752,5.001371
10.860162,5.001371
10.860572,5.001371
10.860982,5.001371
10.861392,5.001371
10.861802,5.001371
10.862212,5.001371
10.862622,5.001371
10.863032,5.001371
10.863442,5.001371
10.863852,5.001371
10.864262,5.001371
10.864672,5.001371
10.865082,5.001371
10.865492,5.001371
10.865902,5.001371
10.866312,5.001371
10.866722,5.001371
10.867132,5.001371
10.867542,5.001371
10.867952,5.001371
10.868362,5.001371
10.868772,5.001371
10.869182,5.001371
10.869592,5.001371
10.870002,5.001371
10.870412,5.001371
10.870822,5.001371
10.871232,5.001371
10.871642,5.001371
10.872052,5.001371
10.872462,5.001371
10.872872,5.001371
10.873282,5.001371
10.873692,5.001371
10.874102,5.001371
10.874512,5.001371
10.874922,5.001371
10.875333,5.001371
10.875743,5.001371
10.876153,5.001371
10.876563,5.001371
10.876973,5.001371
10.877383,5.001371
10.877793,5.001371
10.878203,5.001371
10.878613,5.001371
10.879023,5.001371
10.879433,5.001371
10.879843,5.001371
10.880253,5.001371
10.880663,5.001371
10.881073,5.001371
10.881483,5.001371
10.881893,5.001371
10.882303,5.001371
10.882713,5.001371
10.883123,5.001371
10.883533,5.001371
10.883943,5.001371
10.884353,5.001371
10.884763,5.001371
10.885173,5.001371
10.885583,5.001371
10.885993,5.001371
10.886403,5.001371
10.886813,5.001371
10.887223,5.001371
10.887633,5.001371
10.888043,5.001371
10.888453,5.001371
10.888863,5.001371
10.889273,5.001371
10.889683,5.001371
10.890093,5.001371
10.890503,5.001371
10.890913,5.001371
10.891323,5.001371
10.891733,5.001371
10.892143,5.001371
10.892553,5.001371
10.892963,5.001371
10.893373,5.001371
10.893783,5.001371
10.894193,5.001371
10.894603,5.001371
10.895013,5.001371
10.895423,5.001371
10.895833,5.001371
10.896243,5.001371
10.896653,5.001371
10.897063,5.001371
10.897473,5.001371
10.897883,5.001371
10.898293,5.001371
10.898703,5.001371
10.899113,5.001371
10.899523,5.001371
10.899933,5.001371
10.900343,5.001371
10.900753,5.001371
10.901163,5.001371
10.901573,5.001371
10.901983,5.001371
10.902393,5.001371
10.902803,5.001371
10.903213,5.001371
10.903623,5.001371
10.904033,5.001371
10.904443,5.001371
10.904853,5.001371
10.905264,5.001371
10.905674,5.001371
10.906084,5.001371
10.906494,5.001371
10.906904,5.001371
10.907314,5.001371
10.907724,5.001371
10.908134,5.001371
10.908544,5.001371
10.908954,5.001371
10.909364,5.001371
10.909774,5.001371
10.910184,5.001371
10.910594,5.001371
10.911004,5.001371
10.911414,5.001371
10.911824,5.001371
10.912234,5.001371
10.912644,5.001371
10.913054,5.001371
10.913464,5.001371
10.913874,5.001371
10.914284,5.001371
10.914694,5.001371
10.915104,5.001371
10.915514,5.001371
10.915924,5.001371
10.916334,5.001371
10.916744,5.001371
10.917154,5.001371
10.917564,5.001371
10.917974,5.001371
10.918384,5.001371
10.918794,5.001371
10.919204,5.001371
10.919614,5.001371
10.920024,5.001371
10.920434,5.001371
10.920844,5.001371
10.921254,5.001371
10.921664,5.001371
10.922074,5.001371
10.922484,5.001371
10.922894,5.001371
10.923304,5.001371
10.923714,5.001371
10.924124,5.001371
10.924534,5.001371
10.924944,5.001371
10.925354,5.001371
10.925764,5.001371
10.926174,5.001371
10.926584,5.001371
10.926994,5.001371
10.927404,5.001371
10.927814,5.001371
10.928224,5.001371
10.928634,5.001371
10.929044,5.001371
10.929454,5.001371
10.929864,5.001371
10.930274,5.001371
10.930684,5.001371
10.931094,5.001371
10.931504,5.001371
10.931914,5.001371
10.932324,5.001371
10.932734,5.001371
10.933144,5.001371
10.933554,5.001371
10.933964,5.001371
10.934374,5.001371
10.934784,5.001371
10.935195,5.001371
10.935605,5.001371
10.936015,5.001371
10.936425,5.001371
10.936835,5.001371
10.937245,5.001371
10.937655,5.001371
10.938065,5.001371
10.938475,5.001371
10.938885,5.001371
10.939295,5.001371
10.939705,5.001371
10.940115,5.001371
10.940525,5.001371
10.940935,5.001371
10.941345,5.001371
10.941755,5.001371
10.942165,5.001371
10.942575,5.001371
10.942985,5.001371
10.943395,5.001371
10.943805,5.001371
10.944215,5.001371
10.944625,5.001371
10.945035,5.001371
10.945445,5.001371
10.945855,5.001371
10.946265,5.001371
10.946675,5.001371
10.947085,5.001371
10.947495,5.001371
10.947905,5.001371
10.948315,5.001371
10.948725,5.001371
10.949135,5.001371
10.949545,5.001371
10.949955,5.001371
10.950365,5.001371
10.950775,5.001371
10.951185,5.001371
10.951595,5.001371
10.952005,5.001371
10.952415,5.001371
10.952825,5.001371
10.953235,5.001371
10.953645,5.001371
10.954055,5.001371
10.954465,5.001371
10.954875,5.001371
10.955285,5.001371
10.955695,5.001371
10.956105,5.001371
10.956515,5.001371
10.956925,5.001371
10.957335,5.001371
10.957745,5.001371
10.958155,5.001371
10.958565,5.001371
10.958975,5.001371
10.959385,5.001371
10.959795,5.001371
10.960205,5.001371
10.960615,5.001371
10.961025,5.001371
10.961435,5.001371
10.961845,5.001371
10.962255,5.001371
10.962665,5.001371
10.963075,5.001371
10.963485,5.001371
10.963895,5.001371
10.964305,5.001371
10.964715,5.001371
10.965126,5.001371
10.965536,5.001371
10.965946,5.001371
10.966356,5.001371
10.966766,5.001371
10.967176,5.001371
10.967586,5.001371
10.967996,5.001371
10.968406,5.001371
10.968816,5.001371
10.969226,5.001371
10.969636,5.001371
10.970046,5.001371
10.970456,5.001371
10.970866,5.001371
10.971276,5.001371
10.971686,5.001371
10.972096,5.001371
10.972506,5.001371
10.972916,5.001371
10.973326,5.001371
10.973736,5.001371
10.974146,5.001371
10.974556,5.001371
10.974966,5.001371
10.975376,5.001371
10.975786,5.001371
10.976196,5.001371
10.976606,5.001371
10.977016,5.001371
10.977426,5.001371
10.977836,5.001371
10.978246,5.001371
10.978656,5.001371
10.979066,5.001371
10.979476,5.001371
10.979886,5.001371
10.980296,5.001371
10.980706,5.001371
10.981116,5.001371
10.981526,5.001371
10.981936,5.001371
10.982346,5.001371
10.982756,5.001371
10.983166,5.001371
10.983576,5.001371
10.983986,5.001371
10.984396,5.001371
10.984806,5.001371
10.985216,5.001371
10.985626,5.001371
10.986036,5.001371
10.986446,5.001371
10.986856,5.001371
10.987266,5.001371
10.987676,5.001371
10.988086,5.001371
10.988496,5.001371
10.988906,5.001371
10.989316,5.001371
10.989726,5.001371
10.990136,5.001371
10.990546,5.001371
10.990956,5.001371
10.991366,5.001371
10.991776,5.001371
10.992186,5.001371
10.992596,5.001371
10.993006,5.001371
10.993416,5.001371
10.993826,5.001371
10.994236,5.001371
10.994646,5.001371
10.995057,5.001371
10.995467,5.001371
10.995877,5.001371
10.996287,5.001371
10.996697,5.001371
10.997107,5.001371
10.997517,5.001371
10.997927,5.001371
10.998337,5.001371
10.998747,5.001371
10.999157,5.001371
10.999567,5.001371
10.999977,5.001371
11.000387,5.001371
11.000797,5.001371
11.001207,5.001371
11.001617,5.001371
11.002027,5.001371
11.002437,5.001371
11.002847,5.001371
11.003257,5.001371
11.003667,5.001371
11.004077,5.001371
11.004487,5.001371
11.004897,5.001371
11.005307,5.001371
11.005717,5.001371
11.006127,5.001371
11.006537,5.001371
11.006947,5.001371
11.007357,5.001371
11.007767,5.001371
11.008177,5.001371
11.008587,5.001371
11.008997,5.001371
11.009407,5.001371
11.009817,5.001371
11.010227,5.001371
11.010637,5.001371
11.011047,5.001371
11.011457,5.001371
11.011867,5.001371
11.012277,5.001371
11.012687,5.001371
11.013097,5.001371
11.013507,5.001371
11.013917,5.001371
11.014327,5.001371
11.014737,5.001371
11.015147,5.001371
11.015557,5.001371
11.015967,5.001371
11.016377,5.001371
11.016787,5.001371
11.017197,5.001371
11.017607,5.001371
11.018017,5.001371
11.018427,5.001371
11.018837,5.001371
11.019247,5.001371
11.019657,5.001371
11.020067,5.001371
11.020477,5.001371
11.020887,5.001371
11.021297,5.001371
11.021707,5.001371
11.022117,5.001371
11.022527,5.001371
11.022937,5.001371
11.023347,5.001371
11.023757,5.001371
11.024167,5.001371
11.024577,5.001371
11.024987,5.001371
11.025398,5.001371
11.025808,5.001371
11.026218,5.001371
11.026628,5.001371
11.027038,5.001371
11.027448,5.001371
11.027858,5.001371
11.028268,5.001371
11.028678,5.001371
11.029088,5.001371
11.029498,5.001371
11.029908,5.001371
11.030318,5.001371
11.030728,5.001371
11.031138,5.001371
11.031548,5.001371
11.031958,5.001371
11.032368,5.001371
11.032778,5.001371
11.033188,5.001371
11.033598,5.001371
11.034008,5.001371
11.034418,5.001371
11.034828,5.001371
11.035238,5.001371
11.035648,5.001371
11.036058,5.001371
11.036468,5.001371
11.036878,5.001371
11.037288,5.001371
11.037698,5.001371
11.038108,5.001371
11.038518,5.001371
11.038928,5.001371
11.039338,5.001371
11.039748,5.001371
11.040158,5.001371
11.040568,5.001371
11.040978,5.001371
11.041388,5.001371
11.041798,5.001371
11.042208,5.001371
11.042618,5.001371
11.043028,5.001371
11.043438,5.001371
11.043848,5.001371
11.044258,5.001371
11.044668,5.001371
11.045078,5.001371
11.045488,5.001371
11.045898,5.001371
11.046308,5.001371
11.046718,5.001371
11.047128,5.001371
11.047538,5.001371
11.047948,5.001371
11.048358,5.001371
11.048768,5.001371
11.049178,5.001371
11.049588,5.001371
11.049998,5.001371
11.050408,5.001371
11.050818,5.001371
11.051228,5.001371
11.051638,5.001371
11.052048,5.001371
11.052458,5.001371
11.052868,5.001371
11.053278,5.001371
11.053688,5.001371
11.054098,5.001371
11.054508,5.001371
11.054918,5.001371
11.055329,5.001371
11.055739,5.001371
11.056149,5.001371
11.056559,5.001371
11.056969,5.001371
11.057379,5.001371
11.057789,5.001371
11.058199,5.001371
11.058609,5.001371
11.059019,5.001371
11.059429,5.001371
11.059839,5.001371
11.060249,5.001371
11.060659,5.001371
11.061069,5.001371
11.061479,5.001371
11.061889,5.001371
11.062299,5.001371
11.062709,5.001371
11.063119,5.001371
11.063529,5.001371
11.063939,5.001371
11.064349,5.001371
11.064759,5.001371
11.065169,5.001371
11.065579,5.001371
11.065989,5.001371
11.066399,5.001371
11.066809,5.001371
11.067219,5.001371
11.067629,5.001371
11.068039,5.001371
11.068449,5.001371
11.068859,5.001371
11.069269,5.001371
11.069679,5.001371
11.070089,5.001371
11.070499,5.001371
11.070909,5.001371
11.071319,5.001371
11.071729,5.001371
11.072139,5.001371
11.072549,5.001371
11.072959,5.001371
11.073369,5.001371
11.073779,5.001371
11.074189,5.001371
11.074599,5.001371
11.075009,5.001371
11.075419,5.001371
11.075829,5.001371
11.076239,5.001371
11.076649,5.001371
11.077059,5.001371
11.077469,5.001371
11.077879,5.001371
11.078289,5.001371
11.078699,5.001371
11.079109,5.001371
11.079519,5.001371
11.079929,5.001371
11.080339,5.001371
11.080749,5.001371
11.081159,5.001371
11.081569,5.001371
11.081979,5.001371
11.082389,5.001371
11.082799,5.001371
11.083209,5.001371
11.083619,5.001371
11.084029,5.001371
11.084439,5.001371
11.084849,5.001371
11.085260,5.001371
11.085670,5.001371
11.086080,5.001371
11.086490,5.001371
11.086900,5.001371
11.087310,5.001371
11.087720,5.001371
11.088130,5.001371
11.088540,5.001371
11.088950,5.001371
11.089360,5.001371
11.089770,5.001371
11.090180,5.001371
11.090590,5.001371
11.091000,5.001371
11.091410,5.001371
11.091820,5.001371
11.092230,5.001371
11.092640,5.001371
11.093050,5.001371
11.093460,5.001371
11.093870,5.001371
11.094280,5.001371
11.094690,5.001371
11.095100,5.001371
11.095510,5.001371
11.095920,5.001371
11.096330,5.001371
11.096740,5.001371
11.097150,5.001371
11.097560,5.001371
11.097970,5.001371
11.098380,5.001371
11.098790,5.001371
11.099200,5.001371
11.099610,5.001371
11.100020,5.001371
11.100430,5.001371
11.100840,5.001371
11.101250,5.001371
11.101660,5.001371
11.102070,5.001371
11.102480,5.001371
11.102890,5.001371
11.103300,5.001371
11.103710,5.001371
11.104120,5.001371
11.104530,5.001371
11.104940,5.001371
11.105350,5.001371
11.105760,5.001371
11.106170,5.001371
11.106580,5.001371
11.106990,5.001371
11.107400,5.001371
11.107810,5.001371
11.108220,5.001371
11.108630,5.001371
11.109040,5.001371
11.109450,5.001371
11.109860,5.001371
11.110270,5.001371
11.110680,5.001371
11.111090,5.001371
11.111500,5.001371
11.111910,5.001371
11.112320,5.001371
11.112730,5.001371
11.113140,5.001371
11.113550,5.001371
11.113960,5.001371
11.114370,5.001371
11.114780,5.001371
11.115191,5.001371
11.115601,5.001371
11.116011,5.001371
11.116421,5.001371
11.116831,5.001371
11.117241,5.001371
11.117651,5.001371
11.118061,5.001371
11.118471,5.001371
11.118881,5.001371
11.119291,5.001371
11.119701,5.001371
11.120111,5.001371
11.120521,5.001371
11.120931,5.001371
11.121341,5.001371
11.121751,5.001371
11.122161,5.001371
11.122571,5.001371
11.122981,5.001371
11.123391,5.001371
11.123801,5.001371
11.124211,5.001371
11.124621,5.001371
11.125031,5.001371
11.125441,5.001371
11.125851,5.001371
11.126261,5.001371
11.126671,5.001371
11.127081,5.001371
11.127491,5.001371
11.127901,5.001371
11.128311,5.001371
11.128721,5.001371
11.129131,5.001371
11.129541,5.001371
11.129951,5.001371
11.130361,5.001371
11.130771,5.001371
11.131181,5.001371
11.131591,5.001371
11.132001,5.001371
11.132411,5.001371
11.132821,5.001371
11.133231,5.001371
11.133641,5.001371
11.134051,5.001371
11.134461,5.001371
11.134871,5.001371
11.135281,5.001371
11.135691,5.001371
11.136101,5.001371
11.136511,5.001371
11.136921,5.001371
11.137331,5.001371
11.137741,5.001371
11.138151,5.001371
11.138561,5.001371
11.138971,5.001371
11.139381,5.001371
11.139791,5.001371
11.140201,5.001371
11.140611,5.001371
11.141021,5.001371
11.141431,5.001371
11.141841,5.001371
11.142251,5.001371
11.142661,5.001371
11.143071,5.001371
11.143481,5.001371
11.143891,5.001371
11.144301,5.001371
11.144711,5.001371
11.145122,5.001371
11.145532,5.001371
11.145942,5.001371
11.146352,5.001371
11.146762,5.001371
11.147172,5.001371
11.147582,5.001371
11.147992,5.001371
11.148402,5.001371
11.148812,5.001371
11.149222,5.001371
11.149632,5.001371
11.150042,5.001371
11.150452,5.001371
11.150862,5.001371
11.151272,5.001371
11.151682,5.001371
11.152092,5.001371
11.152502,5.001371
11.152912,5.001371
11.153322,5.001371
11.153732,5.001371
11.154142,5.001371
11.154552,5.001371
11.154962,5.001371
11.155372,5.001371
11.155782,5.001371
11.156192,5.001371
11.156602,5.001371
11.157012,5.001371
11.157422,5.001371
11.157832,5.001371
11.158242,5.001371
11.158652,5.001371
11.159062,5.001371
11.159472,5.001371
11.159882,5.001371
11.160292,5.001371
11.160702,5.001371
11.161112,5.001371
11.161522,5.001371
11.161932,5.001371
11.162342,5.001371
11.162752,5.001371
11.163162,5.001371
11.163572,5.001371
11.163982,5.001371
11.164392,5.001371
11.164802,5.001371
11.165212,5.001371
11.165622,5.001371
11.166032,5.001371
11.166442,5.001371
11.166852,5.001371
11.167262,5.001371
11.167672,5.001371
11.168082,5.001371
11.168492,5.001371
11.168902,5.001371
11.169312,5.001371
11.169722,5.001371
11.170132,5.001371
11.170542,5.001371
11.170952,5.001371
11.171362,5.001371
11.171772,5.001371
11.172182,5.001371
11.172592,5.001371
11.173002,5.001371
11.173412,5.001371
11.173822,5.001371
11.174232,5.001371
11.174642,5.001371
11.175053,5.001371
11.175463,5.001371
11.175873,5.001371
11.176283,5.001371
11.176693,5.001371
11.177103,5.001371
11.177513,5.001371
11.177923,5.001371
11.178333,5.001371
11.178743,5.001371
11.179153,5.001371
11.179563,5.001371
11.179973,5.001371
11.180383,5.001371
11.180793,5.001371
11.181203,5.001371
11.181613,5.001371
11.182023,5.001371
11.182433,5.001371
11.182843,5.001371
11.183253,5.001371
11.183663,5.001371
11.184073,5.001371
11.184483,5.001371
11.184893,5.001371
11.185303,5.001371
11.185713,5.001371
11.186123,5.001371
11.186533,5.001371
11.186943,5.001371
11.187353,5.001371
11.187763,5.001371
11.188173,5.001371
11.188583,5.001371
11.188993,5.001371
11.189403,5.001371
11.189813,5.001371
11.190223,5.001371
11.190633,5.001371
11.191043,5.001371
11.191453,5.001371
11.191863,5.001371
11.192273,5.001371
11.192683,5.001371
11.193093,5.001371
11.193503,5.001371
11.193913,5.001371
11.194323,5.001371
11.194733,5.001371
11.195143,5.001371
11.195553,5.001371
11.195963,5.001371
11.196373,5.001371
11.196783,5.001371
11.197193,5.001371
11.197603,5.001371
11.198013,5.001371
11.198423,5.001371
11.198833,5.001371
11.199243,5.001371
11.199653,5.001371
11.200063,5.001371
11.200473,5.001371
11.200883,5.001371
11.201293,5.001371
11.201703,5.001371
11.202113,5.001371
11.202523,5.001371
11.202933,5.001371
11.203343,5.001371
11.203753,5.001371
11.204163,5.001371
11.204573,5.001371
11.204983,5.001371
11.205394,5.001371
11.205804,5.001371
11.206214,5.001371
11.206624,5.001371
11.207034,5.001371
11.207444,5.001371
11.207854,5.001371
11.208264,5.001371
11.208674,5.001371
11.209084,5.001371
11.209494,5.001371
11.209904,5.001371
11.210314,5.001371
11.210724,5.001371
11.211134,5.001371
11.211544,5.001371
11.211954,5.001371
11.212364,5.001371
11.212774,5.001371
11.213184,5.001371
11.213594,5.001371
11.214004,5.001371
11.214414,5.001371
11.214824,5.001371
11.215234,5.001371
11.215644,5.001371
11.216054,5.001371
11.216464,5.001371
11.216874,5.001371
11.217284,5.001371
11.217694,5.001371
11.218104,5.001371
11.218514,5.001371
11.218924,5.001371
11.219334,5.001371
11.219744,5.001371
11.220154,5.001371
11.220564,5.001371
11.220974,5.001371
11.221384,5.001371
11.221794,5.001371
11.222204,5.001371
11.222614,5.001371
11.223024,5.001371
11.223434,5.001371
11.223844,5.001371
11.224254,5.001371
11.224664,5.001371
11.225074,5.001371
11.225484,5.001371
11.225894,5.001371
11.226304,5.001371
11.226714,5.001371
11.227124,5.001371
11.227534,5.001371
11.227944,5.001371
11.228354,5.001371
11.228764,5.001371
11.229174,5.001371
11.229584,5.001371
11.229994,5.001371
11.230404,5.001371
11.230814,5.001371
11.231224,5.001371
11.231634,5.001371
11.232044,5.001371
11.232454,5.001371
11.232864,5.001371
11.233274,5.001371
11.233684,5.001371
11.234094,5.001371
11.234504,5.001371
11.234914,5.001371
11.235325,5.001371
11.235735,5.001371
11.236145,5.001371
11.236555,5.001371
11.236965,5.001371
11.237375,5.001371
11.237785,5.001371
11.238195,5.001371
11.238605,5.001371
11.239015,5.001371
11.239425,5.001371
11.239835,5.001371
11.240245,5.001371
11.240655,5.001371
11.241065,5.001371
11.241475,5.001371
11.241885,5.001371
11.242295,5.001371
11.242705,5.001371
11.243115,5.001371
11.243525,5.001371
11.243935,5.001371
11.244345,5.001371
11.244755,5.001371
11.245165,5.001371
11.245575,5.001371
11.245985,5.001371
11.246395,5.001371
11.246805,5.001371
11.247215,5.001371
11.247625,5.001371
11.248035,5.001371
11.248445,5.001371
11.248855,5.001371
11.249265,5.001371
11.249675,5.001371
11.250085,5.001371
11.250495,5.001371
11.250905,5.001371
11.251315,5.001371
11.251725,5.001371
11.252135,5.001371
11.252545,5.001371
11.252955,5.001371
11.253365,5.001371
11.253775,5.001371
11.254185,5.001371
11.254595,5.001371
11.255005,5.001371
11.255415,5.001371
11.255825,5.001371
11.256235,5.001371
11.256645,5.001371
11.257055,5.001371
11.257465,5.001371
11.257875,5.001371
11.258285,5.001371
11.258695,5.001371
11.259105,5.001371
11.259515,5.001371
11.259925,5.001371
11.260335,5.001371
11.260745,5.001371
11.261155,5.001371
11.261565,5.001371
11.261975,5.001371
11.262385,5.001371
11.262795,5.001371
11.263205,5.001371
11.263615,5.001371
11.264025,5.001371
11.264435,5.001371
11.264845,5.001371
11.265256,5.001371
11.265666,5.001371
11.266076,5.001371
11.266486,5.001371
11.266896,5.001371
11.267306,5.001371
11.267716,5.001371
11.268126,5.001371
11.268536,5.001371
11.268946,5.001371
11.269356,5.001371
11.269766,5.001371
11.270176,5.001371
11.270586,5.001371
11.270996,5.001371
11.271406,5.001371
11.271816,5.001371
11.272226,5.001371
11.272636,5.001371
11.273046,5.001371
11.273456,5.001371
11.273866,5.001371
11.274276,5.001371
11.274686,5.001371
11.275096,5.001371
11.275506,5.001371
11.275916,5.001371
11.276326,5.001371
11.276736,5.001371
11.277146,5.001371
11.277556,5.001371
11.277966,5.001371
11.278376,5.001371
11.278786,5.001371
11.279196,5.001371
11.279606,5.001371
11.280016,5.001371
11.280426,5.001371
11.280836,5.001371
11.281246,5.001371
11.281656,5.001371
11.282066,5.001371
11.282476,5.001371
11.282886,5.001371
11.283296,5.001371
11.283706,5.001371
11.284116,5.001371
11.284526,5.001371
11.284936,5.001371
11.285346,5.001371
11.285756,5.001371
11.286166,5.001371
11.286576,5.001371
11.286986,5.001371
11.287396,5.001371
11.287806,5.001371
11.288216,5.001371
11.288626,5.001371
11.289036,5.001371
11.289446,5.001371
11.289856,5.001371
11.290266,5.001371
11.290676,5.001371
11.291086,5.001371
11.291496,5.001371
11.291906,5.001371
11.292316,5.001371
11.292726,5.001371
11.293136,5.001371
11.293546,5.001371
11.293956,5.001371
11.294366,5.001371
11.294776,5.001371
11.295187,5.001371
11.295597,5.001371
11.296007,5.001371
11.296417,5.001371
11.296827,5.001371
11.297237,5.001371
11.297647,5.001371
11.298057,5.001371
11.298467,5.001371
11.298877,5.001371
11.299287,5.001371
11.299697,5.001371
11.300107,5.001371
11.300517,5.001371
11.300927,5.001371
11.301337,5.001371
11.301747,5.001371
11.302157,5.001371
11.302567,5.001371
11.302977,5.001371
11.303387,5.001371
11.303797,5.001371
11.304207,5.001371
11.304617,5.001371
11.305027,5.001371
11.305437,5.001371
11.305847,5.001371
11.306257,5.001371
11.306667,5.001371
11.307077,5.001371
11.307487,5.001371
11.307897,5.001371
11.308307,5.001371
11.308717,5.001371
11.309127,5.001371
11.309537,5.001371
11.309947,5.001371
11.310357,5.001371
11.310767,5.001371
11.311177,5.001371
11.311587,5.001371
11.311997,5.001371
11.312407,5.001371
11.312817,5.001371
11.313227,5.001371
11.313637,5.001371
11.314047,5.001371
11.314457,5.001371
11.314867,5.001371
11.315277,5.001371
11.315687,5.001371
11.316097,5.001371
11.316507,5.001371
11.316917,5.001371
11.317327,5.001371
11.317737,5.001371
11.318147,5.001371
11.318557,5.001371
11.318967,5.001371
11.319377,5.001371
11.319787,5.001371
11.320197,5.001371
11.320607,5.001371
11.321017,5.001371
11.321427,5.001371
11.321837,5.001371
11.322247,5.001371
11.322657,5.001371
11.323067,5.001371
11.323477,5.001371
11.323887,5.001371
11.324297,5.001371
11.324707,5.001371
11.325118,5.001371
11.325528,5.001371
11.325938,5.001371
11.326348,5.001371
11.326758,5.001371
11.327168,5.001371
11.327578,5.001371
11.327988,5.001371
11.328398,5.001371
11.328808,5.001371
11.329218,5.001371
11.329628,5.001371
11.330038,5.001371
11.330448,5.001371
11.330858,5.001371
11.331268,5.001371
11.331678,5.001371
11.332088,5.001371
11.332498,5.001371
11.332908,5.001371
11.333318,5.001371
11.333728,5.001371
11.334138,5.001371
11.334548,5.001371
11.334958,5.001371
11.335368,5.001371
11.335778,5.001371
11.336188,5.001371
11.336598,5.001371
11.337008,5.001371
11.337418,5.001371
11.337828,5.001371
11.338238,5.001371
11.338648,5.001371
11.339058,5.001371
11.339468,5.001371
11.339878,5.001371
11.340288,5.001371
11.340698,5.001371
11.341108,5.001371
11.341518,5.001371
11.341928,5.001371
11.342338,5.001371
11.342748,5.001371
11.343158,5.001371
11.343568,5.001371
11.343978,5.001371
11.344388,5.001371
11.344798,5.001371
11.345208,5.001371
11.345618,5.001371
11.346028,5.001371
11.346438,5.001371
11.346848,5.001371
11.347258,5.001371
11.347668,5.001371
11.348078,5.001371
11.348488,5.001371
11.348898,5.001371
11.349308,5.001371
11.349718,5.001371
11.350128,5.001371
11.350538,5.001371
11.350948,5.001371
11.351358,5.001371
11.351768,5.001371
11.352178,5.001371
11.352588,5.001371
11.352998,5.001371
11.353408,5.001371
11.353818,5.001371
11.354228,5.001371
11.354638,5.001371
11.355049,5.001371
11.355459,5.001371
11.355869,5.001371
11.356279,5.001371
11.356689,5.001371
11.357099,5.001371
11.357509,5.001371
11.357919,5.001371
11.358329,5.001371
11.358739,5.001371
11.359149,5.001371
11.359559,5.001371
11.359969,5.001371
11.360379,5.001371
11.360789,5.001371
11.361199,5.001371
11.361609,5.001371
11.362019,5.001371
11.362429,5.001371
11.362839,5.001371
11.363249,5.001371
11.363659,5.001371
11.364069,5.001371
11.364479,5.001371
11.364889,5.001371
11.365299,5.001371
11.365709,5.001371
11.366119,5.001371
11.366529,5.001371
11.366939,5.001371
11.367349,5.001371
11.367759,5.001371
11.368169,5.001371
11.368579,5.001371
11.368989,5.001371
11.369399,5.001371
11.369809,5.001371
11.370219,5.001371
11.370629,5.001371
11.371039,5.001371
11.371449,5.001371
11.371859,5.001371
11.372269,5.001371
11.372679,5.001371
11.373089,5.001371
11.373499,5.001371
11.373909,5.001371
11.374319,5.001371
11.374729,5.001371
11.375139,5.001371
11.375549,5.001371
11.375959,5.001371
11.376369,5.001371
11.376779,5.001371
11.377189,5.001371
11.377599,5.001371
11.378009,5.001371
11.378419,5.001371
11.378829,5.001371
11.379239,5.001371
11.379649,5.001371
11.380059,5.001371
11.380469,5.001371
11.380879,5.001371
11.381289,5.001371
11.381699,5.001371
11.382109,5.001371
11.382519,5.001371
11.382929,5.001371
11.383339,5.001371
11.383749,5.001371
11.384159,5.001371
11.384569,5.001371
11.384979,5.001371
11.385390,5.001371
11.385800,5.001371
11.386210,5.001371
11.386620,5.001371
11.387030,5.001371
11.387440,5.001371
11.387850,5.001371
11.388260,5.001371
11.388670,5.001371
11.389080,5.001371
11.389490,5.001371
11.389900,5.001371
11.390310,5.001371
11.390720,5.001371
11.391130,5.001371
11.391540,5.001371
11.391950,5.001371
11.392360,5.001371
11.392770,5.001371
11.393180,5.001371
11.393590,5.001371
11.394000,5.001371
11.394410,5.001371
11.394820,5.001371
11.395230,5.001371
11.395640,5.001371
11.396050,5.001371
11.396460,5.001371
11.396870,5.001371
11.397280,5.001371
11.397690,5.001371
11.398100,5.001371
11.398510,5.001371
11.398920,5.001371
11.399330,5.001371
11.399740,5.001371
11.400150,5.001371
11.400560,5.001371
11.400970,5.001371
11.401380,5.001371
11.401790,5.001371
11.402200,5.001371
11.402610,5.001371
11.403020,5.001371
11.403430,5.001371
11.403840,5.001371
11.404250,5.001371
11.404660,5.001371
11.405070,5.001371
11.405480,5.001371
11.405890,5.001371
11.406300,5.001371
11.406710,5.001371
11.407120,5.001371
11.407530,5.001371
11.407940,5.001371
11.408350,5.001371
11.408760,5.001371
11.409170,5.001371
11.409580,5.001371
11.409990,5.001371
11.410400,5.001371
11.410810,5.001371
11.411220,5.001371
11.411630,5.001371
11.412040,5.001371
11.412450,5.001371
11.412860,5.001371
11.413270,5.001371
11.413680,5.001371
11.414090,5.001371
11.414500,5.001371
11.414910,5.001371
11.415321,5.001371
11.415731,5.001371
11.416141,5.001371
11.416551,5.001371
11.416961,5.001371
11.417371,5.001371
11.417781,5.001371
11.418191,5.001371
11.418601,5.001371
11.419011,5.001371
11.419421,5.001371
11.419831,5.001371
11.420241,5.001371
11.420651,5.001371
11.421061,5.001371
11.421471,5.001371
11.421881,5.001371
11.422291,5.001371
11.422701,5.001371
11.423111,5.001371
11.423521,5.001371
11.423931,5.001371
11.424341,5.001371
11.424751,5.001371
11.425161,5.001371
11.425571,5.001371
11.425981,5.001371
11.426391,5.001371
11.426801,5.001371
11.427211,5.001371
11.427621,5.001371
11.428031,5.001371
11.428441,5.001371
11.428851,5.001371
11.429261,5.001371
11.429671,5.001371
11.430081,5.001371
11.430491,5.001371
11.430901,5.001371
11.431311,5.001371
11.431721,5.001371
11.432131,5.001371
11.432541,5.001371
11.432951,5.001371
11.433361,5.001371
11.433771,5.001371
11.434181,5.001371
11.434591,5.001371
11.435001,5.001371
11.435411,5.001371
11.435821,5.001371
11.436231,5.001371
11.436641,5.001371
11.437051,5.001371
11.437461,5.001371
11.437871,5.001371
11.438281,5.001371
11.438691,5.001371
11.439101,5.001371
11.439511,5.001371
11.439921,5.001371
11.440331,5.001371
11.440741,5.001371
11.441151,5.001371
11.441561,5.001371
11.441971,5.001371
11.442381,5.001371
11.442791,5.001371
11.443201,5.001371
11.443611,5.001371
11.444021,5.001371
11.444431,5.001371
11.444841,5.001371
11.445252,5.001371
11.445662,5.001371
11.446072,5.001371
11.446482,5.001371
11.446892,5.001371
11.447302,5.001371
11.447712,5.001371
11.448122,5.001371
11.448532,5.001371
11.448942,5.001371
11.449352,5.001371
11.449762,5.001371
11.450172,5.001371
11.450582,5.001371
11.450992,5.001371
11.451402,5.001371
11.451812,5.001371
11.452222,5.001371
11.452632,5.001371
11.453042,5.001371
11.453452,5.001371
11.453862,5.001371
11.454272,5.001371
11.454682,5.001371
11.455092,5.001371
11.455502,5.001371
11.455912,5.001371
11.456322,5.001371
11.456732,5.001371
11.457142,5.001371
11.457552,5.001371
11.457962,5.001371
11.458372,5.001371
11.458782,5.001371
11.459192,5.001371
11.459602,5.001371
11.460012,5.001371
11.460422,5.001371
11.460832,5.001371
11.461242,5.001371
11.461652,5.001371
11.462062,5.001371
11.462472,5.001371
11.462882,5.001371
11.463292,5.001371
11.463702,5.001371
11.464112,5.001371
11.464522,5.001371
11.464932,5.001371
11.465342,5.001371
11.465752,5.001371
11.466162,5.001371
11.466572,5.001371
11.466982,5.001371
11.467392,5.001371
11.467802,5.001371
11.468212,5.001371
11.468622,5.001371
11.469032,5.001371
11.469442,5.001371
11.469852,5.001371
11.470262,5.001371
11.470672,5.001371
11.471082,5.001371
11.471492,5.001371
11.471902,5.001371
11.472312,5.001371
11.472722,5.001371
11.473132,5.001371
11.473542,5.001371
11.473952,5.001371
11.474362,5.001371
11.474772,5.001371
11.475183,5.001371
11.475593,5.001371
11.476003,5.001371
11.476413,5.001371
11.476823,5.001371
11.477233,5.001371
11.477643,5.001371
11.478053,5.001371
11.478463,5.001371
11.478873,5.001371
11.479283,5.001371
11.479693,5.001371
11.480103,5.001371
11.480513,5.001371
11.480923,5.001371
11.481333,5.001371
11.481743,5.001371
11.482153,5.001371
11.482563,5.001371
11.482973,5.001371
11.483383,5.001371
11.483793,5.001371
11.484203,5.001371
11.484613,5.001371
11.485023,5.001371
11.485433,5.001371
11.485843,5.001371
11.486253,5.001371
11.486663,5.001371
11.487073,5.001371
11.487483,5.001371
11.487893,5.001371
11.488303,5.001371
11.488713,5.001371
11.489123,5.001371
11.489533,5.001371
11.489943,5.001371
11.490353,5.001371
11.490763,5.001371
11.491173,5.001371
11.491583,5.001371
11.491993,5.001371
11.492403,5.001371
11.492813,5.001371
11.493223,5.001371
11.493633,5.001371
11.494043,5.001371
11.494453,5.001371
11.494863,5.001371
11.495273,5.001371
11.495683,5.001371
11.496093,5.001371
11.496503,5.001371
11.496913,5.001371
11.497323,5.001371
11.497733,5.001371
11.498143,5.001371
11.498553,5.001371
11.498963,5.001371
11.499373,5.001371
11.499783,5.001371
11.500193,5.001371
11.500603,5.001371
11.501013,5.001371
11.501423,5.001371
11.501833,5.001371
11.502243,5.001371
11.502653,5.001371
11.503063,5.001371
11.503473,5.001371
11.503883,5.001371
11.504293,5.001371
11.504703,5.001371
11.505114,5.001371
11.505524,5.001371
11.505934,5.001371
11.506344,5.001371
11.506754,5.001371
11.507164,5.001371
11.507574,5.001371
11.507984,5.001371
11.508394,5.001371
11.508804,5.001371
11.509214,5.001371
11.509624,5.001371
11.510034,5.001371
11.510444,5.001371
11.510854,5.001371
11.511264,5.001371
11.511674,5.001371
11.512084,5.001371
11.512494,5.001371
11.512904,5.001371
11.513314,5.001371
11.513724,5.001371
11.514134,5.001371
11.514544,5.001371
11.514954,5.001371
11.515364,5.001371
11.515774,5.001371
11.516184,5.001371
11.516594,5.001371
11.517004,5.001371
11.517414,5.001371
11.517824,5.001371
11.518234,5.001371
11.518644,5.001371
11.519054,5.001371
11.519464,5.001371
11.519874,5.001371
11.520284,5.001371
11.520694,5.001371
11.521104,5.001371
11.521514,5.001371
11.521924,5.001371
11.522334,5.001371
11.522744,5.001371
11.523154,5.001371
11.523564,5.001371
11.523974,5.001371
11.524384,5.001371
11.524794,5.001371
11.525204,5.001371
11.525614,5.001371
11.526024,5.001371
11.526434,5.001371
11.526844,5.001371
11.527254,5.001371
11.527664,5.001371
11.528074,5.001371
11.528484,5.001371
11.528894,5.001371
11.529304,5.001371
11.529714,5.001371
11.530124,5.001371
11.530534,5.001371
11.530944,5.001371
11.531354,5.001371
11.531764,5.001371
11.532174,5.001371
11.532584,5.001371
11.532994,5.001371
11.533404,5.001371
11.533814,5.001371
11.534224,5.001371
11.534634,5.001371
11.535045,5.001371
11.535455,5.001371
11.535865,5.001371
11.536275,5.001371
11.536685,5.001371
11.537095,5.001371
11.537505,5.001371
11.537915,5.001371
11.538325,5.001371
11.538735,5.001371
11.539145,5.001371
11.539555,5.001371
11.539965,5.001371
11.540375,5.001371
11.540785,5.001371
11.541195,5.001371
11.541605,5.001371
11.542015,5.001371
11.542425,5.001371
11.542835,5.001371
11.543245,5.001371
11.543655,5.001371
11.544065,5.001371
11.544475,5.001371
11.544885,5.001371
11.545295,5.001371
11.545705,5.001371
11.546115,5.001371
11.546525,5.001371
11.546935,5.001371
11.547345,5.001371
11.547755,5.001371
11.548165,5.001371
11.548575,5.001371
11.548985,5.001371
11.549395,5.001371
11.549805,5.001371
11.550215,5.001371
11.550625,5.001371
11.551035,5.001371
11.551445,5.001371
11.551855,5.001371
11.552265,5.001371
11.552675,5.001371
11.553085,5.001371
11.553495,5.001371
11.553905,5.001371
11.554315,5.001371
11.554725,5.001371
11.555135,5.001371
11.555545,5.001371
11.555955,5.001371
11.556365,5.001371
11.556775,5.001371
11.557185,5.001371
11.557595,5.001371
11.558005,5.001371
11.558415,5.001371
11.558825,5.001371
11.559235,5.001371
11.559645,5.001371
11.560055,5.001371
11.560465,5.001371
11.560875,5.001371
11.561285,5.001371
11.561695,5.001371
11.562105,5.001371
11.562515,5.001371
11.562925,5.001371
11.563335,5.001371
11.563745,5.001371
11.564155,5.001371
11.564565,5.001371
11.564975,5.001371
11.565386,5.001371
11.565796,5.001371
11.566206,5.001371
11.566616,5.001371
11.567026,5.001371
11.567436,5.001371
11.567846,5.001371
11.568256,5.001371
11.568666,5.001371
11.569076,5.001371
11.569486,5.001371
11.569896,5.001371
11.570306,5.001371
11.570716,5.001371
11.571126,5.001371
11.571536,5.001371
11.571946,5.001371
11.572356,5.001371
11.572766,5.001371
11.573176,5.001371
11.573586,5.001371
11.573996,5.001371
11.574406,5.001371
11.574816,5.001371
11.575226,5.001371
11.575636,5.001371
11.576046,5.001371
11.576456,5.001371
11.576866,5.001371
11.577276,5.001371
11.577686,5.001371
11.578096,5.001371
11.578506,5.001371
11.578916,5.001371
11.579326,5.001371
11.579736,5.001371
11.580146,5.001371
11.580556,5.001371
11.580966,5.001371
11.581376,5.001371
11.581786,5.001371
11.582196,5.001371
11.582606,5.001371
11.583016,5.001371
11.583426,5.001371
11.583836,5.001371
11.584246,5.001371
11.584656,5.001371
11.585066,5.001371
11.585476,5.001371
11.585886,5.001371
11.586296,5.001371
11.586706,5.001371
11.587116,5.001371
11.587526,5.001371
11.587936,5.001371
11.588346,5.001371
11.588756,5.001371
11.589166,5.001371
11.589576,5.001371
11.589986,5.001371
11.590396,5.001371
11.590806,5.001371
11.591216,5.001371
11.591626,5.001371
11.592036,5.001371
11.592446,5.001371
11.592856,5.001371
11.593266,5.001371
11.593676,5.001371
11.594086,5.001371
11.594496,5.001371
11.594906,5.001371
11.595317,5.001371
11.595727,5.001371
11.596137,5.001371
11.596547,5.001371
11.596957,5.001371
11.597367,5.001371
11.597777,5.001371
11.598187,5.001371
11.598597,5.001371
11.599007,5.001371
11.599417,5.001371
11.599827,5.001371
11.600237,5.001371
11.600647,5.001371
11.601057,5.001371
11.601467,5.001371
11.601877,5.001371
11.602287,5.001371
11.602697,5.001371
11.603107,5.001371
11.603517,5.001371
11.603927,5.001371
11.604337,5.001371
11.604747,5.001371
11.605157,5.001371
11.605567,5.001371
11.605977,5.001371
11.606387,5.001371
11.606797,5.001371
11.607207,5.001371
11.607617,5.001371
11.608027,5.001371
11.608437,5.001371
11.608847,5.001371
11.609257,5.001371
11.609667,5.001371
11.610077,5.001371
11.610487,5.001371
11.610897,5.001371
11.611307,5.001371
11.611717,5.001371
11.612127,5.001371
11.612537,5.001371
11.612947,5.001371
11.613357,5.001371
11.613767,5.001371
11.614177,5.001371
11.614587,5.001371
11.614997,5.001371
11.615407,5.001371
11.615817,5.001371
11.616227,5.001371
11.616637,5.001371
11.617047,5.001371
11.617457,5.001371
11.617867,5.001371
11.618277,5.001371
11.618687,5.001371
11.619097,5.001371
11.619507,5.001371
11.619917,5.001371
11.620327,5.001371
11.620737,5.001371
11.621147,5.001371
11.621557,5.001371
11.621967,5.001371
11.622377,5.001371
11.622787,5.001371
11.623197,5.001371
11.623607,5.001371
11.624017,5.001371
11.624427,5.001371
11.624837,5.001371
11.625248,5.001371
11.625658,5.001371
11.626068,5.001371
11.626478,5.001371
11.626888,5.001371
11.627298,5.001371
11.627708,5.001371
11.628118,5.001371
11.628528,5.001371
11.628938,5.001371
11.629348,5.001371
11.629758,5.001371
11.630168,5.001371
11.630578,5.001371
11.630988,5.001371
11.631398,5.001371
11.631808,5.001371
11.632218,5.001371
11.632628,5.001371
11.633038,5.001371
11.633448,5.001371
11.633858,5.001371
11.634268,5.001371
11.634678,5.001371
11.635088,5.001371
11.635498,5.001371
11.635908,5.001371
11.636318,5.001371
11.636728,5.001371
11.637138,5.001371
11.637548,5.001371
11.637958,5.001371
11.638368,5.001371
11.638778,5.001371
11.639188,5.001371
11.639598,5.001371
11.640008,5.001371
11.640418,5.001371
11.640828,5.001371
11.641238,5.001371
11.641648,5.001371
11.642058,5.001371
11.642468,5.001371
11.642878,5.001371
11.643288,5.001371
11.643698,5.001371
11.644108,5.001371
11.644518,5.001371
11.644928,5.001371
11.645338,5.001371
11.645748,5.001371
11.646158,5.001371
11.646568,5.001371
11.646978,5.001371
11.647388,5.001371
11.647798,5.001371
11.648208,5.001371
11.648618,5.001371
11.649028,5.001371
11.649438,5.001371
11.649848,5.001371
11.650258,5.001371
11.650668,5.001371
11.651078,5.001371
11.651488,5.001371
11.651898,5.001371
11.652308,5.001371
11.652718,5.001371
11.653128,5.001371
11.653538,5.001371
11.653948,5.001371
11.654358,5.001371
11.654768,5.001371
11.655179,5.001371
11.655589,5.001371
11.655999,5.001371
11.656409,5.001371
11.656819,5.001371
11.657229,5.001371
11.657639,5.001371
11.658049,5.001371
11.658459,5.001371
11.658869,5.001371
11.659279,5.001371
11.659689,5.001371
11.660099,5.001371
11.660509,5.001371
11.660919,5.001371
11.661329,5.001371
11.661739,5.001371
11.662149,5.001371
11.662559,5.001371
11.662969,5.001371
11.663379,5.001371
11.663789,5.001371
11.664199,5.001371
11.664609,5.001371
11.665019,5.001371
11.665429,5.001371
11.665839,5.001371
11.666249,5.001371
11.666659,5.001371
11.667069,5.001371
11.667479,5.001371
11.667889,5.001371
11.668299,5.001371
11.668709,5.001371
11.669119,5.001371
11.669529,5.001371
11.669939,5.001371
11.670349,5.001371
11.670759,5.001371
11.671169,5.001371
11.671579,5.001371
11.671989,5.001371
11.672399,5.001371
11.672809,5.001371
11.673219,5.001371
11.673629,5.001371
11.674039,5.001371
11.674449,5.001371
11.674859,5.001371
11.675269,5.001371
11.675679,5.001371
11.676089,5.001371
11.676499,5.001371
11.676909,5.001371
11.677319,5.001371
11.677729,5.001371
11.678139,5.001371
11.678549,5.001371
11.678959,5.001371
11.679369,5.001371
11.679779,5.001371
11.680189,5.001371
11.680599,5.001371
11.681009,5.001371
11.681419,5.001371
11.681829,5.001371
11.682239,5.001371
11.682649,5.001371
11.683059,5.001371
11.683469,5.001371
11.683879,5.001371
11.684289,5.001371
11.684699,5.001371
11.685110,5.001371
11.685520,5.001371
11.685930,5.001371
11.686340,5.001371
11.686750,5.001371
11.687160,5.001371
11.687570,5.001371
11.687980,5.001371
11.688390,5.001371
11.688800,5.001371
11.689210,5.001371
11.689620,5.001371
11.690030,5.001371
11.690440,5.001371
11.690850,5.001371
11.691260,5.001371
11.691670,5.001371
11.692080,5.001371
11.692490,5.001371
11.692900,5.001371
11.693310,5.001371
11.693720,5.001371
11.694130,5.001371
11.694540,5.001371
11.694950,5.001371
11.695360,5.001371
11.695770,5.001371
11.696180,5.001371
11.696590,5.001371
11.697000,5.001371
11.697410,5.001371
11.697820,5.001371
11.698230,5.001371
11.698640,5.001371
11.699050,5.001371
11.699460,5.001371
11.699870,5.001371
11.700280,5.001371
11.700690,5.001371
11.701100,5.001371
11.701510,5.001371
11.701920,5.001371
11.702330,5.001371
11.702740,5.001371
11.703150,5.001371
11.703560,5.001371
11.703970,5.001371
11.704380,5.001371
11.704790,5.001371
11.705200,5.001371
11.705610,5.001371
11.706020,5.001371
11.706430,5.001371
11.706840,5.001371
11.707250,5.001371
11.707660,5.001371
11.708070,5.001371
11.708480,5.001371
11.708890,5.001371
11.709300,5.001371
11.709710,5.001371
11.710120,5.001371
11.710530,5.001371
11.710940,5.001371
11.711350,5.001371
11.711760,5.001371
11.712170,5.001371
11.712580,5.001371
11.712990,5.001371
11.713400,5.001371
11.713810,5.001371
11.714220,5.001371
11.714630,5.001371
11.715041,5.001371
11.715451,5.001371
11.715861,5.001371
11.716271,5.001371
11.716681,5.001371
11.717091,5.001371
11.717501,5.001371
11.717911,5.001371
11.718321,5.001371
11.718731,5.001371
11.719141,5.001371
11.719551,5.001371
11.719961,5.001371
11.720371,5.001371
11.720781,5.001371
11.721191,5.001371
11.721601,5.001371
11.722011,5.001371
11.722421,5.001371
11.722831,5.001371
11.723241,5.001371
11.723651,5.001371
11.724061,5.001371
11.724471,5.001371
11.724881,5.001371
11.725291,5.001371
11.725701,5.001371
11.726111,5.001371
11.726521,5.001371
11.726931,5.001371
11.727341,5.001371
11.727751,5.001371
11.728161,5.001371
11.728571,5.001371
11.728981,5.001371
11.729391,5.001371
11.729801,5.001371
11.730211,5.001371
11.730621,5.001371
11.731031,5.001371
11.731441,5.001371
11.731851,5.001371
11.732261,5.001371
11.732671,5.001371
11.733081,5.001371
11.733491,5.001371
11.733901,5.001371
11.734311,5.001371
11.734721,5.001371
11.735131,5.001371
11.735541,5.001371
11.735951,5.001371
11.736361,5.001371
11.736771,5.001371
11.737181,5.001371
11.737591,5.001371
11.738001,5.001371
11.738411,5.001371
11.738821,5.001371
11.739231,5.001371
11.739641,5.001371
11.740051,5.001371
11.740461,5.001371
11.740871,5.001371
11.741281,5.001371
11.741691,5.001371
11.742101,5.001371
11.742511,5.001371
11.742921,5.001371
11.743331,5.001371
11.743741,5.001371
11.744151,5.001371
11.744561,5.001371
11.744971,5.001371
11.745382,5.001371
11.745792,5.001371
11.746202,5.001371
11.746612,5.001371
11.747022,5.001371
11.747432,5.001371
11.747842,5.001371
11.748252,5.001371
11.748662,5.001371
11.749072,5.001371
11.749482,5.001371
11.749892,5.001371
11.750302,5.001371
11.750712,5.001371
11.751122,5.001371
11.751532,5.001371
11.751942,5.001371
11.752352,5.001371
11.752762,5.001371
11.753172,5.001371
11.753582,5.001371
11.753992,5.001371
11.754402,5.001371
11.754812,5.001371
11.755222,5.001371
11.755632,5.001371
11.756042,5.001371
11.756452,5.001371
11.756862,5.001371
11.757272,5.001371
11.757682,5.001371
11.758092,5.001371
11.758502,5.001371
11.758912,5.001371
11.759322,5.001371
11.759732,5.001371
11.760142,5.001371
11.760552,5.001371
11.760962,5.001371
11.761372,5.001371
11.761782,5.001371
11.762192,5.001371
11.762602,5.001371
11.763012,5.001371
11.763422,5.001371
11.763832,5.001371
11.764242,5.001371
11.764652,5.001371
11.765062,5.001371
11.765472,5.001371
11.765882,5.001371
11.766292,5.001371
11.766702,5.001371
11.767112,5.001371
11.767522,5.001371
11.767932,5.001371
11.768342,5.001371
11.768752,5.001371
11.769162,5.001371
11.769572,5.001371
11.769982,5.001371
11.770392,5.001371
11.770802,5.001371
11.771212,5.001371
11.771622,5.001371
11.772032,5.001371
11.772442,5.001371
11.772852,5.001371
11.773262,5.001371
11.773672,5.001371
11.774082,5.001371
11.774492,5.001371
11.774902,5.001371
11.775313,5.001371
11.775723,5.001371
11.776133,5.001371
11.776543,5.001371
11.776953,5.001371
11.777363,5.001371
11.777773,5.001371
11.778183,5.001371
11.778593,5.001371
11.779003,5.001371
11.779413,5.001371
11.779823,5.001371
11.780233,5.001371
11.780643,5.001371
11.781053,5.001371
11.781463,5.001371
11.781873,5.001371
11.782283,5.001371
11.782693,5.001371
11.783103,5.001371
11.783513,5.001371
11.783923,5.001371
11.784333,5.001371
11.784743,5.001371
11.785153,5.001371
11.785563,5.001371
11.785973,5.001371
11.786383,5.001371
11.786793,5.001371
11.787203,5.001371
11.787613,5.001371
11.788023,5.001371
11.788433,5.001371
11.788843,5.001371
11.789253,5.001371
11.789663,5.001371
11.790073,5.001371
11.790483,5.001371
11.790893,5.001371
11.791303,5.001371
11.791713,5.001371
11.792123,5.001371
11.792533,5.001371
11.792943,5.001371
11.793353,5.001371
11.793763,5.001371
11.794173,5.001371
11.794583,5.001371
11.794993,5.001371
11.795403,5.001371
11.795813,5.001371
11.796223,5.001371
11.796633,5.001371
11.797043,5.001371
11.797453,5.001371
11.797863,5.001371
11.798273,5.001371
11.798683,5.001371
11.799093,5.001371
11.799503,5.001371
11.799913,5.001371
11.800323,5.001371
11.800733,5.001371
11.801143,5.001371
11.801553,5.001371
11.801963,5.001371
11.802373,5.001371
11.802783,5.001371
11.803193,5.001371
11.803603,5.001371
11.804013,5.001371
11.804423,5.001371
11.804833,5.001371
11.805244,5.001371
11.805654,5.001371
11.806064,5.001371
11.806474,5.001371
11.806884,5.001371
11.807294,5.001371
11.807704,5.001371
11.808114,5.001371
11.808524,5.001371
11.808934,5.001371
11.809344,5.001371
11.809754,5.001371
11.810164,5.001371
11.810574,5.001371
11.810984,5.001371
11.811394,5.001371
11.811804,5.001371
11.812214,5.001371
11.812624,5.001371
11.813034,5.001371
11.813444,5.001371
11.813854,5.001371
11.814264,5.001371
11.814674,5.001371
11.815084,5.001371
11.815494,5.001371
11.815904,5.001371
11.816314,5.001371
11.816724,5.001371
11.817134,5.001371
11.817544,5.001371
11.817954,5.001371
11.818364,5.001371
11.818774,5.001371
11.819184,5.001371
11.819594,5.001371
11.820004,5.001371
11.820414,5.001371
11.820824,5.001371
11.821234,5.001371
11.821644,5.001371
11.822054,5.001371
11.822464,5.001371
11.822874,5.001371
11.823284,5.001371
11.823694,5.001371
11.824104,5.001371
11.824514,5.001371
11.824924,5.001371
11.825334,5.001371
11.825744,5.001371
11.826154,5.001371
11.826564,5.001371
11.826974,5.001371
11.827384,5.001371
11.827794,5.001371
11.828204,5.001371
11.828614,5.001371
11.829024,5.001371
11.829434,5.001371
11.829844,5.001371
11.830254,5.001371
11.830664,5.001371
11.831074,5.001371
11.831484,5.001371
11.831894,5.001371
11.832304,5.001371
11.832714,5.001371
11.833124,5.001371
11.833534,5.001371
11.833944,5.001371
11.834354,5.001371
11.834764,5.001371
11.835175,5.001371
11.835585,5.001371
11.835995,5.001371
11.836405,5.001371
11.836815,5.001371
11.837225,5.001371
11.837635,5.001371
11.838045,5.001371
11.838455,5.001371
11.838865,5.001371
11.839275,5.001371
11.839685,5.001371
11.840095,5.001371
11.840505,5.001371
11.840915,5.001371
11.841325,5.001371
11.841735,5.001371
11.842145,5.001371
11.842555,5.001371
11.842965,5.001371
11.843375,5.001371
11.843785,5.001371
11.844195,5.001371
11.844605,5.001371
11.845015,5.001371
11.845425,5.001371
11.845835,5.001371
11.846245,5.001371
11.846655,5.001371
11.847065,5.001371
11.847475,5.001371
11.847885,5.001371
11.848295,5.001371
11.848705,5.001371
11.849115,5.001371
11.849525,5.001371
11.849935,5.001371
11.850345,5.001371
11.850755,5.001371
11.851165,5.001371
11.851575,5.001371
11.851985,5.001371
11.852395,5.001371
11.852805,5.001371
11.853215,5.001371
11.853625,5.001371
11.854035,5.001371
11.854445,5.001371
11.854855,5.001371
11.855265,5.001371
11.855675,5.001371
11.856085,5.001371
11.856495,5.001371
11.856905,5.001371
11.857315,5.001371
11.857725,5.001371
11.858135,5.001371
11.858545,5.001371
11.858955,5.001371
11.859365,5.001371
11.859775,5.001371
11.860185,5.001371
11.860595,5.001371
11.861005,5.001371
11.861415,5.001371
11.861825,5.001371
11.862235,5.001371
11.862645,5.001371
11.863055,5.001371
11.863465,5.001371
11.863875,5.001371
11.864285,5.001371
11.864695,5.001371
11.865106,5.001371
11.865516,5.001371
11.865926,5.001371
11.866336,5.001371
11.866746,5.001371
11.867156,5.001371
11.867566,5.001371
11.867976,5.001371
11.868386,5.001371
11.868796,5.001371
11.869206,5.001371
11.869616,5.001371
11.870026,5.001371
11.870436,5.001371
11.870846,5.001371
11.871256,5.001371
11.871666,5.001371
11.872076,5.001371
11.872486,5.001371
11.872896,5.001371
11.873306,5.001371
11.873716,5.001371
11.874126,5.001371
11.874536,5.001371
11.874946,5.001371
11.875356,5.001371
11.875766,5.001371
11.876176,5.001371
11.876586,5.001371
11.876996,5.001371
11.877406,5.001371
11.877816,5.001371
11.878226,5.001371
11.878636,5.001371
11.879046,5.001371
11.879456,5.001371
11.879866,5.001371
11.880276,5.001371
11.880686,5.001371
11.881096,5.001371
11.881506,5.001371
11.881916,5.001371
11.882326,5.001371
11.882736,5.001371
11.883146,5.001371
11.883556,5.001371
11.883966,5.001371
11.884376,5.001371
11.884786,5.001371
11.885196,5.001371
11.885606,5.001371
11.886016,5.001371
11.886426,5.001371
11.886836,5.001371
11.887246,5.001371
11.887656,5.001371
11.888066,5.001371
11.888476,5.001371
11.888886,5.001371
11.889296,5.001371
11.889706,5.001371
11.890116,5.001371
11.890526,5.001371
11.890936,5.001371
11.891346,5.001371
11.891756,5.001371
11.892166,5.001371
11.892576,5.001371
11.892986,5.001371
11.893396,5.001371
11.893806,5.001371
11.894216,5.001371
11.894626,5.001371
11.895037,5.001371
11.895447,5.001371
11.895857,5.001371
11.896267,5.001371
11.896677,5.001371
11.897087,5.001371
11.897497,5.001371
11.897907,5.001371
11.898317,5.001371
11.898727,5.001371
11.899137,5.001371
11.899547,5.001371
11.899957,5.001371
11.900367,5.001371
11.900777,5.001371
11.901187,5.001371
11.901597,5.001371
11.902007,5.001371
11.902417,5.001371
11.902827,5.001371
11.903237,5.001371
11.903647,5.001371
11.904057,5.001371
11.904467,5.001371
11.904877,5.001371
11.905287,5.001371
11.905697,5.001371
11.906107,5.001371
11.906517,5.001371
11.906927,5.001371
11.907337,5.001371
11.907747,5.001371
11.908157,5.001371
11.908567,5.001371
11.908977,5.001371
11.909387,5.001371
11.909797,5.001371
11.910207,5.001371
11.910617,5.001371
11.911027,5.001371
11.911437,5.001371
11.911847,5.001371
11.912257,5.001371
11.912667,5.001371
11.913077,5.001371
11.913487,5.001371
11.913897,5.001371
11.914307,5.001371
11.914717,5.001371
11.915127,5.001371
11.915537,5.001371
11.915947,5.001371
11.916357,5.001371
11.916767,5.001371
11.917177,5.001371
11.917587,5.001371
11.917997,5.001371
11.918407,5.001371
11.918817,5.001371
11.919227,5.001371
11.919637,5.001371
11.920047,5.001371
11.920457,5.001371
11.920867,5.001371
11.921277,5.001371
11.921687,5.001371
11.922097,5.001371
11.922507,5.001371
11.922917,5.001371
11.923327,5.001371
11.923737,5.001371
11.924147,5.001371
11.924557,5.001371
11.924967,5.001371
11.925378,5.001371
11.925788,5.001371
11.926198,5.001371
11.926608,5.001371
11.927018,5.001371
11.927428,5.001371
11.927838,5.001371
11.928248,5.001371
11.928658,5.001371
11.929068,5.001371
11.929478,5.001371
11.929888,5.001371
11.930298,5.001371
11.930708,5.001371
11.931118,5.001371
11.931528,5.001371
11.931938,5.001371
11.932348,5.001371
11.932758,5.001371
11.933168,5.001371
11.933578,5.001371
11.933988,5.001371
11.934398,5.001371
11.934808,5.001371
11.935218,5.001371
11.935628,5.001371
11.936038,5.001371
11.936448,5.001371
11.936858,5.001371
11.937268,5.001371
11.937678,5.001371
11.938088,5.001371
11.938498,5.001371
11.938908,5.001371
11.939318,5.001371
11.939728,5.001371
11.940138,5.001371
11.940548,5.001371
11.940958,5.001371
11.941368,5.001371
11.941778,5.001371
11.942188,5.001371
11.942598,5.001371
11.943008,5.001371
11.943418,5.001371
11.943828,5.001371
11.944238,5.001371
11.944648,5.001371
11.945058,5.001371
11.945468,5.001371
11.945878,5.001371
11.946288,5.001371
11.946698,5.001371
11.947108,5.001371
11.947518,5.001371
11.947928,5.001371
11.948338,5.001371
11.948748,5.001371
11.949158,5.001371
11.949568,5.001371
11.949978,5.001371
11.950388,5.001371
11.950798,5.001371
11.951208,5.001371
11.951618,5.001371
11.952028,5.001371
11.952438,5.001371
11.952848,5.001371
11.953258,5.001371
11.953668,5.001371
11.954078,5.001371
11.954488,5.001371
11.954898,5.001371
11.955309,5.001371
11.955719,5.001371
11.956129,5.001371
11.956539,5.001371
11.956949,5.001371
11.957359,5.001371
11.957769,5.001371
11.958179,5.001371
11.958589,5.001371
11.958999,5.001371
11.959409,5.001371
11.959819,5.001371
11.960229,5.001371
11.960639,5.001371
11.961049,5.001371
11.961459,5.001371
11.961869,5.001371
11.962279,5.001371
11.962689,5.001371
11.963099,5.001371
11.963509,5.001371
11.963919,5.001371
11.964329,5.001371
11.964739,5.001371
11.965149,5.001371
11.965559,5.001371
11.965969,5.001371
11.966379,5.001371
11.966789,5.001371
11.967199,5.001371
11.967609,5.001371
11.968019,5.001371
11.968429,5.001371
11.968839,5.001371
11.969249,5.001371
11.969659,5.001371
11.970069,5.001371
11.970479,5.001371
11.970889,5.001371
11.971299,5.001371
11.971709,5.001371
11.972119,5.001371
11.972529,5.001371
11.972939,5.001371
11.973349,5.001371
11.973759,5.001371
11.974169,5.001371
11.974579,5.001371
11.974989,5.001371
11.975399,5.001371
11.975809,5.001371
11.976219,5.001371
11.976629,5.001371
11.977039,5.001371
11.977449,5.001371
11.977859,5.001371
11.978269,5.001371
11.978679,5.001371
11.979089,5.001371
11.979499,5.001371
11.979909,5.001371
11.980319,5.001371
11.980729,5.001371
11.981139,5.001371
11.981549,5.001371
11.981959,5.001371
11.982369,5.001371
11.982779,5.001371
11.983189,5.001371
11.983599,5.001371
11.984009,5.001371
11.984419,5.001371
11.984829,5.001371
11.985240,5.001371
11.985650,5.001371
11.986060,5.001371
11.986470,5.001371
11.986880,5.001371
11.987290,5.001371
11.987700,5.001371
11.988110,5.001371
11.988520,5.001371
11.988930,5.001371
11.989340,5.001371
11.989750,5.001371
11.990160,5.001371
11.990570,5.001371
11.990980,5.001371
11.991390,5.001371
11.991800,5.001371
11.992210,5.001371
11.992620,5.001371
11.993030,5.001371
11.993440,5.001371
11.993850,5.001371
11.994260,5.001371
11.994670,5.001371
11.995080,5.001371
11.995490,5.001371
11.995900,5.001371
11.996310,5.001371
11.996720,5.001371
11.997130,5.001371
11.997540,5.001371
11.997950,5.001371
11.998360,5.001371
11.998770,5.001371
11.999180,5.001371
11.999590,5.001371
12.000000,5.001371
